-1.265518713245074345e+01
-4.591203478948302497e+00
-2.976377757871119245e-01
-4.788595695197927604e+00
-4.758960138221030256e+00
-2.733372309206612005e-01
-8.805157744644859008e+00
-1.252219842757609136e+01
-1.275643648404606267e+01
9.240080774461054247e+00
5.866352937626788666e+00
9.547604697567182441e+00
2.002299843993133321e-01
4.205605205702493521e+00
6.650146100679505068e+00
3.018663635730458150e+00
1.104198796284527617e+01
-5.009929927544085615e+00
4.943023450704012944e+00
9.852218392973280947e-01
7.239030274122979947e+00
-1.653699355091311718e+00
4.929582435268426543e+00
2.374230507781638633e-01
-1.534682594895802277e+00
3.489150817416582506e-01
-4.771394821499289840e+00
-9.738886519225735228e+00
-6.462247635313087102e+00
-1.865823860537449974e+00
-5.651473211320162449e+00
-6.373332296230689309e+00
-4.838087137321641862e+00
5.587207835156112523e+00
6.533120226273043230e+00
1.554382277772542942e+01
8.319175414187707673e+00
5.495202158445648521e+00
9.467842156595930092e+00
6.401059581229066042e-01
4.262493410740150424e+00
3.856587438503519483e+00
-1.113516901294308026e+00
3.515569429083852615e+00
9.892570202747650754e+00
2.790050617500960506e+00
7.494934531643777653e-01
7.047373243778102037e+00
-1.789180003873471092e+00
4.809057267152566872e+00
-4.628323898619416954e-01
-2.249076221494513028e+00
-3.134273077585387202e-01
2.452156232510229739e+00
7.875461130226509177e+00
-6.062781364165075182e+00
5.821128003162240994e+00
2.637837839158010400e+00
2.790680521021756011e+00
3.574909439272538902e-01
-5.889913606262030532e-01
-2.503458043690530155e-01
1.061264603272174117e-01
1.451771066948872146e+00
-8.933213083952070477e+00
1.958061663351221116e+00
-1.027598530503179841e+00
9.477479258643441151e-02
-2.914968520502620564e+00
-1.235101153968003906e+00
-2.034950107101729078e+00
-1.017649969796498688e+00
3.175902336018232575e+00
-2.545157257538319229e+00
2.970513139620679421e+00
-3.288757932454538846e+00
1.391329802972454788e+00
-2.164364804867149328e+00
-1.323021418385942782e+00
-2.860044464239128170e-01
-2.887970749679065197e-01
-3.950227375883117453e+00
5.191949455599643715e-01
-1.556216362883375837e-01
5.269243388863128486e-01
-1.963313578220421629e+00
1.806372554385894169e+00
-1.604693960596881741e+00
-1.522489225489163989e+00
-4.533076250403436980e+00
1.304397788252099621e-01
2.658077986704107776e+00
-6.630436172209795975e-01
-1.026552594510158789e+00
-3.050209778670625038e-01
-1.463001189601728091e+00
-3.723243797436400770e-01
-1.061810474357187006e+00
-1.001494037054889708e+00
-4.257638307044864789e-01
9.367587401308257178e-01
1.286231444514011057e-01
-4.425989081127997160e+00
1.733060715694921594e+00
4.910052550431120433e-01
-1.738755715324192819e-01
4.216468907053469994e-01
-5.559780950676501909e+00
5.756183773027357731e+00
-2.163470539582173391e+00
4.550889546500012983e+00
-1.925340571985310723e+00
5.477109484147637541e-01
-1.102041184753103975e+00
7.087425627620537183e-01
-1.709171364956235326e-02
2.284485319691166083e+00
-5.997609001702606690e+00
2.506457627720440673e+00
-4.885933779632412599e-01
2.021265168072967910e-01
-2.301970758390976535e+00
1.194551950520179595e+00
-1.153872468004736751e+00
-9.215131709592798703e-01
-2.268911531339153687e+00
6.372278439682446560e+00
1.517914158654695811e+01
1.028829689139297621e+01
1.173392043662937390e+01
1.254454161720478034e+01
9.898285433216196694e+00
1.465848172705853258e+01
9.320606053691262716e+00
4.417383961034761164e+00
-2.291070676144742535e+01
-1.376021306905133024e+01
-9.790879448383037698e+00
-9.834679587187071803e+00
-3.490307411305505259e+00
-4.100688576317469192e+00
-3.188940215009679946e+00
-4.980019328424628355e+00
-1.250171662445100473e+01
-2.855142624110438732e+00
-3.348289445788587004e-01
-3.001387368094679542e-01
6.451847147507232261e-02
4.744267084167955062e+00
-1.188076450264215822e+00
1.783636546911226139e-01
-1.667010577448693631e+00
-3.299284519053459430e+00
7.473073641716655224e+00
6.609957902427832543e+00
4.957786067073847391e+00
-4.023998895137193554e-01
5.636134602314526454e+00
1.429085155767414905e+00
3.855510786467311934e+00
1.986229234697277635e+00
4.295369883316520365e+00
-3.929465453024790378e+01
-2.292317550152822037e+01
-1.851693830307972277e+01
-1.663240302753384725e+01
-1.399636493240228141e+01
-8.775234585976241064e+00
-5.502572265634081639e+00
-2.204806831184306759e+00
-1.038868291536337907e+01
7.111799326834231660e-01
-1.377841624875107418e-01
-2.095010778801664753e+00
-4.202059722958405352e+00
2.755485378598840018e+00
-1.295994434918167348e+00
1.608988763606273853e+00
4.711204044801062807e-01
1.374859195571827675e+00
-4.992167455947310373e+00
9.631516840603999985e-02
-2.497075591030651243e+00
-2.469415904903555337e+00
-2.345116046781409391e+00
-1.280754343519659333e+00
-2.989123644922895284e+00
-4.252996212894864847e+00
-4.210839321637481092e+00
7.626763432670506937e-01
5.685402540027986173e-01
-2.290289808832869145e+00
-2.758793518984083093e+00
2.159405325767735473e+00
-3.914328500834182378e+00
2.434537453854228595e+00
-4.638021210027369889e+00
-4.731698578373313424e+00
-2.350334620090894777e+00
3.238100832735035350e+00
2.170477802908805653e+00
3.460449874558617189e+00
-3.509343297892513203e+00
3.117032039034644431e+00
-1.659750625350256303e+00
4.923348992154807369e-01
-3.265817700721699079e+00
5.451656060450403629e+00
-4.575059825288247062e+00
4.780780498737769335e+00
-5.729929069818903153e-01
2.059332134721895358e+00
-2.085084010509068997e-01
2.047192688198542054e+00
4.286435631495439935e-01
1.438310785339759423e+00
-5.333021100293252381e+00
-7.722824849038140371e+00
-1.139222197499855760e+01
9.989249436950681238e-01
-1.458674592020385186e+00
-1.338125780862074166e+01
-6.803586724063943159e+00
-7.923534320748490067e+00
-7.518323020465649265e+00
2.615490493970467956e+00
-4.191484100312835359e+00
1.407527217668598896e+00
-2.276961423715478272e+00
1.641858472085482079e+00
-9.192248901206450107e-01
-1.577050013595688638e+00
-1.380343176424747131e+00
-1.421933526230077405e+00
-1.766675378097480831e+01
-1.053115638363748552e+01
-7.128829087459371827e+00
-8.371981302041875850e+00
-1.634780333439122435e+00
-3.245806840927704773e+00
-2.041653261489722038e+00
-4.312304234836684458e+00
-1.042303460909624668e+01
3.784118958524063547e+00
1.371633029973710949e+00
3.973705802276141341e+00
-7.599696580863666284e-01
-1.135074015848868356e+00
6.207367871249339863e+00
-1.176378500488818313e+00
-1.240285180863559961e-01
-4.998558494517176598e+00
2.300681325874811112e+00
-3.585788002134824293e+00
2.936826740219028231e+00
-1.900028237631170347e+00
-1.647121573719310117e-01
-1.680617984847365687e-01
1.300727506708833081e+00
7.455368604162872614e+00
-9.986183311071754609e-01
1.336836647599522587e+00
1.163046607532024090e+01
-7.071413512077729946e-01
-3.208665930158291602e+00
1.151763476937752273e+01
4.053488532261138033e+00
1.092221288880811825e+00
-5.925802694272301885e+00
-5.218911919120581722e+00
-1.296231410952720875e+00
2.945271162275445942e+00
7.988494193124090481e-01
7.995987646592579434e-01
-5.134610725416913768e-01
4.095795966804997690e+00
-8.977369299056643381e-01
2.391810597402551419e+00
-4.411574926259050677e+00
5.949197083648435580e+00
5.486055196372853437e+00
3.442722510095630017e+00
-2.137279090796381509e-01
3.057692351795473051e+00
2.280086960699895915e+00
2.264411058667555210e+00
1.653004427358066408e+00
1.303004047832515333e+00
-3.080022315053537962e+00
7.736350766862966077e-01
1.727397154816064484e+00
-3.944601994585645865e+00
-6.400479439303256024e-01
5.194856080736277582e-01
-1.547515046039739106e+00
1.691193314975376172e+00
-6.509312699609909325e-01
6.832308323696213437e-01
2.709627303679196686e+00
-9.939129360982026373e-01
4.817239438551546016e-01
1.507431767881836304e+00
-1.082058859402904361e+00
3.365904609733406883e+00
7.743162535882121000e-01
2.775883181177824510e-01
2.100036899525708822e+00
3.212947212685611564e+00
-1.249294076300238032e+00
8.512770125244850661e+00
6.019006437102865981e+00
1.308543127800091410e-01
4.376111098870040017e+00
-8.957968306150629445e+00
-5.338207011987460504e+00
5.816304414476174856e+00
6.756401300481235772e+00
-4.427687309346016065e+00
2.614227561419826706e+00
1.293470740634763416e+01
-8.376937942756482736e-01
-1.642527678316833883e+00
-1.975105181898567652e+00
-2.908511268166854791e+00
-4.708508406022066772e+00
-2.559415413622569524e+00
-4.337408066349705216e+00
-6.716948544103227725e+00
1.658938582603257217e+00
-1.145536497900528250e+00
2.576579153423810720e+00
4.234017728655873891e-01
-2.599931197141966757e-02
-4.457126915723486960e+00
7.593736058882939233e+00
-4.636068110042627310e+00
-8.007482174607714498e+00
7.457030077101467036e+00
1.327106068513957515e+00
-2.650472409937064011e+00
-6.326215800613524287e+00
-3.318981215151358466e+00
2.238480406676134571e+00
-2.443229867451360171e+00
5.904263543152906912e+00
8.683988692659623254e-01
3.197815276615385116e+00
-8.587947365135357725e-01
1.257941373023053311e+00
-1.763183052535596040e+00
2.946723975615325397e+00
4.043354100112454219e+00
-6.609972317801400543e-02
5.414050413594691413e+00
-2.752590043157195687e+00
2.825880661559410090e+00
4.220800748586858164e-01
1.210279412456562342e+00
3.432498250828184827e-01
-1.624253045693007103e+00
1.524144905298095987e+00
-6.023606787688300379e+00
-2.406654951471528126e-03
-4.499770922682954755e+00
-8.342292370948551916e-01
-2.588598856685270899e+00
1.228506940063815445e-01
-4.285664505333869889e-01
3.515661861428163171e+00
2.248998264215240184e+00
1.376084906599273516e+00
-7.603099088146101359e-01
-3.562200726399763706e+00
-2.098191680206218657e-01
6.306455526703654835e-01
-8.959000963825384245e-01
-6.538183858450999919e-01
-1.836980662323313696e-01
-5.348442203686800234e+00
-1.374286430238026657e+00
2.821590251740301536e+00
-2.280390409442517807e+00
-1.813714874876374950e+00
2.784038490658019338e+00
-4.545861068708745734e+00
-7.715487514723308848e+00
-8.607552905746564065e+00
-6.905937882798787175e-01
-2.359180132286817333e+00
-1.446708526694070684e+01
-6.197285232232051300e+00
4.007384154520997055e-01
-1.102267231172325523e+01
-5.073418784739276433e+00
-2.894691939220294774e+00
-4.947893696693284049e+00
2.941126393594107880e-01
4.317306398344810781e+00
2.149037442915830098e+00
2.830281612680726866e+00
-3.562813234337996793e+00
2.350232150117681940e+00
-5.292094531549904751e-02
5.744569083685603372e-01
-1.772040341867454627e+00
2.962051060231203792e+00
4.195792949469092648e+00
2.316330985152436295e+00
1.292510259187260369e+00
-9.880803872132513099e-01
8.269110894046061588e+00
-5.775240825035337977e+00
2.435631111315868846e+00
-5.678077006223065659e+00
-3.916937185653948661e-01
-7.772687169894365589e-02
-2.187130176672003490e+00
-5.801062426049312215e+00
1.380577573069675879e+00
-1.362412236707954527e+00
1.801142506995434101e+00
6.953306945360500091e-01
-2.421772294672201564e+00
-3.290004555024969690e+00
-4.841267242528451975e-01
-1.667120622119901086e+00
-1.687053099414147939e+00
1.243320039809495681e+00
-3.420715082862677558e+00
3.671879570297743589e-01
-1.785989719298214595e+00
-2.599697647027868541e+00
4.027171941693008961e+00
3.196359844967125774e+00
1.214511112843999596e+00
-1.118588919813242155e+00
4.644948552921041696e+00
-5.711156973432501838e-01
2.595673515535376286e+00
1.985270091471842191e+00
-1.760334268592430806e+00
-3.978894777060466570e-01
2.528287172395451421e+00
9.749279392687429935e-01
9.265744118627418091e-01
3.247617764670176932e+00
-1.333886833467104793e+00
7.406870542705575877e-01
2.744945442570919103e-01
-1.915633512064420785e+00
-5.617313033750489737e+00
-1.853770555723412539e+00
-2.417875953680771683e+00
-1.515876803999490097e+00
2.141976225483556373e+00
-3.172092483262166418e+00
-6.184864503715613582e-01
-3.749987610072109678e+00
-5.056537769259016990e+00
-5.312706659914296026e+00
3.368353612898798310e+00
2.095393240080741570e+00
2.773060168942083070e+00
-3.754490930521809045e+00
2.200161757873826396e+00
-7.050529364319427783e-01
1.376618121445259968e+00
9.628271966270159909e-01
-9.560895627465866298e+00
8.072421223957155334e+00
-2.728439597557076990e+00
-6.567964889925757888e+00
6.164633738705704857e+00
7.350471458168420513e-01
-3.992234667176506324e+00
-8.632796133822463247e+00
-4.148300142413400948e+00
2.243620612003993209e+00
5.433618963911394317e+00
5.071023298818538860e-01
2.993956186081611071e-01
-5.004675475167591481e-01
1.328404738787611450e+00
4.337066888549545141e+00
4.614330385167055404e+00
5.290697965623720300e+00
-2.323117894624983393e+01
-1.158388103495006050e+01
-6.840236026378254230e+00
-6.172156994346155834e+00
-6.527746892495204456e+00
-2.550781799279803419e+00
-1.067885018173850931e+01
-4.695756350013823521e+00
-1.490495230221924139e+01
-3.055812487869882244e+00
-1.030433610640696829e+00
-3.553308069442822514e+00
-1.452013756350821305e+00
-9.344688218914167788e-01
-2.418617180279999612e+00
9.886440456879683758e-01
-5.879478836842205958e+00
-4.431705274990108911e+00
-5.481066886693730211e+00
-8.574354519679801001e+00
-1.190961218504498831e+01
8.907339314926625562e-01
-1.931008044063757367e+00
-1.268778287456223630e+01
-6.180977400215401651e+00
1.807651765360332785e+00
-1.164977224875048734e+00
-3.355452640277976628e-01
8.868245423473589684e-01
-1.617076990849242391e+00
-1.054577423496851685e+00
3.819062601994430928e+00
-2.922133143319223247e+00
1.799388451631247055e+00
3.190837265449885662e-01
4.262550474024872083e-01
-1.888202974050187333e+00
7.432048321119970602e+00
-3.691988931855453515e+00
-5.036801582748033468e+00
1.126061230948460334e+01
-2.845824801599268206e+00
-4.911765705069761623e-01
-4.302486757812112650e+00
-3.433186479565462967e+00
-7.153868730058553504e-01
5.562990609608041481e+00
1.566380203377404579e+00
7.926156680370780583e-01
-9.997477611936392838e-01
1.939991074786215242e+00
3.020617875126873297e+00
3.948230604141697686e+00
1.399966659671649793e+00
-4.745683914022356120e+00
-2.917133577992017668e-01
-8.055105904607400280e-01
2.220120003580538237e-01
-4.891491016424335925e+00
4.126651783536543050e+00
-6.414226814116571695e+00
3.391311948219353778e-01
-5.476691007852493520e+00
8.948412201246794595e+00
-3.606143786209221602e-01
5.329256529795126873e+00
4.206993813355414669e-01
3.360682764526039978e+00
-9.056055371897277217e-03
-4.096132438757498218e-01
3.311626297442469835e-01
-3.025258215540207463e-01
7.359595472411587735e+00
-1.327883583301143755e+00
2.144458443502665901e+00
-4.061866568966492785e+00
-1.066204494049941554e+00
-6.055340339205987910e-01
2.399904730816383669e+00
3.823564306929592593e+00
1.160764515231127669e+00
2.280226800240777951e+00
4.463454404350947868e+00
1.369432849149854858e+00
-1.000449092843524790e+00
-3.952722679990237964e+00
8.738486090314468990e-01
-6.254384957466444739e+00
-4.109065931875169220e+00
1.042073127419306466e+00
-1.586342337210982167e+00
-3.039105015096614792e-01
-7.634666353204788702e-02
-2.934661123077642736e-02
-1.978504787016580835e+00
8.048042288904921904e+00
6.422194021766279626e+00
5.682034017459929309e+00
1.238599238415375448e+00
9.791923770854796816e-01
2.010405809947247047e+00
-1.059696824033886742e+01
-3.943098846802683521e+00
1.562483327751345241e+00
-5.036392478284094310e+00
-7.568660376161720826e+00
-8.199830797443455666e+00
-3.216647304069717439e+00
-1.829374465667397232e+01
-8.199728679949751964e+00
-3.601828262754965593e+00
-3.694900022628680780e+00
-6.126210367016466485e+00
2.172517373237560889e+00
4.025127590672890499e+00
8.772492444565434866e+00
-5.647503826964324347e-02
-1.491984478232715183e+00
3.282859252870702349e-01
-2.408960725462634400e+00
-5.065437414169231545e+00
2.789433060820779797e+00
-1.737928355889764021e+00
3.865615726291089072e+00
-3.849121872091084917e+00
-1.038800258876707128e+00
2.002649247390982712e+00
2.794238186075104657e+00
7.486998695732550724e-01
1.102940775842155219e+01
5.288896729853534318e+00
-1.391661712937793505e+00
8.741010121334130689e-01
4.272689854394061904e+00
4.774944777098720783e-01
-3.347492168072927043e+00
-4.423535958406306534e+00
1.145545371486369701e+00
-6.179555911446966476e+00
-1.612870671766179598e+00
-2.273045526850595355e+00
8.955598049370617764e-01
3.105181676602147833e-01
2.102108785347649889e+00
-6.359842299309296898e+00
-8.644319578460318843e-01
-1.288566718617308648e+00
-2.706711360657574783e+00
-4.623349133427224977e+00
-4.329636060420143928e-01
5.228236227857820495e+00
2.321151952361252491e+00
5.564729429675832506e+00
-2.487349311590754297e+01
-1.583968193396349022e+01
-1.368791463035081435e+01
-1.453428512597061939e+01
-7.257032063781353237e+00
-9.844106019245543848e+00
-5.593162651246723627e+00
-3.007125251457251736e+00
-6.969080498341581276e+00
5.465381129712961972e+00
1.010825679417157374e+01
6.542526203050750944e+00
1.040438567575608175e+01
1.003202157368245828e+01
5.858283836219991159e+00
1.139226852964072911e+01
4.957255072842404076e+00
4.726999135767897542e+00
-3.823215234671881735e-01
-1.488156342549736166e+00
6.716161254710113937e+00
1.602984448504943593e+00
3.384064349848876940e+00
-1.406880542446674154e+00
9.434959170875544254e-01
-3.273126130547218793e+00
3.638887616465207309e+00
8.167630451525603741e-01
1.780192559225465043e+00
-9.973720310365623565e-01
-2.386040067846431967e+00
-4.245900014097973574e-01
1.353110568292363869e+00
-9.426246701200525768e-01
1.360665386119413733e-01
-1.925505819079152747e+00
6.949261719612681576e-01
8.684728669304140336e-01
-5.358284426814512003e+00
1.767672564791453071e+00
-2.748789965933678303e+00
-3.982313129841084098e+00
2.709193037276186877e-01
-8.996937349103713899e+00
-3.444215714916785576e+00
-1.643644325922039018e+00
-1.171936272316587285e-01
1.949810637288415194e+00
-2.656159357516377106e+00
-3.717838675949995508e+00
3.786986585481099787e+00
-1.324893099453595458e+00
-3.894873913995050008e-01
1.043190159992152033e+00
-7.651930246162913285e+00
-3.961956788971967125e+00
-3.932841654916674479e+00
-2.878245727229507889e+00
6.814203812674086702e-01
-4.183382906670366275e+00
-1.538184131000612576e+00
-4.676012307938462342e+00
-3.836806263251562488e+00
-5.296324133827183811e-01
8.311284231221175434e-01
-1.255696545021310895e+00
-8.374100571540965543e-01
3.313310280328364499e+00
-1.899943708749431970e+00
9.934327981808686037e-01
-6.145276282406085810e-01
-3.162364345692373568e+00
-4.869786969336916016e+00
-4.852125808303162202e+00
-1.796796875917110736e-01
-6.739140081588991471e+00
-1.102456826611468710e+00
-1.226944634512768584e+00
2.235096987617854580e+00
5.325499451813733298e-01
2.044210513512708438e+00
1.608729489861578710e+00
3.036822716003870326e+00
5.684933286857988266e-01
5.381313800457037111e-01
4.785445450048770866e+00
-1.971414184032074468e+00
1.868853148802479325e+00
-1.464524143755723262e-01
3.902219652537824990e-01
-3.736691241149764586e+00
2.528643983038853627e+00
-5.726042520537542035e-01
-9.822887452211211956e-01
-1.601761187465032821e+00
-5.694491482040593411e+00
-2.640282313083376131e+00
-6.150162621444273725e+00
-1.038475020743979904e+00
8.480621541722229706e-01
2.520769049672408002e+00
1.413729961095150367e-01
-3.604696092413790520e+00
5.192837784403222523e-01
9.469932395889802956e-01
-7.779304211031772276e-01
2.552492313722982131e-01
-2.547897861491220439e+00
-9.788891897337658188e-01
3.549930547106530665e-01
-1.794278505302597138e+00
-6.773798479546139228e-01
9.235048471893456679e-01
-1.595081466127962644e+00
-3.607530911544493818e-02
-1.764645639104195141e+00
-1.532133181479031103e+00
-1.987973936350683271e-02
1.297368389273507727e+00
-1.227504315131527868e+01
-9.133883184775793751e+00
6.507623838450350640e+00
-7.739483922165529606e+00
-3.854484623956193623e+00
7.673266181413072928e+00
5.823269994288227558e+00
1.265046267434286609e+00
-7.434026526162158532e-01
4.421096406780482546e+00
-2.991579814886046851e+00
2.341095931185404933e+00
3.014002165457940197e-01
1.926734480593964571e+00
9.953083757292718881e-01
-8.932270593037943129e-01
3.534609733069248971e+00
-1.778511286222404175e+00
3.946299699919927573e+00
-2.476646185616982798e+00
3.346416993841019316e+00
2.401028668598818305e-01
1.288823935593176595e-01
-7.931101127626330460e-02
-3.313305537840291137e+00
-2.503400417586437054e+00
8.580943693581334131e+00
-4.452313821083196954e-01
-1.742617826271453341e+00
1.210536248449349728e+01
-4.054049319447233124e+00
2.854401708367050983e+00
-1.325282181451064023e+00
1.088090941517493165e-01
2.655442233051231060e+00
2.969989977132672099e+00
1.300819349598856478e+00
-3.823488964449347716e+00
2.963456479743679317e+00
2.628371954156698553e-01
1.143823569557889330e+00
1.098161288236274347e+00
1.491082577989821356e+00
-4.267372569950153571e-01
-5.777724005001716456e+00
1.068223146335609414e-01
-3.557843075140292299e+00
1.627314921776065182e-01
-1.247522445915470124e+00
8.851352262721469133e-01
-1.193819530927104022e+00
2.246467747798117642e+00
-4.469236411396684261e-01
1.318491853759029553e+00
-4.585089726766157781e-01
3.916863254728406574e-01
2.598406012599177473e+00
-1.357359406195958185e+00
-5.049313344207242288e-02
-1.431964104492513323e+00
-1.543822772382810404e+00
2.765098718299614067e+00
5.715287818016874688e+00
7.469352846774016008e+00
2.398452011257456551e+00
2.938924463618675986e+00
9.865918122495896725e+00
4.531681245750434073e+00
5.125051696302652893e+00
2.045321576127042906e+00
2.247104580019645859e+00
-1.314644850435139123e+00
5.004926494356477740e+00
-2.696944421841807049e+00
1.576093527772663982e+00
-3.447181995082443384e-01
3.089333989337065045e+00
-7.713710035043928881e-02
2.338994600408493607e+00
-1.981623138162167841e+00
2.178042340143996614e-01
-4.520778237779488617e-01
-5.242762740093949603e+00
1.656681640624075857e+00
-4.516580485379632914e-02
-4.168511373418877231e-01
4.381437484142521877e-01
-2.696016861471896675e+00
-5.948615245624168102e-01
-1.856987403837636053e-01
-2.336496582128039901e+00
-1.869315625573120698e+00
2.470226370656686044e+00
-2.523375827824673845e+00
6.811935060607764436e-01
-6.786167335624084807e-01
-1.411395981253694032e+00
8.981676276009367133e-01
5.738994529177586124e+00
-6.419238438564084603e+00
-5.289432609674701524e+00
9.190442493140114522e+00
-5.234375691007855380e+00
1.649580042399318547e+00
2.561968832792933526e+00
3.005674889116670023e+00
-6.973956085706169539e+00
-3.437736850051168247e+00
-3.622627474009458837e+00
-6.454490448290546745e+00
-8.450257389124024576e-02
-1.144886841952090561e+00
-2.717831824878186531e+00
-9.129095775319729933e-01
3.980334129893275952e-01
-3.918263614416613905e+01
-2.605807736060850743e+01
-1.998955566113601279e+01
-1.562312219441162142e+01
-1.351231457376777989e+01
-7.893932060567609099e+00
-9.114389114342309028e+00
-8.103414509775667796e+00
-1.357493311716329387e+01
-5.930900629283196501e+00
-5.141981499078981166e+00
1.132323265673289558e-01
-7.359254919339079493e+00
-1.471745696655958890e-01
-1.388683512457679292e+00
6.442209631789834745e-01
1.684754108250476751e-02
1.523881949433387506e+00
-1.248386967050614027e+00
2.543111303820404956e+00
5.249705227227754456e+00
-9.748664747798448937e-01
-4.273371677781208078e+00
2.837150943209895804e+00
-5.364006968767085937e+00
4.532711188397692825e-01
9.435737312676982791e-01
-3.469308833239995726e-01
4.511518075144413942e-01
-1.659086897571358188e+00
-1.248033668983300259e+00
2.837885468888438734e+00
-2.109682008474533355e+00
7.109185309018416499e-01
-7.702217705636711376e-01
-2.213673928970917970e+00
-3.585540813744205302e+00
-7.899648926677314442e+00
2.309841074019153506e+00
-2.022418794472350179e+00
-1.048854309762267817e-01
-2.014501878087395781e+00
7.093348211853037766e-01
-4.862600117921443421e-01
1.477753508722166320e-01
-3.602525020470103811e+00
-1.586958077581620274e-01
-1.532280315254001657e+00
-1.325034114812287500e+00
-1.586548089140732198e+00
3.122217723620559937e+00
-3.375441832630803773e+00
1.171903743373857720e+00
1.964780366976660586e-01
-2.801665688904884544e+00
3.129017131270309893e+00
1.251640214674002993e-01
-7.987102888048994709e-01
-1.139181769914707543e+00
1.487545646599006011e+00
-2.350626428410994784e+00
-9.956342388722272396e-01
-1.192458289137260929e-01
-1.668044497205794841e+01
-8.901627945322880819e+00
-8.178361010386774765e+00
-6.412508760818675491e+00
-5.181368186162001344e+00
-4.361306736346641344e+00
-6.625370393378828382e+00
-6.470559010178093651e+00
-7.722333730559848064e+00
-6.070316737643638660e+00
-2.025423842662017915e+00
-2.484056361581645334e+00
-1.559203120328876313e+00
2.201405602925503580e+00
-3.401738392187383386e+00
-5.116811163691743491e-01
-2.638732283907617937e+00
-2.697916519802084689e+00
-1.277798165189656165e+00
1.953038742382918080e+00
-3.845713179481311528e-01
2.584507225300606947e+00
1.906104934652858907e+00
1.065706359716269008e-01
3.377926548306881216e+00
-1.339464677603841025e+00
4.531577699938215353e+00
8.750040827517628017e+00
1.428261472864249271e+01
4.884831286750045187e+00
8.331022260542997770e+00
1.737517183321117642e+01
3.465024204610475778e+00
4.512849937270328127e+00
5.165865297127717248e+00
7.781728987832604361e+00
1.557807440311010927e+00
-2.973277815876117280e+00
1.393714138553299620e+00
-4.591227731131890977e+00
-1.365688499126158861e+00
-1.461988392364022227e+00
8.505814441324205388e-01
1.666891499782629626e+00
1.766795130590430807e+00
-2.340915943179821568e+01
-1.555429981491577784e+01
-1.219289278813665511e+01
-8.532158267500783211e+00
-4.521960825859412836e+00
-6.988121067865709080e+00
-6.635220747221999282e+00
-9.616267930264996266e+00
-1.065449799630040850e+01
2.544264740500797206e+00
-3.701484397112926317e+00
5.998511903713246163e+00
1.305494352372844169e+00
2.826752189710344254e+00
3.053119489628982122e-02
2.870699830978036271e+00
2.666660343780635767e-02
2.076379152366814473e+00
-2.943687634752802484e+00
3.258337712507743955e+00
2.934752356675597973e+00
2.833794078900467195e+00
-3.683430587234317155e+00
2.695508017945192236e+00
-3.308564351647335311e+00
5.124013826391910810e-03
-3.163989884543952247e+00
5.402970444417513063e-01
2.200962682584509889e+00
3.469257522573141600e-02
5.548459183824869800e-01
2.566663626315829561e+00
-7.861715002333791169e-01
2.778119087009562893e-01
1.986235724509820111e+00
1.878431541984234787e+00
-6.264281608896514086e+00
-1.012611957576916355e+00
1.393395514467837604e+00
-2.326659236786332574e+00
-9.982180408519248926e-01
6.985856812650704795e-01
-1.324490611708891041e+00
1.122095486123703356e+00
-6.963431796444999877e-01
1.738497326365078477e+00
2.770426193231661838e+00
2.053488997688803219e-01
1.092965722306622478e-01
4.257894972171097692e+00
-2.484161102652401532e+00
1.874397743564043317e+00
2.547428609273044486e+00
3.155262899866952964e+00
4.803867788606243749e+00
-7.070124682818587081e-01
5.227449672475729336e+00
-9.602074516100357338e-01
1.246805568227544736e+00
1.269652417384362943e-02
1.802372251371112455e+00
8.711740950569945019e-01
2.226220783407414583e+00
-3.521799960688005715e+00
-2.644825433447107077e+00
2.016669563881659410e+00
-2.252056530992613048e+00
1.148727914063018662e+00
-1.011206692010188091e+00
-7.542912149171988601e-01
-3.040830422315481396e+00
-8.408880421457137766e-01
-2.688272116583659166e+00
-5.354676015189962612e+00
4.874347623641026028e-01
-2.909379809357615532e+00
1.162707720529216227e+00
-5.556702455642195115e-01
1.777471981464471273e+00
-9.932440426272735878e-02
1.533087133262187818e+00
-6.677922868597937267e+00
-3.792865361911728073e+00
-4.348950310843561873e+00
-7.499256849805051139e+00
-2.288667218528383229e-01
-2.796540345819765960e+00
-3.180196612758637187e+00
-3.629415764955152834e-01
3.793947459989877480e+00
2.046590445422533211e+00
4.850991731328670120e+00
3.074630337993731199e+00
4.046264848746506382e-01
1.755434579494722369e+00
2.019333976447017953e+00
1.353244952911895727e+00
1.267235895876899221e+00
2.714140996797913541e+00
-7.870206320907950470e+00
-9.532062952101567177e+00
1.593360573564970961e+00
-1.385133195119366611e+00
1.075633995072364568e+00
-1.794510462902681791e+00
-1.856494393183413694e+00
-4.674058398028369865e+00
-3.373085858672618897e+00
-2.135778745860145378e+01
-1.308348761676603900e+01
-1.091968379573894765e+01
-8.031948046757687365e+00
-5.689148763811343379e+00
-5.831943613633605139e+00
-7.764876611364071479e+00
-7.994111622843050213e+00
-9.193713545339722515e+00
-2.013092401051407077e+00
-2.314855075172851662e-01
-1.992413909181341758e+00
-1.845424118020014159e+00
1.329332336621184218e+00
-2.454413576096615035e+00
-5.184789826925982614e-02
-3.032448782677195642e-01
-1.230859658367104564e-01
-9.533993383197000293e-01
3.390907921779677814e+00
1.522883824943526809e+00
-2.707350204607262834e-01
1.503092405746724758e+00
2.347950484316134734e+00
-2.251873397613407324e+00
-4.689856181425143848e-04
-2.511231950649871481e-01
5.228669538423387664e+00
5.127579681759081964e+00
3.045957295459106096e+00
-2.281275077702187737e+00
3.407963712019068669e+00
1.216645411671971821e+00
1.795222576545469906e+00
1.561791114383034307e+00
3.605098167022865230e+00
-5.750715675540275518e-01
-9.213621617568524158e+00
1.149768671549936006e+00
-2.374832557374271236e+00
1.679101198079559210e-01
-2.213055434774055197e+00
-1.519330927019401090e+00
-3.560604177020918915e+00
-2.607542894677401080e+00
-3.633311310324196963e+00
4.156092414377945410e+00
2.116306775639496429e+00
1.636183831021466473e+00
-6.401024157314776364e-01
2.210594798010126816e+00
-1.663964577662488675e-01
7.069284318852326887e-01
1.736335618662842695e+00
-3.031613409662893499e+00
1.728710019131658726e-01
-7.015821999178253332e-01
-6.057935058395399475e-01
1.792221855104085160e+00
-3.118430938546473907e+00
-1.254112891588036405e+00
8.881413071816323113e-01
1.313021356573799148e+00
-3.614227623664872269e+00
-2.965535301539118596e+00
-1.330975241919674312e+00
-6.400411441502648735e+00
-2.639086294318041315e+00
-1.313832664828323837e+00
1.800820426401677221e-01
2.418881551907042238e-01
3.964927177714221429e+00
1.902437243795585573e+02
1.186064960179872401e+02
8.173938451939527283e+01
5.981970642521744708e+01
4.369247462144345917e+01
2.890053444306368036e+01
3.304971031426202188e+01
3.321612017533031036e+01
6.576946103642802655e+01
2.204426123731639819e+00
-1.589320019753734714e+00
4.476379422740101255e+00
-3.475618200240558675e+00
3.621661852748433663e+00
-2.081632245713138096e-01
-2.206103105944278830e+00
-1.595832524513314699e+00
-8.404185915934367923e-01
-2.649678697110439174e+01
-1.916721934420783668e+01
-1.598212444525719178e+01
-1.216188420194632513e+01
-7.612197148362635168e+00
-1.034852841798362455e+01
-6.413533953977392343e+00
-8.462314761965142651e+00
-8.964967149412485625e+00
-1.725240507743540519e+01
-1.021821097008672830e+01
-6.939549038303106876e+00
-3.891771744141333755e+00
7.599099516048097858e-01
-3.646689732491946057e+00
-5.056629169289052150e+00
-5.875751020336839048e+00
-5.080986815239339371e+00
2.686488387319842630e+00
2.298899654620164323e+00
5.694854841075300822e-01
-3.100133482787148953e+00
3.603319343500483996e+00
-2.335192565450475433e-01
2.312583462169024440e+00
2.202240180401016989e+00
7.798374081443026462e+00
2.531651473075092085e+00
2.861079327569234110e+00
2.733252585039240290e-01
1.902341890872102370e-01
4.271305214320388011e+00
-2.448234833103443808e+00
1.043299952747031023e+00
3.327954104408919811e+00
5.577120586730196727e+00
-1.756845303207960729e+00
6.067797032751703901e-01
-1.392889022863227577e+00
-8.513877356582362221e-01
3.553560613299141302e+00
-2.650596196343549593e+00
3.864445936047364305e-01
-8.339870771362701829e-01
1.389577194921932435e+00
2.224687421859466774e+00
-3.605119051537255537e+00
8.211503547648487666e-01
-4.186481549789660583e+00
-1.551537117609631533e+00
-2.171579229448199033e+00
-2.989593452686200026e-01
5.673883296278856569e-01
3.124078993246732772e+00
1.520597279064470229e+02
9.756533808564923049e+01
6.225119580694992294e+01
4.118274474307747823e+01
3.731456421074057062e+01
5.240705469984786902e+01
3.235796673415016755e+01
5.168358777435118157e+01
5.873353346967244448e+01
2.778102872020281389e+00
1.112933568281239127e+00
-9.094704832181880194e-01
-2.784698320226904666e+00
2.060374425517138841e-01
9.832431168758472007e-01
-2.650180067040058596e+00
-7.474188835495123584e-01
4.956638917007508027e+00
7.887921213285647326e+00
-2.905597801655745549e+00
3.526074471120006049e+00
-1.926754473454885597e+00
1.209556733812383156e+00
1.336176257280555502e-01
9.162511086978150088e-01
-2.730938641651105003e-01
5.779719072539311053e-01
5.879693790616763671e+00
-4.262549132029505472e+00
4.983151844867134805e+00
-2.747344599028678780e-01
2.048200819984924426e+00
-8.157479884391022340e-02
2.804509436039540393e+00
1.813819626105382721e+00
2.090146244812690846e+00
-7.037217139458178394e+00
-1.598839519559719591e+00
1.103503127977629727e+00
-1.920559731708102014e+00
-1.457284096679663632e+00
-2.379829453547722962e-01
-1.477916775437741137e+00
2.067609595700989011e+00
-1.229745976778546801e+00
1.636663495476635921e+00
-8.587567529909384545e-01
3.112530318549791009e+00
-3.077716209802431102e+00
1.849450241945941098e+00
-2.101304895590235533e-01
-1.441382626457222704e+00
-2.297740372156871658e+00
9.395098675415365364e-01
-2.506996499250235644e+01
-1.768461361279333133e+01
-1.494992723231904286e+01
-1.160583875519095542e+01
-7.331104166913334552e+00
-1.015704112656534441e+01
-6.302684827362996067e+00
-6.587630356589713188e+00
-5.832388198039723193e+00
-2.523996179631561976e+00
-8.374976714657199617e-01
-2.458945413925782919e+00
-2.055567608116144029e+00
1.062124212083463304e+00
-1.959128339456263745e+00
-2.692746163112550439e-01
-3.130610712123544914e-01
4.772810964510902920e+00
3.343765373020939791e+00
-1.386658910871631400e+00
4.741994530448782719e+00
-1.997320406084508670e+00
2.352722867905145510e+00
-7.684966987050934062e-01
-4.536921391662341319e-01
-3.702712787556897034e+00
9.563276758670042899e-01
-3.228394608602413118e+00
6.331691884690722472e-02
4.159693277496283037e-01
4.667694091591785277e-01
5.029377834556327365e+00
3.816011590018564617e-03
-8.382031325696599477e-01
1.417143515562908906e-01
3.700075239692326878e+00
-3.476141563963125458e-01
2.339569221248454678e+00
4.557880782012107002e-01
7.717625773684418933e-01
4.785631820753254217e+00
-2.178593581849871175e+00
9.064100302569269019e-01
1.395383533960405265e+00
1.959108999359632675e+00
5.191998390480695447e-01
1.712789181736650734e+00
-4.225334783090242130e-01
-3.795803899088966982e-01
3.501838493002112696e+00
-1.135220413729426392e+00
4.870332506945646567e-01
-1.504591674428867876e+00
2.026977345302566569e+00
-9.790851040466455046e+00
1.173321861128264976e+00
4.060559451960917277e-01
-4.289515419928631168e-01
-2.693179625284955581e+00
1.084942060445520440e+00
-1.065114935114696681e+00
5.966020302936297925e-01
-1.518043170562156874e+00
-3.832671464288674557e+00
-3.333040074671765662e+00
1.515035697281119420e+00
-2.429103097613053208e+00
1.431702536415736748e+00
-9.729575416711396807e-01
3.484960187564709599e+00
1.860297187290917753e+00
-1.657201731089146923e+00
-2.958116342624556694e+00
1.838034194785295616e+00
9.801363217820886486e-01
2.229309374840475311e+00
3.371981495175140342e-01
2.934656328926730673e+00
-6.109657074067079918e+00
-3.883674218020395585e+00
5.242115970431250993e+00
3.368612395189642950e+00
-3.510012835623426142e+00
2.921761437425940855e+00
-1.712913216005797823e+00
1.412198507956607063e+00
-1.171545335281009237e+00
-9.981887723604498941e-01
-5.281895065429456970e+00
-3.896582148288290082e+00
7.460931894230785844e+00
2.063251166662838365e+00
-9.854321344361657964e+00
6.343782370221349165e-01
2.915988275207912039e+00
-3.227085064431052697e+00
9.763389936143413550e+00
7.565503569116181382e+00
6.294549289599401298e+00
-1.256636055900970605e+00
3.629728580818318562e-02
-1.355566490357680509e+00
1.101095365529745740e+00
1.754064146349162856e+00
-1.591289217846627801e+00
-1.746208568239822956e+00
1.419699885548681539e+00
1.876562276370995708e+00
9.380157347090445796e+00
1.913886940369309730e+00
5.805962615569137064e+00
2.309133805127682404e+00
6.129677741721217821e+00
1.000675761310120926e+00
-8.293277379272168126e-01
1.616424290686535314e-01
-4.348640787103643213e+00
-2.345519608522959132e+01
-1.021831413241949171e+01
-5.688534541350987794e+00
-3.192188302920896614e+00
-8.353126866509791526e+00
-9.849091003088312757e-01
-6.160561138173950013e+00
-4.461900761001547977e+00
-5.586077125339735439e+00
-2.600071285237936625e+00
5.948754786685057638e+00
-5.284173485757407640e+00
-6.746349846516861426e+00
6.725305929653346837e+00
-1.099523253274923462e+01
1.177566861619683714e+01
6.953113326367325264e+00
5.261125141748626000e+00
-3.039535899646266248e-01
3.613138935337452395e-02
-2.109285762924899110e+00
-7.395423270891543499e-01
2.285433116071061033e+00
-2.879975903654833913e-01
-2.036299216103874876e+00
2.195210201424486751e+00
1.899611768407845291e+00
1.131505364101492894e+01
-1.643920852062730420e+00
4.408721437089089257e+00
-4.006891449752399414e-01
2.072517670527517009e+00
1.650987700801016533e+00
-4.250701270308969437e-02
-3.294132370621504213e-01
7.680706684303190146e-01
-1.110656916448221310e+01
-6.022409402106070786e+00
-5.661712277000238380e+00
-5.467890512256333047e+00
-8.465187487062472371e+00
-8.706765654930109122e+00
5.983955297585468180e+00
6.384809639752288213e+00
9.580637313622709428e+00
4.077622357246529106e+00
5.273674345032687505e+00
2.229658191605991213e+00
1.198093448103193737e+00
-2.455851952847193653e-01
1.576417968433743821e+00
2.079341640663910640e-01
-1.491591361350690648e-01
3.434629595976625538e+00
-1.309113313364258291e+00
3.166672011494298555e+00
2.026108097041748657e+00
3.755538522172665594e+00
-3.443566269593513418e+00
1.840071287557438540e+00
-3.155589455368855045e+00
-2.026223343466707405e+00
3.152027977850387686e+00
4.327667261323380643e+00
-3.550977400837081799e+00
2.215684462517795161e+00
-8.529455282947170369e-01
3.191685904478920310e+00
-5.294531660459306233e-01
-1.630568609435208760e+00
-7.073338409987327546e-01
-4.912204299367346039e+00
2.133043859778572138e+00
5.573654261448742986e+00
1.915469593116023272e+00
5.031292462439944657e+00
4.375507684978209078e+00
-1.865279060950948420e+00
-3.074489377259880474e+00
5.367137580973341926e+00
7.004321607240389547e+00
6.752048465211527573e-01
3.738454152679482334e+00
2.529028006595613665e+00
-3.831495747977573842e-03
2.948489908793402670e+00
1.942434083079966234e+00
-2.254430892611211323e+00
-1.112962719783439081e+00
2.615434960776078732e+00
1.077088265033680381e+00
-5.955059740553302561e+00
1.463612557280750126e+00
-2.454290885741281958e+00
1.308716799475150516e+00
-5.430125330649447114e-03
1.188063354569643293e+00
-5.499750204492264150e-01
2.474512988417781056e-01
-2.880025575338228006e+00
-1.363639219541703085e+00
-4.378487600405524538e-01
-2.653600312422179641e+00
-2.933231982057977749e+00
-8.312450656525663950e-01
2.061340288340011373e+00
-3.609339272236842255e-01
2.912815193097375133e+00
7.182224262967845441e+00
-5.339404278361345568e+00
2.383045439619775330e+00
-2.709281801747629892e+00
7.956026474328340425e-01
-2.013678326401472596e+00
5.398022297051400242e-01
1.190039680644238596e+00
5.163480930995719698e-01
-4.442323836771768342e+00
-4.257704394156494487e+00
-8.804302022875898359e+00
-6.534278094378984658e-01
-6.745029697374905986e+00
-3.823380993207143863e+00
2.019564867382705131e+00
1.565261592250284117e+01
1.131022040347155944e+01
-2.405298755152282530e-01
-4.107220171827873911e-01
-2.844891371082451048e+00
-1.945037455299451157e+00
3.629873420410523632e+00
-1.733641239199810613e+00
-2.570051395811458139e+00
7.576871133674017988e-01
-2.640011106310573563e-01
6.955827749183521647e+00
9.806893947257789179e+00
6.384210344449298802e+00
1.505241831219815296e+01
9.986452846303619069e+00
3.232625633863294379e+00
7.136327455171433520e+00
1.129486451840343797e+01
9.170055595493087353e+00
-7.326912109964949238e+00
-3.603539569781972762e+00
-4.170222477382184323e+00
-3.481908592303718297e+00
-3.133716733325255660e-02
-5.144099691886254710e+00
-2.369900776252135799e+00
-2.128087785994320136e+00
-2.667170242941185432e+00
3.541570921713684594e+00
-5.195539660248602587e+00
-1.273546218769685545e+01
-7.229287427761459384e+00
-1.060095705781946229e+01
5.277439355112465869e+00
1.347295197305250269e+00
3.099105769633248020e+00
2.828091380843883673e+00
-1.325967935066691084e+01
-6.340319573425172273e+00
-6.901516446879636391e+00
-9.097216236407088985e+00
-1.587692728769711570e+00
-3.924633845782596886e+00
-3.637459650565286307e+00
-6.003745302416414020e+00
-3.411235091504579486e+00
4.209589000868151354e-01
7.912106755757945808e-02
-2.098879011426089125e+00
-1.483066671953380045e+00
3.155004919524768692e+00
-1.041516549511515066e+00
8.343526397076860279e-01
-1.971597692134333890e+00
-2.538710073175831194e+00
-1.001137920857319408e+01
-1.992742022389635048e+00
-2.709684636358474119e+00
-5.017273584316375157e+00
2.400714304239741193e+00
-9.717204821634398693e-01
-2.771353987581200329e+00
-5.536937149079038001e+00
-2.354119150068979316e+00
-3.950225977422300083e+00
3.082137363867809121e+00
2.176078634090227837e+00
9.871583727704146272e-01
3.074691069266787924e+00
-3.465423555931184119e+00
-6.833622832467326269e+00
-4.172609070773376949e+00
2.404513847438375151e+00
3.976577866700746755e-01
-7.990907751352293031e-01
-2.529803550097658782e+00
-6.376249561559358625e+00
6.562994234228286539e-01
8.119995524603399462e-01
6.089636552739414732e-01
1.309732852254542168e+00
2.205231667043946242e+00
2.921704669303950008e-01
8.182465643253102883e-01
-9.391912106742629149e-03
1.556500888271865168e+00
3.577443229513890266e+00
-3.091155281304382441e-01
-4.278968272586184951e-01
1.242808219027320693e-01
-1.059496340043000862e+00
1.044566830263448987e+00
9.291070810117384227e+00
-4.277910695800853702e+00
-5.659856630735464300e+00
9.946870074779027959e+00
-5.064832711881346761e+00
4.439931184186427515e+00
1.282617933959353884e+01
7.140876049548282367e+00
-1.648648517043209250e+00
-3.562284693409934477e-01
-1.877561226853097232e+00
-1.520168228000859489e+00
1.369648596750956626e+00
-2.152490822144746296e+00
-1.400659032228371403e+00
-2.179935258717304869e+00
-2.298257399342499951e+00
-1.361171370816023352e+00
3.109358786836972310e+00
1.265556010214992089e+00
2.230139160290819156e+00
-4.441483024709042549e-01
2.206495464941989226e+00
-5.260257770068823557e-01
1.398130618833120509e-01
4.687321879196388430e+00
-6.617959085813607700e+00
2.044336978214543465e-01
-2.596281904665693752e-01
-2.459022940485169062e-01
-2.310273164877197249e+00
-1.907289564590839911e-02
7.198325749411128571e-01
2.057185887281138548e-01
1.642242327530182289e+00
-1.546701668441629485e+00
4.116082920600621087e+00
1.834867472571902525e+00
2.648930040574252409e+00
-2.461811390152385925e+00
1.986097312215850508e+00
-8.614743509495097484e-01
-8.223002024296709456e-01
2.442225854857973666e-01
-5.360462348993015880e+00
-1.444678730250309240e+00
-4.000865191768966156e+00
-3.610747123797371394e+00
-2.266654718627424625e+00
-1.726624868003436397e+00
-1.755291491478086385e+00
-2.424210684062079402e+00
-3.055798144041018904e+00
8.868921467783174029e-01
6.022877966510915559e-01
-1.501321759188192884e+00
-9.112939383106247737e-01
3.386880293353515814e+00
-1.255529889821639378e+00
-3.117790323457067525e-01
-3.753674288149616789e+00
-4.557687001083889911e+00
-9.133008079900754694e+00
-5.336763270252546931e+00
-5.387566016101875022e+00
-4.662109845226547478e+00
-1.343210443197221826e+00
-5.441961824665525249e+00
-2.790949583083001784e+00
-2.921811900637151904e+00
-3.519124890956232043e+00
-2.837529475991876993e+00
-3.854253980413823832e+00
-8.578614601951414231e-01
-4.059768614512457852e+00
-4.969328343448579766e+00
-3.773279296827846352e+00
8.363783821055471579e-01
-1.680624378895306359e+00
2.759044931072674248e-02
-6.255087023953944669e-01
-3.365372607716071052e+00
2.780691711718056958e+00
-2.364549895881881802e+00
3.706877815871862936e+00
-9.154025872895134031e-01
-3.092181631184395041e+00
-1.166002636155326622e+00
-1.141101217920598987e-01
-8.964987682029057936e+00
-5.434665806543378608e+00
-5.437047718732810786e+00
-4.761883103728663968e+00
-1.719241696217301607e+00
-3.580943672677910250e+00
-1.159481749570297815e+00
-2.697211179017645399e+00
-3.839376462241448351e+00
4.504540802954354106e+00
3.917457630839451088e+00
-7.793008429629458611e+00
1.602495156769645490e+00
3.827809118236974673e+00
-3.561924984195706578e+00
2.690081255301731478e+00
1.052823719892895937e+01
5.281129053274422169e+00
-8.679518552289989808e-01
2.044503496742355431e+00
-2.237404646648480100e-01
1.158111828875709737e+00
-3.005635338763533504e+00
1.260503816657793097e+00
1.361768946480285125e+00
5.268835430731911851e-01
8.303460472940066284e-01
6.053691396258425783e+00
3.953403867947088202e+00
8.653176728586363664e-01
2.512200182908313373e+00
2.826336943829393267e+00
-4.949812918326968791e+00
-3.110259014959328550e+00
2.387477355291667269e+00
2.905690914440495209e+00
2.080626940040063211e+00
8.766579137468070160e-01
-1.191441495269785600e+00
-2.523069376804276231e+00
3.732373333106667967e+00
-9.568611029395792666e-01
1.504552076220083690e+00
8.772980719984220244e-01
2.091503389330557905e+00
1.696596757549812817e-01
-2.124245221966837516e+00
3.471246247571746935e+00
-1.173101379917419029e+00
1.880595462320624911e+00
-9.535502909206680089e-01
1.983413237346880242e+00
-2.438606946024521327e-02
2.416436299334833837e+00
4.675252349930339335e+00
-4.441668783455971159e+00
5.668159605865709771e+00
1.684012074597923014e+00
3.903747298620704687e+00
2.864053042863753396e-01
1.059720043461450212e+00
1.213692395371287924e+00
-7.116650389381213859e-01
9.452837422927641953e+00
-4.892712908507328429e+00
3.181492901526834505e+00
-1.441296233989406872e+00
1.141969267826070444e+00
-1.794965170438340252e+00
3.665796687048543112e-01
9.417496144865972196e-01
1.502501341916669730e+00
-9.905690337360898434e-01
2.335438878566356569e-02
-6.906787434526342473e-01
2.520379221276438861e-02
1.814046492031413216e+00
-7.013923823109938782e-01
-3.166513631719296562e-01
1.835422188959396017e+00
2.407251532886467149e-01
-7.769893537146174367e+00
6.523186483007207270e-01
3.390162594597082801e+00
1.296188472225239252e-01
1.861763001408357265e+00
7.376762062752996840e+00
6.083692057501279393e+00
3.188651453981689698e+00
3.230617583854655250e-01
4.548422815074475434e-01
1.641750119912697148e+00
-2.517130963862638238e-01
4.579155757612871080e-01
-1.699345224568014290e+00
2.977517825857139755e+00
-4.770227771262409711e-01
1.106112707479888879e+00
-1.562288014077404474e+00
1.420404743032487871e-01
-1.535658830573001510e-01
-5.352617515029751694e-01
-4.331895351442136999e+00
2.282029152760584712e+00
2.874471544986277952e-02
1.359656788266782879e-01
2.861292192993766248e-01
1.531209127828645267e+00
-1.378490788283209056e+01
-8.797075861206021585e+00
-4.962080938620721859e+00
-3.035408812178812532e+00
-7.230001449519965817e+00
7.056548004138253269e-03
-3.377536020363506974e+00
-4.343675698175279543e+00
-4.298973935304920779e+00
2.852509243884079559e+00
2.693506865912903336e+00
4.456347631843870505e-01
2.832208477223236542e+00
-1.547041607018042608e+00
-5.623964714875646642e+00
-5.324507284219783365e+00
6.559874928489657364e-01
-5.791693737408665221e-01
5.188007169217174308e+00
1.681431412418800786e+00
8.900205867682296768e-02
-4.231227086997424003e+00
2.896102070633616243e+00
1.552991015776302053e+00
1.411388988097066921e+00
1.882228037576859414e+00
2.242158470560318140e+00
1.298884486418768747e+00
-9.956044984073890713e-01
-2.006384985934940079e+00
-4.052907433020205730e+00
-4.864630263335076310e-01
-1.303035355579072796e+00
-1.371599092429213629e+00
-1.004346508495379764e+00
1.906678477813898542e+00
-1.122838249018812817e+01
3.348926536055182535e+00
4.707003090986400906e+00
8.670452013329513763e-01
-1.471287738629463160e+00
1.767291958656131534e+00
4.010111402444748840e+00
3.055204028341589328e+00
4.003495250739274702e+00
5.838944217884647792e+00
-3.060727995835635706e+00
2.424052024739264510e+00
-1.917399608258817389e+00
1.225553131890960046e+00
1.780957671650811314e+00
-2.244675578013346939e+00
-1.560175397125439956e+00
-1.268727229971313930e+00
-1.562081584276800328e+00
-2.383812897986962831e+00
3.087213207554972083e+00
-2.587851111572549545e+00
1.994669603050472695e+00
-7.565816507608665864e-01
1.339207745060713828e+00
1.722116344645774622e-01
-9.135905419365061286e-01
-4.413504800507509485e-01
-2.465313828932262918e+00
-3.421681355634893951e+00
-6.777585688188486834e+00
1.750554966385579059e+00
7.329028502645330567e-01
-2.079085611607155215e+00
3.153367733673419493e-01
-2.428978321895759684e+00
1.569403969862741555e+00
3.430578407276415387e+00
1.396454770442937088e+00
1.137304811639739288e+00
4.809219856602174659e+00
-1.149631009315010610e+00
9.952224509810910780e-01
5.961072644617658733e-01
2.083926186013373982e-02
3.508567384347265339e+00
3.669402443257845370e+00
2.208630743191613011e+00
-1.066632405006368911e+00
4.644154549294704282e+00
-4.535467668231535354e-01
-2.729437611254001528e+00
-1.711815746400554561e+00
-8.855885831664966901e-01
1.627301992068607817e+00
-3.229803652777826439e+00
2.577255583766483227e+00
-4.001649246269905369e+00
2.094114720716826472e+00
-1.665906796064873241e+00
1.401333600027847792e+00
1.308152549301513590e+00
1.281389992886671880e+00
6.834561117047657675e+00
-3.435941377205122826e+00
1.604195343460120826e+00
-1.176760383025431178e+00
2.787796711413426110e+00
-5.087491311710362618e-01
3.161351466772771568e-01
-8.696941391569080748e-01
-3.093981418899480751e+00
1.586901012820706747e+01
7.443157862208099829e+00
9.005813322509517604e+00
4.176244432966914388e+00
4.970924494713706565e+00
5.065097886988670695e+00
-1.606233341298535455e+00
-4.195311948508249067e+00
-3.060524250274360814e+00
-5.165084399279456839e+00
2.733344164101398466e+00
5.079376923496887741e+00
1.324953355913841113e+00
-2.396764444174254438e-01
3.447093440000319919e+00
3.095549552363278334e+00
2.029700985140155289e+00
2.937143832094751161e+00
5.621692492343190573e+00
-2.608467601831645055e+00
5.313444818936165603e+00
2.093484890543393373e+00
3.802380629567448267e+00
2.453303385222886490e+00
5.177108365857039374e+00
4.376565986136037090e+00
2.405237940165332322e+00
-7.970253373155482102e+00
-6.920830025785801531e+00
-2.911231141158344915e+00
-6.338324289431651160e+00
-1.282212231409886050e+00
-1.684556030939436289e+00
2.018188227596106721e+00
-1.590543973449384252e+00
-7.714610259228475986e-01
5.294025391274426173e-01
-2.443166809515710636e+00
3.033693105690856928e+00
-2.221307962150244730e+00
2.167807775317384777e+00
-1.753174829447069039e+00
-3.189569494548935680e+00
2.819437337904737162e-01
7.441160632328007452e-02
-3.082991730143780917e-01
-1.068483232796416260e+01
-1.536894015551939674e+01
-1.081255258601384561e+01
-1.793610773486983234e+01
2.437384728335167505e+00
-6.024956965484238758e+00
-4.887028827441568524e+00
-4.067801427721060570e+00
-7.131056191625850804e-01
1.057765182820135513e-01
-1.642284725431230274e+00
-1.320935973231859073e+00
2.301038068242457157e+00
2.829593998505777752e-01
1.060143588128414915e+00
7.705582582261986113e-01
-1.039463875585456165e+00
4.691653860887159411e+00
-6.128242523285933885e-01
4.111172345120507110e+00
-1.675823850832348860e+00
2.891357675364396584e+00
1.007840238633255087e-01
3.428566080653734360e+00
8.052053662170188808e-01
-9.480243514122070891e-01
-4.613373637241645064e-01
8.196324258753282521e+00
4.179644540603511538e-01
-1.580851604021949131e+00
8.061133819713305115e+00
-1.495784394744615042e+01
-1.152209557639589477e+01
-1.068183665519369718e+01
-9.713924828351485630e+00
5.434882093377948337e-02
1.760133737533360998e+00
-5.183218382569119154e-01
-5.520780356046287585e-01
3.249438533516373795e+00
-1.564730054538704174e+00
-3.656311082565332216e-01
1.010200130510853667e+00
1.975605806276824916e+00
-9.823452773131655658e-01
-6.973138102268749972e-01
7.473453930457283345e-01
-1.850429816687179096e+00
-2.147760394670157336e+00
-2.695952196793619526e-01
5.557625652270070660e+00
7.345560006513762730e-01
-8.362304286011955357e-02
2.541247766310275047e-01
2.905306733998113788e+00
2.743119396857898629e+00
-1.365261025207405776e+00
4.441551342307357153e+00
5.949468479427816314e-01
3.414410589930238604e+00
4.443363505729773788e-01
-3.933794960578963495e-01
3.957810580261080347e+00
3.158655439134008813e-01
-4.657479053735260166e+00
5.147334423481670918e+00
-2.837671441883164114e+00
-8.078330764274104236e-01
1.289677065150437896e+00
-6.714487982704054225e+00
-5.494488913970481114e+00
-4.420660967986775880e+00
-5.845008594616356579e-01
-2.240697520262111553e+00
-2.039768603241404410e+00
-2.223948910212129870e-01
2.945903579920345905e-01
1.432095827356258066e+00
-2.181441053842623656e+00
-3.518632316645417202e+00
1.705485326857205872e-02
-1.158339251334424391e+00
-2.850741077888060637e+00
-3.464032104640284881e+00
2.180721200128023174e+00
1.976110089306325923e+00
-5.134662318194685326e+00
-5.427502807183498312e+00
-6.039247430402639338e+00
-7.594723704843794110e+00
5.171538386828712142e+00
-1.433964429011977737e+00
-3.321141942128219338e+00
6.937900838890513899e-01
-6.088625270981592230e+00
1.306840077861443516e+00
1.390713177744925089e+00
-2.719246306684845738e-02
5.266665857058453248e+00
-5.073975786369904206e+00
-4.036785274359463993e-01
-3.867187181412195418e+00
1.661480658985301506e-01
-2.602726907416716084e+00
6.078318304663344884e-01
-2.313412270251036684e+00
-1.922343801199633440e+00
6.898965504126056025e+00
1.314412439267395172e+01
8.359186090113684742e+00
1.201813099341353386e+01
9.601777829898301420e+00
1.887100411242437881e+00
-3.954070705645701622e+00
-2.448368490120719443e+00
-1.038176683395302335e+00
-6.000679902765615026e+00
-7.683526115418301217e+00
5.843956306799732436e-01
-3.337005594625274796e+00
3.827352810308468634e-01
-3.205720441558441269e+00
-2.434000551253963529e+00
-2.126098730558429128e+00
-1.750273491363247391e+00
1.582674330649925576e+00
2.089252805769610699e+00
-5.091620772925720129e-01
-5.215942507182068644e-01
4.115871298092952379e+00
-1.074111393169136841e+00
1.151411382917239212e+00
1.176687312106786676e+00
-3.070860113073207720e-01
-2.259777238641794472e+00
1.328861790926197106e-01
-3.751394333878132148e+00
-3.285180208209457664e+00
-2.211685887480821400e+00
-1.234232726391493395e+00
8.736301603950475947e-01
-1.234161744810413852e+00
-1.072939773581269352e+00
-4.332629949108799394e+00
1.950982786915957057e+00
1.269236220982462582e+00
6.505707720535592875e-01
-2.063026306090383954e+00
4.337316554825434434e-01
-1.457865338263366617e+00
3.444077288762350531e-01
-1.339278502926452008e+00
-2.361441608090315558e+00
-7.853579440018809699e+00
-3.293955066966264056e+00
-4.950637062106002517e+00
-1.002511471913081209e+01
9.691047551976458507e+00
-2.711116355982501780e+00
-1.839611872474156362e+00
-7.700278125769988158e-01
3.579916412004523263e+00
9.682008247899900888e-02
6.026396026021868302e+00
1.487459868998053936e-01
3.828269159190060833e+00
2.194083254520908660e-02
-1.337971081547873475e-01
1.422191973901491213e+00
-8.176345008060103003e-01
-1.984950829380697779e-01
3.496386689679339632e+00
2.543833981693771396e+00
-1.065018506693819589e+00
2.550260903781687016e+00
7.165872120488291364e-01
3.386267441961070546e+00
1.589583491595838671e+00
1.388177943424618421e+00
1.981819508267091301e+00
-1.736076302255431802e-01
-9.933050233779237015e-01
-2.903422850375907860e+00
-2.782614742880707759e+00
-1.456716979632235454e+00
9.646812811871060545e-01
2.242632487505843208e+00
-1.545847027296935350e+00
-1.357167378047410944e+00
-2.458871057844364216e+00
4.407318508939342294e+00
-6.333654235319355341e-02
2.904646136638243448e+00
-4.130293976833672720e-01
2.887828259490426319e+00
1.115534370780458362e+00
-1.542702685641212934e+00
-6.123432694907446461e+00
-6.737587412645924978e+00
8.262238438758539028e-01
-2.881526545000121509e+00
7.000229042482892794e-01
-8.824584569499289710e-01
4.582203880866089207e-01
-5.842671381938487896e-01
3.726789520671031641e-01
-4.346058220312506215e+00
-5.079196749469018890e+00
-2.066226677693199676e+00
-8.563226115374575897e-01
-5.181758455892351733e+00
-9.705575749445725098e-01
3.309950472787491993e+00
7.484207425267060954e-01
-1.261209495271689907e+00
2.721904203331992456e+00
-5.918162232423039626e+00
4.881806987518439556e+00
7.881054798138870110e-01
3.377143635740934347e+00
7.171107646687052695e-01
9.076047406188468836e-01
1.717294356916168052e+00
8.396553272362823339e-01
-4.247427580748822429e+00
-6.268746461457073593e+00
2.000611735898589760e+00
-2.048687531984507260e+00
1.216995416326455137e+00
-2.882041729857790724e+00
-2.970018210877569231e+00
-8.451808014379869061e-01
-1.041128174953137142e+00
1.077134091898799134e-01
-1.453440426496064031e-01
-2.210665678393708866e+00
-2.090881113538186842e+00
2.827518127470600717e+00
-2.253985823805873867e+00
-1.133262196819398326e+00
-6.259739864130351439e-01
-2.086911625007687177e-01
-1.971848579798420598e-01
-6.414901465428413108e-01
-2.565344448231605234e+00
-5.400966979794493694e-01
2.897212441484206646e+00
9.063953076659672092e-01
3.161703199117923635e+00
5.706320286800566910e-01
-1.193257775002448895e+00
-3.883864817205827880e+00
-3.254116534576318109e+00
-7.094268713726815889e+00
1.619239693860797136e+00
-5.462854974768202254e+00
-1.172095675588011199e+00
-2.886288286029536465e+00
-3.076738839284128613e+00
-2.613680177198831611e+00
3.969473971205846219e+00
4.248332827580917126e+00
2.853535766960723308e+00
9.436914055136091939e-01
5.711153650584482655e+00
-8.499955666912493990e-02
1.149412598510693773e+00
7.924371738754993899e-01
1.723220766486038391e+00
-9.922385356929812161e+00
6.809121741312116782e+00
1.415203325780151999e+01
5.232265038454086081e+00
1.479655776365169428e+00
1.782912342975949826e+01
1.920444715683284675e+00
1.532310030349182783e+00
1.296491729471665133e+00
8.014993439255171381e+00
-5.501666880422957817e+00
3.835260096106916095e+00
-5.106568431010720666e-01
1.967207264828419788e+00
-4.213463775182753057e-01
1.538370164006299445e+00
1.599346455802019618e+00
1.546766616874332589e+00
1.888341306894033345e+00
1.839053035381524870e+00
1.154972715362471286e-01
-3.223527164066284367e+00
2.866704910191414379e-01
-4.957001716942828762e-01
4.417026134965352568e+00
4.909826265143263591e+00
4.955200950387358416e-01
-3.272143970932641643e-01
6.062620095727574432e-01
-5.744862588352775967e-01
-6.418841167316267082e-01
6.235487124087827349e-01
2.764996744331949419e+00
4.087728048123037361e+00
6.489699968259619922e+00
3.435948029888389321e+00
2.907339901796509807e+00
-7.951016892297857908e+00
2.218168745561500954e-01
-3.725205634198719640e+00
2.634509102926679280e-01
-1.893670481071080491e+00
-8.320939006539772587e-01
-8.326413014944009650e-01
7.834054831314606338e-01
-3.351791174387278804e+00
3.865765632155755860e+00
2.447409085359752545e+00
3.252425122226100473e+00
-3.784988024348664215e+00
1.873625021382512523e+00
-1.017822893659568351e+00
-3.208074642541466903e-01
-1.414082492239011835e+00
1.033381040695563469e+00
1.293751772485836504e+00
-7.876294725650280215e-01
-5.158418638979102022e-01
3.617518096016886453e+00
-6.146150156195118175e-01
1.254784739052333009e+00
-2.405823946720217155e+00
-4.282719456154139515e+00
6.713179562904418862e-01
4.023022026252307981e+00
-4.615783547635221584e-01
1.002053303828573716e+00
2.639082388406183699e-01
-1.925849551925748804e+00
-1.452313957095598962e+00
-2.476817252114357881e+00
-9.131800467551438594e-01
-2.957789702654263220e+00
-4.026633879056062959e+00
1.160884427323442880e+00
-3.317947180186470835e+00
-3.833482605374749497e+00
3.642603111783308534e-01
4.209582749836505156e-01
-5.956527260541047974e-01
-1.993997056098442133e-01
1.576080799614654104e+01
-8.074551654825034008e-01
3.312306269290484995e+00
-1.962772338823788099e+00
1.338501984832468628e+00
4.094596796850675346e+00
-2.336990120602606691e+00
-2.911726729314489948e-01
-3.753494684568987605e-01
3.804123171045269647e+00
9.136693368527620818e-01
2.909418365650338512e+00
-4.771843690110851854e-01
-6.964872528570167809e+00
8.655366626004481034e+00
-2.546795472582667141e+00
-1.123566417625365910e+00
-2.288717363793145165e-01
-2.533736496455887277e+00
-4.103764152080903393e+00
8.377469200287352979e-01
-3.735467188750279721e+00
-1.787274850687040340e-01
-4.995805938789267819e-01
-9.033519851919505905e-01
3.267479868494849171e-01
-8.794045037003640763e-02
-6.330279836428984730e-01
8.575545972361794389e-01
2.727324024684041337e+00
3.797734943078400427e+00
-2.223929871522806856e+00
1.769409372829551241e+00
7.045646199790208897e+00
3.998534543045419554e+00
7.806338614594582337e-01
-8.348017295791267500e+00
-1.290405584962667795e+01
-1.753012011021578553e+00
-2.679478590898573653e+00
-6.634481742253944825e-01
-3.219040432134107066e-01
-2.684776427991474729e-02
1.891869987632145866e+00
-9.780320056093002590e-01
8.465840086489678784e-01
-1.633043337945693008e+00
-4.191168033052012021e+00
-1.788782669170713602e+00
-5.523343799713180680e+00
-4.048236977504679146e+00
-1.064922958546208998e+00
9.071731752604057508e-01
-5.152369905426109481e-02
1.897235914930732736e+00
-2.747265477065828687e+00
-1.388515585396147500e+01
-4.090846374981685685e+00
-1.184464549520538812e+00
-2.570557744727681726e+00
1.040088662237540346e-01
-2.981981348269546306e+00
-2.934002923129952478e+00
5.701273714435638462e-01
2.065039787735496013e+00
3.286081625119177119e-01
-2.022479793434618645e-01
2.010135831988539845e+00
-4.630398099341744289e-01
5.479896506674661882e-01
2.166975053192030209e+00
9.968205723149851094e-01
5.266297040980904676e+00
7.420802968409179634e+00
4.519169913246909864e+00
3.122980618503870875e+00
1.091592203995438481e+01
3.557110107527894804e+00
-2.536383519167868084e+00
-5.255906557541350388e+00
-4.372985986797978342e+00
7.698316277956903653e-01
9.053393169712597999e-01
-1.856250673027000309e+00
-3.107673816519118226e+00
1.640215625203186089e+00
3.266460431994800739e+00
5.126130862217315176e-01
1.018037965113474996e+00
-8.896706677809307351e-01
3.686171252528290587e+00
5.119094727161758840e+00
4.403811655009724824e+00
4.519377998256839390e+00
-2.733913806020860982e+00
2.011291182316273574e+00
-1.422239933860667938e+00
4.599276220488857092e-01
1.744806249558871869e+00
-7.322091120304480505e+00
-3.860343989818873389e+00
1.142073103120755828e+00
-3.221632962472235739e+00
-1.965863520936997011e+00
-3.578513607845250188e+00
-9.470903102108529481e+00
-6.514355910997925214e+00
-5.214317083638605688e+00
1.885327919419052534e-01
-4.934298055340921585e-01
-1.803650024763310711e+00
-6.087440883008108372e+00
9.924512482131987445e-01
-1.028948475475192081e+00
6.144653024052277868e-01
-9.960331529790141802e-01
-7.253732602817363206e-01
-1.867557573963895479e+01
1.405702658006330985e+01
1.822833860621314273e+01
8.736109168781029055e+00
5.210242016075368632e+00
1.080439726535599831e+01
8.665275798932251528e-01
-1.169207982675501523e+00
-4.408149984825673329e+00
-3.121550685619414178e+00
1.852842465383419457e+00
5.096653478784252816e-02
-1.681630104824237248e+00
4.013742939254895781e+00
3.466568815633275680e+00
-5.829236531828697609e-01
-4.151952722995238432e+00
-2.323420907563055415e+00
2.383993142207002869e+00
3.722979731273733162e+00
1.156123514306961031e+00
7.650272214025061190e-01
4.714227950686877833e+00
4.487951052751402714e-01
3.165095361943991215e+00
2.010823941469412013e+00
1.212323157122679351e+00
1.130431019598765907e+00
1.845211518929555039e+00
-1.433336552584122625e+00
3.087504926196113608e+00
3.636658226862695020e+00
-3.215644945792053289e+00
2.586911047660580554e-01
-1.250968803342519475e+00
-4.216613061605221091e-01
3.423143286616812997e+00
8.190007033349959720e-01
-1.008169733442446647e+00
-4.005838488846451995e+00
3.337527104576999637e+00
1.026770703103205618e+00
1.099264858225151409e+00
1.872542440601311808e+00
1.430701833339719675e+00
-6.285435705486690061e+00
4.152097390008949063e+00
2.005754518621776228e+00
3.859250809031457674e+00
-1.164791790556745976e+00
8.826717779414079423e-01
-5.531383663467882350e+00
-2.170678347832476263e+00
-1.845045726206950842e+00
7.422509368215771453e+00
7.617730514954103249e+00
2.988493734307583249e+00
1.297571060218515626e+01
6.478301173130621926e+00
1.930690479769427093e+00
1.500481079324847311e+00
-5.127195469492336954e+00
-3.035911785329585832e+00
2.090131975279267418e-01
-2.316132477194684514e-01
-1.729340507566017537e+00
1.396204306442205834e+00
4.053816480010789647e+00
-1.738099706328773308e+00
2.105215919985862882e+00
-3.123268572667000864e+00
-3.622158634707143499e+00
3.727894633636294941e+01
-1.878578369162475503e-01
6.941450265291478239e+00
3.101670627474315101e+00
4.649877009084726787e+00
2.951647519888186189e+00
7.624391486690461628e-01
4.531870177717109427e-01
-2.711514816931062555e+00
1.017083968266881300e+00
9.544837121697566928e-01
-9.367641977558640587e-01
-4.963980826266896962e+00
1.032424903995162069e+00
2.991395798113381521e-01
1.072020150386524318e+00
-3.620777371776584541e-01
-2.917095937660425520e-01
4.365024276115252455e+00
-4.846510984216932272e+00
1.371175235873763887e+00
-2.457270041301327090e+00
2.301642570334523352e+00
4.807954570506818293e-01
2.144542536541874878e+00
-3.807339117702038256e-01
-8.488786855358509964e-01
4.272581796318298153e+00
-4.261863586302434115e+00
1.602212780491905519e+00
-2.097211295248323282e+00
1.558915672533570440e+00
-1.155804205264716167e+00
-4.310101244463858117e-01
-2.071021442312452887e+00
-6.638697822575267971e-01
-4.260622273282530514e+00
-3.444589714045140028e+00
2.809178914138414029e+00
-2.135596825973379520e+00
1.305426875189319436e+00
-1.084145967328495441e+00
1.961997136044158818e+00
6.323767905116238763e-01
-6.816925142681136418e-02
-4.264072358416803876e-01
1.775593961049340974e+00
1.266682459113883386e-01
9.678379386918713190e-03
3.195610023024433310e+00
-2.348004805926336314e+00
-7.772007389149354628e-01
-9.707504874514506499e-01
-1.595532541729595688e-01
-4.713246432778571915e+00
1.344038501194614099e+00
8.682426947287888996e-01
-1.273780418660594105e+00
-2.406316537685925017e+00
-1.023720683002290466e-01
-2.486127931435282157e-01
1.314146277984805433e+00
4.038537571096030288e-01
1.176429668961534780e+00
1.311194813868950426e+00
-1.026446213130240315e+00
-8.388674350818267067e-01
3.915325434234275370e+00
-2.369303997782796767e+00
2.605125780258140122e-01
-4.916977526965084500e-01
5.880708565146963718e-01
-2.740419483770375919e+00
-1.375379554914090585e+00
-4.991352949286393503e+00
4.566466438111988602e+00
-2.803316468718162646e+00
2.478614575141254717e-01
-2.523086096708024861e+00
-4.209949153296231650e+00
-2.506559391013807758e+00
2.633321021313751231e+00
7.205971460646829918e+00
-5.837311223802179150e+00
-6.237978625223892237e+00
9.236402576307202850e+00
-6.126630702394725070e+00
2.774307679252245931e-02
-2.541747245300582048e+00
-2.403054665910659526e+00
3.051361032033704790e-01
-2.943692327549987997e+00
1.449065897185186413e+00
-1.847833737917966346e+00
2.770894657969101615e+00
-6.923297069081901789e-01
-2.061719104704375027e+00
5.357079067945487161e-01
1.555388432541029653e+00
-2.202850696798521746e+00
4.054798616379731713e-01
-1.835512336827144209e+00
-1.856587883568650232e+00
2.225313304489481503e+00
-5.075901296707179711e+00
-2.304034921861211949e+00
-6.532921918066882050e+00
-5.845102667701763011e+00
-1.471255966061190579e+00
-7.937575862435160001e-01
-1.316205989483810068e+00
-4.369840892139302824e+00
-9.505873682603570574e-01
-1.196891404722816521e+00
2.443543526565348678e+00
1.519276203616080956e+00
-1.580615982998230473e+00
-3.800141432802707775e-01
1.882092022322461755e+00
-3.224973644963819441e-01
-1.353352013732093795e+00
9.980030693946515541e-01
2.911364578877240650e+00
6.596029884808458199e+00
7.378903795471180693e+00
5.945358878245900591e+00
-1.610397764593030523e+00
7.266284394516180078e-02
-7.385661318300899003e-01
-3.512403841794650372e+00
-1.723573628734745844e+00
-1.387527540832380168e+00
3.263337015697646670e+00
1.719321153490956933e+00
-5.553221932333535227e-01
5.999679476451285076e+00
5.762399454203356086e+00
2.884037155006703212e+00
2.408186549955212197e+00
-3.731011297914645031e+00
2.157683447350880357e+00
8.435104687402538229e-03
2.374768356001467406e+00
1.844626878742825271e+00
1.518484900537967253e+00
-5.927920301507888290e+00
1.835711204103392280e+00
-3.126585509215915604e+00
6.079998794613979962e-01
-1.312811000200885481e+00
-3.039017949961185239e-01
-6.726092989422294277e-01
1.140628887911802281e+00
5.856973518384857691e+00
9.240787502365156447e-01
5.532225358811193594e+00
8.251672302718333629e-01
3.473643457409467228e+00
2.391654377792687414e-01
-5.332660077974913510e-02
-7.586451599082052466e-01
2.074069035386575111e-01
-1.864352245536269104e+00
4.396737184087421646e+00
2.459426952634633956e+00
2.255505838100830829e+00
2.434231672036605842e-01
1.460034085244183544e+00
2.643087786653173232e+00
2.121204012545679640e-01
-2.958437849109787798e+00
6.484343978727381774e+00
-3.917756584051486968e+00
4.371380854374277369e+00
-9.825179007515769114e-03
1.679577617240577636e+00
-7.782920523986904815e-01
1.270915127459889105e+00
-9.142788977874835576e-02
2.532809116994217735e+00
4.774110577165249225e-01
1.199525184284303769e+00
-1.264252094411838723e+00
-6.640167687573664823e-01
4.640210787919158975e+00
-5.423906220020651148e-01
9.463124040500903167e-01
4.595098458883086767e-01
-1.998254322180628706e-02
1.387522757601516510e+01
-4.855643582278526438e+00
9.784544857829019504e-01
-5.068011429765539866e+00
-2.380902142876737848e+00
-1.126673558859911717e+00
7.948109827615422729e-01
1.615414990314814281e+00
1.146573117910689721e+00
2.678032949119970585e+00
6.485926671730372073e-01
-1.384711103435009916e+00
3.334928485640500928e-01
-7.498160735281725886e-01
1.541193828839074076e+00
1.889274304165116769e+00
1.500981274132066501e+00
1.246868615644046940e+00
4.393532432193357096e+00
-1.478444654724423435e+00
4.172908988011444720e+00
-7.782115015160181448e-01
3.052996292484740692e+00
6.793431470740929345e-01
-3.076773516360580829e-01
-1.489362656168801563e-02
-3.380040266558616002e-01
-1.102367286586768413e+00
-3.111550715923518950e-01
-2.723173857777696938e+00
-2.029135249553364329e+00
3.412731992378946089e+00
-2.551411628941860243e+00
-2.016228452695750573e+00
-2.100089973095479401e+00
-1.828696496635375812e+00
-6.336004140307769816e+00
6.802632218328255931e+00
1.313085464374612421e+01
3.660263264769218150e+00
8.174566277065260511e-01
5.162528611373317311e+00
-1.885786462258920215e+00
-1.260233597716020171e+00
-1.769126779517097070e+00
-2.712638803111656838e+00
4.498125783329282257e+00
1.662205067745669895e+00
3.049885851224976019e+00
-1.303952611213909041e+00
2.956439498975992120e+00
-2.215065108438543096e+00
9.926594633784403821e-02
-1.320811904002794801e+00
6.659251462155884038e-01
1.439033782621954805e+00
5.697662861173461435e-01
-4.260360427873027156e+00
1.781529819238847123e+00
-1.658634143656704474e+00
-6.045449031323672173e+00
-2.453297301878477388e+00
6.776553180678023258e-01
2.039217418587791764e-01
3.380869234350132313e+00
1.223133777871458383e+00
-2.087835558837271677e+00
1.350961199262320722e+00
5.846823609072997474e-01
1.281302446282945040e-01
1.741603625625956497e-01
9.946692090400620634e-01
-4.785264804180073828e-01
1.770201870843945702e-01
-9.844071125534780142e-01
-3.869004347018129009e-02
1.765225873526931499e+00
-7.155813841112262708e+00
-5.409633348064382119e+00
-4.766634345844326326e+00
-1.861879938276073343e+00
2.634258818505679223e-01
4.915619069088462467e+00
1.719182186263498169e+00
6.729784894965848974e-01
-5.123840142155082489e-02
-2.088227404483219640e+00
-1.509035458245629457e-01
-8.471112914607069611e-01
-5.562648472681036571e-01
-5.867078098774441308e+00
1.429881844470945351e+00
6.287662252128012330e-01
-4.171723147301639179e-01
-4.003473064080435684e+00
1.979218469483537080e+00
2.278529625516047263e-01
1.247313729489681222e+00
1.654733849824949088e+00
-8.863086844674821663e+00
-1.672323482684898943e+00
2.568962524738537034e+00
-5.564290025982490118e-01
-1.143167490800337527e+00
-6.586328546350720403e-01
-1.471762343995083100e+00
-1.107999562709278463e+00
-8.909365723888797994e-01
-2.219695151139761791e+00
-9.563741740144923398e+00
-1.371485235277748949e+01
-2.710971196686974949e+00
-1.098451779743845158e+01
2.076274965082276769e-01
1.480834157164191200e+00
-2.003464339154295004e+00
-1.536796688304540304e+00
-1.178046420008367345e-01
2.291638660631815316e+00
4.138454634002946553e-01
4.428923353812999619e-01
2.868936909452075579e+00
-1.289691487345246745e+00
-6.981030236987272319e-01
-1.259312191496878564e+00
-4.703106998918172299e-01
1.269372298645308383e+01
-1.398270286444238231e+00
8.269077578081384106e-01
-1.831456999385847162e+00
-1.532879131002255590e+00
-1.478616502203920380e+00
7.516051425752359183e-01
-8.449105227449968947e-01
5.592774574693463174e-01
-6.032209640724690125e+00
2.881383938116010679e+00
-1.048263425972828777e+01
-1.166949053320752583e+01
4.858980901427525367e+00
-8.889690608270516492e+00
1.371263121947527974e-01
-9.042077603382531192e-01
-5.692829013741339539e-01
-3.152224443335823606e-02
2.636778867585373387e+00
3.548363742228087259e-01
3.245899292759281685e-01
2.420942062546675988e+00
-9.603515938257999318e-01
1.739572961292751296e-01
-8.328197258086494914e-01
-4.230209363102718778e-02
1.201573626163027875e+00
1.710535615704606549e+00
-1.755176997010880591e+00
-9.653495744013180779e-01
2.619683550927261795e+00
-5.072115395322954745e-01
3.825327362371902407e+00
2.613174002603328994e+00
2.791633949882286636e+00
-2.998327626253361800e+00
-2.949464884479803040e+00
3.353998788819997134e+00
-2.672629492136122664e+00
1.954308072119669004e-01
-1.258980511999654162e-01
2.226434790937786845e-01
5.805427285079477473e-01
8.154569925193203561e-01
-1.046711608155644901e+00
6.643788614471415888e-02
-1.367276987832635626e+00
-1.142465287161445575e+00
7.200660414875948989e-01
-6.497408645304973973e+00
-4.042557662789598716e+00
-2.588048676558047489e+00
-2.377443028351430565e-01
3.513570912725699213e-01
8.871144228302809687e-01
-3.038118695976038897e+00
-5.825734749233917320e+00
2.517232819129484156e+00
-2.720478320388471261e+00
7.300570856875738812e-01
6.245287226911105938e-01
2.547148397727260205e-01
4.899361543729459534e+00
-1.102960339517424782e+00
4.289067696537262719e+00
-2.921657545149809909e+00
-1.687459653003318405e-01
-1.957888172260341952e-01
2.350821331521345314e+00
3.340768848806213720e-01
-3.276954045766891088e-01
-4.454254161932183820e+00
1.225906773431783225e+00
8.427856870960025448e-01
2.894609674764787588e+00
-3.792664180991613510e+00
6.560460427556596974e-01
-3.978172865674232561e+00
-9.005581123785777464e-01
2.108422696761575121e+00
1.333899879279239142e+00
-2.712761933585013274e+00
2.067460679257434819e+00
-2.032303607555344449e+00
1.688969466340886516e+00
-7.425961812181053334e-01
-2.885673420869440786e+00
5.450676450618961999e-01
3.478524522498264382e+00
5.954152942676039117e+00
-3.559796309537791803e+00
4.271111606872859845e+00
-2.014451830648869901e+00
1.141238209346520094e+00
-1.833664665315871412e-01
3.640298761652319137e-01
-7.686985545330992098e-01
1.238999174564138772e-01
-2.585261804640623495e+00
3.679261438124409866e-01
-1.389622266737380540e+00
-1.350319349007632397e+00
1.719273859322959508e+00
-2.621041077741384839e+00
-2.175156449492652577e-01
-6.298173424359908568e-01
3.264062884692447986e-02
-3.876545053740800384e+00
3.713350144787641027e-01
1.664842921427216016e+00
-1.860779525181698979e+00
-5.855326717954373317e-01
4.849705204700268668e-01
-1.547223740545395243e+00
9.122736111339274645e-01
-1.224066603213280535e+00
-1.304684499072207693e+01
-5.919016385237448219e+00
4.353199767620011262e-01
-2.885985476101645020e+00
1.327691658825925214e-01
-1.531783894994196649e+00
2.616890132202708830e-01
1.626731950968883567e+00
1.552675590135177197e+00
-1.883243830874992808e+00
-7.892345343771711708e-01
-4.135256819055871169e+00
-2.051258697569610767e+00
-2.866035786771692351e-01
-2.923107689785215513e+00
2.463073769619506859e+00
2.544683964125320941e+00
2.530129178084300268e+00
-3.011519703608155421e-02
7.294441354271875566e-01
-4.121759279018792355e-01
-4.491000343516351911e+00
2.619818599199829734e+00
-7.143684487624623047e-01
8.188121577843819263e-03
-3.265876988843927076e-01
-6.057478632568829013e-01
1.383276118630231588e+00
-3.634918596482644704e-01
3.494960319379218472e+00
3.766867289486843351e+00
-9.715958804790835179e-01
1.190323606210139662e+00
2.070057321486490576e+00
2.572786965688593774e-01
4.396681722279700000e-01
-3.457458375838453613e+00
-2.661497788396177455e+00
8.138255622450561999e-01
-1.563529805401222994e+00
-1.015406725089484485e+00
-1.172269047574894696e+00
4.518252021268790997e-01
4.858115392349982020e-01
1.162567819354834997e+00
2.696604264555771735e+00
3.424585639075871324e+00
4.641919034593503746e+00
-5.073572343193442080e-01
2.319272540872021171e+00
2.947327986942032130e+00
-1.022320856658418986e+00
1.330072333904187332e+00
1.543493630575247577e+00
3.588713246224343734e-01
3.462853497370942391e-01
-1.424285003934817162e+00
1.195968034207150810e+00
4.888053931634156690e+00
-2.269611349343916729e+00
-8.908517940276368119e-01
-1.341269329522001064e+00
-6.699535085549854774e-01
4.712993846001636844e-01
1.642365535496534745e+00
1.109000897265573826e+00
5.392424873221933757e-01
-5.619409470538385687e-01
8.590498476931122340e+00
3.290144944034220753e+00
1.966195605937801183e+00
9.492769162582278542e-01
4.395954538003009060e-01
-2.732076988263878667e-02
-1.131700902112367180e+00
4.756496507255093320e+00
5.426279179151590526e+00
-7.762623658849662434e+00
-1.199980774741510325e+00
-1.924894135352834823e+00
-1.990959669010476496e+00
9.345597934349753055e-02
2.072335507033316482e+00
2.524246633479176327e-01
-5.737681748088034606e-02
2.407471430123356182e+00
-4.552964584489922473e+00
-7.795538911876730426e-01
-9.586260375569443104e-01
1.106125022493668481e-01
1.834603010624902097e+01
-1.343744833370006475e+01
-8.971062305002488912e+00
-8.083785273576149066e+00
-7.292348464264006402e+00
-3.059168013823776455e+00
9.479810905669104892e-01
6.579270345581370583e-01
6.979252295639999382e-01
2.897994390770215478e+00
-2.133318313313832704e+00
2.070539391246886574e+00
-2.073208944202404869e+00
2.334794225297762260e+00
-6.158489803006355068e-01
-2.888540557640694395e+00
1.679085402501595770e+00
3.894265811478568207e+00
7.324888049821343117e-01
-3.614427011058775729e+00
-4.118601473006262559e+00
-5.618564806398417488e+00
-6.556581470053197691e+00
3.560200525216905998e+00
2.111978231129960637e+00
1.825530886150568133e+00
-2.738504916395138600e-01
3.344417174617504873e+00
1.341710911832908693e+00
-5.903948460168260137e-01
5.638793300412110909e+00
3.386473690089559341e+00
-1.333608696197830845e+01
-5.900593844370152219e+00
-4.444192545841743502e+00
-3.983983866782777827e+00
1.300707116625209769e+00
-7.255402309398845340e+00
4.425070549769390738e+00
1.661965012876694514e+00
2.771892814926507853e+00
8.593147159417943159e-01
4.158643032295027964e-01
1.027924074625097717e+00
9.068649380152341566e-01
1.575702324501652596e+00
-4.922928426773355959e+00
4.752287413279071338e+00
1.486096994722380771e+00
3.065936984509856966e+00
-2.308259357630301212e-01
7.487637622359973877e-01
-2.838427495217768493e-01
-2.774225761772745602e-01
-1.202901030430630414e+01
-2.042403214200205142e+01
-2.417098031421348381e+01
-2.291024098478394322e+01
-1.476795245022114855e+01
-5.324599626409032282e+00
-4.324369364835417784e+00
-7.109273613193721753e-01
3.413401631865911057e+00
-9.678275569432683856e-01
-5.126718399655401104e-01
-2.132040348085011860e+00
-1.097087896657463535e+00
3.048647997884354588e+00
-4.136446119890672790e+00
-2.008520448934711045e+00
-2.447194208588184594e+00
-2.667375793115310145e+00
-1.707718314137375293e+00
-5.036048053695771465e+00
-5.382630133037982212e+00
-3.790199719061583927e+00
-6.508074667643587219e+00
7.535321894165973866e+00
4.898072586775676918e+00
2.458539772907162746e+00
1.098077279480471846e+00
2.681978510213469530e-02
7.894744383698344414e-01
4.081547975165250031e-01
1.568546049447131718e+00
-1.084378345056293963e-01
-7.653719308890695183e-01
-2.054848931211628926e+00
-2.232360049390402335e+00
4.892486108925551136e-01
1.614074600575995078e+01
-8.595818359529648234e+00
-5.904909093417936017e-01
-4.530584403141451055e+00
-3.701422535589345308e+00
3.164375833181419129e+00
1.688978294127843338e-01
6.671941740596806225e-01
4.237964573130941770e-01
9.955211196643166671e-01
8.739396655167012140e-01
-1.291763700492087885e-01
1.968312223445198850e-01
5.811769916019060567e-01
-2.781789421321318567e+00
-3.700834052827732368e+00
-1.490447149838159291e+00
6.082254554681418846e-01
4.695378684349410747e+00
-5.165047080645834843e-01
6.317142254880487862e-01
-3.356172997501227773e+00
-4.356696918256731443e+00
7.379644217960926733e-01
-5.814563691604776041e-01
-7.192051885669556999e-01
-1.262870160368058770e+00
-5.400666037707914313e+00
5.801130261289745071e+00
5.404846377201511842e+00
2.346299263980875960e+00
-6.672884037507371968e-02
2.737681841012642447e+00
-3.318457739698687625e+00
6.024892266226835463e-02
-6.275350642964219183e-01
1.378789030457784781e+00
-7.790867890740266200e-01
-2.014042367709853121e+00
1.917404805713238125e-01
-1.767584680598399460e+00
1.154431001947469726e+00
2.734874014793729768e-02
-6.565991840740760255e-01
4.416626904487870875e-01
-8.551350106256951022e+00
-4.754945295841110919e+00
-1.695534653928386204e+00
-4.906069834723703060e+00
-2.264886746420333719e+00
-1.561003914046720231e+00
2.431512763039308744e+00
7.213625009674904387e-01
1.167958701923108578e+00
3.702641526011422601e-01
1.019255704987122924e+00
-3.740099577781219042e-01
-4.822584046370095301e+00
2.970855346304718037e+00
1.878749744806641697e+00
5.604678585941363922e-01
9.596072193746918444e-01
1.129311212487768668e+00
-4.094461513446377765e+00
1.122586586150304232e-02
1.634630892353806653e-01
-1.517950102254755684e+00
-3.602261654471497820e+00
5.555882997054211181e+00
-1.978882047219295170e+00
-8.577817389244013491e-01
1.374099475168073792e-01
5.806943448326625123e+00
1.019261925640269517e+00
-4.335555420520724290e+00
6.479287362479253964e+00
-1.832931972929975339e+00
-4.429987370791304002e+00
-7.475832770942260064e-01
-1.716915449667448135e+00
-1.611514847076711332e+00
-8.973660446735665097e-02
2.572593961883628655e+00
-2.513158656147176817e+00
8.762711371538351557e+00
3.252847543843652822e+00
3.668195186792679308e-01
-1.187171329263220887e+00
1.253142681560482363e-01
7.538587459825537573e-01
-3.262180857980540694e+00
-1.119409180856465014e+01
-1.469085236933971927e+01
-3.591481755562149658e+00
-1.201457122594407423e+01
7.513749653209929047e-01
2.148871617131093981e+00
-3.572427372554627667e-02
-5.269471920204839011e-01
9.240262616230147108e-01
7.860508404117805270e-01
-7.059770037686032840e-01
-4.826279631332037745e+00
2.359776832274128822e+00
-7.118605908755141209e-01
-7.863051733326426040e-02
-4.628929451815089746e-01
-8.502171791753263541e-01
7.248726457103789933e+00
-1.208426551070735711e+00
5.121422149350262742e+00
-5.861172989366434383e-01
2.145846973300819194e+00
3.416163311183266216e-01
9.191098405836868324e-01
1.173045777741126422e-01
-7.965331986276741327e-02
-3.421401710470897140e+00
-2.997355078273009177e+00
1.694500344578724116e+00
-5.694014967924185378e+00
-2.392967654161218594e+00
-3.876549328603709488e-01
-1.585244569915252866e-01
1.021627631873668340e+00
-2.235799919091988330e-01
-1.489328974362005731e+00
-3.413132966419134551e+00
2.935201144627147318e+00
-2.115350897569790778e+00
1.060875331074359940e+00
-6.026931634735996912e-01
-7.970734753172342701e-01
7.761154757221151446e-01
-2.686963657105123637e-01
-1.985878371103160589e+01
-6.778908916102721172e+00
-3.011776567943129090e-01
-4.252485940874324299e+00
-5.495251352130781974e+00
-3.185752139547436634e+00
6.642025911201322463e-01
1.250415169151260164e+00
8.235115846466132261e-01
3.014624031031440055e+00
2.754102213960148315e+00
1.103799346267949177e+00
-2.369522332098127571e+00
4.455787399837136675e+00
6.854414384760558476e-02
-5.746252702296237302e+00
-7.042877786859413902e-01
9.285008719163312385e-02
-1.229985959507020610e+01
-4.684539669033239484e+00
-7.425019594661382838e-01
-2.747109113044862383e+00
-2.350227991884297207e+00
3.221984021872192905e-01
9.298274373521858704e-01
-8.975641897972624905e-01
-8.992134837125326241e-01
9.121693385022612288e-01
-2.184750458560580810e+00
-5.918831117283989585e+00
5.857544610036613086e+00
-1.848961624561102024e+00
5.480492958561225869e+00
3.963354712090856324e+00
1.539530968698256341e+00
1.035163424277367517e+00
1.056356282284512460e+01
-2.073539817686926856e+00
6.356234702677822312e+00
1.996366343500950657e+00
3.673116633199755565e+00
-3.846039143380497460e-01
-1.990128407285979978e-02
-2.528604059223650502e+00
-1.674420306251123591e+00
-9.273390321874442677e+00
-3.339494647003264038e+00
1.785733641936155358e+00
-3.318284687683306089e+00
-4.168221383280010794e-01
-7.304445939010105748e-01
1.166927326177930047e+00
-2.095604278548632848e+00
-1.417987158853919682e+00
-3.576583633268455742e+00
4.642621195720970206e+00
1.777662319762997489e+00
1.670215421384854126e+00
-1.250754975366598076e+00
2.440774573266898173e+00
-2.064850903806586757e+00
-8.235297278205920557e-02
-2.049960145884738849e-01
-5.834007953573145500e+00
2.385577075252575785e+00
2.185044432602887277e+00
3.295290066010641006e+00
5.634974323855380440e+00
-2.913569410745389110e+00
3.364603209195836886e+00
1.775731158696734147e+00
7.560937378640257833e-01
2.004821493616414596e+00
5.008272433337311647e+00
7.436164001010407976e-01
2.656857626465398137e-01
7.422628011869917941e+00
-1.671685253719570330e+00
1.049163881658066844e+00
1.615152548125460719e+00
9.889393777607532465e-01
3.820949187108756973e-01
1.459709236916795660e+00
-8.535113271670975443e-01
-5.135025036276923416e-01
4.371887584885736366e+00
-3.729090263827378182e-01
3.827357305106025454e+00
2.769468525626972877e+00
2.094339822947210550e+00
-1.296760098964686581e+00
8.021546951061321318e-01
-1.123615849481376827e+00
-8.672450962957584109e-01
3.307396352996835542e+00
-2.841032089683341422e+00
9.804426633958713833e-01
6.204160432202658892e-01
1.044593633125569854e+00
-2.335047494374054455e+00
-3.986034379540615014e+00
2.270394673581544343e+00
-3.011245810325804406e+00
5.693021416713017063e-02
-1.721959729037800590e+00
-1.068088003211886017e+00
4.877440970895314254e-01
3.364027062798347512e+00
-2.736249949234410561e+00
1.467184067234195588e+00
1.828097591178256653e+00
-2.786664210236722283e-02
-1.644900337878154595e+00
-1.529216818489294916e+00
-2.745201702566151258e+00
-3.676340005152249013e+00
-2.342035139400682642e+00
-2.825976047371561606e+00
5.843286685397491853e-01
-6.890163796767321269e-01
-5.289018783498607768e+00
1.757489292774274681e+00
-5.180526207457100130e-01
-1.127753673847250587e-01
-6.423541247959012601e-01
-7.178047123481674507e-01
-3.948488459574452936e+00
2.174461535793721811e+00
9.866861818807389772e-01
6.924103790934829084e-01
-4.836225051496684024e+00
4.511059732263947852e-01
7.620652123794485755e-01
1.617366057294625570e+00
7.225984803011383795e-01
-1.807441684407791460e-01
1.347003159765757685e+00
5.665105889035033648e-01
-4.581290124446911527e+00
3.986748816224396363e-01
9.272137230006665121e-01
2.893659489968643417e+00
1.461076162195931838e+00
1.114144383591145537e+00
-8.054272031524748243e+00
7.737902117365389465e-01
9.791689230809950129e-01
1.575983002310002323e+00
-2.924291579495159610e+00
-1.361951963261655019e-01
-4.334693705409955848e-03
-2.041496836278497984e+00
-2.008213504329799726e+00
1.008447905292510605e+00
-2.493871410283391210e+00
2.855097737993189444e+00
-1.218650654264471944e+00
2.981582505902653057e+00
1.474492755636549246e+00
1.726090839693823042e+00
-1.127265331612792520e+00
-1.961456179438361369e+00
-2.076666501327460779e+00
7.296571289451113662e-01
7.487822128357904949e-01
-4.103276729924097310e+00
4.951840780103075601e-01
1.162001358040913201e+00
1.590857788054387045e+00
6.369527430244751320e-01
-1.464353069940186103e+00
-2.179390158008198686e+00
3.009780150539422827e+00
2.835389298775162548e+00
2.655322145670651057e+00
7.623533773443239348e+00
-2.626349415417921218e+00
-2.869023688247189341e+00
1.894888098603868976e+00
3.984320588517078043e+00
-8.739968669116146005e-01
1.264595689027070646e+00
7.854379352149165605e-01
5.139280682324747634e-02
-1.249460171506227679e+00
8.464447830562729536e+00
3.587896317102905019e+00
2.810017442419175282e+00
1.403766344991688397e+00
6.278400537986884578e-01
3.478954224995953748e-01
-1.907947704319878035e+00
-1.095453995331591157e+00
4.765371456554191809e+00
-1.565753521503482792e+00
-1.923103781926369216e+00
-1.423186669123128967e+00
-1.081820489401502439e+00
3.986308472820725424e+00
-1.701520758838112490e+00
4.134053501693062849e+00
-9.862557328887198160e-01
1.975213316144210474e+00
2.468228889660434855e-01
-3.524994362477791854e-01
-4.378485888165727924e-01
-9.658340832966714196e-01
-5.866009143695283257e-01
-4.209472042459759145e+00
1.036163355148137954e+00
-3.060402666292846963e+00
-2.470949295757255554e-02
-3.576292126244140501e-01
4.948261528644258278e-01
3.986671292167002778e-01
-9.746243614828364876e-01
-2.523451325605003515e+00
2.156803679102805571e+00
4.376213606609978157e+00
1.025422683196934304e-01
1.173302202141683459e+00
1.555725673776028994e+00
-2.509611097080001851e+00
-5.246860120522556237e-01
-1.495698878110925945e+00
4.131320678615629793e-01
3.027649755209644855e+00
2.961800288426552630e+00
3.937399273431231084e+00
-2.160505712718583826e+00
2.014308281288412328e+00
2.444816869934496317e+00
-8.507698862089275726e-01
-1.388631231428250512e+00
-4.157730328053281355e+00
-1.338180473530137693e+00
-5.156737615696993515e+00
-9.092780964557682921e+00
-2.172458440536480406e+00
-2.616751296110897407e+00
7.636112096493113954e-01
3.353483265341364317e-01
-7.435222547415584193e-01
6.372883131037728077e+00
-2.420268598391294379e+00
3.283932068677234195e+00
-2.000788859884435666e+00
2.802339373410759116e+00
4.282749257669332121e-01
3.436827007633446174e-01
-5.677315498836866814e-01
-1.434251436108321842e+00
-3.043695360926205407e+00
3.736322686597238540e+00
1.112050078774656336e+00
-4.886194307434464368e-01
-1.826791439266091333e+00
1.577886840887370523e+00
-7.446688761610580354e-01
-6.258420723447852829e-01
-6.916894863864168075e-01
-1.056133247961452248e+01
1.449269616757575152e+00
-3.853665409470755643e-01
-2.519362413772648690e+00
-5.593000204494437355e+00
2.775989057695802842e+00
-3.519885731300424592e+00
1.124038099362464488e-01
-1.336891169180728645e-01
1.025866585100344286e-01
1.397017249376477865e+00
-1.905876332365105563e+00
-1.274252711945137895e+00
1.456111917005169509e+00
-2.355971711344293951e+00
3.023183675384320535e-01
4.222155082963024997e-01
2.267815019647039243e-01
-7.410293572532282269e+00
-2.748915018826241230e+00
2.605917682559507398e+00
-1.492328905095060998e+00
-1.610735140180649783e+00
-1.181175019900932432e-01
1.090627266397676598e+00
1.624494722661785184e+00
1.454931638886812095e+00
3.548075225965671819e+00
1.457047726945235411e+01
4.223576675129642410e+00
3.477138162893557372e+00
1.826041389877380894e+01
9.284991298827617590e-02
7.167117745749726154e+00
2.454352036396675985e+00
1.675695193861435284e+00
1.742306340790067853e+00
4.562564933796868338e+00
5.396399366330835612e+00
1.041984349675557420e+00
3.335702328487773372e+00
2.569116244079830302e+00
7.325088368430499042e-01
-5.607851883431266282e-01
-8.755866149404538668e-01
1.003192465869643946e-01
1.077732772272950168e+00
-8.939207490238990639e-01
-5.204910218621221496e-01
3.741311312237127762e+00
-3.375722458360129963e+00
-1.315368600995066695e+00
-3.725425071084383366e-01
1.820224436944929414e+00
6.500926810645592191e+00
-2.297163095340293726e+00
3.709518812073156813e+00
-2.938720609369048553e+00
-5.256779473086301557e-01
-3.310905239618998075e-01
1.884529193011463821e+00
-7.657905455221334368e-01
-1.067412161992082886e+00
-3.545907812864402153e+00
-5.044598917753981837e+00
3.160848152101957687e-01
-3.730317903143546054e+00
-3.439649427905714513e-02
-1.399965024850915452e-01
2.545317007345595961e+00
-1.057759141891103427e+00
-1.464288638054183966e+00
9.569047314288894879e-02
8.390444297463992562e-01
-1.715250026709156161e+00
-2.574555924493023618e+00
-2.852944803842330512e-01
2.501425461172716247e+00
-1.018746433124865014e+00
1.020474155141236183e+00
1.045060758251520339e+00
-2.316777204130032075e+01
1.737618447941538591e+01
2.114900294425682858e+01
5.645178466261643990e+00
-3.315750282477514799e-01
6.549581207234980162e+00
-1.695394364830856038e+00
1.672206671286117219e+00
1.047632180858099948e+00
6.016588197944525707e-01
-4.866311280780061810e-01
-2.968417433837230668e+00
-2.102187773024849271e+00
3.537330869232484964e+00
-7.331690952759445379e-01
5.291076946908240819e-01
7.739864929870819976e-01
5.335911660001734225e-01
-1.803603375652016449e+00
-5.990584099808274887e-01
-2.622357045621161564e+00
-1.960318992953816286e+00
2.309498813486756674e+00
-1.472787123322109926e+00
2.665592997648554618e+00
2.072594731719036520e+00
1.328711972890892934e+00
4.305246196957436489e+00
3.023962665157312379e+00
-6.753053756808119479e-01
-4.632277380837255265e+00
2.968554761005951725e+00
2.229383431058680642e+00
3.249625689903685721e+00
3.297859695840101413e+00
2.492502641976749977e+00
-8.417127949730464076e-01
1.730712438446278201e+00
-4.050165727995148623e-01
-1.611050554746815411e-01
2.932739424943848316e+00
-1.994971558586653204e+00
-1.622811483012127631e+00
-1.651203249059014944e+00
-1.269640147942122432e+00
-2.398321668281603092e+00
2.364449465312461918e+00
7.918533086449999203e-01
-6.493666723368944904e-01
-3.562367616040606588e+00
5.750591274962124633e-01
-1.134343206969183893e+00
-1.507331335496570751e-02
-7.881113261175466678e-02
6.650172394929309228e+00
1.313263567600040993e+01
4.256547996585367422e+00
9.865731206038473644e+00
1.598484026241208866e+01
-1.085808920148581436e+00
-9.832326971938960547e-01
-8.587118957047513990e-02
1.291891957250259626e-01
2.314135597998609484e+01
1.878132620770421646e+00
5.104860101103313674e+00
-1.701068022119217149e+00
-1.573582166809298633e+00
3.770415711736318176e+00
-3.106878823741348605e-01
-2.794745090593096504e-01
-4.594525468092942877e-02
-9.994273921298447716e-01
-4.757479190923515233e+00
4.376399404476049027e-01
-3.310459322221330769e+00
1.233619120865385499e+00
8.947457103843691195e-01
1.708586359784339370e+00
1.224700935390115930e+00
-2.070285249964762819e-01
-1.993458323522251607e+00
5.430418005031625306e+00
8.462485221139470326e+00
1.697713486335527433e+00
4.933315996316067320e+00
4.788747246316455097e+00
-2.533290745582796322e-01
1.384348888137117095e+00
1.424307735471309400e+00
-7.835172562012547859e-01
-1.117214493651758067e+00
-3.040559935167107319e+00
7.042882297226313870e-01
3.704210131986896304e+00
-9.794469926918261127e-01
3.899456787337388430e+00
2.647775360668870537e+00
1.899637059903176439e+00
-1.766906126822097889e+01
-3.227674757280448059e+00
5.160697976681450250e+00
-5.167054475039489780e+00
-7.089536781728841497e+00
2.813520515184234849e+00
-1.150822246589624509e+00
-3.958950970749481324e-01
-7.176036005318023880e-01
-9.649740565607139997e-01
1.982615854690162660e+00
1.163112333504665141e+00
-3.842933649618248015e+00
1.335352909823946721e+00
1.652699378035177746e+00
3.067200048276049529e+00
2.098246420423414804e+00
9.989561796629777835e-01
8.359761098184901318e-01
4.399136056347455970e+00
1.106027613575337076e+00
6.069861383275998001e+00
6.459727831341543158e+00
-2.295069507747785398e+00
9.247172686374526274e-01
2.871620178310704041e+00
2.407381549602422233e+00
3.064864143458406076e+00
2.394322288143282407e+00
4.400474616040297993e-01
-4.264617161271380574e+00
1.685157589558599511e+00
-4.352942465859530596e-01
-2.524535514084345622e-01
-8.553384963770527261e-01
-1.109457710730124891e+00
-7.188895028854848768e+00
-3.188948024451294661e+00
-1.734333325766317202e+01
-1.489558149501957907e+01
-5.464773767906059287e-01
-8.131963803042488337e+00
2.288207340371701815e+00
6.001725674967780533e-01
5.122787499859124960e-01
3.813650581186939448e+00
9.426572249435649198e+00
8.872556514106481274e+00
6.858856179415365517e+00
5.923908598495328803e+00
9.878792835086803947e+00
-1.952171794966228058e+00
-1.054365280420142215e+00
-2.250800040662723212e-01
4.639954405687928052e+00
7.941468965734063135e-01
3.502881949699340858e+00
-1.563230680912615078e+00
1.603481163224465877e+00
-2.247744787693078672e-01
1.386104386607087235e+00
1.401009661048357446e-01
9.328628219264732957e-01
2.178081906377195232e+00
8.211222251475994716e-01
-1.427539467577344290e+00
-3.469105526106989412e+00
1.578851717848124059e+00
3.296530587766417053e+00
-7.527612916035220092e-01
1.496018371955108339e+00
5.415998044304787262e-01
7.211361973582269158e+00
5.148232627349035972e+00
-4.063137714986181592e+00
1.599902920205027668e+00
5.794918963249741317e+00
-7.886391232467984125e+00
-3.315719787776937988e+00
-1.627522269816693345e+00
-1.953247591257629423e-01
2.778938849884347029e+00
2.087564152379141191e+01
1.927368684409228194e+01
7.647529854461039278e-01
-4.604537028269244381e+00
5.816984613319953645e+00
-1.006902411620467674e+00
5.960463315553786501e+00
4.426696187828272677e+00
