-1.925157398893665439e+00
-6.288907138758931259e-01
-1.521090693479883876e-03
3.721956635987205275e-01
6.455712152588203301e-01
8.810251078400841429e-01
7.607879718095088561e-01
8.437232633252719216e-01
-3.369857205303909975e-01
-1.222266899477947533e+00
-3.648584834146318956e-01
2.433061843542475011e-01
5.608971481615618870e-01
5.270466487931758648e-01
2.457118081361034032e-02
4.770282165674361585e-01
-1.462254930958716559e-01
-6.693099147668305493e-01
-1.384352607775187982e+00
-2.647148616267187005e-01
3.445077359321073174e-01
6.336932504056261850e-01
9.423781553835780533e-01
9.064102112786847076e-01
8.811025228452147307e-01
9.151685550000465685e-01
-1.269668709765068848e-01
-1.807942073383956849e+00
-9.229704048920459591e-01
-2.689099230454858880e-01
-4.301507924071555633e-02
3.077843462631300042e-01
7.706783057386615843e-01
1.003324595632904215e+00
1.112040846499609659e+00
5.422733366435276148e-01
-1.754796144076889108e+00
-4.898385987885847670e-01
1.164156067413535944e-01
4.787189946068874935e-01
7.464996708450155616e-01
1.040139177969542361e+00
9.576700437391796328e-01
1.134676692254627861e+00
-3.962993403606931281e-02
-1.762125103508135782e+00
-8.607281104771938862e-01
-3.176478032429886356e-01
1.651284634726702394e-01
1.792355137379699759e-01
-1.648738412741022064e-01
1.310132308491327169e-01
-7.327284345989707459e-01
-1.067475786798839810e+00
-1.652354207095032335e+00
-4.735868980903966685e-01
1.511812607132575204e-01
4.676406263138487285e-01
7.773121727116675261e-01
7.155200561150634186e-01
7.840341341193557412e-01
5.483406038569704766e-01
-5.314667637963280677e-01
-1.075983279336892195e+00
-9.974779865379909682e-02
4.606225792412818598e-01
8.411346117687235058e-01
9.880695641616582536e-01
5.497178337761854383e-01
8.627903654855479942e-01
3.990521935231379769e-01
-3.512493161588843282e-01
-1.311662379097342290e+00
-2.455994123085520620e-01
3.346502175627387166e-01
6.800989000107690030e-01
9.342543668031004778e-01
7.321286007778854410e-01
8.993143129239931088e-01
6.889442526345668227e-01
-2.926920308569967988e-01
-2.215264836052636355e+00
-9.125208002170384081e-01
-2.591164239379392664e-01
1.206882806224754551e-01
4.275840114081185805e-01
5.098279473186894117e-01
4.096505364122314252e-01
1.750651061093038141e-01
-7.441004535855431090e-01
-1.108479631899750961e+00
-9.672819497892889973e-02
4.563424457890903896e-01
8.360287656830965863e-01
1.047077220498388916e+00
7.266973253273083522e-01
9.603649456285804353e-01
7.099821707932616466e-01
-1.923587999238136337e-01
-1.278617257414698116e+00
-4.252936935317974121e-01
1.793545283819261704e-01
5.134884404329632668e-01
4.825730362888414615e-01
3.477518749117120694e-02
4.468352507077392732e-01
-2.683996270723408295e-01
-7.455618580324768763e-01
-1.493015938180819679e+00
-5.041898431004225856e-01
6.618362564243839008e-02
4.955693847036229394e-01
6.076783393924130028e-01
1.414881085224010127e-01
4.532176674590169263e-01
-1.758191839072264229e-01
-6.176591945293782304e-01
-1.997359445614979911e+00
-6.731073975740412552e-01
-6.383551238202993250e-02
3.653862343400143264e-01
5.256864888039971540e-01
9.550327079722967794e-01
7.260902460815776838e-01
1.076600999227743660e+00
3.815979408098919834e-02
-1.913760690283806465e+00
-1.108630021262661858e+00
-4.115519130496973488e-01
-1.586633552189287422e-01
2.033119714786109089e-01
6.720931019352786029e-01
8.049258178259915963e-01
1.009801181910764845e+00
2.986375066038348680e-01
-2.556276246963701038e+00
-2.130339280816619496e+00
-1.562025704027506068e+00
-1.191556925633143971e+00
-1.283518868715585404e+00
-1.687082014252380802e+00
-1.128716044963040233e+00
-1.393721430099696068e+00
-1.400138856841904644e+00
-1.608254636387111969e+00
-6.845704132337778747e-01
-7.185687313630197137e-02
1.621926938333521362e-01
4.955655536540842787e-01
9.356884695695516507e-01
1.106424359445852934e+00
1.203584161567728072e+00
5.601264697349452870e-01
-1.576962324559810558e+00
-4.360264473312336353e-01
1.846063762067164105e-01
5.052811411197390967e-01
8.044027418954358133e-01
7.058596474913827468e-01
8.051750322766648704e-01
5.425629681855108633e-01
-4.916236965606257669e-01
-3.383664523539628544e+00
-2.138680350316921164e+00
-1.345479761867243607e+00
-9.257533680586080838e-01
-6.310756395878982516e-01
-1.477337529569406060e-01
-7.370028876334391299e-01
-4.483419456846148288e-01
-9.531076584748459091e-01
-2.432484008148536603e+00
-1.390375852765648457e+00
-6.657133533615956500e-01
-3.493786837590766581e-01
7.158399995394894300e-03
4.727448459405155234e-01
1.638726215902288341e-01
6.313024480544557893e-01
-4.966932670682642770e-01
-2.782970395040314848e+00
-1.780709125200555576e+00
-1.386273817826173094e+00
-9.192583519638470868e-01
-5.706791714874219767e-01
-7.447897559468780182e-01
-9.543747609253235842e-01
-1.485854424260214302e+00
-1.484199321936346294e+00
-1.905369418323076269e+00
-6.401524982175389455e-01
-1.697099195492794352e-02
3.517320937102144107e-01
6.278350743162214309e-01
8.189356916063652569e-01
5.891621613251226686e-01
7.755359988064370880e-01
-2.480648924457814208e-01
-1.591777843721404517e+00
-4.254320822435816996e-01
1.933264210712457298e-01
4.868339229068736063e-01
8.089102822241146518e-01
8.366703255974138331e-01
8.499218898287131951e-01
8.034905812231510902e-01
-2.846370785394299885e-01
-2.206129506704280541e+00
-9.726751793657254508e-01
-3.443220664811788012e-01
-3.994822900868869042e-02
2.493948203343175907e-01
7.378193845833073139e-01
7.885675949177357591e-01
1.049949046810492170e+00
2.731833057387121899e-01
-1.327856412802645325e+00
-4.794986430850567416e-01
1.253438016360690355e-01
4.635864282377143430e-01
4.232548196292059139e-01
-1.790149439906629225e-01
3.537416960864130933e-01
-2.745854597860303281e-01
-7.184146451399375799e-01
-2.365299102926464947e+00
-1.861959442793450714e+00
-1.288104142779044059e+00
-9.229003240651311168e-01
-1.015298497203853456e+00
-1.378356531290189091e+00
-8.961487053631197464e-01
-1.527658531364127326e+00
-1.498985491499348788e+00
-2.567243991539935433e+00
-1.781170291787347315e+00
-1.412533304968584424e+00
-8.243207394591185455e-01
-7.092081502259316439e-01
-9.811759476698908022e-01
-8.954981838424186380e-01
-1.114226661777000249e+00
-1.245594728223360148e+00
-1.893902158316640438e+00
-7.260340074256149689e-01
-1.157519342504321203e-01
2.424519080123665182e-01
5.198473639638399035e-01
2.799800088439572954e-01
4.529313962993789522e-01
8.364157221957317645e-02
-6.350477536908613052e-01
-2.983954579524918493e+00
-1.851785973068246882e+00
-1.442367603113179131e+00
-1.042208754966435169e+00
-5.760570078489871682e-01
-6.937909529938702802e-01
-1.021172100110265824e+00
-1.357701516153277277e+00
-1.393982295573491736e+00
-2.153800280569747816e+00
-1.078980517133284689e+00
-4.004805198997226090e-01
-1.286254339244949363e-01
2.205193458424337394e-01
6.919427333918207745e-01
8.416038202800356638e-01
1.014482678798736881e+00
3.373273122416487468e-01
-2.036820332503056274e+00
-9.413208992411404852e-01
-2.557749299047856195e-01
-3.652417741240434473e-02
3.122832741202303808e-01
7.585510792781521294e-01
9.886748551410187158e-01
1.096142902285117682e+00
5.033993685183946187e-01
-1.809974269541283043e+00
-8.798908987861562281e-01
-2.314699706583443761e-01
2.879722424557721108e-02
3.694034622603537543e-01
8.412978005715988639e-01
1.044118193637760594e+00
1.155066106677684390e+00
5.372067357264771470e-01
-1.527074414191601059e+00
-3.554901846237299434e-01
2.665087998226712274e-01
5.480821777894143709e-01
8.751277737732943152e-01
9.943430158308409483e-01
9.738944145784735884e-01
1.031356863855117156e+00
-1.301164769114738218e-01
-3.390797705384922534e+00
-2.163474779108698787e+00
-1.381559910037077232e+00
-9.764355425547166512e-01
-6.827657354546371460e-01
-2.095214610670269872e-01
-5.564709253441403325e-01
-3.296717236899648906e-01
-6.660173232231046958e-01
-2.630787085269810088e+00
-1.930514828874067446e+00
-1.571945427109959770e+00
-9.676751966534078431e-01
-8.940298392084139456e-01
-1.220858132804267582e+00
-7.876443076799423126e-01
-6.924754839836578801e-01
-7.930884496675553175e-01
-2.000268340662467725e+00
-6.651518278499909398e-01
-5.814376366897862358e-02
3.672192689489540696e-01
5.673554034006246249e-01
9.383013668079870362e-01
8.022387731175636416e-01
9.999736667422112202e-01
-1.490963818368618854e-01
-2.486722587495711512e+00
-1.158496844340061616e+00
-4.701283586748706278e-01
-4.967698777472009941e-02
1.164401552188936567e-01
5.358694107854985456e-01
1.473795551064890075e-01
4.546698567453013040e-01
-3.829572543660449413e-01
-1.615122973660242822e+00
-5.229189312641331355e-01
7.785690961750539596e-02
4.303423843862037024e-01
6.918706402095546881e-01
4.303329680711083793e-01
5.312396002888712943e-01
2.432012978917388879e-01
-4.714469995749933084e-01
-9.734022066158771747e-01
-6.688111712280066234e-02
5.170855950985011606e-01
8.292667079593341040e-01
8.603048983132165484e-01
2.772548911797259041e-01
7.220712697973600269e-01
2.607195381069036255e-01
-3.206137451970595964e-01
-1.333920086417378137e+00
-3.242852839914290852e-01
2.451515898701568941e-01
6.435977340328615792e-01
8.175313652193523239e-01
4.055205885468772253e-01
6.486294123043137017e-01
2.235175387008893066e-01
-4.231715132005575697e-01
-1.050811114199527108e+00
-1.494590428763909462e-01
4.424129897638560682e-01
7.595051887856653083e-01
7.740608213835504792e-01
1.552943881703587881e-01
6.393727968563762687e-01
1.477336107828865763e-01
-4.010990557296816861e-01
-9.045417332978765712e-01
1.886467015545323367e-02
5.909157693738940065e-01
9.096633002846704619e-01
9.726726717352086604e-01
4.382787200321790477e-01
8.212945571833024649e-01
3.562646421254029860e-01
-2.401775045622214499e-01
-2.009230079960377946e+00
-7.035367900600731916e-01
-9.283300431393577690e-02
3.235181046154524953e-01
4.508437354343829973e-01
9.635699831419427541e-01
8.603811016698641456e-01
1.189236558604804150e+00
2.621647981520869308e-01
-3.116927242938101195e+00
-1.894586250286765861e+00
-1.472300186433771696e+00
-1.082694858138535832e+00
-5.789943607988424779e-01
-6.447177491799221949e-01
-1.073290375229833948e+00
-1.418102314731748193e+00
-1.405079406770932682e+00
-1.401056471498758560e+00
-5.884104218704324651e-01
2.095481408765572859e-02
3.539875065553639288e-01
2.968214500136901468e-01
-1.225386333157452851e-01
2.980682770066168663e-01
-3.993788358466640043e-01
-8.280555693672037032e-01
-2.187370817303138981e+00
-9.978863053703069808e-01
-3.514516586457290259e-01
3.962152824406779683e-02
2.608589988941748539e-01
7.666217222925152397e-01
5.450617002584944304e-01
9.201534164000739757e-01
-2.441105102199769561e-01
-1.291534420236417846e+00
-4.533655954721340642e-01
1.560821100899861813e-01
4.808586384694363836e-01
4.374005326847937303e-01
-8.864512114997659398e-02
3.500455969690737246e-01
-3.354867329330710191e-01
-6.402126224519074649e-01
-2.584771132262530191e+00
-2.169292769381204078e+00
-1.601807444143164894e+00
-1.229534445183944724e+00
-1.322774690451517854e+00
-1.737431308667743535e+00
-1.103788598633812512e+00
-1.111751442715427141e+00
-1.196061537008425768e+00
-8.823590187711893851e-01
5.745517841665925829e-02
6.192330264956231733e-01
9.481766546663527029e-01
1.035256992018391609e+00
4.311370524171272423e-01
8.446075944484110476e-01
4.844038932425336341e-01
-1.419865744033728394e-01
-2.767380731976596397e+00
-1.674530812436671123e+00
-1.254675442154407072e+00
-8.298857329479195633e-01
-4.415176979112852007e-01
-8.129143084051045909e-01
-6.456678378734562740e-01
-5.742321917591769465e-01
-7.035418752954848420e-01
-1.387804688947646081e+00
-5.785578395311693489e-01
3.598146976554857795e-02
3.573536127066621049e-01
2.956825997740824552e-01
-1.110857041936436362e-01
2.997515626134987232e-01
-4.342628400487980045e-01
-8.527761633737599434e-01
-2.198784879849250196e+00
-8.883178807064198157e-01
-2.232147463439604906e-01
2.033151876475302877e-01
3.764611325408247500e-01
7.379606923214825365e-01
4.157880144279665346e-01
6.982799890286649491e-01
-2.366220182838923713e-01
-1.736337193373620469e+00
-7.989798946948009073e-01
-1.537999600781660148e-01
8.924397581511075983e-02
4.215119071310033938e-01
8.682423027108361335e-01
1.054106886139926758e+00
1.153995252010863171e+00
5.293802449375345498e-01
-2.511409683348106991e+00
-1.370745609962335632e+00
-6.438706231120266965e-01
-3.387396974488204315e-01
1.292833530347924087e-02
4.772623851015151963e-01
3.748886493986284263e-01
7.213101183131009897e-01
-2.332938897192142202e-01
-3.328179998617995405e+00
-2.050157855940057949e+00
-1.368014592400096818e+00
-9.118259473624373834e-01
-6.567527936926258469e-01
-3.737067486957910689e-01
-1.037944941213625460e+00
-8.663804690360337180e-01
-1.085620540679630208e+00
-2.545510037075654708e+00
-1.139012142529466143e+00
-4.386158189260834783e-01
-2.203420544980324094e-02
2.020939118963344105e-01
4.841881907996745116e-01
2.496727262842306505e-01
2.533623238172964531e-01
-5.842743234981545575e-01
-2.650057787919422925e+00
-1.986481966512350095e+00
-1.627137222084694912e+00
-1.018616788147713947e+00
-9.498874516759521214e-01
-1.206489620120229311e+00
-1.112462553158664713e+00
-1.679109358300765020e+00
-1.519418776927232484e+00
-2.523486401249241506e+00
-1.183837197877179337e+00
-4.690628461407332361e-01
-5.184222529144529024e-02
1.854126402767738158e-01
4.600287493754827706e-01
1.681113024167960601e-01
1.108755099358714608e-01
-7.388750047078048722e-01
-1.776065343515081496e+00
-6.787802044233621768e-01
-8.399797656941893065e-02
2.958122757682271065e-01
5.358885231584109565e-01
2.039651472860303238e-01
3.428215047171361829e-01
-2.917579870102579576e-02
-5.176335013920381201e-01
-2.395187280142968778e+00
-1.914328273850383288e+00
-1.335774125940848878e+00
-9.796618248073045709e-01
-1.074539953520058155e+00
-1.386888412465523412e+00
-7.539159162167609063e-01
-7.134430994415538185e-01
-7.722761197377403519e-01
-2.441025744478138915e+00
-1.283706877654855694e+00
-5.621852286347602812e-01
-2.938585566637195723e-01
6.735569831782935168e-02
5.220924019517351189e-01
6.429307498297659462e-01
8.707639775262610016e-01
1.610107897646787800e-01
-1.959479702219483643e+00
-7.268072277860152530e-01
-1.249210199024101131e-01
2.533650694407522663e-01
4.298303581417934893e-01
9.806536480035695780e-01
1.101153090912814436e+00
1.279083368988420011e+00
4.713941407697507247e-01
-1.690715392398287165e+00
-6.209766718347654590e-01
-3.024112737721780519e-02
3.673610112054265797e-01
5.838480550386857537e-01
3.146515213145296697e-01
5.355994657808210713e-01
-3.572012964766188570e-02
-6.966351593401982623e-01
-1.549514236843372750e+00
-7.691405636330451712e-01
-1.642843787774533049e-01
1.797729794347574517e-01
1.069491532672359052e-01
-4.514035969101729551e-01
9.068385387208358073e-02
-4.964523852849329622e-01
-8.244821739387200310e-01
-2.165387525431477389e+00
-1.142533575170930238e+00
-4.447081421329664996e-01
-1.791851166755998870e-01
1.761095429285939595e-01
6.463310069032247585e-01
7.955740075164852154e-01
9.775204544905138349e-01
2.979109032821485314e-01
-1.629318518797759463e+00
-4.560187521187989979e-01
1.696686210113833304e-01
4.756045925910600825e-01
7.928494260931564508e-01
9.153654799407475728e-01
7.364058079838418092e-01
9.224830518205902052e-01
-9.511678086101021945e-02
-2.437300540857674225e+00
-1.964060412262236488e+00
-1.391792905603577601e+00
-1.022253248446984841e+00
-1.110990722862152058e+00
-1.451524185099618114e+00
-9.905504100515524213e-01
-1.737870610397284743e+00
-1.559557898707068180e+00
-3.504222341084723524e+00
-2.149266272619660523e+00
-1.384760534609956295e+00
-9.561412030452671740e-01
-6.805611780326475957e-01
-2.067988966739716106e-01
-8.002176298039169744e-01
-5.267541135964127763e-01
-9.055693730804675878e-01
-9.509983861977430175e-01
-2.830323937867229925e-02
5.472568298667840336e-01
8.736880981858946571e-01
9.381752843724435742e-01
4.110047271545264058e-01
7.985964911773542063e-01
3.258586243418887252e-01
-2.697063123434700893e-01
-9.328845179777864871e-01
8.626845170896941736e-03
5.753967698196154057e-01
9.038030535736466531e-01
9.765836289468733389e-01
3.912808546726261882e-01
7.519910340861906128e-01
2.991677068370973136e-01
-2.029512060413267427e-01
-2.038851636060650119e+00
-9.341924674470962753e-01
-2.719948817862477553e-01
-2.939314070931620115e-02
3.117609224817253777e-01
7.816704377848892049e-01
1.000191431516637586e+00
1.124230766826030070e+00
5.308343343982415696e-01
-8.654638869790133304e-01
6.331466495275060724e-02
6.283953344181271161e-01
9.479260787994611137e-01
1.021358166912239795e+00
4.496131430101680815e-01
8.530713624159959041e-01
4.734440640189979677e-01
-1.414449026946726085e-01
-3.245373632002631847e+00
-1.980382009013612166e+00
-1.334729009601469674e+00
-8.987474942050499571e-01
-6.012322789775919052e-01
-5.323131723960236039e-01
-6.244128918210614110e-01
-4.290777045428749714e-01
-5.670484961852062522e-01
-1.542537597349824319e+00
-3.670377068267193232e-01
2.573918593315716041e-01
5.509851432697471241e-01
8.753754788157527278e-01
9.501164723122874634e-01
9.489058615997868484e-01
9.298197512369230644e-01
-2.176889927056775698e-01
-1.172746504679936796e+00
-2.922759045056443905e-01
3.099384994594632237e-01
6.309563333816169406e-01
6.161251077900314899e-01
4.391927762683415365e-02
4.707732503818958802e-01
-1.424409150936832291e-01
-4.886159068600798294e-01
-2.754499293287131501e+00
-1.905248404019407316e+00
-1.548509389013897009e+00
-1.014868953864791701e+00
-7.745026553502786237e-01
-1.004561314817715045e+00
-9.654655952366466565e-01
-8.962255697418308742e-01
-1.054573843062205141e+00
-1.916238045063261675e+00
-9.054581158436924015e-01
-2.248123104711745868e-01
7.603470329529659830e-03
3.512589262526983891e-01
7.989936943007531767e-01
1.029668526882382640e+00
1.132828003020986518e+00
5.298847808544858706e-01
-1.636321303109039338e+00
-6.563821296526874960e-01
-2.516908743584613667e-02
1.889203787295503367e-01
5.185627252856170877e-01
9.336028476452108427e-01
1.105786475497835264e+00
1.210179682749694008e+00
5.545259203668949644e-01
-2.984171146247704964e+00
-1.699276305703131484e+00
-1.231854470766851506e+00
-8.570794497811448087e-01
-3.772649376994975934e-01
-6.575706658009583538e-01
-5.728601721000330382e-01
-4.816742684760876303e-01
-6.705806977989076101e-01
-1.281493212268043802e+00
-2.123166984207099928e-01
3.760067922115314376e-01
7.089877910574823305e-01
9.786681820466303083e-01
8.488621337350651386e-01
9.778265516269701862e-01
8.051894317369232557e-01
-2.095345044517682442e-01
-1.672336767561259263e+00
-7.308829897325803682e-01
-1.076581421629232704e-01
1.568600538467581074e-01
4.821309837810665577e-01
9.510713460353660276e-01
1.147897733170830215e+00
1.245055739079308887e+00
6.210986880844053815e-01
-1.122804289982333836e+00
-2.173399796904047776e-01
3.741491419284998510e-01
7.074599432273963595e-01
7.238159936691648255e-01
1.476991049044188431e-01
5.523402624907917113e-01
-5.136353555067570825e-02
-4.121092605972421219e-01
-3.330040767900039000e+00
-2.042769602124822725e+00
-1.264438993977477166e+00
-8.561902972267952938e-01
-5.496494820583045504e-01
-6.997920830317017060e-02
-5.576003585000179896e-01
-2.691575056853938164e-01
-7.466529690685493881e-01
-2.250447177709341329e+00
-1.132968188078359528e+00
-4.395834289911761950e-01
-1.874386178978713902e-01
1.618251291382956647e-01
6.225458953241751470e-01
8.405226542614709917e-01
9.883333443588783185e-01
3.899160512909326526e-01
-1.340742093821946090e+00
-2.308605211918663136e-01
3.666190342325182372e-01
6.673191073976599830e-01
9.616291967422027076e-01
8.815300410696157440e-01
8.641640742130395347e-01
8.896931515293298176e-01
-6.152378251603914799e-02
-1.033765097020368451e+00
-8.166769039164746558e-02
4.875721426937300595e-01
8.417667673274307205e-01
9.385943144169401897e-01
3.766638854213057996e-01
7.184479040387720117e-01
2.461110093577576485e-01
-2.503540591011003125e-01
-2.678215652230946819e+00
-1.733351033622244408e+00
-1.347822213574086048e+00
-8.467993483205753513e-01
-5.773390775168597555e-01
-9.650521195968595478e-01
-6.294365383086050203e-01
-4.917799026605906842e-01
-6.114336816194057000e-01
-1.700834009813045888e+00
-5.383773783398919655e-01
7.438058498647551198e-02
3.986725497788887185e-01
7.000655550002496952e-01
5.779405867378791806e-01
6.899372345279267682e-01
4.641933671145513363e-01
-3.859002516163593799e-01
-1.991035688812393234e+00
-7.048151879879901438e-01
-5.845255962878795342e-02
3.094697516373014490e-01
6.059271694990692181e-01
7.558094116640796667e-01
6.660416308254888396e-01
6.019277427615470355e-01
-4.412240899008136319e-01
-1.746181334378678285e+00
-7.163721560860824011e-01
-7.332142393376347989e-02
1.299196475488951785e-01
4.756399553605817898e-01
9.230540269437276235e-01
1.100019038030047858e+00
1.222188004119791893e+00
6.283021665120672727e-01
-3.534463069135862057e+00
-2.220750459482819128e+00
-1.437811136729123751e+00
-1.004176778262300118e+00
-7.281143907108039715e-01
-2.498148904205123588e-01
-1.156374087274430584e+00
-8.095646513114553855e-01
-1.121478381048442552e+00
-9.516054360490141528e-01
-1.506243781254650894e-02
5.550575510462929518e-01
8.863324543064907690e-01
9.602591179828391388e-01
3.789373321263740935e-01
7.368481177573296126e-01
2.776441805971409660e-01
-1.993942558498942030e-01
-2.375588741797949766e+00
-1.346539070805418570e+00
-6.161865629586322779e-01
-3.220555913531028547e-01
3.732722067541359434e-02
5.084504007574282003e-01
3.704501087369135859e-01
7.597269207180137318e-01
-2.411981183815382901e-01
-1.987869196039038000e+00
-7.092806388340253676e-01
-7.520667798423950889e-02
2.950406418240585360e-01
5.765714038421835275e-01
7.245643360753667439e-01
4.826541896613673055e-01
6.458032364892162258e-01
-1.845447334359286151e-01
-1.681233052825770402e+00
-4.686349544489234464e-01
1.522371499976568621e-01
4.891763765677501485e-01
7.885094157273944138e-01
1.014294363404865784e+00
9.362354909414382087e-01
1.052926690495911144e+00
-9.328433683404553645e-02
-1.196597942958355976e+00
-3.423781258352321388e-01
2.651785248498417236e-01
5.818817313309050387e-01
5.517805221711015173e-01
9.238675455188177787e-02
5.074729444544986423e-01
-1.218584084380102545e-01
-5.773489364179059669e-01
-9.096442638706904171e-01
1.939195295002533320e-02
5.857916724888678761e-01
9.099102222406767471e-01
9.762567607186842800e-01
4.480217672712327182e-01
8.308688261575584155e-01
3.883142133085484837e-01
-1.990636931419457467e-01
-1.404853296174508825e+00
-5.975117566647645262e-01
1.475282837527687636e-02
3.406327621412942319e-01
2.768625731228226972e-01
-2.168335622164564991e-01
2.162321965088633835e-01
-3.545136769322957959e-01
-5.189234322636181451e-01
-2.414415287256108211e+00
-1.498320256430595965e+00
-1.078786228138300940e+00
-5.337956445962135366e-01
-3.812142987280360273e-01
-7.777527898970452158e-01
-4.861277579621759437e-01
-3.959683389713133939e-01
-4.850807234326012241e-01
-2.457794407532649661e+00
-1.326346040351498390e+00
-6.141375186343572823e-01
-3.125032640313937793e-01
3.832886327050206987e-02
5.063715358579521375e-01
4.174891139137754670e-01
7.573691769995335443e-01
-1.632859329344095722e-01
-1.061571612047502278e+00
-1.434073580204179021e-01
4.426530873066185645e-01
7.733954840430311561e-01
8.104397108052926457e-01
3.047250053826501826e-01
7.033830134180683036e-01
1.635956224202237963e-01
-3.674007469737390341e-01
-1.962540226307141866e+00
-1.125365716493203161e+00
-4.198924865373213078e-01
-1.578213975000754277e-01
1.923064162402476074e-01
6.593764113483874256e-01
8.070992211176760689e-01
1.006747038822455531e+00
3.164740668781008126e-01
-2.034015278929934833e+00
-7.207817139072379975e-01
-8.207958386963801201e-02
3.462157401869462303e-01
4.877554471323221064e-01
9.955234830970398630e-01
8.976724447262333095e-01
1.164767575223789375e+00
7.379270376059857139e-02
-1.111950639101257909e+00
-2.289773927001204634e-01
3.689731629649281586e-01
6.844083889862977443e-01
6.772552812046251924e-01
1.375613376170334821e-02
4.915688722488059104e-01
1.029219909866183232e-02
-3.798442828234064872e-01
-2.066859573257637361e+00
-8.900908607519014692e-01
-2.624809673571744106e-01
6.716535242751674184e-02
3.387014440979471686e-01
8.565947864582637017e-01
9.004295171359900651e-01
1.157269575430649677e+00
2.932691170161128014e-01
-8.793034520143182542e-01
4.088636432297140799e-02
6.103061604401964768e-01
9.260963591187530985e-01
9.906173975973352475e-01
3.530191476622405733e-01
7.925793193875250164e-01
4.599701624951780254e-01
-1.120436084538003751e-01
-1.789630313570776510e+00
-9.282872987741717097e-01
-2.742608389580361572e-01
-4.646516147208357150e-02
3.070390800550876209e-01
7.753546144808101115e-01
1.006653103920837511e+00
1.123929438463719288e+00
5.495617542895693264e-01
-2.277158999832306296e+00
-1.137685767290173233e+00
-4.646344340272506312e-01
-1.591948906809781128e-01
1.809452966607115187e-01
6.524145552160226513e-01
6.910971806572037135e-01
9.528220237270371706e-01
1.225228479753275451e-01
-1.673939309869347802e+00
-6.657845544306657537e-01
-4.515480122817756847e-02
2.195736901134804353e-01
5.366991730143777506e-01
9.902458882162537002e-01
1.172116081095943674e+00
1.271194099057208815e+00
6.302279240943445826e-01
-1.626870450733004292e+00
-5.213256630355763699e-01
7.613241523659040888e-02
4.285782200021530097e-01
6.895348815512151175e-01
4.644414532126330819e-01
6.585649613982781370e-01
3.554722911658952378e-01
-3.717227127389043928e-01
-1.683752628338552215e+00
-4.775922951171856501e-01
1.519338810774525095e-01
4.690796269228775239e-01
7.887066757067867639e-01
9.049498530073845082e-01
8.697859737594491047e-01
8.560243005851805309e-01
-2.153372704057769094e-01
-2.224368251801026375e+00
-1.225488419656318495e+00
-5.140990976931294476e-01
-2.285993374298675995e-01
1.274477321718870126e-01
5.990763055969305917e-01
5.776116556890683595e-01
8.974078918450099085e-01
4.200904965762345192e-03
-1.153976785325947052e+00
-2.753846004081531573e-01
3.260594345433617813e-01
6.439974104865128224e-01
6.290107281519108362e-01
1.510246028217433201e-01
5.684070749043740323e-01
-7.489327254002511348e-03
-4.702526772636621000e-01
-9.792658522672642585e-01
-6.815433474209436904e-02
5.145413404982874805e-01
8.284623734826472852e-01
8.587490048172304880e-01
2.441242384668594612e-01
6.374890169213319746e-01
1.837682901652460954e-01
-1.964531677590092285e-01
-1.583633253507068295e+00
-3.994220516985494407e-01
2.236261400531044941e-01
5.209229629103855341e-01
8.380525366033491075e-01
9.826157746356720679e-01
7.851094268671298115e-01
1.033153019205656609e+00
9.075914165835106961e-02
-1.432175076763933186e+00
-2.945388238444390239e-01
3.188760068575178241e-01
6.236178144841676430e-01
9.278874930833413970e-01
8.804966696463918385e-01
9.608377977361670652e-01
8.406089231480387003e-01
-1.649654968879312456e-01
-2.192925001508287508e+00
-1.287390194758994522e+00
-5.833802652037211045e-01
-2.871578664395997293e-01
7.808632480274249610e-02
5.478495219778912739e-01
4.514021847623668759e-01
8.161907848702747437e-01
-1.426117011243488442e-01
-1.848758476250269567e+00
-5.864241836673083075e-01
4.410125683051527301e-02
4.169427439512178868e-01
6.996852644933287957e-01
9.345099427713454698e-01
8.288843918784897236e-01
9.146884395930674483e-01
-1.784426294497211130e-01
-1.041838203796960016e+00
-1.496640812211409433e-01
4.424024152435520052e-01
7.538227192717377179e-01
7.618306144538734559e-01
1.535233744997377969e-01
6.328552957782772603e-01
2.134847776216096671e-01
-2.900902323431036045e-01
-2.082772722882291205e+00
-9.257602108203020208e-01
-2.966024973004630083e-01
-9.141290424893385336e-05
2.944528424357947816e-01
7.887122376669452040e-01
9.107997492289044983e-01
1.122129519225884664e+00
5.074581858039277638e-01
-2.020819505999366772e+00
-7.594471949881107520e-01
-1.156311751077149785e-01
2.573864375038901198e-01
5.582926084720801763e-01
6.761090512907378391e-01
6.016374510216626614e-01
4.845348309591491764e-01
-3.954216164812266454e-01
-1.590840484745375205e+00
-6.482287272289868341e-01
1.298949437205901020e-03
1.774159314276696764e-01
5.277672230455853208e-01
9.263818426022563113e-01
1.082717341123444310e+00
1.207737407686274578e+00
6.445521234916653519e-01
-9.829049483582487090e-01
-6.904834109681746990e-02
5.100634622842190602e-01
8.319216829081506059e-01
8.766608878189878773e-01
3.577960489179830006e-01
7.557824806375508242e-01
2.823112476166598217e-01
-2.512727597021822690e-01
-1.189581696231226005e+00
-2.291956101010414470e-01
3.455742670680599371e-01
7.261389292516902128e-01
8.226991197927364663e-01
3.638776595847897921e-01
7.263902370875499059e-01
2.191150981189554647e-01
-3.190191761926073899e-01
-1.343917729062739763e+00
-2.968508575368468683e-01
2.753908742604394000e-01
6.470739475285399722e-01
8.725096635148003044e-01
5.563511198631169163e-01
6.739007387904212276e-01
4.771080969876834166e-01
-8.746664098305627355e-02
-9.199507028388481666e-01
1.199417157985728510e-02
5.804397018858163948e-01
9.074670302305746228e-01
9.802757661957889335e-01
3.473030646506580221e-01
7.772718084216060364e-01
4.700653301679725837e-01
-7.593968073855533740e-02
-8.626860475256551419e-01
6.482938110700268985e-02
6.315302111769651727e-01
9.507957894955050282e-01
1.023125059055575381e+00
4.096806925925026710e-01
7.532384116280831376e-01
4.121952959442253817e-01
7.574216473513314431e-03
-2.440454720040495573e+00
-1.331522098399073428e+00
-6.251088701101238376e-01
-3.186640560148595869e-01
3.867755399379024794e-02
5.063419149327763602e-01
3.978927661832549756e-01
7.589818399712199293e-01
-9.248632601848029433e-02
-1.019469846243200362e+00
-1.155562747137409280e-01
4.715787929534944745e-01
7.848157363273048359e-01
8.054628970466480853e-01
2.925543244844404644e-01
7.043357277092494595e-01
2.613974912025764930e-01
-2.007211242717513722e-01
-1.606353491171374825e+00
-4.121992473788089750e-01
2.121958980269502970e-01
5.044974977212685063e-01
8.280134450597624873e-01
9.241612605116272805e-01
7.035187239094802258e-01
9.597618423253295727e-01
2.333764926971582387e-01
-1.636383800068623939e+00
-8.733925035583788299e-01
-2.183454984246611663e-01
1.849054968372524158e-02
3.671349596576905516e-01
8.447266459949736017e-01
1.081621322638939287e+00
1.200269233186185946e+00
6.423932578371628344e-01
-1.852993162758095114e+00
-1.064325205633476878e+00
-3.827665346835071314e-01
-1.264995395943478429e-01
2.359977963774999021e-01
7.145551001770735766e-01
8.879394911577835892e-01
1.075250591355216834e+00
4.417672964172992822e-01
-2.158511307958008274e+00
-9.197033406374217623e-01
-2.962825718540252340e-01
4.703356594220415438e-02
3.176190550018320735e-01
8.361101744744015019e-01
8.488801111334778327e-01
1.139715592766792795e+00
2.946577325814107029e-01
-2.301290793105045474e+00
-1.150825411185298686e+00
-4.601440718351421100e-01
-1.896891734260221229e-01
1.633639962268602364e-01
6.235743597645476699e-01
7.740518181868775160e-01
1.010301076795525166e+00
5.239646001962655619e-01
-9.958985717845573182e-01
-8.219532735821431790e-02
5.000240110119831272e-01
8.205821588489671248e-01
8.579935678899200946e-01
3.372536045715628372e-01
7.466388880990308952e-01
3.762675590553271610e-01
-5.858352127849331126e-02
-9.847162660734550821e-01
-7.956589756989709827e-02
5.040204103471602748e-01
8.172353350721399678e-01
8.456575995211697006e-01
2.445818782700408811e-01
6.078288340835208414e-01
3.270333003870018462e-01
2.081166302963260717e-01
-2.288369915362144624e+00
-1.197003532775993584e+00
-4.819237864674507654e-01
-2.158485548169751245e-01
1.312209122319293875e-01
5.924360151344281178e-01
8.154537788743357885e-01
1.017811662682715168e+00
6.482197830822961082e-01
-1.246517436223753217e+00
-2.632444561852260168e-01
3.024738222688225231e-01
6.988729397544755084e-01
8.257740403887968705e-01
3.850226217007919893e-01
7.461701578507676791e-01
4.682300996165649765e-01
3.633002969842605984e-02
-8.628860620132740022e-01
6.618312955154595500e-02
6.310329105862995114e-01
9.506867118352431145e-01
1.027222526817393566e+00
4.867433297734494735e-01
8.783458620864860178e-01
6.236357058695153333e-01
1.645916865838406851e-01
-9.016614688566004787e-01
2.071148329655511655e-02
5.923203450605611931e-01
9.120643209520696848e-01
9.763378108207206862e-01
3.882855352311720964e-01
7.273689259214868308e-01
5.004128511959869963e-01
3.851403174904755033e-01
-2.044908951074036363e+00
-7.802349888125409416e-01
-1.561571956942688078e-01
2.427643695212629293e-01
4.200529206646623215e-01
9.647983325516089614e-01
9.765584972219927273e-01
1.257458874043379193e+00
4.581686895263528680e-01
-2.056275997561300084e+00
-9.256997715445685060e-01
-2.565416478298777614e-01
2.748807001764053473e-02
3.604651544254391937e-01
8.311373435412831023e-01
1.043121898545114057e+00
1.190022659868235966e+00
6.958881972009485217e-01
-2.082935771570885830e+00
-7.868632398771903125e-01
-1.461759884472147719e-01
2.457540287927839073e-01
5.085815625660066175e-01
6.909030033943581728e-01
4.985878369871234450e-01
8.104000542359164339e-01
7.006852251493398409e-01
-2.458167488135668766e+00
-1.300845766314159713e+00
-5.838134325242677614e-01
-2.803824635743422666e-01
7.398055740726650065e-02
5.465445655110779954e-01
6.240784082751867912e-01
9.155893712552013453e-01
4.128112987855547811e-01
-2.608994543275720890e+00
-1.981285276123452288e+00
-1.612615927661847470e+00
-1.004922883565187774e+00
-9.763391802328177382e-01
-9.602732544010963434e-01
-3.008304948546209126e-02
3.426641881794201261e-01
2.739483177722477625e-01
-1.233554431268163443e+00
-3.723112628411361924e-01
2.332887407982489614e-01
5.552416131739718042e-01
5.241629957286707553e-01
-1.570248518112286537e-02
4.137454645649457086e-01
4.286287163597276018e-01
4.512171239270044154e-01
-1.304974602456013155e+00
-4.255353268002395328e-01
1.611486184326695048e-01
3.996337765110617446e-01
6.899434524657379608e-01
1.083441268591387452e+00
1.215731765463804015e+00
1.339889353029882324e+00
8.204536651586481488e-01
-2.344676168534306271e+00
-9.229783182187417667e-01
-2.319443755532293039e-01
1.967749053490531197e-01
3.602027807089338562e-01
8.166354988837914997e-01
6.142780668160952029e-01
8.639313507796557712e-01
2.069519374493713482e-01
-3.111119252285373449e+00
-1.875553897902258793e+00
-1.448708724809281145e+00
-1.068670316810798049e+00
-5.616110440811129534e-01
-5.939367568954091459e-01
4.256819270295506691e-02
4.063613982623919263e-01
3.006915349956372219e-01
-1.161800493140821233e+00
-2.884090948933517029e-01
3.122764366572131634e-01
6.314795189737650860e-01
6.123310163839642550e-01
-6.869712149168791249e-02
4.402773341195834744e-01
3.935648553122924054e-01
2.302699287639921877e-01
-2.421777019945065668e+00
-1.427719692585992961e+00
-6.961556659522118995e-01
-3.806171138159571421e-01
-1.611145762834760922e-02
4.615411030474735887e-01
2.724888161195860858e-01
7.158486941011430460e-01
1.502005886416752922e-01
-3.314086031925759901e+00
-1.976290225258499289e+00
-1.294949544046499534e+00
-8.437299655649768138e-01
-5.892274760905800157e-01
-2.060474193744304683e-01
3.768627917758142765e-01
7.496021762577652625e-01
8.050031481290325086e-01
-1.775621592445314034e+00
-5.355737268738589574e-01
9.829031954077625810e-02
4.535299333337660110e-01
7.482196965234594321e-01
9.778098630529061808e-01
9.153922468466063611e-01
1.040823686327274844e+00
3.146673558600671106e-01
-2.060422995801709511e+00
-7.011658245438349146e-01
-8.516438469610784767e-02
3.449520469938910927e-01
4.930320376551523553e-01
9.428196218102778969e-01
7.743810625910734213e-01
1.147352931308957436e+00
9.205359930403015367e-01
-1.479752687675760514e+00
-6.013602984277465202e-01
1.686558248069338142e-02
2.657414069068360085e-01
5.750065722243199451e-01
9.922904555296905293e-01
1.173643122501954350e+00
1.293986124713964569e+00
8.029114680416561400e-01
-1.527448430436156412e+00
-7.664773575643102355e-01
-1.527715646386463566e-01
1.701004281919024919e-01
8.809529884926385612e-02
-4.195560818413683890e-01
1.867171822485150789e-01
2.876652161162207011e-01
1.465736864924547522e-01
-1.526194549828417069e+00
-3.489804532291571060e-01
2.698675611751723546e-01
5.522014879480497962e-01
8.780097368318681150e-01
9.802757661957889335e-01
8.572273651221512525e-01
1.115373583150218284e+00
8.832467372875297817e-01
-1.717719097150658181e+00
-8.773851078862116015e-01
-2.139321768812118829e-01
5.019003996105701748e-02
4.009987139483671692e-01
8.904767378006240852e-01
1.116010419909224227e+00
1.266987706398913671e+00
7.393957197729758013e-01
-1.937557336976669653e+00
-7.318182680628154690e-01
-1.536011676148448524e-01
1.941670788331763542e-01
4.093639092612360586e-01
9.567586906727925111e-01
1.097702486958721080e+00
1.298406449352166092e+00
1.097590118055963293e+00
-1.775860973262029852e+00
-1.010253558942013852e+00
-3.442077061054648057e-01
-8.269684286601632073e-02
2.799194244548461330e-01
7.673355244407452647e-01
9.521530804902770262e-01
1.156282128338753656e+00
6.085802356966951709e-01
-2.447592808619476923e+00
-1.990972556380913083e+00
-1.411753999805854587e+00
-1.057656027926865860e+00
-1.152264145910218529e+00
-1.339872073209749104e+00
-3.371329934638088721e-01
1.679789915633138897e-01
4.570579816346291568e-02
-8.987359757964270557e-01
4.569944698947588091e-02
6.071465559809656742e-01
9.449807365377316248e-01
1.042033918265285575e+00
4.001314267915410117e-01
7.498818360577148567e-01
6.884219473004293821e-01
4.026114310230398119e-01
-2.224341300695107826e+00
-1.661473600486543134e+00
-1.082891562855072820e+00
-7.188359969588685727e-01
-8.143008868778587317e-01
-1.079115664583233158e+00
-1.311273805321897801e-01
2.690690934496358655e-01
1.445497956562712683e-01
-9.308776153601715508e-01
-6.038098333282623277e-03
5.675812739776456839e-01
8.835024097447768954e-01
9.383549366330622421e-01
3.973933212196546494e-01
8.117244405552325182e-01
6.185255790849760738e-01
2.692284260038434462e-01
-2.590825848389237240e+00
-2.024557742051710019e+00
-1.569204939795796561e+00
-1.020880822326768911e+00
-9.702204332352705185e-01
-4.633544032124151668e-01
2.842471370079160398e-01
6.739436175404461826e-01
7.271577066840928527e-01
-1.879972358569917734e+00
-7.349944641824515124e-01
-1.209868732360751820e-01
2.446806641757951484e-01
5.265537740337028483e-01
3.627546056552349851e-01
5.353754615985619747e-01
4.766515592418033020e-01
2.073338704908750940e-01
-9.691158982650409648e-01
-3.453117533271669176e-02
5.384938350835507537e-01
8.737750578589736916e-01
9.494448207723409361e-01
2.602900420395642955e-01
5.664452016188974426e-01
5.949514614751518771e-01
4.808332195765892547e-01
-2.017798727932640812e+00
-8.412728399891439279e-01
-2.270364706152557810e-01
1.379776771171509486e-01
4.412416038363288773e-01
3.054734069605019586e-01
4.372562340355686250e-01
4.213230387334948590e-01
1.918718831493211319e-01
-2.226109033250235569e+00
-9.495048919164904566e-01
-3.129698999381681501e-01
5.241917392208526871e-02
3.717899203684931764e-01
3.495881302263947332e-01
5.449765051406955108e-01
8.659016881312933123e-01
9.179325629352820259e-01
-1.382494191720302634e+00
-2.582175692638371545e-01
3.498371875146848442e-01
6.376243527542905243e-01
9.452675675961071944e-01
9.312028299749843807e-01
1.006891694795690739e+00
1.063055619327818002e+00
4.942974849917001756e-01
-1.139000954518480935e+00
-2.214404655671573241e-01
3.681853045477078146e-01
7.063415050137263895e-01
7.279018729515507324e-01
1.948426915061774178e-01
5.854602339833165914e-01
6.195568172678805885e-01
6.437744532867440972e-01
-2.848336973193079658e+00
-1.887412863516844119e+00
-1.514004387364461302e+00
-1.040811166136051735e+00
-6.870508722136674518e-01
-8.195531130444013712e-01
-2.563986060574250936e-01
2.634067194195616191e-01
1.435642475982724653e-01
-9.901182182354867356e-01
-6.728100038211486111e-02
5.098194020298589813e-01
8.316502989146711267e-01
8.772615109445999204e-01
3.160284231144683265e-01
6.810759389706457778e-01
6.440605132061609783e-01
6.448470421251493168e-01
-1.907619111610671325e+00
-6.357520428653150590e-01
-1.337704471964314655e-02
3.638486151635909049e-01
6.282425582369817185e-01
8.696407543673799756e-01
7.532248365400807666e-01
1.069996412964052679e+00
9.974872928780299519e-01
-1.916191073299400527e+00
-6.305583858247658657e-01
5.577380456971094483e-03
3.749877430684087076e-01
6.649459486528946917e-01
8.767768930778058190e-01
8.101998070836382571e-01
9.080324405208877181e-01
3.277438320848419240e-01
-1.930342873724828490e+00
-6.134014842018864488e-01
1.191703425025210893e-02
4.243234899310386887e-01
6.541452573873037801e-01
1.017114763069158601e+00
9.257381584349869685e-01
1.141710222204595171e+00
4.365999200389627521e-01
-1.245065543445674550e+00
-3.833061791558991516e-01
2.226080489971977994e-01
5.523242531495208274e-01
5.248435965833875283e-01
5.419093323557245406e-02
5.136307987419278520e-01
3.990556584911594817e-01
1.907297250303281178e-01
-9.609684812186859437e-01
-1.811053715717970622e-02
5.484259786320911934e-01
8.924966492556013486e-01
9.862792105868790626e-01
4.108261721212607132e-01
7.170767871962067108e-01
6.776792912385422030e-01
6.372891684518542377e-01
-9.534049779790364498e-01
-3.406978107449700616e-02
5.427060342120287872e-01
8.591612589407626732e-01
9.050307332081088951e-01
3.635076279740370730e-01
7.858460344052006219e-01
6.148523203227159728e-01
2.971874085756977535e-01
-3.373970562142881491e+00
-2.212795381009382556e+00
-1.401056471498758560e+00
-9.711984676284098894e-01
-6.840504003696794566e-01
-1.725192711380653110e-01
8.060086998885818144e-02
4.960670265801139234e-01
4.482546818474744121e-01
-1.595612134275254279e+00
-6.409336150386589770e-01
3.242606809960482239e-04
2.130827613499367557e-01
5.359806960402363485e-01
9.577856305440920481e-01
1.204474084963006453e+00
1.355060569713913310e+00
1.175675222401909359e+00
-1.011448954204994255e+00
-1.150799708384286912e-01
4.732687191768062962e-01
7.864470237273584186e-01
8.076188144766415222e-01
2.604055264067223208e-01
7.112280336797678348e-01
5.730473338347802370e-01
2.925664530745387681e-01
-2.586878650213793929e+00
-1.946550172434159620e+00
-1.561181701903690211e+00
-9.620781470052629514e-01
-9.372726377038864687e-01
-1.088502943403027334e+00
-1.927431450388507050e-01
3.267198989481127080e-01
1.845869268958063858e-01
-1.899226272512788194e+00
-5.696912415226412785e-01
2.974103706403420297e-02
4.213230387334948590e-01
6.661302837197350390e-01
9.898177107807809572e-01
9.399766377302706255e-01
1.151315814556360007e+00
5.913519494027539292e-01
-1.464549291419658950e+00
-5.307122608807512965e-01
4.593858655076401426e-02
4.704568177723174038e-01
5.123303069998134118e-01
1.381938775979636436e-01
5.817105906513656555e-01
8.176149055145084388e-01
8.847116140684490038e-01
-1.090303003308769059e+00
-8.735056529011336890e-02
4.663379455212165459e-01
8.531588142773165462e-01
1.047869518971960234e+00
7.113281368352258882e-01
9.818312849515689056e-01
8.529442666293390873e-01
4.007678994689241603e-01
-2.554511501523273331e+00
-1.467111463366513213e+00
-7.390816660397666604e-01
-4.034036805610882181e-01
-3.873709024127560546e-02
4.841114022979307596e-01
9.103084776867158556e-01
1.172803185666518200e+00
1.171364121020076254e+00
-2.008124187099459057e+00
-1.150537519364138284e+00
-4.506709727166714474e-01
-1.814068156935566001e-01
1.781223141288067469e-01
6.639312286638182625e-01
7.521403436056807168e-01
1.047972037958523117e+00
4.914628073808360309e-01
-1.779243309177586774e+00
-1.033628746833644474e+00
-3.388949279411511140e-01
-8.114093184221712884e-02
2.752166794023657714e-01
7.671033634389982092e-01
9.746004764731491798e-01
1.168373313699107907e+00
6.659179222558189171e-01
-1.047234885293684359e+00
-1.442387827365858577e-01
4.448252952557716910e-01
7.608790849717942395e-01
7.788536886282154681e-01
2.627890331671427493e-01
6.695493556027054538e-01
7.577792471559805509e-01
8.033066743032235557e-01
-2.879881401332613944e+00
-1.646105385352689243e+00
-1.040714385764192285e+00
-6.423572627107633215e-01
-2.702144123643606677e-01
2.336688233841583417e-01
7.839242989052893629e-01
1.075232192567434408e+00
1.122562857044920870e+00
-1.911647061285330462e+00
-6.582079813709966754e-01
-2.875026773552910239e-02
3.513657024290494091e-01
6.170676516025416225e-01
8.461703352190113048e-01
7.891866667748623776e-01
9.833955912722323056e-01
6.028052128022268752e-01
-1.366664994480412343e+00
-2.544615442653294646e-01
3.414610314508258471e-01
6.565567452177992758e-01
9.426455959250177319e-01
8.523018172846131835e-01
9.330390758002541363e-01
1.112562713863315622e+00
1.067115030458011482e+00
-2.305942720227391884e+00
-8.952868189471241411e-01
-2.233311566854691843e-01
2.017395371599734755e-01
4.182677765114524160e-01
7.504255782068215419e-01
6.038671271165074739e-01
7.713744793148754608e-01
3.462648729834220673e-01
-1.427001630374167496e+00
-6.310109366052549795e-01
-1.534474646006553367e-02
3.060968876066796907e-01
2.405105884172290542e-01
-9.960618508680170458e-02
4.507922497050592670e-01
7.330752590818372383e-01
7.936210293407394145e-01
-1.374815886047445312e+00
-2.763087501928843670e-01
3.232628453706183902e-01
6.372859045722163440e-01
9.223050942730757207e-01
8.004572227935041751e-01
9.218848234179818357e-01
9.537867853981518707e-01
5.397846037507850747e-01
-1.623689721912826789e+00
-4.336915971450769902e-01
1.925294490778000633e-01
4.854960254293319566e-01
8.101927205467921445e-01
8.562118535913957329e-01
8.429791747859134432e-01
1.107460032294607544e+00
1.067699690872561558e+00
-3.385888635402610536e+00
-2.077514305505825387e+00
-1.319600561144954387e+00
-8.890888459431074420e-01
-6.388856121762158669e-01
-1.791118665796025133e-01
-1.984333681037925567e-01
3.417913177964013172e-01
2.661820283204963666e-01
-2.476372586581693902e+00
-1.408630124134351735e+00
-6.868819715221285982e-01
-3.631350956985735512e-01
-3.490377283290300200e-04
4.772745625384312573e-01
3.070668854643165968e-01
7.619346349711582089e-01
3.313221146606560308e-01
-2.049287566217181666e+00
-9.805650890498548433e-01
-3.130784421147241869e-01
-4.172657514354973646e-02
2.984447024857788677e-01
7.884891769794317717e-01
1.154046251470186135e+00
1.317402588462644797e+00
1.233390327331703951e+00
-1.242147492068291781e+00
-1.767757034212239786e-01
4.006317433394273597e-01
7.365704051427856003e-01
1.000631687882868270e+00
8.283638066093239605e-01
9.488814801651702657e-01
9.979548155629832662e-01
5.843249511879683444e-01
-9.087113720591019073e-01
2.862074851230137634e-02
5.958521860944528958e-01
9.209011271795389808e-01
9.959729044294238776e-01
4.455889380911160491e-01
8.543284253565837094e-01
7.229551045327883285e-01
3.957957302548533729e-01
-1.614084827267663780e+00
-4.778081592692659529e-01
1.308033908157899827e-01
4.549371365869999129e-01
7.466764258349999350e-01
5.740414244961816737e-01
6.280762673597560797e-01
9.094814342575037180e-01
8.849049272502736985e-01
-1.546983296707491462e+00
-5.857085349700068555e-01
3.103038851736128825e-02
2.375977365289740073e-01
5.727502976513296762e-01
1.016285811943751893e+00
1.296088572488839130e+00
1.414808957319975358e+00
1.264467342384708815e+00
-1.556887824049176805e+00
-6.176863308036819600e-01
-3.130135529052726576e-03
2.603894148391414087e-01
5.763320768960904505e-01
1.015960526070235126e+00
1.218982841525890315e+00
1.342199708772932709e+00
8.872666256613586100e-01
-3.088818450514148051e+00
-1.913155354171490519e+00
-1.134085372669734637e+00
-7.309649319726143624e-01
-4.148518228536101082e-01
7.345690390600227715e-02
1.581068837189535947e-01
5.729593521809632772e-01
5.139587029307393085e-01
-3.400944378631598042e+00
-2.063932143973874034e+00
-1.290024452631695073e+00
-8.502588379158123599e-01
-5.935721284240900175e-01
-1.269796592690222714e-01
-1.778488188115938395e-01
3.589407427546910112e-01
2.884992554212674754e-01
-2.669611888498421681e+00
-1.713116495634945613e+00
-9.135077945722928083e-01
-5.149074009267708973e-01
-1.629572281279060564e-01
4.414098598913732685e-01
9.543414673938760417e-01
1.212183149591260722e+00
1.223614813847139660e+00
-1.862696744938452165e+00
-7.868183925589238292e-01
-1.740885878631719952e-01
1.033861206801263283e-01
4.046315821713091232e-01
9.194694972854853265e-01
1.238907736174213348e+00
1.366544209231869145e+00
1.259785701426021642e+00
-1.759611236256062305e+00
-8.036421226635136472e-01
-1.455205398742349110e-01
1.011975282535545473e-01
4.271198216938415504e-01
8.740388824859040007e-01
1.176388805383622005e+00
1.350292796290700315e+00
1.201143799098646880e+00
-2.522176460577550294e+00
-2.048776537010346566e+00
-1.489092038112907357e+00
-1.075919113730644971e+00
-1.039573300011075174e+00
-4.432776438621902626e-01
3.412448084400077075e-01
7.454874953031240814e-01
8.057950552483994500e-01
-1.025902250899650703e+00
-1.225035065526991623e-01
4.648385497213529671e-01
7.807125254049133156e-01
8.003719506875617284e-01
1.548148887156277631e-01
6.284406494278557131e-01
6.046641704604426293e-01
4.279779588809917157e-01
-2.021254916401994617e+00
-9.747587503054293556e-01
-3.037000079264458585e-01
-2.985985693769768745e-02
3.126636600399198551e-01
8.124636075879196895e-01
1.219585802078023473e+00
1.351923874085144472e+00
1.269501429793455927e+00
-2.612769181080855319e+00
-1.414001096595729257e+00
-9.106353586465527616e-01
-5.163237925979919929e-01
-1.264895068418478152e-01
-3.018816724318305056e-01
3.688607318002397051e-01
7.778919064641759418e-01
7.969258260756590939e-01
-9.012432385540426472e-01
3.938026417238059407e-02
6.016557162143668647e-01
9.387642886460491054e-01
1.033244077297181596e+00
5.141526332975729918e-01
8.532107789339824500e-01
9.083229091956012136e-01
9.371964382515618475e-01
-1.915607118379613949e+00
-7.302042401655433057e-01
-1.375013568225823268e-01
2.110587055472745444e-01
4.210791187424448023e-01
9.878621539108796146e-01
1.263768483068907988e+00
1.381324709856418087e+00
1.279390209268147727e+00
-1.526673410623867522e+00
-4.226757433248299334e-01
1.764220277986182639e-01
5.290128037452558329e-01
7.905132067061555468e-01
6.062468585365569096e-01
8.126980519392638103e-01
7.350470007255530680e-01
3.965265596360081357e-01
-2.438274610950855514e+00
-1.956294439676078856e+00
-1.395516785182813635e+00
-1.011008176985429330e+00
-1.097415098639997533e+00
-9.916945782082339234e-01
5.761220904361918915e-02
4.688282042999348254e-01
4.396638366781902563e-01
-1.155083692235773229e+00
-2.851034937878999531e-01
3.205479133972040651e-01
6.334422621396881281e-01
6.127033959756148507e-01
1.141093105213793063e-01
5.852765925208638365e-01
5.238782009120761529e-01
3.277394911712703807e-01
-1.931701954940292287e+00
-7.267148035655469629e-01
-9.655888417875106711e-02
2.414841624236773732e-01
5.572697688868878396e-01
5.034417227142787832e-01
6.184242621937503515e-01
7.601577448082341704e-01
6.041363537706805342e-01
-3.303336044787676062e+00
-2.014469935262094058e+00
-1.462753220258918851e+00
-1.032871069511393847e+00
-6.228735327378064346e-01
-4.998266933503310860e-01
-1.715692035733986931e-01
3.820256883118272606e-01
3.309119563610583015e-01
-2.264193448223964289e+00
-1.203339757422066336e+00
-5.108525700585572205e-01
-1.920355026022471656e-01
1.536690179577444304e-01
6.845405380461321299e-01
1.130182378145074829e+00
1.326908655546986004e+00
1.278130914672375829e+00
-1.684942702614884658e+00
-9.089351451431079143e-01
-3.225619632738261355e-01
5.895347588884154721e-02
-6.540246156750730878e-03
-3.786743973758990300e-01
1.686938184250374451e-01
4.280491019056488211e-01
3.045779147970808509e-01
-2.233508669222858956e+00
-1.204416496010566551e+00
-4.744485697889017639e-01
-1.801443172774459811e-01
1.696006506541880288e-01
6.763154052708336694e-01
1.072227054567501670e+00
1.312166324916147486e+00
1.266146831955206054e+00
-8.691386259796891611e-01
6.123381379181185719e-02
6.244363737613115584e-01
9.471731583454239267e-01
1.024836592851843253e+00
4.237519519546491531e-01
8.337232309730423507e-01
7.669327870446215334e-01
4.833066508472138589e-01
-1.292490681516918150e+00
-4.550228194869541110e-01
1.540431684717841476e-01
4.830051710382592400e-01
4.408911622289539700e-01
-2.472973150405561454e-02
4.677033884658256535e-01
4.924496466443048504e-01
3.303506171921161139e-01
-2.056350352915717661e+00
-8.083921778369329569e-01
-1.813146106525294066e-01
2.192038110828334330e-01
4.058124127900020195e-01
9.466241732507872930e-01
9.599914512849448966e-01
1.258030714866412048e+00
6.439902207704888415e-01
-2.498111348697944045e+00
-1.985085544824725101e+00
-1.361576090313549647e+00
-9.469861658181961683e-01
-8.040292323137553376e-01
-1.544648335963031416e-01
5.348638224938254693e-01
9.100639338256033550e-01
9.902966958190581037e-01
-1.727405912800471954e+00
-7.848141191906489178e-01
-1.354540231511383030e-01
1.174926765679604607e-01
4.411430339618361285e-01
9.068741568915099638e-01
1.277818539421847088e+00
1.418511356948698454e+00
1.311134977236108723e+00
-1.686423679071380244e+00
-5.071131625132128118e-01
1.196756795897915004e-01
4.378590881067908613e-01
7.545698955628057369e-01
7.414959239195585416e-01
8.297298528487748737e-01
8.281049781858793590e-01
4.521838263153097892e-01
-2.172012120119119150e+00
-8.902223244043417916e-01
-2.775559449059389894e-01
9.176325351131800478e-02
3.316524314791893246e-01
8.499652229251669633e-01
9.410656687823834021e-01
1.223934418216023001e+00
8.230490615702317214e-01
-2.164914123821237268e+00
-1.091009753687981254e+00
-3.724362476676987277e-01
-8.458543663870107809e-02
2.596958401799266403e-01
7.330011018220907726e-01
9.537357658033599472e-01
1.154781641571682727e+00
8.031646887738126406e-01
-1.873643477283740255e+00
-8.875659723898344788e-01
-2.318400217736414914e-01
5.054623645770073281e-02
3.912879568829232269e-01
8.852785302400760781e-01
1.101883071695946459e+00
1.279567097244765694e+00
7.859526543814189248e-01
-2.374625025307871340e+00
-1.038574752871850526e+00
-3.434264426182532803e-01
8.387386955181748427e-02
2.470479222079985937e-01
7.453286331496942196e-01
1.132879122985533948e+00
1.317610779439999380e+00
1.289886187787621763e+00
-2.094703969382885944e+00
-1.194289827298991913e+00
-5.046686614499834578e-01
-2.196479186068913403e-01
1.460672882008149931e-01
6.285572637749982094e-01
6.714623759596883845e-01
1.012888372638062640e+00
5.243857506463245333e-01
-2.177824261435207909e+00
-1.137017988096975962e+00
-4.238220792899035638e-01
-1.267303807472381638e-01
2.093846570227685111e-01
7.054579767816401281e-01
1.097673922376564581e+00
1.338774041386011637e+00
1.293451142565471557e+00
-9.938991997595746364e-01
-1.425220071851209837e-02
5.406362935893703758e-01
9.106154397963616143e-01
1.058141753023748910e+00
5.991214171002031685e-01
8.956937026236546640e-01
1.017654748805465914e+00
1.045374332552197805e+00
-1.156788032950416545e+00
-2.920972922292937035e-01
3.132935929709167455e-01
6.274649436327686125e-01
6.032843784514183572e-01
-5.277215902554256016e-02
4.865226466658503224e-01
5.864745890639055936e-01
5.043720835071873188e-01
-2.429340540928484504e+00
-1.957520094588363957e+00
-1.383789473649130519e+00
-1.020062366050906055e+00
-1.112345294895322523e+00
-1.211905868052876256e+00
-1.121508025898254463e-01
4.243778683143330510e-01
3.282209693633627023e-01
-1.189051802161958049e+00
-1.817813357844806077e-01
3.823929586553770910e-01
7.721645057416747226e-01
9.470352349376184309e-01
5.743710997277531316e-01
8.914956132093638796e-01
7.992754990457211495e-01
5.007270974843892608e-01
-2.547050728942262587e+00
-1.824620259210589124e+00
-1.102350500456982907e+00
-7.157972103381091689e-01
-4.592969377139401455e-01
1.854953313967917516e-01
7.765159936199178548e-01
1.095021444434691293e+00
1.166589366053528476e+00
-2.141030563843543177e+00
-1.240215941919515341e+00
-5.227832724168114398e-01
-2.481251687417249385e-01
1.226764252832741320e-01
6.054258234179727971e-01
6.801915385767569600e-01
1.013055132553124293e+00
5.727903187770931881e-01
-1.697162904055824928e+00
-6.077693583511472042e-01
-1.470093743146388097e-02
3.725161158844963460e-01
5.971526337951630348e-01
6.292543748358563338e-01
1.061387686272958097e+00
1.278615025156168317e+00
1.284085328527463599e+00
-1.017490055275232619e+00
-9.804676917984755935e-02
4.835415262572823614e-01
8.090615668372479474e-01
8.514221720711717678e-01
5.114400917862018670e-01
9.509653911489207578e-01
1.140657959889494366e+00
1.196268632159342538e+00
-1.706492390571236806e+00
-9.277176015074198867e-01
-2.826377967619346787e-01
-1.174246443038931206e-02
3.451349382605312099e-01
8.322131062412696512e-01
1.042145154532956086e+00
1.237353723871261524e+00
7.701854606480929011e-01
-1.996662795534455581e+00
-6.768481700533214296e-01
-3.517429590472038320e-02
3.928465804052755361e-01
5.600098204484916797e-01
1.033260418283682425e+00
9.763964893160487213e-01
1.243106251794632078e+00
6.528568580859411830e-01
-9.379249954698779534e-01
-1.917687535032181964e-02
5.543446228943129661e-01
8.717957461772480876e-01
9.220165705607945572e-01
2.049710253300641993e-01
5.860441012995005750e-01
7.127429801636072648e-01
6.449338711675107749e-01
-1.459686666483483330e+00
-6.532640780297438443e-01
-4.495103134786958277e-02
2.914048524434520449e-01
2.270370924491611486e-01
-1.938764180920657110e-01
3.340805857252148181e-01
4.977836142440605349e-01
3.763531927034498570e-01
-3.373153158062273338e+00
-2.120119738101276852e+00
-1.330121043926311808e+00
-9.013329636261266931e-01
-6.005798986132782069e-01
-1.034377600393570767e-01
-6.977101091243227693e-02
4.748692401818270792e-01
4.298335019345300156e-01
-2.599169201707574484e+00
-1.535225013089488888e+00
-7.799327282811413520e-01
-4.433446705698777524e-01
-8.222783828251944982e-02
3.983080795088467796e-01
2.145574344035964531e-01
7.045502049347623919e-01
4.521076535492991599e-01
-2.200384339519793730e+00
-1.567701700085629701e+00
-9.421942199746324853e-01
-5.583186615774045070e-01
-4.488089075907548131e-01
1.114874335649174153e-01
7.300229033410928769e-01
1.066924100879102610e+00
1.148165724010088873e+00
-2.476299030638036136e+00
-1.257962420771129519e+00
-5.725858830096597352e-01
-2.628751129793302499e-01
9.466912007944296159e-02
5.718825967930462051e-01
5.618938502596920737e-01
9.498795815950528132e-01
5.711503158108367506e-01
-2.238082037494962595e+00
-8.817689608965917358e-01
-2.155692403720875783e-01
2.103612129513592610e-01
3.656327937825669117e-01
8.773115751349400693e-01
1.253437262825365162e+00
1.398690921156464650e+00
1.352131003370576234e+00
-2.711704288342759561e+00
-1.727269442226919693e+00
-8.887579123299599315e-01
-4.473572770471318516e-01
-9.599765305480439936e-02
5.505378686990107795e-01
1.084673911165775273e+00
1.337190606229350820e+00
1.339335294095155948e+00
-1.387198609445606801e+00
-5.530504244605443098e-01
5.399249800911979508e-02
3.919406791770631004e-01
3.475253830637685115e-01
1.703171819023305555e-01
7.271306800962891170e-01
1.034081050129100010e+00
1.116276288552218388e+00
-2.649588461205469869e+00
-2.014904887959099167e+00
-1.651125690833920689e+00
-1.042427996128993728e+00
-1.003572407415602274e+00
-1.029684097040681312e+00
5.024138136752226771e-03
5.329281278880891870e-01
4.288227367481586838e-01
-9.490970099505838808e-01
-2.223160631737591472e-02
5.545460581195872374e-01
8.772943784054840766e-01
9.354723213156286299e-01
4.632372640740627934e-01
8.667234669446343132e-01
1.044848171634374490e+00
1.112151838097448664e+00
-2.087568323873989495e+00
-8.834805750132708191e-01
-2.633372107855035393e-01
9.146844571723170003e-02
4.022909164186251885e-01
2.355130370127634654e-01
5.098572436998631829e-01
7.314537076695137863e-01
6.569664637622196768e-01
-1.898828349267994264e+00
-6.635468921933714848e-01
-3.947125292037433064e-02
2.931311303638385879e-01
6.113423514183458085e-01
6.067963286420967606e-01
7.041495095943710592e-01
8.608725552554136184e-01
7.116830862296136262e-01
-2.006179400488321996e+00
-7.303308951997233844e-01
-7.665101060858380000e-02
3.552236521777810685e-01
5.345568930249119388e-01
9.685982412770896000e-01
8.701430629741461198e-01
1.126540737629149858e+00
6.168892889791851575e-01
-3.192565716918609464e+00
-1.899302948763363474e+00
-1.123787985876260498e+00
-7.314446888803377567e-01
-4.002421098095572671e-01
1.085890719010519229e-01
3.838268889539892537e-01
8.304716043949501580e-01
8.572184069874045909e-01
-1.356190121913610325e+00
-2.488722075963119285e-01
3.554524072354500741e-01
6.684288017531986315e-01
9.575455184013140775e-01
8.838106663428938470e-01
1.019549663499877523e+00
1.024522384068184300e+00
5.893454609847179615e-01
-2.677754808244434681e+00
-1.303955797398786309e+00
-5.128317388598256921e-01
-1.811855687195705888e-01
8.904743480829757640e-02
7.303094606616969964e-01
1.179468418094947957e+00
1.375702391202955122e+00
1.346545872644396402e+00
-2.252062525744598975e+00
-9.632892942295726568e-01
-3.262888946616229746e-01
4.205034061543487522e-02
3.738603586910186904e-01
3.584033903076422889e-01
4.386259502682675060e-01
6.094261082873104751e-01
4.832814278670173325e-01
-8.992809415182538846e-01
1.788490958109043710e-02
5.901732593568510543e-01
9.071427392272882750e-01
9.662095365150370485e-01
3.678661695657606256e-01
8.008282542497506817e-01
7.670253970688927225e-01
5.467108315701373344e-01
-1.468259715653551956e+00
-6.605352981528882506e-01
-5.337023084925027194e-02
2.827093840817582193e-01
2.173417488552642496e-01
-2.985618644185463744e-01
3.419490688132763023e-01
5.601993537065832474e-01
4.920483072650417844e-01
-1.300431432763780482e+00
-2.621769271821027814e-01
3.072081918593146943e-01
6.834310235540537182e-01
9.006145296156988778e-01
5.764606634604809710e-01
8.209321651336547454e-01
8.646978145032876428e-01
6.797922867636893018e-01
-1.841787099082560220e+00
-5.176429208374198065e-01
6.983601413100641586e-02
4.615197722850726825e-01
6.955245717537597017e-01
1.045785208537380218e+00
1.041531733487746969e+00
1.367415787272555194e+00
1.271742766952244086e+00
-2.294031029187685089e+00
-1.746266728210916996e+00
-1.187274494266228331e+00
-7.931559445524517526e-01
-8.788940674079787074e-01
-9.704948715637962131e-01
8.959615228890276117e-02
5.353855958656499325e-01
4.800200762565218215e-01
-1.187357908814470786e+00
-3.167096683099664411e-01
2.851597581420633465e-01
6.068331656538609176e-01
5.840508720100783258e-01
-1.154857964183731295e-01
4.280585864337774216e-01
6.686690436166842222e-01
6.671810495660558393e-01
-1.864728239921587205e+00
-1.316350160674404579e+00
-5.200572428000088676e-01
-1.419415592759891154e-01
2.058419725999993677e-01
8.252037067459478958e-01
1.309283696975528155e+00
1.452806777430271534e+00
1.404599617954520374e+00
-1.443993806367645849e+00
-3.039060650034170474e-01
3.102987791742022883e-01
6.022751947886277879e-01
9.172737977601532755e-01
9.317229061366463228e-01
1.017104936611607613e+00
1.078805935118537063e+00
6.403553502235352912e-01
-1.568486771386558898e+00
-6.639584569058227803e-01
-2.945353999384747387e-02
2.286947448160715490e-01
5.484454278905666058e-01
1.043788701697017984e+00
1.457739560450714178e+00
1.525413395695636609e+00
1.436112065419458572e+00
-1.708868387242476139e+00
-8.214428578411439030e-01
-1.731559997411729335e-01
9.289689132866066346e-02
4.243762690835022888e-01
8.854249427923530646e-01
1.125754031759988782e+00
1.280206285177720504e+00
9.329006204444156847e-01
-2.162325840591679871e+00
-1.079489935388801003e+00
-3.778013268641924882e-01
-8.815348687944986328e-02
2.555457896364426440e-01
7.331168518873361073e-01
9.627863463762306173e-01
1.196559954148116889e+00
9.564493624843399822e-01
-9.653169402231156493e-01
-3.217267902897328474e-02
5.423581611622378951e-01
8.688473304549418907e-01
9.295192100476378227e-01
3.885865254825641713e-01
8.171091725627535052e-01
7.580255915152371848e-01
5.428325387195866991e-01
-2.079793915527860637e+00
-7.873496164350345383e-01
-1.761231204868886069e-01
2.039712453775293366e-01
4.224931748343759841e-01
9.643661953768170036e-01
1.046567315734117987e+00
1.319261940350844542e+00
7.900679523232264634e-01
-9.645811576442493429e-01
9.894758970447387406e-03
5.640856836854499790e-01
9.249337620338066168e-01
1.054384325988713123e+00
5.653132306577302035e-01
9.317779230091490783e-01
8.593433220244778292e-01
5.928851286844917245e-01
-2.406149939748118527e+00
-1.912355192416307137e+00
-1.342990763256558528e+00
-9.666729307548712624e-01
-1.055651774908400453e+00
-1.112651903829615430e+00
-1.078688628030121874e-02
5.240988225506605369e-01
4.509878509227814303e-01
-2.804495178297733204e+00
-1.792859854717243406e+00
-1.409384934659712485e+00
-9.364375486684727301e-01
-5.972075818510927947e-01
-6.989405484963775450e-01
5.587698327738916532e-02
5.776313617869847095e-01
5.149475884561730554e-01
-1.500745963046169473e+00
-5.404162256455398161e-01
6.666248652495800064e-02
3.203768987785572397e-01
6.206879126741746688e-01
1.056002601493257753e+00
1.297655278612310115e+00
1.475411209423584946e+00
1.272678472529825466e+00
-8.771825648036072343e-01
5.918128698437991053e-02
6.222422651243574299e-01
9.489302411557808403e-01
1.033337442997607880e+00
3.697723680299178639e-01
6.841087404551146056e-01
8.657530891640954351e-01
8.682344375926336344e-01
-1.564036706273444599e+00
-3.918443439690183494e-01
2.309308252328812761e-01
5.213634805165631159e-01
8.427682655962104308e-01
9.756636250327621607e-01
1.296539897184420864e+00
1.452562450546191153e+00
1.400463662062011005e+00
-8.849768474452202049e-01
5.450508252653379904e-02
6.171885329869643000e-01
9.456434467451023673e-01
1.031291100348269429e+00
7.627013495666717935e-01
1.192112257448788348e+00
1.348770412060843249e+00
1.359208925947036795e+00
-1.627016885590090389e+00
-4.536783899973994560e-01
1.691935963119298725e-01
4.662707092218449922e-01
7.902899031668403351e-01
9.858944354979520819e-01
1.367028264006970417e+00
1.485307440517880995e+00
1.424492453689014893e+00
-2.183169482800381367e+00
-8.787652602065418872e-01
-2.174360110812185165e-01
1.991473831931973582e-01
3.442379652434525705e-01
8.466961334537356221e-01
8.109543231128661933e-01
1.119509845230227008e+00
8.510806718051031616e-01
-1.767182603075679648e+00
-9.391885399079857866e-01
-2.769845597404992366e-01
-1.527478743477817674e-02
3.338294521387125124e-01
8.226963949921775043e-01
1.050502171264986906e+00
1.243536507047087403e+00
8.305079374692024841e-01
-1.518519077368539971e+00
-6.450862629022967587e-01
-2.514922385244617448e-02
2.269595029431095701e-01
5.516789364128477091e-01
1.005296830021984666e+00
1.224531851138483951e+00
1.359943836200998790e+00
9.777848285412800156e-01
-1.640925081072519109e+00
-4.529635192931030230e-01
1.590112320037259386e-01
4.972810463729710473e-01
7.864841976088784437e-01
1.096890247796535434e+00
1.351779741223289033e+00
1.496234562061760753e+00
1.428081209239627336e+00
-1.808238744388440677e+00
-1.072598493089136351e+00
-3.733264553407832365e-01
-1.033868859723004324e-01
2.445197684823133266e-01
7.312658131905895864e-01
9.401208052784941760e-01
1.166722592965358185e+00
7.800392176615174034e-01
-9.257761778397790575e-01
2.574477314457396943e-02
5.878980203546128047e-01
9.288968175537137828e-01
1.029588242107214446e+00
4.211873713501095851e-01
7.988830564835253112e-01
8.443634198536358326e-01
7.122752873164446275e-01
-2.167381159048671790e+00
-1.319266933903953998e+00
-6.143484335044945288e-01
-3.108297034213280408e-01
5.474280458803468946e-02
5.281868014426824853e-01
5.698967900561526800e-01
9.640032083786939099e-01
6.977506391675953878e-01
-1.349950188315774291e+00
-4.138595883290628885e-01
1.706835756622155365e-01
5.598993806059988643e-01
5.961812838591964425e-01
5.477477489202970951e-01
1.038806993744576745e+00
1.303222695309589341e+00
1.355256375544235947e+00
-1.434919551634706414e+00
-5.682922965002085158e-01
8.065679623810796672e-02
3.341763045314316560e-01
6.347486870940085568e-01
1.108070598672463936e+00
1.512479412859977224e+00
1.587944324144283881e+00
1.498725608537913256e+00
-9.176880131428704068e-01
3.209357417664424061e-02
5.906123548062228723e-01
9.391416825599149254e-01
1.051499772349373529e+00
4.401297771466217146e-01
7.751784034086353081e-01
8.699643731838556659e-01
7.693136039243763102e-01
-2.793463348859232642e+00
-1.159794094669214459e+00
-2.602919673827056579e-01
3.715326522351745930e-02
2.814205144789067581e-01
9.282592105228133494e-01
1.352401856783690848e+00
1.507361347382085048e+00
1.456070905521508418e+00
-1.772173252523697951e+00
-5.146118199007081451e-01
6.903516414187714501e-02
4.678553607659386993e-01
7.007880518229773203e-01
1.056041703512199614e+00
1.063473884604513087e+00
1.341703408780171802e+00
1.037676425822915416e+00
-1.349538158550545708e+00
-2.453948201864591949e-01
3.619491418603152377e-01
6.565544419288911193e-01
9.560473791186632209e-01
9.146296899590877771e-01
1.011738575840186449e+00
1.317151436280748822e+00
1.318084639621627474e+00
-1.652712573656330397e+00
-4.626411080789351593e-01
1.639531245432343520e-01
4.727407283182051279e-01
7.960516053476884846e-01
8.542441735009831394e-01
9.142177967329301325e-01
9.925427769177804782e-01
6.747717082025839197e-01
-1.095773262112794022e+00
-1.659764981539480211e-01
4.139868389001447047e-01
7.663483398929409329e-01
8.275102099142753742e-01
2.533678150403849139e-01
6.996966530652862781e-01
1.009353369598103622e+00
1.064590086913295375e+00
-3.242993159546978976e+00
-1.911253767947770799e+00
-1.244168891486654660e+00
-8.039213525689320461e-01
-4.976497893229583913e-01
-2.554375036694359058e-01
6.994927554004166936e-02
6.068376576789868970e-01
6.180316777109148285e-01
-2.198635762310198416e+00
-8.271306636211649410e-01
-1.695145372439330334e-01
2.435838238544180967e-01
4.918325867939779550e-01
7.598488070802282834e-01
6.891874233658555893e-01
8.775995769474920216e-01
6.491532794311573040e-01
-3.472586788651194301e+00
-2.030821506571141466e+00
-1.251570090214390474e+00
-8.292403140875590495e-01
-5.437072525941203383e-01
-2.478064965136501235e-02
3.669049109802995923e-01
8.403040869970299642e-01
8.928683123484307815e-01
-2.533416147983085676e+00
-2.099522721569553330e+00
-1.528517191873201009e+00
-1.165859174452784641e+00
-1.245999258628901485e+00
-9.342276076442124211e-01
1.825099035959830973e-01
6.398579800585537658e-01
6.426011428643768619e-01
-1.069881962677232456e+00
-1.635114108669005195e-01
4.251828537462446489e-01
7.510777489436855081e-01
7.719603867864659463e-01
2.487686380541351272e-01
7.131791702289912438e-01
7.289754635055541998e-01
5.904137017436900114e-01
-1.830725284179341550e+00
-8.468713328297170495e-01
-2.198487676375037447e-01
1.497689204577098143e-01
3.900711558331130258e-01
9.699242024418076591e-01
1.411374487293564073e+00
1.542097975706973711e+00
1.478052114326629418e+00
-2.799273745444597949e+00
-1.830896616532786902e+00
-1.460359998566424622e+00
-9.941454232072808317e-01
-6.301701034905016208e-01
-7.061637148639144934e-01
9.929765898074899289e-02
6.315260563838959174e-01
5.988893465354049317e-01
-1.091897345499997840e+00
-2.050392550249650059e-01
3.934449620921408042e-01
7.109908888964925344e-01
7.128920847612104650e-01
1.948763847546474970e-01
6.740794829924484644e-01
7.087717451556163617e-01
5.812881772991436158e-01
-1.243203228499116575e+00
-3.236774815919625237e-01
2.643548615822305381e-01
6.346277500770953761e-01
6.675238564575584066e-01
1.650500738471258333e-01
6.519521584162046857e-01
7.256264562027269216e-01
6.261871941900611915e-01
-2.196342869584833934e+00
-1.173401893734713486e+00
-4.917770092541030036e-01
-2.008433884570684780e-01
1.638737145276396023e-01
6.471641221771926578e-01
7.026358953184700384e-01
1.063268005824898665e+00
7.169175883731595533e-01
-1.025533106206247158e+00
-8.888474617456135207e-02
4.886429702709475520e-01
8.233904603244249776e-01
8.830891821885831217e-01
3.343017586666977570e-01
7.811297031896724530e-01
1.070619343378952815e+00
1.140018921668632945e+00
-1.849503656602216939e+00
-7.454908852424639853e-01
-1.571876275639284559e-01
2.464956475889623910e-01
4.758737941797246962e-01
2.309131406299972933e-01
5.392500187253691513e-01
7.070184098483627277e-01
6.166246050178557647e-01
-2.343374922871084287e+00
-1.273493871569595148e+00
-5.540267610682849675e-01
-2.569160630994490324e-01
9.944238775335113856e-02
5.832920566118060535e-01
7.436983038952627023e-01
1.080022502588529720e+00
8.938022751932163112e-01
-1.921952465448621084e+00
-6.537986032579098383e-01
-4.205397161368240599e-02
3.864320899110259555e-01
5.490553115789972294e-01
1.014482678798736881e+00
1.144985596002060069e+00
1.455697666718368977e+00
1.411705711505619076e+00
-1.687283199632196862e+00
-6.784752126366506708e-01
-4.152221140448006387e-02
2.224476352549040747e-01
5.309759510593842213e-01
9.736915877529936925e-01
1.274752800436550482e+00
1.493205328063417880e+00
1.419190419237812417e+00
-1.849939333355772098e+00
-1.089954051728691864e+00
-4.090804336915478401e-01
-1.237786716562564726e-01
2.339170922891029569e-01
7.274100481515544114e-01
8.768618600415180042e-01
1.157285349563436760e+00
7.777532231513221150e-01
-9.895233472806627129e-01
-8.002545759240642376e-02
5.024099075667290970e-01
8.170629465981229522e-01
8.489854465211854606e-01
2.970630779785324305e-01
7.590912431428643581e-01
7.683131670277295600e-01
6.170432958062080919e-01
-1.997195251109252778e+00
-8.851021911121821351e-01
-2.649436416679284978e-01
7.682151845463304485e-02
3.592690035560131556e-01
8.773459657901757636e-01
9.577974832138781425e-01
1.256551916772825184e+00
8.061483991916582603e-01
-2.170106181640980569e+00
-9.792307386982140871e-01
-3.238544239861125273e-01
1.490104123283003679e-02
3.332583394118352471e-01
8.716938486395173769e-01
1.289454351785800812e+00
1.522964210946299080e+00
1.472889475173583707e+00
-1.295812605029309950e+00
-4.473346480798972014e-01
1.569259755065456341e-01
4.946063329508578743e-01
4.602230087080537713e-01
-1.718720933794059408e-02
5.179243942822849833e-01
6.724218684113444366e-01
5.892362537664853628e-01
-1.348676635357945131e+00
-2.691345997372366350e-01
3.160509454312839805e-01
6.598767198118787869e-01
9.212359071958292622e-01
7.506976694538705086e-01
9.555165747875691284e-01
9.558506678904762355e-01
6.916989236313277889e-01
-2.133941284773039904e+00
-7.899842956041909225e-01
-1.513792366229128605e-01
2.617051721482171467e-01
4.924702805670825301e-01
9.644880656023161469e-01
1.432316943487760952e+00
1.541643742551680019e+00
1.492678953025874389e+00
-2.026525270557012703e+00
-9.207983482866760605e-01
-2.819542895197628130e-01
9.026899079356839883e-02
3.449397134410592813e-01
9.126851486034416316e-01
1.321807989304339070e+00
1.529267962211629861e+00
1.474755476871338677e+00
-2.375806150420396445e+00
-1.200321422081302103e+00
-5.448648345034046159e-01
-1.939486524996724415e-01
1.150229640411255527e-01
6.081287141545104191e-01
7.179114275095728193e-01
1.121213330604345693e+00
1.051294770563262260e+00
-1.134773477985376644e+00
-2.295945926649327617e-01
3.587912417726592529e-01
6.986686921855187471e-01
7.199362941021116846e-01
7.467097727634189330e-02
5.828165077279255923e-01
7.718468119286658879e-01
7.564097147986776903e-01
-1.095743986039244833e+00
-1.791538755901629920e-01
4.050891459804679129e-01
7.436207646575629937e-01
7.905333164058183648e-01
8.826539977370116974e-01
1.329352944736877484e+00
1.491452448844962531e+00
1.473546760082508067e+00
-1.342446780177233956e+00
-5.264808390374610125e-01
8.534860975211013001e-02
4.107176548924719173e-01
3.558597782621075178e-01
-2.590942334649364853e-01
4.132157799683653376e-01
7.434819627886735116e-01
7.704287649293708462e-01
-9.330396929537216888e-01
-7.515000721947677834e-03
5.667380157022254838e-01
8.841197449325054469e-01
9.396975182322552245e-01
3.335440246321255686e-01
7.491338075984304012e-01
1.024469585566564866e+00
1.079369406048215740e+00
-2.133018809382746461e+00
-1.139995995299051934e+00
-4.252163160629853778e-01
-9.882130899957958237e-03
2.061681997878201389e-01
8.709160914133009523e-01
1.394260997201470120e+00
1.540250787207799510e+00
1.492278671718626049e+00
-1.471682940507260229e+00
-5.022279483009018941e-01
1.112693939900673695e-01
3.565322821735850134e-01
6.548716389192505982e-01
1.082127802996041721e+00
1.355541427692545930e+00
1.561731691521835774e+00
1.469932001783939013e+00
-1.618565484872792171e+00
-6.588377526237780835e-01
-8.147381086825943031e-02
3.653052901404509334e-01
4.608891545216461938e-01
8.769644023834911595e-01
1.313130711913351067e+00
1.496501937108228653e+00
1.466614488258729976e+00
-1.477552587174687515e+00
-6.720754697863571270e-01
-6.529488706884656324e-02
2.761045832630935615e-01
2.121646250946211398e-01
-3.333242472674402546e-01
3.986343868606729846e-01
8.043007182706235492e-01
8.569320202429143718e-01
-1.862932603924837949e+00
-1.037222285347099149e+00
-2.378204674250761486e-01
1.078149759038262989e-01
4.218602913368482699e-01
9.820124937459533410e-01
1.438026793406221193e+00
1.556097841301543161e+00
1.512352593433532011e+00
-1.705954870606282814e+00
-8.323991346008263736e-01
-1.219590902643990088e-01
1.922471362987455135e-01
4.977772736634436535e-01
1.021217552342823298e+00
1.475301533877688254e+00
1.581406714237556965e+00
1.518013771288917235e+00
-2.705213683251093570e+00
-1.692994737314815978e+00
-1.207702233301580108e+00
-7.213066231202766021e-01
-3.818882484471682881e-01
2.045727737211260611e-01
8.810345497085261268e-01
1.261785059440031276e+00
1.348834995730145314e+00
-1.007316409382995825e+00
-6.060557657073191440e-02
5.082639839118318070e-01
8.545913112843280812e-01
9.390725273648973248e-01
2.815159804906277041e-01
6.488127857982456392e-01
9.147264682219360399e-01
9.299362636827271933e-01
-1.313430516087168654e+00
-4.674618971274991375e-01
1.442037878925305494e-01
4.834632538248628819e-01
4.831645794131765315e-01
7.422633781112301099e-01
1.214474326807998938e+00
1.428761464642014589e+00
1.440255877977379084e+00
-1.126142502307822424e+00
-2.460502473545220781e-01
3.534136514548650854e-01
6.690050760693314613e-01
6.622903219254261398e-01
4.210645745252988847e-01
9.453939374605326851e-01
1.237967933195417869e+00
1.318618424808023493e+00
-2.794082694629056007e+00
-1.335157539052067577e+00
-4.449725588565940915e-01
-9.731151660175636764e-02
1.446167836658077133e-01
9.228459472345558190e-01
1.374595524681595515e+00
1.535942288553256097e+00
1.487779117397018513e+00
-1.111025540691059410e+00
-1.737410601264836041e-01
4.044902670881251883e-01
7.595035252089684663e-01
8.243930291552739043e-01
5.302328999529680731e-01
1.005959153344206491e+00
1.277549002668032507e+00
1.352783043453212652e+00
-3.448443170082708509e+00
-2.058404252285861880e+00
-1.296155106900775511e+00
-8.724351763398445758e-01
-5.869721477886707950e-01
-1.024336633687933790e-01
6.350784110894723555e-02
6.150966098501323698e-01
6.307014975202542839e-01
-2.270817042075871317e+00
-9.271111292639818702e-01
-2.930901746863068258e-01
1.070555488759543650e-01
3.163390895836992733e-01
8.384995509907318123e-01
7.671233933626637747e-01
1.131398416074808067e+00
7.444796309461867434e-01
-1.278161188172611151e+00
-3.919139750993222981e-01
2.034155156998614655e-01
5.607059537371481550e-01
5.657329514966455974e-01
5.157968588743812033e-01
1.029866790211159344e+00
1.310328866535322545e+00
1.375155384265989156e+00
-1.855206183175763579e+00
-7.061990402294675562e-01
-9.392716006285428687e-02
2.205132538871427406e-01
5.059763620032859954e-01
1.016014763610979088e+00
1.258122480576727042e+00
1.443764299807014373e+00
1.185448255610894730e+00
-1.254314433072839963e+00
-1.815088149189344746e-01
3.957239550419336394e-01
7.286394023792287511e-01
9.965685202196594705e-01
8.564021532213761390e-01
1.007343002223018757e+00
1.098267535316616916e+00
8.543707483105699163e-01
-2.579196844261462118e+00
-1.185561547435281637e+00
-4.604479189904543968e-01
-3.859474508470450010e-02
1.809131936231771209e-01
5.131491765340115974e-01
4.038936649086091180e-01
7.233786936390340649e-01
6.473372803504355844e-01
-2.342150194516805950e+00
-1.802348435962277451e+00
-1.242650080098225418e+00
-8.503630654772914577e-01
-9.297888079003936435e-01
-7.991212581859670205e-01
2.483309667659802100e-01
7.078721387078186211e-01
7.323177965917951893e-01
-2.360335514498455911e+00
-1.788028690982760738e+00
-1.268116111358492004e+00
-8.221539183638097992e-01
-8.906446003296026870e-01
-9.757429222359887966e-01
1.027264902716330530e-01
6.343429130246528436e-01
5.846190326282919569e-01
-2.548520020374327455e+00
-2.119429527051414741e+00
-1.553207720301237327e+00
-1.183695428641086789e+00
-1.263983299425949669e+00
-9.099261873345810825e-01
2.060142165473129172e-01
6.674393022539667486e-01
6.791967513408226909e-01
-1.372863452215853153e+00
-2.981301065668800487e-01
2.960042907149499358e-01
6.377775547912444276e-01
9.039615164776642064e-01
7.464684685354525673e-01
9.444248398999829375e-01
9.557761241143345465e-01
7.030139838759172921e-01
-1.700010713042223287e+00
-8.599351623107331921e-01
-2.044937748853538906e-01
4.282840354851576853e-02
3.811322290955538872e-01
8.598969588811200548e-01
1.109200079649554027e+00
1.278085693212134277e+00
9.121492221803244593e-01
-2.360489553384327976e+00
-1.327899498207647744e+00
-6.107624761620686904e-01
-2.945807103812023153e-01
6.447195674112229935e-02
5.439140104189175151e-01
5.441156224231508132e-01
9.623660541666743118e-01
7.239152958070160793e-01
-1.666929769598283428e+00
-7.432005790676529111e-01
-7.974680900936916006e-02
2.093152383793874249e-01
5.205550024750074112e-01
1.014866396052728215e+00
1.422336835354385487e+00
1.589030316589513880e+00
1.500125590991448155e+00
-3.340021678850878306e+00
-2.176290087326169687e+00
-1.397251016131288992e+00
-9.558463193734731966e-01
-6.505762360114861753e-01
-9.174997406280299694e-02
4.232516097866524385e-01
9.071030924497625048e-01
9.729524241454932110e-01
-1.561301528744999612e+00
-4.418140493693625825e-01
1.648783472248608883e-01
4.892480374776277952e-01
7.760642678623271840e-01
6.089650847158958324e-01
7.873237741409004897e-01
1.029368535508513371e+00
9.795933332322145359e-01
-1.969760600441322174e+00
-7.368917408238782052e-01
-1.039223213533982670e-01
2.414043336563001796e-01
5.522751527846986308e-01
9.750777923508974210e-01
1.462817108324089510e+00
1.558509044956034595e+00
1.506113051617254284e+00
-2.478448382267742112e+00
-1.998500029745569062e+00
-1.433659870944638870e+00
-1.051872883718956819e+00
-1.135283906443666391e+00
-9.610577234403367974e-01
1.662886065198355134e-01
6.420502299766303045e-01
6.256433250185592376e-01
-1.519409097125805408e+00
-8.206622052446477245e-01
-1.145666126491931419e-01
1.961905911775119471e-01
5.073167138144875077e-01
1.029080086720184362e+00
1.512034551218441880e+00
1.574560353082940622e+00
1.519923839509499830e+00
-2.127871194026567991e+00
-1.015983341473434276e+00
-3.418967036305880502e-01
-3.990590991616238536e-02
2.937987172051209073e-01
7.880344759924496900e-01
9.630487457848462274e-01
1.221524328952763305e+00
9.044273100973446722e-01
-1.813672235600019444e+00
-5.565461902743978895e-01
6.348382562370241677e-02
4.502548272608316582e-01
7.121664673182046545e-01
1.020635033750464604e+00
9.720302839186957256e-01
1.184175824100905050e+00
7.635844757441295760e-01
-3.008931967949788344e+00
-1.747692851574438766e+00
-1.123798648681618495e+00
-7.021796975291142440e-01
-3.353684614819451015e-01
-1.442735130893795237e-01
4.787243820005957495e-01
9.381784370457290079e-01
9.625762700571687258e-01
-1.810663302578105149e+00
-7.716020945336972137e-01
-2.108403751063017695e-01
2.446975958061298195e-01
3.920593724456346019e-01
7.762350019854064032e-02
4.873533477047147233e-01
7.197294849311139942e-01
6.491697836665841770e-01
-9.318143685451808489e-01
9.514027938239175142e-03
5.736555373008810355e-01
9.077264322078247849e-01
9.905960275886394051e-01
4.041017511249218597e-01
8.208778161847890553e-01
8.483851507526445346e-01
7.110303176499285227e-01
-9.408971045027015867e-01
5.093042096391491675e-04
5.653705912224440411e-01
9.030483003115908902e-01
9.892494817024273246e-01
4.512582579120676396e-01
8.651591857300723332e-01
8.472277835466123230e-01
6.687761696297840341e-01
-1.942946161673016148e+00
-9.060244370869039443e-01
-2.199700736098061382e-01
6.501964330379729484e-02
3.868609112257472282e-01
8.610632913453868387e-01
1.192919443850906980e+00
1.445556676227208959e+00
1.393957280228514728e+00
-1.767748482111159536e+00
-5.497387789963584792e-01
7.465938601953867049e-02
4.056818038160163176e-01
7.122224917547286260e-01
1.047314001951248796e+00
1.489808943758391013e+00
1.558635512892529773e+00
1.510776207809681804e+00
-1.373020460706945167e+00
-2.665014768689727420e-01
3.392167787384072764e-01
6.517401953875758824e-01
9.445453670791816858e-01
8.715086378058007899e-01
1.014130735374268344e+00
1.050258915623694556e+00
7.284785778230965514e-01
-1.913719262874065796e+00
-6.873416998393208077e-01
-6.743307349501734271e-02
3.441040241329957339e-01
4.868680527226077470e-01
1.037393151512529643e+00
1.177436931419320487e+00
1.433364109797034658e+00
1.130175504289264499e+00
-1.200837898572718165e+00
-1.568963183198523736e-01
4.127432819140253728e-01
7.622618838573362865e-01
1.013505194284720634e+00
1.050714314376872682e+00
1.461017481556055930e+00
1.562708150215660341e+00
1.502812914204996853e+00
-1.869775766200815648e+00
-5.969145903204540193e-01
1.043719076371580484e-02
4.074565198743572703e-01
6.451186023133623770e-01
1.079024171949727329e+00
1.485146301533406987e+00
1.557250489799864690e+00
1.510649220055645614e+00
-1.719444791492367619e+00
-7.277658955555542653e-01
-9.544899103209551761e-02
1.839492148631405311e-01
5.067736123464506859e-01
9.670624560428945360e-01
1.201898161851095548e+00
1.371532124782225637e+00
1.112008087439688042e+00
-1.379141316077896695e+00
-2.762487154944932577e-01
3.214901658160247422e-01
6.314387931243030661e-01
9.199377422272382310e-01
1.062106635866383320e+00
1.487140761278142653e+00
1.567004817328405020e+00
1.509992303515560463e+00
-2.054668836532005383e+00
-8.278604954090088563e-01
-1.999241056287590912e-01
1.500902533398836280e-01
4.646302066046152368e-01
3.871434713439536046e-01
7.794696560037619459e-01
1.164901571271874881e+00
1.214787511212500837e+00
-1.053959282471366610e+00
-1.476323282592327257e-01
4.402910214848111958e-01
7.639171326450528987e-01
7.950753703252544380e-01
8.580650505482987356e-01
1.309621100053328435e+00
1.482340107180937228e+00
1.473374289569748141e+00
-9.768011831880457629e-01
-5.671192516695657861e-03
5.489161673238892591e-01
9.126752386132899186e-01
1.046112629023908669e+00
4.664219708083732208e-01
7.693743466585395430e-01
9.307622706382554512e-01
8.791257288923602919e-01
-1.581712620059718910e+00
-6.568819705545608789e-01
7.337698247791071653e-03
2.896788962616724805e-01
5.936372331706518679e-01
1.088668708590698753e+00
1.516026119460389232e+00
1.610179514740019968e+00
1.528693006121456754e+00
-1.892349582593221280e+00
-9.551985410577127356e-01
-2.866581519735018069e-01
4.092869976223646906e-03
3.397835148614403722e-01
8.385207187929726302e-01
1.019361901489918232e+00
1.257101235653298676e+00
8.618050219422274116e-01
-2.133979714754477452e+00
-1.011436992820812675e+00
-3.750223805966277357e-01
-3.566331357079628728e-02
2.625090800250579059e-01
7.726197014574744948e-01
7.821689570616029430e-01
1.141731761989945859e+00
7.524415866639098116e-01
-1.983178576406646298e+00
-6.114362155750717731e-01
-1.280280256829482641e-02
4.125806457349479595e-01
5.796427963505584868e-01
1.101680050258308619e+00
1.478211185579303200e+00
1.557337816284443788e+00
1.507883666559512115e+00
-1.849231135040745322e+00
-6.830182269439187825e-01
-6.034424926054630239e-02
2.896984789334932642e-01
5.891184576481853785e-01
4.780246003519519893e-01
6.624885547066463598e-01
7.712275655877892655e-01
6.543904043708846929e-01
-1.197194420423195238e+00
-4.246260567270753739e-01
1.961172292144744700e-01
4.253710270486273370e-01
7.188952197162818969e-01
1.179097616505730972e+00
1.580081995741377865e+00
1.605848465686323667e+00
1.534300754449183346e+00
-1.984009036417678784e+00
-7.090384997628667030e-01
-6.363056956219374782e-02
3.117061282478095774e-01
5.996843094124650886e-01
7.926597264466457293e-01
7.717406652357605701e-01
9.286142451480349225e-01
6.966101380217035732e-01
-2.433725814945469690e+00
-1.075135510711768161e+00
-3.952637553559903982e-01
3.265499419417262211e-02
2.165377114816387227e-01
7.062726194043491557e-01
5.339070715213292129e-01
9.025571845113565805e-01
6.852460385563478029e-01
-1.234593942597284499e+00
-3.258261859436962782e-01
2.657414069068360085e-01
6.272022247201877176e-01
6.504536861522541846e-01
1.658153559542020761e-01
6.442585260946831482e-01
7.242074357002146190e-01
6.237055577832727460e-01
-3.391239248548285179e+00
-2.067438559420523791e+00
-1.279368492029965276e+00
-8.596657343431769460e-01
-5.613236211370082884e-01
-1.191195612254718032e-02
4.495304407529068236e-01
9.309026324681811682e-01
9.974742236622929914e-01
-2.680556291731190477e+00
-1.612970003816617703e+00
-1.180801793769634900e+00
-7.550183195336185316e-01
-3.658733276795417266e-01
-4.298475805934389160e-01
3.481995409403083053e-01
7.984847338598680677e-01
8.017689750220703404e-01
-1.633866771895620795e+00
-5.043553901296873310e-01
1.051564245789858021e-01
4.390583078488967672e-01
7.222615838098289665e-01
9.523732044140392761e-01
1.410395031866636728e+00
1.543951173713851377e+00
1.492618833784499222e+00
-9.875997845110980888e-01
-2.746976106088599295e-02
5.327487800595057665e-01
8.954624922748170013e-01
1.021406640208932348e+00
4.880472058004927116e-01
8.357177393069286087e-01
1.116495282685957324e+00
1.165063215104830796e+00
-2.263848773113639190e+00
-1.193688156203405182e+00
-5.066670250359085470e-01
-2.188079400522483231e-01
1.478098937577354000e-01
6.292970564856416038e-01
7.518194966616456032e-01
1.087185914679801746e+00
8.395829043747246034e-01
-1.900820503228978886e+00
-8.847263089765381450e-01
-2.326171376279123071e-01
5.679459301421525830e-02
3.819324324676861560e-01
8.801215404925039065e-01
1.092689157511808506e+00
1.300339345203582964e+00
9.754451157581434106e-01
-1.694638319868568832e+00
-4.933811150747671181e-01
1.332669875993906516e-01
4.468546156196652186e-01
7.616615769875817454e-01
8.998275673220912374e-01
9.290629951580556822e-01
1.145437884691032027e+00
9.483812462755910611e-01
-2.496059459875715536e+00
-8.955313519351028040e-01
-1.180089825979339507e-01
1.489981439805095620e-01
3.969087854571689555e-01
9.630137717675262277e-01
1.386331516752906001e+00
1.533080464663121312e+00
1.502145341652960431e+00
-1.179375008104662337e+00
-2.082564395533354762e-01
3.609716639091772872e-01
7.453442909925797055e-01
8.576086649806167195e-01
3.357948776488792197e-01
7.546802716118213850e-01
8.298124542849328877e-01
7.549886698691526954e-01
-9.842178736847315701e-01
-6.430498741379028771e-02
5.151601198625299638e-01
8.375797612368640621e-01
8.853999866638611049e-01
2.835490847410711557e-01
7.458171405936399045e-01
7.980382913224487451e-01
6.917772379499642632e-01
-1.648662710552133204e+00
-5.181645676791080124e-01
8.487431653605649606e-02
4.202069006683055163e-01
7.047223414484240500e-01
5.425750762779250058e-01
7.768993753694168891e-01
9.078236097710679076e-01
8.155285787648507423e-01
-1.100371845090981404e+00
-1.822563651793532857e-01
4.011261065313380669e-01
7.464332177805014235e-01
7.900181052175935248e-01
2.753780690810159748e-01
7.337328698521994319e-01
7.602241436374744810e-01
6.387082098049793322e-01
-2.130058567705393369e+00
-8.511179422162338248e-01
-2.209077802287089942e-01
1.821132863719987782e-01
3.588364929453540797e-01
8.912152373864212773e-01
9.929407698842035446e-01
1.310424152869149372e+00
1.094539050648664968e+00
-2.357942167394072808e+00
-1.485876524095143481e+00
-1.069147241231087619e+00
-5.004208404807767296e-01
-3.983886507675301614e-01
-5.952441620751249829e-01
1.598133839457949734e-01
6.678485125875450734e-01
6.200612701676533334e-01
-2.677896757807787687e+00
-1.113992945748672359e+00
-2.484642693997562712e-01
4.599411302214195113e-02
2.687763393686116720e-01
1.013117333893232219e+00
1.439804727667348017e+00
1.561525135133419839e+00
1.508390044884269754e+00
-1.589127161578381298e+00
-6.309390599171006420e-01
4.135726257649100998e-03
2.869944231182464112e-01
5.868652599850017193e-01
1.097569163507131851e+00
1.496564022213411338e+00
1.613658548060207476e+00
1.516624031163316788e+00
-2.591204562769799935e+00
-1.384121407332833620e+00
-6.742410622675555354e-01
-3.423709081102296325e-01
6.576774780190609675e-03
4.917821877684731002e-01
6.347585574631221528e-01
1.066380054471607552e+00
1.043456605947893800e+00
-1.224393345855993687e+00
-3.649902486249481104e-01
2.413729668435926901e-01
5.620356845894568520e-01
5.288024813673382063e-01
-4.714793293277047548e-02
5.329701123766545923e-01
7.099179650205037495e-01
6.703882767491481376e-01
-2.155495118779588992e+00
-1.046689551935612750e+00
-2.579714876521886913e-01
6.734828438757431424e-02
3.096237797247807233e-01
1.019973546945560416e+00
1.435068068546137887e+00
1.557554246405800757e+00
1.506039715398316492e+00
-1.219845379470845703e+00
-1.732067397059135760e-01
3.986118338815931583e-01
7.444325265345735909e-01
1.001314168115825076e+00
1.033157689488907627e+00
1.423315451782391605e+00
1.548308582976751113e+00
1.490658163929994728e+00
-1.529615720509559740e+00
-6.959465295941045238e-01
-1.006399956904740906e-01
2.781751822125267393e-01
2.333589442642268197e-01
-1.928601145488862967e-01
3.972522201186334256e-01
6.746789189440401957e-01
6.192658523850148589e-01
-1.567553415388234672e+00
-4.193511885563499519e-01
1.951494319349416362e-01
5.139358088950656267e-01
8.132286609109399267e-01
7.256307765318710246e-01
8.871532925982833495e-01
9.315990027129273932e-01
7.095038816624026357e-01
-2.813108990313806235e+00
-1.945549387203142411e+00
-1.595237205134764080e+00
-1.066616657839153159e+00
-8.057657929810438935e-01
-8.174023922758110183e-01
1.552026651927218004e-01
6.754385548237283876e-01
6.432279836867925704e-01
-2.923641400612945862e+00
-1.498878708643843094e+00
-7.778678268601094681e-01
-3.527355532581921138e-01
-8.424527925698797881e-02
2.003235752911747825e-01
1.859125407692023835e-01
6.473578316501515939e-01
6.455489577054074335e-01
-1.609191709272011162e+00
-6.929865877534640006e-01
-6.919746121628266022e-02
2.013889716370419747e-01
5.269795889114925469e-01
9.942981344662160659e-01
1.226459416039574979e+00
1.376396858207431961e+00
1.047751358071403960e+00
-1.583141072001818195e+00
-4.004545027949202307e-01
2.195614696156377166e-01
5.102634513117182413e-01
8.327700753422108138e-01
8.987884418021702126e-01
9.475192345395955229e-01
1.148026072258470087e+00
9.483965090028489975e-01
-2.317116520160872994e+00
-1.432805305603744861e+00
-1.012176457750421754e+00
-4.483747367214255819e-01
-3.373957708361207675e-01
-3.145689010034445343e-01
5.068475585133978001e-01
9.657677663244933486e-01
1.005554281862379273e+00
-2.469844120557305178e+00
-9.621050110824580504e-01
-2.698684138236560615e-01
-2.654269500220373876e-02
2.342760074447760854e-01
8.141220798945029147e-01
1.285882693464758697e+00
1.485576382153727781e+00
1.477021365217867643e+00
