-8.680747864014701776e+00
-1.581186556110427466e+00
5.520298751218615685e+00
-7.567439733678106961e+00
-2.110798014787856669e+00
-1.471850190196192898e+00
-2.136975214783617716e+01
-2.139408745517185295e+01
-2.706308180143465236e+01
7.442118285175695069e-01
2.898305688939800007e+00
1.131256045068388438e+01
-5.555522023776312324e+00
4.474381709976467114e+00
7.448796515582008837e+00
1.985552131931081021e+01
1.458302108210250125e+01
1.718417849908967732e+00
-3.159082619689325799e+00
-4.852576485801132655e+00
-3.275848042776044799e+00
-2.332705499579969532e-01
1.401801608517823761e+00
-2.354253069779893348e+00
2.008803575651038731e+00
-4.012154787087328423e+00
-1.168267138577613906e+01
-3.219515493234924719e+01
-2.242177538130220071e+01
-1.097972684172290236e+01
-1.763186765541245293e+01
-1.030123563453659763e+01
-3.577483161835438352e+00
2.034874015229119593e+01
2.592725779151690801e+01
4.261978875530154909e+01
-9.290427575507562707e+00
-7.825134069761179312e+00
1.045343667208770144e+00
-1.234458719353992429e+01
-3.515778556466980120e+00
-4.120703472309704907e+00
8.636612236352522842e+00
9.279916361708259842e+00
2.592954433144683080e+01
-4.323109797650899644e+00
-6.517319627693170858e+00
-4.974495687271577538e+00
-1.068202390774641630e+00
6.105386965137717947e-01
-3.902565679960056766e+00
7.883247556745453188e+00
6.575952832996248887e+00
1.479395190751534273e+01
8.639511880067427541e+00
-6.215119461256937150e+00
2.805293151751497849e+00
-1.745487977191462425e+00
1.727860727878342662e+00
-2.334131854812094620e+00
-5.175659381288439942e-01
-8.946547258518572354e-01
-1.188871507082180923e+00
-4.515896916551485951e+00
-9.715729895487154266e+00
1.941805777115335196e-01
-2.859817032677098858e+00
1.370394748051345868e+00
-2.808748754871333020e+00
-1.525008217515722242e+00
-1.627632085916077331e+00
-7.968828040136939350e-01
-6.001776860625391841e+00
-5.948818966248440532e+00
-5.142386796179042818e+00
-1.967133124912186837e+00
-6.003763834529868282e-01
-4.297137599155502308e+00
-6.267874033913383158e-01
-2.750841661456426279e-01
4.858782769542975832e-01
9.874856564613956333e-01
6.963587556279124513e+00
5.823398630166360057e+00
3.270422627304139684e+00
-1.438806159668408524e+00
2.283677140427957220e+00
2.961883337060782218e+00
-9.616737118091942538e-01
2.941047209463218071e+00
-5.749314690007896189e+00
-2.077153881769851385e+00
-5.121822741510483112e+00
-1.052704259223593297e+01
-2.293266695052367687e+00
-1.612694119529765491e+00
3.236563993358700486e+00
3.048158338751608021e+00
2.338276199851595294e+00
7.196093352877215299e-01
-1.521624201338516169e-01
4.944223650107658408e+00
-5.081594840224051168e+00
2.468742533597255928e+00
4.676320162653312962e-01
9.014614569829151325e-01
2.488428575684680233e+00
-5.970386978083781493e+00
-4.332395587757889022e-01
-5.833284076899086124e+00
1.717676348190037450e+00
-6.004924921280303529e+00
-4.543719385034672431e-01
-4.243205016937422691e+00
-2.839021491745614245e+00
-6.341897361773990660e+00
-6.929982741328593931e+00
-9.025139239240079547e+00
-1.612918979946558640e+00
-2.849125131191680094e+00
-3.655376866035476624e+00
-7.780121374604890505e+00
3.677982595567197421e+00
4.177341765821928732e+00
5.690843753663519244e-01
1.816020897243831200e+00
6.973400129086669175e+00
1.354580414920858189e+01
1.215189293290486461e+01
1.424621017148127322e+01
1.783168852166642537e+01
8.667556266654775854e+00
2.200398798863736261e+01
5.686306840986568467e+00
2.291618957547870428e-01
4.436593159614304227e+00
1.818581928949707827e+00
7.952263076799173547e+00
-3.187749005749974884e+00
4.822812556269657769e+00
6.782282017192949874e-01
-1.000796739632868970e+00
-1.216526024564913655e+00
-6.143565065123250513e+00
-8.314808707705264368e+00
-1.043486327474963460e+01
-7.706445032255449412e+00
-4.968159329263456492e+00
3.627663473852730025e+00
-4.232754907676149259e+00
1.284358651930798123e+00
-1.195344504043025224e-01
-1.938372749295845521e-01
7.948659712097070340e+00
-2.118343437478325431e+00
2.040384537466002346e+00
-2.495125873292515895e+00
3.427464539245281827e+00
-2.145908215330440960e+00
-1.212112883979691302e+00
-2.479872865802325244e+00
-2.090352331366964300e+00
-3.955150763908546807e+00
3.973966620555345663e+00
9.419267151505705815e-02
-4.913733961936399552e+00
-3.394992273206030475e+00
2.261698031201037740e+00
-5.994175473640496854e+00
5.787624857880899754e+00
-8.200698088165458088e+00
1.725297965685698820e+00
-4.916531231304072769e+00
-2.331393698380716195e+00
-1.708604675140712015e+00
5.696156186828819301e+00
-2.861934250766462018e+00
-3.568498298150264425e-01
-2.221555426543009748e+00
-1.779230470971112921e-01
-5.896497967525240469e+00
-3.169950751928593213e+00
-6.850341281233267132e+00
-1.225723092245145551e+01
-5.388712501111180941e+00
-4.083886912695638749e+00
-2.284717181723149970e+00
-1.271390781294979622e+00
3.495820781071969918e-01
-2.660958429908129919e+00
-3.366998376966167328e+00
-6.721550462547051019e+00
-4.085303374078361749e+00
8.522650057112242550e+00
-3.681584839809951326e+00
2.886773741222813605e+00
-4.157754936737022788e+00
-8.582094980957773345e+00
-1.437248548493051636e+01
5.543165957669773380e-01
-3.579632335699892920e+00
2.888270817147304381e+00
-1.116766464702697625e+01
1.004762429170439297e+01
3.287181681333705363e+00
5.883425155107206095e+00
9.674484087894383855e-01
3.365863497044853325e+00
-4.057201183360781727e+00
6.662169010950042214e+00
-2.553896245326773062e+00
5.684046447204873509e+00
-1.456064850286140855e+00
-3.383902302264295336e+00
-4.131482902928042655e+00
-6.920866087322329108e+00
-1.879990483434503590e+00
-1.248849927214610034e+01
-2.954034609020297797e+00
2.041098992463346029e+00
-9.517282692588722171e+00
-1.084975602012453688e+00
-6.941680764190021335e+00
-4.478805812451692958e+00
-8.665448468527237935e+00
2.874486409487337496e-02
-4.023703454200747487e+00
1.010491199891305758e+00
-1.843064100018820817e+00
1.468344020611434653e+00
-1.702095250855669262e+00
-6.173820770309629280e-01
-2.427619050792289901e+00
-4.403987217267661514e+00
3.864540177705498625e+00
-9.694643314411627300e-02
6.269512784229253732e+00
-3.954969032098038628e+00
4.316211907769442746e+00
-1.667202449793642460e-01
-3.718599263505422692e-01
-8.382223950998547446e-01
-4.958156794510414578e+00
9.542427064991281682e+00
5.524291942101851483e+00
9.379304640402116533e+00
-2.651240596324439203e+00
1.175283028032744870e+00
5.981755982450752462e+00
-6.789803466462180914e+00
-3.564216191074021989e+00
-1.496185612391869668e+01
3.121147980817653877e+00
-1.404072130789287876e+01
-2.320140187768654272e+00
-1.196617252474035631e+01
-5.444792880981986549e+00
-6.827076323128161484e+00
1.171400364211218559e+01
8.495738779053676026e+00
1.798381156574575357e+01
2.205999267144854059e+00
1.097848828095894902e+01
-1.637696075059376533e+00
-1.121505977053059988e+00
1.469627566855296941e+01
-1.808890882476871909e+00
5.423085378136868862e+00
-9.587085206852789199e+00
-3.029835765886432775e+00
1.526359592592466674e+00
6.577655264475691155e+00
3.459237604815901257e+00
-6.488214878631856641e-02
-6.895006401721879286e-01
7.158457266854197698e+00
1.602074789220936823e+00
8.092601630943317303e+00
7.471963937133495604e-01
7.225439906049595074e+00
5.515453153343008452e+00
9.817184993007183280e+00
-2.995503330053192581e+00
2.560192780405567081e+00
1.144522241003892576e-01
9.927985961431143869e-01
-1.123534124158088066e+00
-2.013282787017071307e+00
-7.893986067013373242e-01
-4.570358841606227074e+00
-4.261132621013715149e-01
-1.089692994602607534e+01
-2.758750155933194836e+00
2.931836540232410027e+00
-1.497148824200694062e+00
2.985216697458009882e+00
-5.370470204286964311e+00
-6.222749609975662288e+00
-6.784986964837814716e-01
-1.281141686457030415e+00
-2.381159602264114383e+00
6.364578862043706486e+00
-6.826179210699322653e+00
2.478805381333220481e+00
-1.808881525360339915e-01
-3.746107481159981489e-01
6.993198793716397077e+00
5.013687977786031702e+00
1.429826650156435086e+01
1.639289643088537218e+01
4.420446494831248074e+00
1.251047725070067074e+01
8.348998272603390669e-01
-6.099654198935307470e+00
-4.608212532497740987e+00
8.512950554167835193e+00
8.857120659421360287e+00
-1.904804241467038084e+00
1.634648792530530059e+01
1.790332460014505145e+01
2.997705857553099928e+00
5.040569328859284326e+00
-3.530318414026719420e+00
-4.934986845688573709e+00
-5.521078393127297979e+00
-6.114443734139488607e-01
-1.226969383648319756e+00
-1.192859426077518492e+01
5.064817043670544194e+00
4.240232703945848058e+00
2.176083715340237035e+00
-1.669828094234087290e+00
-5.429713581644253217e+00
-5.341375332176487412e+00
6.210606735972872272e+00
-7.038044248043162199e+00
-1.112974489788522447e+01
1.101989926471448555e+01
-5.151927654243892540e+00
1.186950484980719756e+00
-7.563945655210749131e+00
-1.059225996141568649e+00
-7.538207563610088702e-01
-7.405748109484194153e+00
2.660203454475686957e+00
-3.647233897797411473e+00
4.441427512607169170e+00
-2.251255040627551551e+00
4.191575912319371877e-01
-9.696325273503394460e-01
-6.882975516625863044e+00
-8.380964010615160609e-01
-6.464334493460697217e+00
2.168148774398144241e+00
-3.079984738592213223e+00
2.076990943640767640e+00
-2.116475822727540645e+00
4.835172713386044485e+00
-1.284715272106915274e+00
-5.994177966349967690e+00
5.546450793587665018e+00
-5.644395334597961389e-01
6.829024457790222158e+00
-7.315911233295198102e-01
4.654774408499184446e+00
-1.229849419914996966e+00
5.023159888384544081e-01
7.052958538370489583e-01
-3.355111516660701731e+00
6.349697232814480730e-01
1.751406266239050158e+00
6.431101704134281505e+00
-5.438911950825970010e+00
-1.016625427176979457e+00
9.574390770351864921e-01
1.086057737691297653e+00
3.444696670845913689e-01
-1.955270113093559026e-01
-1.014609796885105020e+01
2.160674799312383154e+00
8.028491651277429142e+00
-5.277452980114775372e+00
3.850878607239199836e-01
1.303363230434920972e+00
-1.487344966826298354e+01
-1.378739731445816830e+01
-1.897059775611249677e+01
-9.190297752436760170e-01
-1.615559027454539276e+01
-3.265306153651919630e+01
-7.506116329528690123e+00
-5.829165751801776985e+00
-2.484714657523806025e+01
-5.124278290078756015e+00
-6.376546590931360114e+00
-8.180219941959665064e+00
-1.172673596374523086e+01
2.519141735376174474e+00
-6.335985521484682748e-01
3.594808366048485304e+00
-8.662427514708053167e+00
3.758773228189265403e+00
8.467575510010888706e+00
8.145420719567398882e-01
4.164374619215420736e+00
-4.573889213494886086e+00
7.218205147290924550e+00
2.114706419904534673e+00
2.046671178132051239e+00
-8.960564831641701034e+00
1.153648748694256909e+01
-4.721110305072814484e+00
9.647629559331649673e+00
-5.321671961316613242e+00
3.623191807112838170e+00
1.604750357361440116e+00
9.404018471949066038e-01
-8.808315648859172953e+00
4.617826300428733433e+00
1.619542224362851446e+00
-2.992499797160998121e+00
8.210977603333821095e-01
-5.720738075363002828e+00
1.767561968719171483e+00
3.323460028744067873e+00
3.664419086744998832e-01
-4.511019030766341587e+00
3.293030709815258916e+00
1.273797051961298443e+00
4.160683463814561556e+00
2.910769201972340348e+00
6.449733224824321098e-01
9.397394974170497628e-01
-3.628257635765677058e+00
-4.126565506063604616e+00
-4.686101372860856706e+00
4.898927928216534333e+00
-2.969956038569208090e+00
3.463314624431181432e+00
1.354305591155097854e+00
-3.068221289042718514e+00
1.414772265432556964e+00
4.062785785959255769e+00
1.319878121352752398e+00
-3.351028327118302563e+00
4.908362268043801713e+00
1.040863610364791692e+00
3.866465068584835407e+00
3.917252911582383756e+00
4.320941946100383957e-01
-1.514930424851498980e+00
1.138696276243803540e+00
-3.158798446766120094e-01
-3.260427089801705591e+00
3.774655583617481991e+00
-4.053830014129935044e+00
-7.877537018865624630e-01
-3.101571330950147587e+00
-9.388642817775023630e-01
-6.811049621895269190e+00
-4.163318162151248558e-02
-1.962782371852176411e+00
3.327340536829160200e+00
-1.346073118877843022e+01
8.529306741475101816e+00
-7.411460173692912434e+00
2.108987316952535274e+00
-3.032559646360790673e+00
-8.956865431918306086e+00
4.481949375611375075e+00
-8.655866261594690414e+00
-1.357344751482932566e+01
8.572260585557641477e+00
-5.878994800216996275e+00
-4.835330652289226983e-01
-8.991153824520452531e+00
3.303061063567813149e-01
-6.394766255133888855e+00
-1.954579768244958604e+00
-3.199339310098078037e+00
-8.160194832635962570e+00
-2.997760585939409861e+00
3.114847754951454717e-01
6.769783629998148200e+00
4.587010215008390013e+00
6.742227819415473000e+00
-2.613032663348895923e+01
-1.392978915870827450e+01
-7.859413929077463834e+00
-6.506232329733903974e+00
-1.406389936326808865e+01
-4.043153132255260296e+00
3.877597029006068841e+00
-2.678723999221300112e+00
1.108784193713918498e+01
-2.322694815030128090e+00
1.254006136508586833e+00
7.176577291823559301e-01
-8.124564540319674510e-02
7.522070176977006639e+00
-4.980324091133614850e+00
2.149018026525329361e+00
-6.203408414034542240e+00
-7.414109726919832610e+00
-2.620914454449398523e+00
-1.646434656990584244e+01
-7.287123850415217596e+00
-1.493167683105214527e+00
-1.265611976353453727e+01
-2.540081873697044856e-01
5.072021286465177026e-01
6.080362054179087039e+00
-5.764572243867671641e-01
-2.021064414476317683e+00
3.849339932146566556e-01
-2.075388739727097143e+00
-3.618148536060987297e+00
6.168593510875156838e+00
-2.734288882816735544e+00
1.725898565296981824e+00
1.130924058475387906e+00
3.584756516122190817e+00
4.813406824710942722e+00
7.302780670162570154e+00
-3.507192972990250457e+00
-6.504998133149485495e-01
2.187294350351713490e+01
-1.448587754519648207e+01
-5.247685698824001710e-01
-7.940042037818029641e+00
-4.842202940429908509e+00
-9.746046034529293189e-01
2.423556719518982216e+00
8.132724184888485697e-01
-5.832355688783524172e+00
-2.349735600923913204e+00
4.208536570842819624e-01
2.407728793787569099e+00
1.557521705761814479e+00
6.242543542009845181e-01
-2.169250225404137566e+01
-7.992975038915266506e-01
-5.621676028954072812e+00
-2.035383598236720548e+00
-1.338015555833180770e+01
5.563546421167583134e+00
-3.172096592806638249e+00
5.902593438905429757e+00
3.751705228049997842e+00
-4.174734554723755764e+00
-8.904658448221214329e+00
-2.129855882557393887e+00
-4.063049104891303998e+00
2.389170335995609296e-02
-2.675021380732868881e+00
3.383768445883024167e+00
3.106874362842616311e+00
1.073928455367367807e+00
4.520944042425785625e+00
-2.286050810576028436e+00
3.711654100691650804e+00
-6.857412372407248213e+00
1.048799243082462418e+00
-2.834929047703173555e-01
7.533107345283799994e+00
5.404186970413400459e+00
6.526232378260304223e+00
1.075434283362024068e+00
2.914584473592802372e+00
1.443340746091271276e+00
-2.631217792422756663e+00
-7.170537697948380362e+00
4.335694663356570722e+00
-6.359665386238551044e+00
-5.225519649407246447e+00
2.552253271606656493e-01
-6.161085500833175743e+00
6.814438720814511186e+00
1.277669348205945132e+00
2.446356610923568820e+00
-6.117031486147241459e+00
1.292331708192204687e+01
5.993374101101019313e+00
9.528919037578202023e+00
-1.858090728320715312e+00
-2.963524239054072140e+00
-5.437217864854529736e+00
-1.945216107715770448e+01
-3.900079887601832218e-01
-5.972714543108010865e+00
-1.262536460758510337e+01
-1.232295667139981710e+01
-2.277730987822726316e+00
1.195925040725050570e+00
-3.416279390938567584e+00
1.102745325043176194e+01
8.693768818723706104e+00
8.176211517065583578e+00
-3.015909914969050476e+00
1.243864785276853979e+01
3.363803566592015404e+00
1.799200832744900325e+01
-2.552481090157349808e+00
2.016861846313693807e+00
5.344843371595632497e+00
3.136974925027442573e+00
-4.562184234946697003e+00
1.259155672586907038e+01
5.891532242997671531e+00
-2.646175162626903887e+00
-2.433141913967630465e+00
-4.020665331886557503e+00
7.427615827414992822e+00
-1.441449373527411915e+01
-8.924245566209739522e+00
-2.700647613388741153e+00
-1.211099032093251004e+01
-6.870625747923319260e+00
-1.687552655268317991e+00
1.770251946586724578e+00
5.131004207132054684e-02
1.444721069450735840e+01
7.585671600036199003e+00
1.511975937418100813e+01
-3.205363432357461129e+00
1.065793229938955911e+01
3.005141176996482866e+00
-4.519687100227363530e+00
-4.678102759002659816e+00
-8.012209385535976836e+00
5.475418771150825314e+00
5.112413531537095324e+00
4.343393628436024834e+00
4.378523336814605038e+00
-5.618191025819083251e+00
2.977045156043482965e+00
-8.045377267612360939e+00
-3.159521772996745526e+00
-9.109777498342330304e+00
-3.297281103059755303e+00
-3.019120306372120144e+00
-4.322657351522988911e+00
-1.349891133695925838e+01
-1.931686147253151686e+00
-5.363248297625209382e+00
-1.156523759413835784e+00
3.096698084354090330e+00
4.304624583212831035e-01
9.106173120263569842e+00
1.428992393093595581e+01
1.808534486505230987e+01
1.840811051353479399e+01
2.127779864519996877e+01
2.469061788402663549e+00
1.277787935949127629e+01
2.212492012733855873e+00
6.323207091063581586e+00
2.340492749482117940e+00
-5.964892982183973125e+00
4.700546031358962651e+00
-1.006021009237735075e+00
5.997204161539482214e+00
-2.379473231782746723e+00
-6.729129812862584270e-01
-2.346616576503496532e+00
-7.553523479138860353e+00
5.145939371782410454e+00
4.474410920692690752e+00
6.135247930961231333e+00
-2.692356606939751096e+00
1.757845893750065391e+00
3.896043332909236323e+00
-1.621700600197249154e+00
2.894149767883859248e+00
-2.717030161829476764e+00
-3.077489792043428096e+00
-6.249526484326942466e+00
1.846699063900956173e+00
1.737053589517626451e+00
-1.225728266096789731e+01
-2.414960503052646867e+00
-1.172066685001379938e+01
-6.427332438906020684e+00
-4.059719378225594255e+00
2.454535920840329177e-01
4.697538069475901246e+00
6.980255862838677494e+00
-4.040823474026097095e+00
-8.797134872328564725e-01
5.523499596112635857e+00
-3.231539232851766474e+00
-1.858130644488481309e+00
-1.884233350815692321e+00
-2.260699204058098211e+00
-7.847862332310400202e-01
-2.204592845618767782e+00
-4.903213124828798897e+00
2.404325954512311014e+00
-2.770361852868937103e+00
1.604604324198045662e-01
-8.562889658566691375e-01
4.124833384856924773e-02
5.033156279706550995e-01
1.676609416166056965e+00
-9.451981246738224707e-01
-2.108461735776386625e+00
7.085241700454301572e+00
-3.003450093975408297e+00
3.933305540685557489e+00
-1.359648732368040402e+00
-4.371776444595566247e+00
4.044945374099152779e+00
-2.334403982500480534e+00
6.629343811183511903e+00
-4.852941031956754081e+00
3.808510339789345167e+00
-1.687627703976266158e+00
-1.161128130534319070e+00
-3.104113946039583460e+00
-1.667670195983650405e+00
1.132600883483120546e-01
2.260463341488295974e+00
-9.767817529745009830e-01
-3.800888700725325808e+00
4.904616556375417602e+00
-1.994126552381214168e+00
2.192834763517631735e+00
1.167609502150978029e+00
2.663177319804837406e+00
-8.406545473240425892e+00
1.194232962041311685e+00
1.349334234808134692e-01
-1.382549735841847038e+00
-1.955776029632040558e+00
-4.360158029275276625e+00
-9.157493311957850324e+00
-1.175048329049645801e+01
-3.251640283333999903e+00
1.101883696784590860e+00
1.946930763805618136e+00
6.908382877814391421e+00
-4.138228239327285785e+00
2.807473236594921762e+00
1.274634759771128723e+00
-1.982154696168977326e+00
-9.823158789860254592e-01
-4.870700607915302349e+00
-2.340411323668573740e+00
1.517812199717441191e+00
-1.407233996250218666e-01
-2.467432813861395235e+00
5.779820145582450053e+00
-4.918621350530126612e+00
2.298065105059639290e-01
-1.477444800462058616e+00
-1.904526331633874081e+00
1.179159931582620668e+00
1.307219174828027297e+00
-1.377216133050526459e+01
-2.166964686859083944e+00
8.559392253357250624e+00
-7.626891952538628949e+00
6.407587002868162962e+00
1.171624273646212799e+01
9.973889195998003387e+00
1.872566257663949019e+00
-4.715868076998630087e+00
3.162132290170868831e+00
-1.561091554921632207e+00
3.240557673754974388e+00
-8.249657556462224317e-01
4.251220581004556465e+00
1.542652733515849750e+00
1.562051632735948159e+00
5.186668757054647472e+00
-5.674455902718967826e-01
3.507895562647263876e+00
2.883035719323470136e+00
4.240489937627927475e+00
-4.424261922421282023e-01
1.556854725115744964e+00
1.737080901024359969e+00
8.712423500747991378e-02
-4.315695567738233152e+00
9.453183975718873810e+00
1.140692974447221397e+00
-1.778100482095515689e-01
2.063746940835347132e+01
-8.526564063617914968e+00
3.576265603489416023e+00
-5.173247547932470880e+00
7.857924878103164090e-01
5.266506099276085706e+00
-1.344020810788942311e-01
3.565087573269936527e+00
-2.051866730808187711e+00
4.576341857347384412e+00
-9.865081187786917116e-01
-9.229838840993445093e-01
-3.623458765675968141e-01
-2.725201785475678928e+00
4.961085440012898751e+00
6.564727515824716475e-01
6.482118559948536252e+00
-1.583203728894463924e-01
4.463423079701781759e+00
3.581569287543711066e-01
-1.833717633555194126e-01
-1.062130260482341271e+00
-3.681482631330744493e+00
-3.165296202785236712e+00
9.631286905603771986e-01
-8.425742113300983549e-01
-2.729857101475060777e+00
6.071174367634329272e+00
-4.254757655286720563e+00
2.602686778439345261e+00
-6.848249906087435779e-01
-1.875056359025540020e+00
7.852881500664689263e+00
1.055670390491744293e+01
1.281427141816908666e+01
9.769028394781482938e-02
4.760505006074456702e+00
9.230482164014842894e+00
2.733897927328144295e+00
4.286239377870492362e+00
7.135346088640047713e-01
7.823275407878734988e+00
-3.073858610509078160e-01
9.118062285821794788e+00
-2.698502924712697482e+00
6.713216964689098454e+00
-5.707504938181096055e-02
-1.133163310034676297e+00
-5.264532451092108545e+00
-4.365397794176131718e+00
1.542199942555474657e+00
-2.014020108492351746e-01
3.587279712407472676e+00
-4.459285789303544689e+00
2.853601013672493636e+00
-1.030175573189486826e+00
-1.262703457419812603e+00
1.090395136515266650e+00
-1.735642169140140467e+00
-3.889479837854515676e+00
-4.095177217905883182e+00
-4.726866425428650764e+00
-3.918644847552150257e+00
5.721733998834826807e+00
-3.938108978820689110e+00
3.377867895977537671e+00
-1.950843090517138556e+00
-4.446600118927892531e+00
5.103110514153731181e+00
1.888591836724799577e+00
-1.150342453153101729e+01
-1.267299605722568945e+00
1.479477906629414896e+01
-2.103764786035559098e+01
2.760660495439803519e+00
2.612836660199131522e+00
5.959061696876382541e+00
-1.499688722310207334e+00
-1.836229906898205311e+00
3.689373484283721694e-01
-1.346361694794354058e+01
-2.346121938348372460e+00
-1.768492486452480472e+00
-4.879913313253340768e+00
-3.961680030823618637e+00
1.040193014078950817e+00
3.149837844570631429e+00
6.724315720401587093e+00
7.504926650537677268e+00
3.376636537215334855e+00
2.635191040869437007e+00
2.525803026687328146e+00
-4.300908175940271860e+00
-2.103296612613057448e+00
-2.068463050012998128e+00
5.169389042528957923e+00
1.072325850256891311e+00
7.072670254403706558e+00
5.487713347944502829e-01
4.117974960337284607e+00
-3.241147454723737109e+00
-2.617137171053402156e+00
-6.332664046621760967e+00
-2.151669758932118093e+00
-7.795077563049524372e+00
-5.195347363992429024e+00
2.489112061573019119e+00
-4.462481828379465831e+00
-1.506951401853876327e+00
6.269764390054079151e+00
-1.080558437451346343e+01
1.865880820375046101e+00
-5.515715848326495419e+00
-1.253628586388818356e+00
4.190389440286241829e-01
-1.803659723848166418e+00
-2.871343481690000310e+00
6.410703763415346756e+00
-3.365550660241851677e+00
3.615556849195748601e+00
-1.622249756840461909e+00
-4.185983261484434337e+00
7.573923724146038872e+00
-2.077809108089711643e+00
9.283839211724833618e+00
-2.661689012525164877e+00
4.038450716935328089e+00
-2.643799124047030435e+00
2.628614183516490677e+00
-2.746186124501007741e-01
5.892223213187715025e+00
-1.573872471693266384e+00
5.040085646291540655e+00
1.025360464837415941e+00
-2.798431041633521410e+00
-1.914383347622207410e+00
4.899973999697605720e+00
-9.625938150421852413e+00
3.512140438943631260e+00
5.247453215974656082e+00
-4.044581642606782879e+00
2.025608888127470308e+00
3.427170249031125326e+00
-1.856742908472845510e+00
-1.710684236373470224e+00
2.953365696782621619e+00
5.491804850439672286e-02
2.817721711076279778e-01
3.485322489405183077e+00
9.875981778269546929e-01
4.226334345549606297e+00
1.276947388740523381e+00
-4.973127895694529954e+00
7.776256268781894798e-01
-7.640474586249480504e-01
-4.946316257756165236e+00
-2.312269861552447736e+00
-5.550308131586751959e-01
-1.744737765847405919e+00
4.428566616348937335e-01
-6.906414848345345803e-01
-3.117706899057906433e+00
4.009334499361608906e+00
-3.643053005098875641e+00
-3.763236794145129877e-02
-1.481098574853882077e+00
-5.156111059168887456e-01
5.156892310834954252e+00
5.434948908730475203e+00
6.168562653354587866e+00
6.080650830592958300e+00
1.096010509658127319e+01
-4.062872716941635431e+00
1.477835016500748555e+00
-6.006021194061563762e+00
5.281157515459495855e+00
1.685345706326745940e+01
1.188349384402283171e+01
3.465497269145698667e+00
1.722751278810012465e+01
2.565534862203671551e+01
-6.491684870802577834e+00
7.157422502724249291e+00
7.292164950085698649e+00
1.320619759222700296e+01
4.313239477794635235e+00
-4.648470410108220818e+00
1.156268241532949936e+00
-8.440147926634224973e+00
-8.532600260077232157e-01
-2.425425895985111158e+00
5.038687265677922689e+00
2.982771851492129311e+00
7.296386298833776429e+00
1.298645785502511529e+00
3.056256169509036003e+00
2.263084790814463787e+00
-8.311275143360690176e-01
5.760933304293612167e+00
8.195925708582977309e-01
-8.536579284507408438e-01
-1.396756231861420616e+00
-4.403687584149984513e-01
4.920943801719907640e+00
-1.428406628440897386e+00
9.905558231830424276e+00
1.465517442505787749e+00
8.318077847333603003e+00
6.641232483575614243e-01
-5.342149329570933247e-01
-7.026130076371888133e-01
-3.613094639491780669e+00
-1.441990097379522062e+01
-5.753467986913118004e+00
-4.348354333813762906e+00
6.119877921279434085e-01
-1.302734894113795505e+01
3.490033284938753422e+00
7.150757961296856369e-01
2.700167947530769941e-01
5.638339584373868618e+00
-9.056846119321285693e-01
2.721653761123571158e+00
8.344106742596022475e-01
-2.739410319620867451e+00
5.649604177123223714e+00
-4.511191295450720062e+00
-3.991815244576001120e+00
-2.478067890161929354e-01
1.628620199662296653e+00
1.070312455514836358e+01
2.432483427855043789e+00
3.662964058702510073e+00
-2.773121673397675568e+00
-1.110038532762125829e+00
3.005453710742482354e+00
-2.683955417491986850e+00
2.425510497967907408e+00
3.064800328517116590e+00
7.320455492761812621e-01
2.367834226789373275e+00
-5.577911682434912866e-01
-3.273076286638878507e+00
5.671362971773824313e+00
-1.255972728598590216e+00
1.180371686725036007e+00
1.988870185417545233e+00
1.570169908786167801e+00
-1.362514440224130929e+00
-6.388986938317668951e+00
1.787960664027697266e+00
-5.235203714593726687e+00
8.384975100248831525e-01
-2.357199018034653371e+00
1.113831433759040479e+00
6.354309167755149979e-01
1.158634640103611169e+00
-1.739412861708069524e+00
-8.243698943545293645e+00
-1.674773010884431090e-01
-6.623051144090166709e+00
1.726548467231267869e+00
-2.235986189770288401e+00
-2.342055254669542119e+00
-2.578561813853027296e+00
-2.484827985451883769e+00
5.078283272705642837e+00
7.702644041598649682e-01
6.022562742384121925e+00
6.385551813055615478e-01
4.630305717112087827e+00
6.522573404729143931e-01
-9.030537143502200825e-01
5.342870924474980576e-01
3.150396172696671382e+00
-5.762538381307753532e+00
-5.431239607108071077e+00
-3.947012075503100625e+00
-1.505107455068351818e+01
-3.170631283427562952e+00
-3.398716358780229818e+00
-5.375369778883476002e+00
-3.637591189146565540e+00
5.793090073924609840e+00
-1.542959420511547997e+00
-1.218599469214695308e+00
2.749624842045343520e+00
-4.617658745620970784e+00
6.331456232535060957e-01
-6.381163768487687626e-01
2.215468127242140040e-01
5.361851489340541121e-01
1.415956018500699631e+00
1.804128027503011156e+00
-3.344788006458142338e+00
9.850147333813101369e+00
9.647469623941415939e-01
8.420443240299228194e+00
1.416904417265597571e-01
-3.334164481913863387e+00
-3.201834970106844924e+00
-2.570655678488040330e+00
4.295158778537831346e+00
5.811780544404859583e+00
3.290337207906368633e+00
-2.472302919935118748e+00
3.645039057772827995e+00
9.165485919929566849e-01
-4.362758742682387059e+00
-1.875665013654969515e+00
-5.285665549365823335e-01
3.753497314266702189e-01
2.353702308907215990e+00
-2.289368980900579886e-01
-3.540379737685988015e+00
4.527092435307017659e+00
-3.536379769513650739e+00
1.345058342634426030e+00
-1.632601030488724847e+00
-4.083755217540208982e+00
-2.451131337734135940e+00
-3.773564662376155954e-01
3.134064607501124033e+00
-5.428249989172254431e+00
-1.754092072314563100e-01
4.998298270832015611e+00
-1.276225925673194261e+00
2.842425451597482944e+00
6.498934690786413171e+00
3.489597102899684167e+00
-8.145841158323159359e-01
5.369716081025736720e+00
-3.812481936968696417e+00
3.826225130588498669e+00
-3.292622845581248403e-01
-8.545099069475148301e-01
1.567704163598334088e-01
-1.576692046246000789e+00
7.782228048010068733e+00
-3.294568617175641201e+00
7.909855087540417884e+00
-1.942623811277264023e+00
4.967791290426625928e+00
-2.277666216329822912e+00
-8.309654858566781765e-01
-2.779500798961578756e+00
1.528252300170960698e+00
-2.569391467234797943e+00
-8.223465396563022223e-01
3.960093167890038623e-01
-7.329819365871281800e-02
-2.338465619804326323e+00
5.785426740473338381e-01
1.944672643951817603e+00
5.858070931506258461e-01
4.739216738166227572e+00
3.050427245596661674e+00
4.886030148495237313e+00
1.797798380849464195e+00
-3.599542497564498067e+00
4.142215341803340500e+00
2.050659382015765697e+00
2.099990818774269741e+00
4.705851570486827562e+00
2.985335650882086522e+00
5.408098814339552973e+00
4.764919662706347259e-01
5.335362290582912337e+00
-6.855317013450139996e+00
6.279942033963462622e-01
3.189966644290590653e-02
-6.069396041225542326e+00
-2.258195117154270903e+00
6.789233734573514312e+00
2.442071683582935915e+00
4.890781346703130694e+00
4.387990304894943350e+00
-4.265542770906672887e-01
-1.644808026818516677e-01
1.281378185692066962e+00
-8.274149039160606733e+00
-2.113959494760776714e+00
-1.853895356733887279e-01
1.747666449042978742e+00
-2.617160479398724426e+00
7.242282086776811179e-01
8.195865082098868770e-01
2.213931478491888871e+00
-4.173610644387407476e+00
3.200321868081937193e+00
1.041793964018029817e+00
9.729368608396587348e+00
-1.376460655864781613e+00
1.000190697628432934e+00
5.359780274602019556e-01
-2.175877849593277347e+00
4.043331349024806620e+00
-2.211324413530001198e+00
-7.936892774042852983e-01
-9.118248973992594264e-01
-1.601898793551094657e+00
-2.432047233911172501e+00
-2.602526386622379118e+00
-2.049003078017395563e+00
-1.482799193830149909e+00
6.470412924778323749e+00
7.910400715802873295e-01
7.400935468278649898e-01
1.790769079699671362e+00
4.022473919470053616e+00
5.311405889566172434e+00
-2.474793523847550247e+00
-1.082442476623364902e+00
-4.330194503902296432e+00
3.870405448100044055e+00
-3.714898823591062715e+00
-3.559813361302757606e+00
-1.977991626710040363e+00
7.560087762597033745e+00
-6.245551120132231127e-01
4.060529657239814738e-01
-1.613230447328942940e+00
-3.731566170806448035e+00
5.402097458821733866e+00
-9.588613072553023864e-01
3.163177447799472852e-02
1.797499362528495848e+00
1.092258982858082650e+00
7.626940113555172873e-01
3.434567445099481642e+00
-2.702999408919058433e-01
-2.248919449411318272e+00
6.738674115102253559e+00
-5.686164581971858034e+00
-1.197307069821422765e+00
-4.146646508558306188e+00
-1.190730661831768789e+00
-1.418860764821980647e+00
-6.792770520830055503e+00
7.064898401426318308e-01
-7.981454502163497722e+00
-1.269915944671516694e+00
-3.428394872420119199e+00
4.842751918078269213e+00
1.626582161713155950e+00
7.556425573710540355e+00
2.963944048689362010e+00
5.728891537525740318e+00
4.728020949738922951e+00
3.591024797070324626e-01
6.143193151958137754e+00
1.299740012302247338e+00
-8.439938992735237511e-01
7.675766506747171425e-01
-7.335933976611731522e-01
-3.407811040133340574e-02
1.796826313688750343e+00
5.482593708797790732e+00
-4.093012802381864823e+00
1.299799030129715538e+00
1.281154125233503915e+00
-1.079992945276113758e+01
-2.691836436600083093e+00
9.644119590961214072e+00
1.150971742877159754e+00
-3.273477688727313151e+00
3.399644497585905700e+00
-3.260914758806034097e+00
2.729929426796598335e+00
1.396573812543246418e-01
2.438403786538331897e+00
2.514896125069071786e+00
3.985396445360025464e+00
6.584029561566742128e-01
-4.966614981466849876e+00
5.120880189802833549e+00
-1.930358220499788446e+00
5.580026588458564696e+00
4.767047922646904246e-01
3.743497134380719515e+00
5.307416283020566894e+00
4.027135444601708691e+00
8.381863392857363593e+00
1.470967305269365588e-01
2.384898219663664332e+00
-2.219725797328317984e+00
-1.534415472743167363e+00
2.500777847095722262e+00
3.277881939123962418e+00
6.944431099787641948e+00
7.620880938124020787e+00
-2.192303742679947209e+00
-6.522254898718598426e+00
1.128178694869596654e+00
-1.202559532768940720e+01
1.227595897019309268e+00
-5.765951392470491044e+00
-9.074855548054969745e+00
-5.571266775179553044e+00
9.511257564867609204e+00
-9.316878588125017402e-02
1.853803146324109363e+00
1.508489349244445998e+00
-1.862853679661529815e+00
4.253382541854721310e+00
-2.843766606267857378e-01
2.198325255164036984e-01
2.423344514141132944e+00
6.041909045756390650e-01
-1.864226602719731285e-01
1.965982443907819066e+00
4.164839694106112766e-01
-3.176138681950346765e+00
2.566871795155408531e+00
-8.407388456363261042e+00
-9.631030287861420902e+00
-6.006646822311807910e+00
8.372529656295224498e+00
6.051023826226893831e+00
-1.225593698395851971e+00
7.121672145923285235e+00
-5.096874493169320175e+00
4.838740517736273894e+00
-6.054718812833471908e+00
-5.709523682703044223e+00
-3.993037429063031940e+00
4.926328668100039998e+00
-3.083844424669557771e+00
-7.065405781695233145e+00
-5.923352816014141986e+00
-3.984311850152761458e+00
4.928909819802963277e+00
2.141478751686697102e+00
3.531291996250516263e+00
2.170224555465376959e+00
5.465911849973322134e+00
1.752547413385317832e+00
4.448793432182103658e+00
1.460603732469257787e+00
-2.125459564899752962e+00
5.084522165989342923e+00
-2.596162481933689481e+00
1.728004556519973534e+00
1.787922357288014741e+00
1.460091186648545758e+00
1.579963706830710413e+00
2.818007133032858214e+00
5.666398974592454785e-01
-1.971715967135718506e+00
4.250791446596498879e+00
-2.316582328396583623e+00
-1.132549673931822820e+00
3.546634151499931331e+00
9.660369303652132089e+00
2.431011097558444245e+00
1.238337343051637340e+00
2.022046477383157459e+00
2.518228005171649908e+00
-5.276116624196183658e+00
4.362915141460172563e+00
-1.275292541624181597e+00
2.244853459629169823e+00
7.778057727913227637e-02
5.565110400767528276e+00
-1.561637905560131045e+00
5.773092940901039860e+00
6.078441085525932985e-01
6.432056049229175620e+00
4.706983863357746545e-01
-5.475699710520262720e+00
-3.492692744203549915e-01
3.260213195909720696e+00
-1.175439801398624251e+00
8.345581313198159989e+00
4.033883379818397508e+00
4.396146092294484831e+00
-1.898279627505133349e-01
-1.267740995733026566e+00
7.341896532907988160e+00
-5.508504027902960232e+00
7.475522335984252642e+00
1.290561908076090702e+01
5.300490060092815980e+00
1.300994115168770193e+01
5.253404767085540605e+00
1.205622035670652537e+01
9.195157889051859268e-01
-1.102688543425733769e+01
-1.342505709666740010e+01
-1.579458095982034926e+01
8.359181400111071261e-03
-2.114454493014981296e+01
-3.433540518981273237e+01
-1.255670875836852396e+01
-2.510607380577413750e+01
-1.363975871810738560e+01
-8.930709814237330235e+00
1.257282166467507123e+00
6.840564922644746915e+00
-6.481567001029559828e-03
-1.749150034170209977e+00
-1.533715672545521880e+00
-3.172238248516863202e+00
-3.577734123384787690e+00
8.815780712768264138e-01
-5.364314814178410273e+00
1.042698439783033848e+01
1.134879835045900798e+01
-3.304113364564183808e+00
-7.705324565834350992e+00
-5.677239343470363409e+00
-3.577500822248601775e+00
-1.735766478357541498e+00
-3.537042295739262876e+00
-2.265916152683364049e-01
2.889856905097631490e+00
6.246209940309913833e+00
-9.576324563702037551e+00
-2.232736652989999904e+00
4.470314645649205443e-01
5.178500531419967245e+00
-1.096692181869473792e+01
-3.291879309570626688e-01
1.956742572823106041e+00
-2.081047522170886399e+00
-2.831994619170052019e+00
-1.273352484329399203e+01
4.315189131500603570e-01
-9.677319296663846160e+00
-1.149215235385069356e+01
3.164579316831788613e+00
-1.981260684968766839e+01
-1.770237943019547178e+00
1.835515800853763757e+00
5.607374727459240482e+00
-5.279738193139379199e+00
-1.519619983395443352e+00
-7.605635423024028618e-01
-1.746285348002187598e+00
5.671164418296948284e+00
-8.825847871024389946e+00
-1.280016904779938436e+01
-9.783995882140873235e+00
-1.108032019885767916e+01
6.038465126013458750e+00
-9.969843111268691160e+00
2.299394031674483418e+00
-5.870721992265020006e+00
1.851705639781790369e+00
-1.132499323154912085e+00
2.366956503706655557e+00
-3.012850874896823683e+00
-6.179833113006580447e+00
6.131978181608362632e+01
2.189074053578635493e+00
1.764766643460830764e+01
6.966009021336143192e+00
9.872523363894051940e+00
2.178899523923731962e+01
2.493659133967566888e+01
1.732463080081827655e+01
1.023664341328713157e+01
2.364244076936790895e-01
-5.510799337536971265e-01
1.603708660798443209e+00
-1.048118829746101710e+00
-2.065739269337860229e+00
-3.523933059743723506e-01
-1.337448014820136866e+00
-1.228171759627419757e+00
-5.899001884354256875e-01
-1.655534641409402496e+01
-2.490884017528014471e+00
-5.235566921738285195e+00
2.031271447802195596e+00
-1.325161191845637632e+01
3.383723421211748406e+00
2.532246419572420137e+00
-6.315162978573773067e+00
-1.342020661377552271e+00
-1.208579956158221114e+00
-6.650528658884574007e+00
-2.816824188369095872e+00
-2.965219379865410954e+00
-6.308443562002018501e-01
-3.633627686154926817e+00
-3.500225780867963543e+00
-5.109883704991415032e-02
3.631294355491513137e+00
8.200002911618585744e-01
4.028770919092545810e+00
1.029661670170194654e+01
1.004866923226997066e+01
7.819927088125933068e+00
-1.107160725989657912e+01
-7.262171651989807408e+00
-4.367201908293339763e+00
-2.413224405256679805e+00
-2.502346245816630343e+00
-1.532970584592216579e+00
3.830281372979584820e+00
-5.436815823776339762e+00
8.262968077207749618e-01
2.014512718219508169e+00
2.603363989636402920e+00
-9.340173142504006876e-01
5.017079159006931910e+00
1.765775533850091561e+00
-2.464509826267957227e+00
4.069592385647322175e+00
-2.693761823471908734e+00
4.133939625932852024e+00
1.062288043515968727e+00
-3.612929643717707057e-02
-1.534204396565257422e+00
-3.602044951953364382e+00
6.340385714726085808e+00
4.110871445555034143e+00
5.035326681361542711e+00
1.597400172526072248e+00
-1.854471552484736163e+00
4.096278672582064351e-01
1.939320782433072043e+00
-2.363564169889214583e-01
2.121073709676643215e+00
3.401265662935415879e+00
-3.443068971688507673e+00
3.355026837301977150e+00
-3.784472646293783882e+00
3.338264196356232727e+00
-1.347308545150688985e+00
2.520059848527049784e+00
1.654472479728867240e+00
-3.511920572637736715e-01
-4.770842955795159490e+00
-1.150773771284921665e+01
-1.019449637944333631e+00
-1.099904106749043597e+00
-2.005236086411061791e+01
1.086289324317463567e+01
6.843966891257762697e+00
1.665023506576277157e+01
1.152529380735680675e+01
-1.577983459063443838e+00
-4.879645420995931127e-01
-2.509796630931998340e+00
-3.366850608733125139e+00
5.762187725444494646e+00
-3.129671592328298502e+00
-2.738466341150734618e+00
-3.102523951619242659e+00
-6.876725703253470101e+00
1.531522492610899278e+01
1.016543642110327994e+01
2.008316234000054123e+01
2.234103024880624488e+01
2.935101804882455312e+00
6.995869516041087977e+00
4.021386879441576134e+00
3.903164142384419222e+00
2.308859120183252234e+00
-1.389157544772303687e+00
1.143810569336329186e+00
3.814311577010879445e-02
-4.196036202070660970e+00
1.684990318258118291e+00
-3.101616956635108835e+00
-1.227816791411592279e+00
1.428635371097697060e-01
9.003230371557230383e-01
-1.075033538434006530e+01
1.958375852388519789e+01
3.063540533758970952e+01
1.185548586815116501e+01
1.306705182679069033e+01
3.875088884124962618e+01
1.458174977171847964e+01
1.270642197117258299e+01
7.303811029928595211e+00
-2.488466462438994942e+00
-1.778251916055296755e+00
-2.076778779729382851e+00
-1.164038232186305599e+01
3.658302995518879275e+00
1.097576911320407439e-01
-5.370243700510983764e+00
-7.224234912804103459e+00
-1.014936860938535634e+00
-3.495145885282428200e+00
-2.718258096470282936e+00
-2.950521977463544943e+00
-3.842356592819505146e+00
2.849975610537403004e+00
-9.972685461646149108e+00
-1.489610798092174093e+01
-8.893342202009611341e+00
-1.953429258242270761e+00
2.042603491836772811e+00
4.466091857465901427e+00
2.985690147286004681e+00
-5.284539235433856064e+00
9.308927025908293018e+00
3.984682169087861769e+00
-5.349326680350491969e+00
-6.725124682599464165e+00
5.985922713121961669e-01
4.743122763765984296e+00
3.905454061421662182e+00
4.341856868410304271e-01
-2.050440915699542455e+00
-3.082288603452496608e-03
-4.051170522057344847e+00
-3.120026298024704617e-02
-2.952554138879337042e+00
-1.237516310141931752e+00
4.371235480795614414e+00
6.994689409564296412e-01
6.540128597751981410e+00
-3.460549241263282561e+00
2.407657919295283389e+00
1.561506340175490282e+00
6.264207738105135315e-01
2.176486092819348350e+00
-1.150769076653971323e+00
-1.363794150817816409e+00
8.037651881559503275e-01
2.299812373577518887e+00
1.595471257302477186e+00
1.964118781855467955e+00
7.022819666387448478e+00
5.053927076846335353e+00
6.708903230120461636e+00
4.754987682418168049e+00
7.010669743787994790e+00
1.081339144499021643e+01
-4.238612622220013115e+00
-2.095645997501518198e-01
1.360844798986441617e+01
-8.606867057584906888e+00
8.396564759644459031e+00
1.315942922613484178e+01
6.783808728028462909e+00
-2.290542654756705598e+00
6.148644450127434269e-02
-5.421762587858823534e-02
-2.919546476039311500e+00
-8.181872771808118561e-01
5.112039342821310228e+00
6.749083861876519208e+00
7.149023598004576208e+00
2.786437627944409190e+00
1.480914408135096227e+00
7.438234030028597843e+00
4.659578306824878169e+00
5.186167674375254499e+00
1.708762414726383849e-01
1.043253811355112193e+00
6.414917886720559181e+00
-5.028228746351318890e+00
-2.050197688862763101e+00
2.195005555274221365e+00
3.249522664627232160e+00
3.557216646893516909e+00
1.166820382907967080e+00
-1.204210010395574404e+00
-3.916687592739631629e-01
1.522096580853235182e+00
1.686190409355211139e+00
2.019266941336708421e-01
-1.199458727017093196e+01
-4.398100877530715103e-01
-1.356246207388749569e+00
2.826821359286913360e+00
-5.750844136587570432e+00
2.160904519254951861e+00
1.674409174590388849e-01
-1.910174252473509471e+00
-2.027307960062205261e+00
-4.711899088497714772e+00
-4.003224653122964050e+00
-6.789742938739471434e+00
-9.382318088921634214e+00
-9.202835441120766902e-01
-4.759218683525365257e-01
-7.762593434093110201e-01
-1.178188194052374627e+00
-1.380264398158518591e-01
-3.463490784797974342e+00
-2.809306174500834974e+00
-2.566283072604148785e+00
-2.795343757746655555e+00
2.379040927798894423e+00
2.124453686222687487e+00
3.599666962823103944e+00
5.505212418858754120e+00
-7.448405284048301711e-01
-9.664556837780268195e-01
2.044642017557313896e+00
8.509557341946439868e-01
-3.648033481954028101e+00
2.129575647150451889e+00
-1.388586365210954465e+00
-2.903486706905903381e-01
4.508854723123578156e-01
6.042051607424345772e-01
-3.256252966169917329e+01
-1.412844276809763677e+01
-5.762242624565019788e+00
-1.398240322464001295e+01
-9.596678476173682526e+00
-1.169984217321801090e+01
-5.964745890809969309e-01
1.364000854952527042e-01
5.432250590804354573e+00
2.035519477459099225e+00
-3.365643947286888871e+00
6.806051321336895610e-01
9.357719848586490974e-01
4.769493197869717704e+00
1.224261144618613850e-01
3.815122059200527715e+00
3.581938693695258191e+00
6.032149162235187490e-01
3.287104326523956566e+00
5.236776593458733586e+00
3.113623564833083446e+00
-1.641682968385105745e+00
5.040088838414839678e+00
5.169653903059522548e+00
5.577523120309357374e+00
1.498636843784658446e+00
-1.825687159298009954e+00
2.682222366051928653e+00
-2.582307001239713351e+00
-1.082136280715679000e+01
1.029383692300718245e+01
-2.269638621207354046e+00
-3.228769651068985058e-01
3.296773230899049612e+00
7.812885411932471769e+00
2.558999381732226741e+00
-2.962266136403425065e+00
2.360208091594832691e+00
1.307516257660447101e+00
4.548492572357740293e+00
-2.637537575185957994e+00
5.005653616644197612e+00
5.237553631806947108e-01
-1.137466007418268754e+00
-6.918108967857550695e+00
2.198187702604019300e+00
-8.632063674239214279e+00
-9.842881764072814121e+00
-4.705422319549927401e+00
-5.721787933866475662e+00
-2.078064150483870609e+00
-1.920014056622328269e+00
1.105361380067800603e+00
1.023127313184596598e+00
1.476464164311400262e+00
-5.179435255804666127e+00
-3.286460603933890390e+00
-2.167968489329072046e+00
5.093031594439216825e+00
-2.238501868791149985e+00
9.910679036306202505e-01
5.478705196510774700e-01
3.583180020185473769e+00
1.330850344387576456e+01
-2.942197013697509522e+00
9.226565131607303627e+00
3.204172951928167645e+00
5.160877892502868214e+00
-3.285284721545510767e+00
-4.855857460143461424e+00
-7.319718452397710351e+00
-9.513665259213695435e+00
2.626807054186402812e+00
-2.996420406742339004e+00
6.013103564460687167e+00
-1.695725775836569138e+00
5.497953265761038821e+00
-8.483250162969251384e-01
6.300623674527211504e-02
1.500338938489237606e+00
-3.446989831531701132e+00
-1.170620039234400389e+00
-7.392643217037850434e+00
4.824774454711096006e-01
-6.390583940120246886e+00
3.334388290471003713e-01
-4.185920607703178753e+00
1.386760932745093378e+00
1.053327426315055493e-01
4.177583990963594784e-01
2.051526137676222827e+00
3.888919311903080267e+00
4.893412831104991589e+00
1.569020253633856665e+00
3.434815329507572845e-01
8.772448899334630568e+00
3.148268949814085893e+00
2.436246549660254779e+00
-2.163744272559459336e+00
-2.286270432409952491e+01
-1.815929123875937634e+01
1.520558524674561485e-01
-1.267192087772122555e+01
-2.162571872170225262e+01
1.331597703358421292e+01
-1.826881415261176311e+00
-2.176112431266056468e+00
-8.686340704321425576e+00
2.757938508227442576e+00
4.335999497245506262e+00
2.675352346568690365e+00
3.603572677385821876e+00
5.343491534103476104e-01
3.955392436228997166e+00
1.346346993001462877e+00
1.369536243647981433e+00
-2.566470921078324974e+00
2.538271667267156140e+00
-4.879272480941396317e+00
1.076785186703736574e+00
-4.043623462124819490e+00
1.669616871110916723e+00
-4.255285035308447483e+00
-1.405326550219417214e+00
-3.713007756448569729e+00
-4.156326266275841341e+00
-6.779369730207727152e+00
2.026775863650152498e+00
-3.865355135066849135e-01
3.262569958845914719e+00
-7.094183701783699725e+00
1.925953724895434371e+00
-2.608522097218396230e+00
-1.703470148231547077e+00
-3.343181989793060360e+00
7.371696156190730598e+00
-1.201314266345456439e+01
-1.323303619052879654e+01
-1.519378201114215976e+01
-2.427017562885452406e+01
5.968972971065507060e+00
-4.771186266491404204e+00
1.467280235556516654e+00
2.104297296270472573e-01
3.453386828153548027e+00
-5.035401529433618073e+00
1.321244256337975376e+00
-4.593869922045942467e+00
2.382430919159679750e+00
-7.432110485653273813e-01
-2.096371375495754918e+00
-2.991843519399853824e-01
-3.382974617276973905e+00
5.316572617735105588e+00
2.611942175219780782e-01
4.394309224386644175e+00
-4.979212735940413914e+00
8.223833402459408415e-01
-3.195046144137895450e+00
2.165136229318018302e+00
-2.572016298731014228e+00
-4.248266101519631022e+00
1.477870789767005588e+00
8.650624465066245605e+00
1.070783499163354691e+01
4.251131112236373966e+00
4.811724530789569521e+00
3.875124022594946371e+00
2.652768172341736008e+00
1.606220868906829580e+00
1.755092002293291209e+00
-4.432083600138927437e+00
-1.276226894127225542e+01
-4.541291325610044005e+00
-1.117701765471214159e+01
-2.250155013391275993e+00
-2.970592572508358842e+00
-1.124932575477185726e+00
-4.664456504463393216e+00
-6.382303863834870583e+00
1.492596930558029167e-01
-4.230260592912020279e+00
4.853321933204084004e+00
-5.056074539718330207e+00
4.653582401178575800e+00
-1.126707888147876035e+00
4.285687334850532437e+00
4.080029462249049388e+00
-1.742119713988997454e+00
5.778676195115491687e+00
-2.925462925905093048e+00
1.458633347743087505e+00
-2.222799576360478646e+00
3.758384402769547439e+00
-1.387089343929440943e+00
-3.887205921252092189e+00
3.930981084985309404e-01
1.355544876049928238e+00
-2.032173062667963492e+00
1.583759938070073758e+00
-2.298433083464644366e-01
-3.415823799132316374e+00
3.435512523265743745e+00
-1.679936331472586142e+00
1.802118948076313343e+00
1.871656544573567227e-01
3.853280400232530489e-01
7.733570521686804256e+00
4.817497609130675151e+00
1.000146937070488029e+01
1.696306356206350729e+00
8.505234920063079684e+00
-7.642898686227610483e-01
8.043468556206796904e+00
5.606941464479119119e+00
-1.279608039130437858e+00
-1.572721876577044542e+00
-5.043082596584790522e+00
1.340714487571018187e+00
-8.666534569572814650e-02
4.449851753347228822e+00
-1.156392719899667965e+00
1.400360458006664421e+00
1.204401211255484272e+00
-2.880506651183660782e+00
-4.582254962319524672e-01
-3.881941014892394293e+00
1.061394136383837061e+00
-7.288488442120998334e-01
2.999094926373597314e+00
-1.928563739576832081e-01
-1.418755974318413493e+00
-1.627045909845586280e+00
-6.758388987527593761e-01
-1.112733936386555156e-01
3.154156838603213497e+00
7.682623517358289078e+00
-9.665005589790983676e-01
3.406054850741445428e+00
-2.359209980822202901e+00
-1.099258290544504746e+00
-1.379068096867325899e+00
2.140241970214250333e+00
1.492361408204797968e+01
9.746521775126621989e+00
1.201618522145474088e+01
4.996221766725633451e+00
6.887506930929321314e+00
5.607587024562958433e+00
1.304715956707958036e+00
7.257398100207420599e-01
1.408870173480462729e+00
1.853852839569497135e+01
3.100094435953256511e+00
1.503863207362523013e+01
8.622684776718221755e+00
1.013521514265731760e+01
1.505246177894673743e+00
-2.338157456161708225e+00
-3.110189704997002647e+00
-7.171954737328399609e+00
8.593076634900594257e+00
2.238732979556373071e+00
8.771449470663881698e+00
-1.914158300447167393e+00
4.386625547848802320e+00
-1.345206876095970783e+00
-4.242007988136644592e+00
-3.197916569783432195e+00
-6.006672712299495842e+00
3.135579598148438674e+00
-4.047881734504328755e+00
5.472920529445758353e-01
-2.064430566736292771e+00
2.744823215647360648e+00
1.836397277625173297e-01
7.702653731798279502e+00
7.333705779132262847e+00
3.437592354149158425e+00
-1.286261199049220139e+01
1.380679741833104757e+01
2.069201393875130179e+01
4.707079327324908746e+00
5.906157643748791486e+00
2.356621869985385587e+01
3.606557316120875711e+00
3.670989834248626682e+00
1.269744686598827998e+00
-2.847035277289628255e-02
3.128900541599341611e+00
2.220984755540928557e+00
-6.077358902137824925e-01
6.730445438857296736e+00
2.098605357828442930e+00
3.399037820133326893e+00
-3.304116575736302686e+00
-9.244341269514427140e+00
-6.961392269139324851e-01
-5.361470688381246852e+00
3.705532323842716025e+00
-7.034720816752814798e+00
3.313522864421406311e+00
-2.750597663524113390e+00
9.501432623404203470e-01
1.749671587982833509e+00
-3.781001042273513413e+00
7.633406412677291364e+00
-7.302314546613275503e-01
1.872843682890177774e+00
4.721424964037861383e-01
2.967023419977201204e+00
9.920964133822996800e+00
-2.036440253670980471e+00
-2.355449182068120317e-01
-9.355395313554936365e+00
3.525283878198414156e-01
2.089487938856400717e+00
7.348552582638407937e-01
-8.978351929854025970e-01
3.293559784314844752e+00
2.624018934222598798e+00
4.302159771827708035e+00
2.686376287372251426e+00
1.828045556496826318e+00
6.160349737589812413e+00
3.483308214006171966e+00
3.968049264752599559e+00
1.024962237765191242e+00
-3.322653777560315103e+00
-1.434558128382107167e+00
-4.478568929758165673e+00
-3.052612908824995586e+00
-6.019256573844682379e+00
6.665626700244909664e+00
-1.829281142803518945e+00
6.583188137622515423e-01
-7.150549249036203037e+00
2.319393278529682689e+00
1.949772187863172135e-01
2.547838778594656350e+00
2.108389188462078234e+00
1.739241990279013939e+00
2.440853963186929043e+00
-2.555454628504822878e+01
-2.056146834202903761e+01
-1.594138952955315602e+01
-3.414351022894484089e+01
-4.328889883934774474e+00
-1.002381543153724408e+01
-8.855661223817113736e+00
-4.207242071035647513e+00
1.813750324528222269e+00
3.086862268441019186e+00
-6.577656015111560395e-01
-5.410515925022746586e+00
2.618975111896916008e+00
4.137562471494415917e+00
3.880936119248990401e+00
7.729855934427286579e-01
4.044474439937245092e-01
1.794929917425847732e+00
1.542039230746313105e+00
2.693855986497045052e+00
-2.068407985507719093e+00
8.128430516668505135e+00
-2.682687138686621342e+00
-7.579933048134666507e+00
-4.374500977590410677e+00
-2.060963722566340639e+00
-1.349581846519263451e+01
1.749771163135977803e+00
-2.606143096096460443e+00
-3.307512084065015401e+00
3.264412182467478551e+00
-9.835022721770897647e+00
1.373362081905065146e+00
-8.322059129987009474e-01
-1.429511608837813030e+00
2.069704329195671377e+00
-1.623260708222833415e+01
-2.268947921551096591e+00
-6.801628810676612957e+00
-1.790486845505177449e+00
-8.022909538223746750e+00
-7.025662709296733865e+00
-7.251348539061535092e+00
-8.475066541821473010e+00
6.915491058685435455e+00
1.158402437654590855e+01
1.685818685392732164e+01
1.913617537859975215e+01
1.427730156548740403e+01
-8.097303670798569053e-01
-4.178105506579250950e+00
-4.275015727636679586e+00
-1.844128353740777548e+00
-4.321374630738161748e+00
-7.554900465542343291e+00
4.036808901721791187e+00
-1.503243676416236685e+00
7.135365682259030784e+00
1.107976592110160585e-01
8.279495121965040338e-01
1.259716679404505157e+00
-3.027025752668067060e+00
7.476624132344314999e-01
2.915306043343117715e+00
-5.029056608802624506e-01
-3.576781132621745130e+00
4.571560632050356787e+00
-3.824156536496441938e-01
4.578269655974909647e+00
-1.153969349672792077e-01
-3.878888549054027912e+00
-7.759998079625429313e+00
-6.750565596348575781e+00
-8.964775289200927588e+00
-1.022854124755993155e+01
-1.940840615223198284e+00
-3.052714229310844463e+00
2.967227195454061661e+00
-6.854774825729857968e-01
-1.452489558812031678e+00
4.836683672785268229e+00
2.025664011750613280e+00
3.244180603218568937e+00
4.086145178948104473e+00
-4.674138683190071752e+00
2.568846526631846761e+00
-8.802528522466273042e-01
-5.874855009744902601e-01
-2.345403127912861763e+00
-1.089580837617907427e+01
1.725486550032560373e+01
1.654273053273322702e+01
-3.282134153366194962e+00
-3.719905152739044762e+00
9.174284151700643264e+00
-4.584911316426789618e+00
-2.985985478128674764e+00
-1.006874610810172710e+00
-2.543860553133397318e+00
-7.008356161718556798e+00
-3.549918967482954546e-01
-4.420061139209207290e+00
1.167668533037231393e+00
-2.267917350315614033e+00
1.629852448924121289e+00
2.939335632682377408e+00
8.327878090639505571e-01
7.292362018887789787e+00
3.917368529685489431e+00
6.572044309540014950e+00
-5.582238044172208369e+00
2.681993221041619524e+00
6.616083159015604398e-01
1.191021435623916158e+00
3.017238549257832414e+00
1.729110865597832669e+00
1.699548843935702047e+00
9.842466058780666716e-01
2.044459942045436129e+00
2.895783699941757439e-01
-1.877194641466736424e+00
2.528046278944920289e+00
-1.969843950135294453e+00
2.286654768894294421e+00
2.123643362515091226e+00
3.356606919868541539e+00
-1.015351924399504613e+00
5.162229318230231456e+00
-4.015505234092525133e-01
6.448993216681556007e+00
1.082243706687618934e+00
-1.544937298846772000e+00
1.650289168029573261e+00
3.773010794086695263e+00
6.782594330710378649e+00
2.985323637588857548e-01
6.068024503464031660e+00
-1.346589588157646622e+00
4.847292532847045976e+00
7.063441567993393733e-01
-9.583327779485064646e-01
-2.898883584914707434e+00
-3.565910831052687691e+00
-2.972895126436353408e+01
-1.341897124020256094e+01
-1.131866911060252967e+01
-3.580081175919270997e+00
-1.679369478291869555e+01
-1.041997484698857157e+01
-5.303551035760366794e+00
-1.046886755552030124e+01
-5.141719405098932327e+00
8.642742243871170960e-01
-5.092085568662175099e+00
2.731543125447331466e+00
-5.465593476168203679e+00
2.718496476950824636e+00
-1.924541042258627987e+00
-1.066300787088590107e+00
1.730531179174156886e+00
3.808480129107266188e-01
-8.893461912434960648e-02
-4.122300175940409872e+00
5.087649863409223094e+00
2.773627870087074301e-02
8.194263913648548225e+00
2.439214251594807426e+00
5.565834522610108692e+00
5.734929743572888761e+00
2.175651670153162964e+00
-3.247411978514443298e+00
-3.652770109918781039e+00
-2.506971129548692279e+00
-5.197509134206319548e-01
4.492386499789325249e+00
1.633272492509418194e+00
6.503868118154136013e+00
3.800046241568952432e+00
8.916694075203849268e-01
-3.078952953776491697e+00
-2.241173236019844417e-01
1.648107397018677700e+00
2.410772344141749013e+00
8.914328886622545411e+00
-5.151640243628047955e+00
2.202342134330336432e+00
-1.438944036756235612e+00
-4.239799096808877010e+00
-2.289262762417690222e+00
-8.318884383744194366e+00
2.048800799080295221e+00
2.585093543509881631e+00
-1.946328064651537559e+01
7.262583072675874440e+00
-2.383801533329881206e+00
-4.194716624798366489e+00
-2.995965466545355227e+00
-4.210325446361280477e+00
-9.748363673338099389e+00
-7.165533524415976352e+00
-5.440658166804900553e+00
2.063566060128101842e+00
-3.396629231073938548e+00
-1.100363069210114730e+00
1.053067274829218247e+00
4.062347168967844091e+00
-1.732115938199071437e+01
1.889606383552615654e+01
1.528686472319511402e+01
-2.421675091977679717e+00
-5.062673406038439516e+00
6.153785205585531326e-01
-4.860224013422724809e+00
-2.194507911590730664e+00
-1.097587586317185560e+00
5.618970938259280068e+00
-2.027039134758633343e-01
6.435828265210624011e+00
-1.764783443271695562e+00
6.227557031693726763e+00
8.314199244728693872e-01
8.830264226408793826e-01
1.857571225858959396e+00
-9.339706238815696782e-02
1.463000695336837431e+01
4.075546523137739463e+00
4.928184690661868927e+00
3.526538134868882679e+00
8.969336127302169004e+00
-7.838092320944143765e+00
-4.920051054321805672e+00
-4.241913025334586584e-01
-1.207947167269771693e+00
-4.938111687331412925e-01
1.784357628069866308e+00
2.582390681112936459e+00
-5.281199769519403370e-02
-2.010521542625146374e+00
-5.803022030900046868e-01
-2.893805350292204981e+00
-4.091395572191413699e+00
-4.153209699881043271e+00
5.023613297916107889e+00
-1.877602035173171702e+00
4.052976302209940762e+00
-3.394207422435826071e+00
2.899662497870035160e+00
-2.022475300455961467e+00
-1.117358849576899793e+00
-3.075276857271318054e+00
-9.777570465853751003e-01
-1.604676498281945030e+01
-1.740539898768741933e+00
-2.498772224509823392e+00
2.504380194574364005e+00
-1.021082749953780855e+01
2.750199004086300025e+00
1.421467700413395097e+00
-5.027780480790676465e-02
1.136987120668936022e-02
1.431419642381247748e+00
2.922755249001347533e+00
1.353482493530816955e+00
-2.242501100958560034e+00
2.177857272945834755e+00
-8.679410851632280099e+00
-9.926762388308755902e+00
-4.886014276562022474e+00
2.729536568255081175e+00
-4.146786426159717820e+00
-1.890113060702454328e+00
-8.537796620753894672e-01
-1.859864888288171203e+00
8.354937785284233254e-01
-6.713925200571384089e+00
-1.126614669049048834e+00
-1.535040197598366740e+00
1.192778385689762660e-01
-3.254377130133594420e+00
3.702146111028348785e-01
4.611499268575660615e+00
-3.650570543562138504e+00
1.696939767739318761e+00
1.957540403092645487e-01
-3.288616375996759045e-01
-5.298902950605873796e-01
6.054251190911099645e-01
3.169231550718619950e+00
-1.026236552811806568e+01
-3.213865121373239209e+00
-1.307460204287913719e+01
-2.433244488054612908e+00
-1.044531884851553905e+00
-2.499147871730025727e+00
-1.716016915116268970e+00
-6.690224068244940980e-01
6.792225838638192847e+00
-4.454917072181652671e+00
2.000851742844912184e+00
-1.458604962753640955e+01
-1.274546258640577179e+01
3.485016876453463919e+00
-3.885000647241228400e+00
-2.362575484366124634e+00
-2.089370225830859962e+00
3.894961193365702012e+00
-5.466321624659829403e+00
1.522979433328670584e+00
-5.579721337806149428e+00
2.660952938300821913e+00
2.095370319025980699e+00
4.082794036770965640e+00
1.732794275403526374e+00
-2.065483569004838760e+00
-2.050365870083097874e+01
-1.194780942350041730e+00
-1.347699481114692954e+00
5.870587486765359131e+00
-8.769148407354270702e+00
-2.178747616389995478e+00
5.933771308926766297e-01
-4.960093492490024403e+00
5.244874281290973217e-01
1.226661378178595463e+01
-3.282443103209918611e+00
9.603570050612079356e+00
4.371407460028556180e+00
8.550016690277828957e+00
1.870429202675396141e+00
3.705517683100821857e-01
7.919136878796767531e-01
2.712674212554518349e-01
8.849362972867947263e+00
-1.002513916434260466e+01
-9.526071485081164525e+00
-6.542236362713786058e+00
-1.416174467782526314e+01
8.420716864280338498e+00
4.397323361759123195e+00
2.237658902712111875e+00
-1.971092253645333747e-01
-4.439767919082485470e+00
-1.146985455367161144e+01
-2.154233469799005363e+01
1.571803824891153445e+00
-1.070233362363057417e+01
-2.212678908349675899e-01
9.251038088075890231e-01
-3.907621930157298529e+00
-4.887922943059232139e+00
-8.144475082612680217e-02
1.719114178049176100e+00
8.962651016480857047e-01
-2.431237336124417947e+00
-2.287944288212718114e+00
4.908901109807313645e+00
3.768744412432511126e+00
2.426735038422860313e-01
-9.088953342899848131e-01
9.316610054184929268e+00
1.192884503118086847e+01
1.091169906094139286e+01
6.891675986294453438e+00
1.895780330748350551e+01
-2.184756406612384794e+00
-1.701007341315353028e+00
-5.258286425000251452e-01
2.069512239490720162e+00
1.621830748719555126e+00
7.144622013150405682e-01
2.339749844114537847e-01
-5.234440272989185239e+00
4.741974104010241220e+00
5.365663403593863290e-01
4.100884546021756449e+00
5.964264753038285960e+00
5.000106497208620659e+00
-1.212115008672483540e+01
-9.528864660671576559e-01
-1.967881721268924577e+00
3.925598220850882836e+00
-1.004847898221764702e+01
-9.718992308279305048e-01
1.421214783481158407e-02
-1.177524632767728230e+00
1.268105993108366691e+00
-1.706743201099630980e+01
-1.597840186927057538e+01
-5.346814578584766942e+00
-6.397496636860270591e+00
8.846716832199408298e-01
-7.721813200785148101e-01
2.540806328371214562e+00
2.936895848695748157e+00
3.050645513355193739e+00
6.533601565320436677e+00
1.093259719914619899e+00
5.295751927292600136e+00
-2.956091474458826251e+00
2.956569164107305081e+00
-1.447842398276463660e+00
-1.645932612973449949e+00
-5.760751435310336177e-01
2.421201313995332283e-01
-1.449248000497766320e+01
-8.643612233276099843e+00
1.382894221000139545e+01
-6.906176727831708995e+00
-1.733677065023632480e+01
2.011974183882075273e+00
-1.068179890526649167e+01
-4.447850053916044821e+00
-3.754194454351005295e+00
2.042492234604551538e+00
6.755727035850099149e+00
1.869132795720301443e+00
-1.689561262797641294e+00
1.015514744593617635e+01
8.088613169005686387e+00
-1.781727678185947461e+00
-2.494631735641539727e+00
7.445764195127443363e-01
1.812172650947035280e+00
3.540761845711588585e+00
9.262632447076160069e-01
-2.956410525650142507e+00
4.177603432781824111e+00
2.260840435180186013e-04
3.438104747878792722e+00
-4.738377872436186911e-01
-1.634194753821096358e+00
-1.190472388698501582e+00
1.330882824928830033e+00
7.683244562279504031e+00
1.139815321840872286e+01
1.078512626139554698e+01
-1.295895641810386856e+01
3.054193804969570714e+00
-2.938087754431782384e-01
-3.308314186168811677e+00
4.795992312040260885e-01
-8.916018763345334719e+00
-5.723510567480682099e+00
-5.113410118361943368e+00
3.439176020859261218e+00
-1.509735435398025905e+00
1.527752565479909119e+00
2.886596174389124858e+00
6.211650488286125871e+00
-6.881651240909722134e+00
-2.125478843038918875e+00
-4.524435726324831819e+00
-6.482732312127251761e-01
-7.168899537872481353e+00
5.554270668860959326e+00
3.659344119859289535e+00
2.536715918578642981e+00
3.016178018603070221e+00
1.447935406867794761e+01
6.970313463594149717e+00
1.592363392229118979e+01
2.136840909518026876e+01
-2.243085722022345241e+00
6.599714483761862205e+00
1.807519345033904212e+00
-3.835859268134311773e+00
-5.008384980781547036e+00
-1.671846424713399726e+00
-3.430010406066638651e-01
2.724637494550027572e+00
5.013593245062605952e+00
7.855332968440690955e+00
-9.684462308646889284e+00
-1.856369289087058227e+00
5.843571368235876973e-01
4.737702635658491701e+00
3.326213533211892326e+01
-9.593892037809691686e+00
8.056986270171242470e-01
-5.541316696456366486e+00
-1.766471757991547875e+00
-8.041127425447047727e+00
-7.773088004286274888e+00
-2.767740915478092312e+00
-2.183546500411253977e+00
4.731130692050850683e+00
2.659506460733712885e+00
7.488412710633718383e+00
-3.512864852314427022e+00
2.665246813913712653e+00
4.936092261299696027e-01
-1.570811899699052841e-02
5.987568365836287709e-01
4.715227310127523830e-01
2.974530462909876771e+00
-1.412679698401152484e+00
5.609364381797210086e+00
-2.925755583433225393e+00
3.995239544769980888e+00
-1.728185414024733690e+00
-7.470656502870284932e+00
-4.614707129289169707e+00
-2.784136246026904793e+00
-3.550779283794852415e+00
-7.612342086267619656e+00
-1.392769672648604518e+00
-4.198148796985367248e+00
9.414721680920969948e-01
-1.784977541463265371e+00
-1.454117449567598808e+00
-2.158823772572010746e+00
4.015621415593887633e+00
4.516086322338504822e+00
-9.762915226297221860e-01
3.410599733984757798e+00
-3.362797049073551481e+00
3.861572464958486606e+00
-1.523777075409366910e+00
-3.611066998264481853e+00
8.768586150372854604e-01
5.004900363997007773e+00
-2.926233816148000155e+00
7.454500642337561489e-01
-8.543049746256633492e-01
-4.124611698013445960e+00
2.642779349845504555e+00
-3.188499060866828660e+00
-3.452541386420982406e+00
-8.809502017011777708e-01
2.130294260937033002e+00
9.005285337335120488e+00
5.108708617616218639e+00
5.332890701771838771e+00
3.216127295443518275e+00
-9.615428351414658792e-01
3.434294811087860833e+00
-5.720301906400017122e-01
1.601993145121027196e+00
9.061880767771595124e-01
-2.598922102702180492e+00
-8.134077685515281875e-01
-1.637586127229438970e+00
-1.327478069389335547e+00
7.093654536275015410e+00
-1.550608566638469688e+00
1.660341776870619457e+00
3.614455060357102401e-02
6.457402671638308445e-02
1.359737998612026821e+00
-3.202756529198684810e+00
7.140649649739177818e+00
8.140736727340970091e+00
-1.516733581654662188e+01
6.856419128360268012e+00
-1.891268867958746380e+00
-2.775352790031155870e+00
-8.860398982367478915e-01
3.105410854619645722e+00
7.077516021192025164e+00
-6.169665398881258866e+00
-5.072354120251711951e-01
1.157575632132506271e+01
-8.272961568050682502e+00
3.461457341305825164e+00
-1.072427045710022675e+00
-2.292593170772868838e+00
5.879372087638485844e+00
-8.772219937370744347e-01
2.383295756726352188e+00
1.160850880385773998e+00
3.780858994612476209e+00
-2.086851074440679576e-01
2.377385304254183485e+00
2.078608017597478319e-01
-2.104406729950552890e+00
3.692883308412037158e-01
2.819164120009808094e+00
2.786886460273559352e-01
-2.216209732221930739e+00
2.327010213869213029e+00
-1.153563095798906035e+00
-8.972944882895391716e-01
2.576830343040438898e+00
-1.815654170519876986e+00
4.312839594173089708e+00
-2.535651999030937298e-01
3.957070172366786931e+00
-5.241459216849108316e+00
1.495924976902017534e+00
-3.555630475907712640e+00
-3.203774154757792481e+00
-3.420057980674166553e-01
-6.211841563798786367e-03
-1.311870043137023600e+00
1.502863832801782262e+00
1.157819337602302989e-01
-1.958832259357954797e+00
2.435302092027216148e-01
-6.610372034548332998e+00
-7.031540513899853906e+00
-6.887507630037747575e+00
-1.893162976783215878e+00
2.949082369587403107e+00
3.976710926907272903e+00
7.021545927756531746e+00
-1.819645808643773455e+00
4.430796523527244624e+00
-3.674228702661192614e+00
-4.070946856776680001e+00
4.516654747173503015e-01
1.329119958406766111e+00
-1.301887164994623980e+01
-5.084983216305764664e+00
-4.743961706925981403e+00
-1.568354934524593292e+00
-1.283011981189136641e+01
1.562767086707620878e+00
6.489927505055235635e+00
5.126641106911361767e+00
5.025445968875722258e+00
1.112143778703541308e+00
-3.625059685968316181e+00
2.715608164549228487e+00
-3.944394676961979318e+00
2.407541768378400615e+00
-2.835347035966099938e+00
3.305719000576571864e-01
-1.532084065235004955e+00
4.855049428269709311e-01
-4.289386116722527120e+00
-7.510856257096166999e+00
-2.864205052498899562e+00
-4.780879771262088518e+00
-2.466245810822778606e-01
-1.749197766562732737e+00
2.057996043599796376e+00
6.292112345436466914e-01
2.140852082887916730e+00
-3.710015024871887057e+00
9.991705615854751255e-01
2.536397997382070502e-01
-2.295853129348850885e+00
-2.164257745763052743e+00
3.247276056674489819e+00
-4.981059288680481423e+00
-2.276589557954690424e+00
2.826864138096335521e-01
-4.465095481342679640e-01
-4.054433924494705188e+00
4.106686405339179835e+00
-2.571830320385665836e+00
2.957194025904318568e+00
-3.692922197476779633e+00
-4.522905334920735987e-01
-1.038465556868330086e+00
2.429112602560108414e+00
9.878602631408645030e-02
1.743329092319471751e+00
-5.035996483860564199e-01
-1.521111842354900601e+00
6.379537199395604929e+00
-3.271218443854665647e+00
-1.098755148003131149e-01
-7.201670318232890056e-01
2.205144730059955815e+00
1.068131223146667530e+01
4.496062166036573160e+00
7.792089420743134376e+00
-2.398674543327233177e+00
5.586647925860439123e+00
3.662002099044721515e+00
3.628608314478626529e+00
3.495113180201365743e+00
3.134619986095494859e+00
1.524737706530423731e+00
-6.623695447333936670e+00
-4.396291835043929730e+00
5.128795974102362543e+00
4.713213622200703057e+00
3.115855281661477960e+00
4.414474747364969254e+00
1.848764027307273405e+00
2.934909118350934598e+00
-2.361622215370785316e+00
-5.267664227411279931e+00
-4.263267428317178698e-02
-5.131550603839249547e+00
6.484455654074826603e-01
-1.807566901559000794e+00
-4.456396362708576753e+00
-2.563397984826161657e+00
8.111967003112867669e-01
-7.675165139354324095e-01
4.104577062682907007e-01
-1.637765530566863026e+00
-2.182800648357531514e+00
5.457438057003638043e+00
-5.980128275043316677e+00
-3.213970880973719524e+00
-1.993873853356729287e+00
2.828422917093276645e+00
-2.147931126435805638e+01
-1.168853921606981539e+00
1.814904836083035633e+01
7.574509607348484108e-02
-1.306407394489318285e+01
5.400885032063808211e+00
-3.543765702180822430e+00
1.291087971550035629e+00
3.650771114519324900e+00
-1.296061559597368174e+01
-9.628650725318904646e-01
-3.178196898008606830e+00
-1.699446719384524740e-01
-6.968541065537975143e+00
4.616276817680040168e+00
-2.364767277824523894e+00
1.592883415045465378e+00
-1.126421341692078748e+00
4.422824858138506343e+00
1.039235906842982171e+00
5.894022551209781469e+00
-3.587539834894814206e+00
1.222096788522623489e+00
1.728556586150486130e+00
6.144829704174838980e+00
2.068955488821714539e+00
3.473826500502327885e+00
5.621658746207155666e+00
5.051071526688550861e+00
9.187715142792560741e+00
-2.107070838222103504e+00
4.099191694178001555e+00
6.842002903469311947e-01
-2.643326305299900980e+00
1.177188761668800654e-01
1.014899359204000762e+00
-3.807014271037065356e+00
-2.650123880585711689e+00
-1.926034750158092113e+00
-9.605046395795560077e-01
3.610328492473623418e-01
6.637385428144505717e+00
7.961306372657679375e+00
5.957223097094036746e+00
2.500025343542529921e+00
-7.882718019815388111e+00
5.755480481704379869e+00
2.241151273271259736e+00
-3.683155810237018213e-02
-2.928495013521155599e+00
-2.951138080915305384e+00
1.557305201461214539e+00
1.086333421324599646e+00
1.293048998170344355e+00
-4.975927997521178092e+00
6.461856864834326863e+00
9.913607792163754429e-01
1.203589459344054813e+00
-3.242688834093562900e+00
4.175915826906765993e+00
8.309339648342616014e-02
2.464961665448307304e+00
3.049840649959354888e+00
2.527911363533329681e+00
-1.465515905185207579e+00
2.746940727333861965e+00
-2.738074351429170772e+00
2.173875304395358032e+00
5.994172323728279572e-01
3.064068819077074401e+00
2.027661042730728447e+00
3.913934473269102821e+00
7.648784708824396539e-01
-2.317941184838711166e+01
-1.255513647632144192e+01
-7.447808793953313078e+00
-1.607983636675880845e+01
1.183001491889952916e+01
1.485824189715508448e+00
3.197153223025652302e+00
4.132136347456675018e+00
2.200118137009235753e+00
6.337642216862489519e+00
1.143709698542184183e+00
-3.581506183041627711e+00
4.369699662385751360e+00
1.268476237961800646e+00
-1.175028300972772000e+00
-1.701131688985204823e-02
9.594770598592692323e-01
1.528225701649998491e+01
1.229838992504528772e+00
4.825146206467953114e+00
-1.842560956538183525e+00
-3.399634405194781550e+00
2.485720682037257045e+00
1.863146333547883282e+00
2.084436520958410366e+00
3.114612054265157415e+00
-4.983928366042377434e+00
-9.506812186474330462e-01
-1.603069399355963398e+01
-1.181097345370898388e+01
2.725098154518906135e+00
-1.068902882600826665e+01
3.346224923872796353e+00
7.427910504937516034e-01
1.561202200065431867e-01
3.829535375564025124e+00
7.456016321881370423e+00
1.130274433290496816e+00
-4.399840879995090326e+00
3.800817500455257125e+00
1.313620804816249654e+00
-7.908912754934289968e-02
5.291154283948605874e-01
1.008752319050057356e+00
-5.921454998193552477e+00
-2.960213881746416753e+00
-6.871820711018553851e+00
-5.926818677519894329e+00
5.043425541733475903e+00
-1.110619810204794389e+00
6.177710736845367201e+00
2.581803004351011843e+00
1.275584226846814495e+00
1.774631564528391214e+00
-1.820663199077922512e+00
4.276943526491234771e+00
-4.301879768263106918e+00
3.560500045159725957e+00
2.540119868454827623e-01
-6.521130212485057864e-01
6.925565113619945867e-01
9.883277653483818481e-01
-2.399009065650297590e+00
1.410754991825922122e-01
-1.050272177013117370e+00
-2.931135139397869072e+00
-2.673820908443896194e+00
7.008269720201528941e+00
6.912640031611459790e+00
5.138756607527622755e+00
3.794143785106849354e+00
-4.421931069104338974e+00
-2.241427750586687306e+00
-5.613234537552369119e+00
-1.067612372670017074e+01
6.746567730978497046e+00
-3.377816304732107255e+00
2.098753647119334875e+00
1.286902937014444470e+00
2.126658503895208607e+00
1.629965440271822530e+01
1.138320047440131511e+01
1.253647704705480415e+01
1.499191887510228582e+00
7.945419205882894964e+00
8.986330113611761261e-01
-1.348615533275503209e+00
-9.474058351968639435e-02
2.081704222368443880e+00
2.956403934504951092e+00
3.602546692964784025e+00
2.234556913008507451e+00
6.295935877483570309e+00
-3.419223173138604022e+00
1.063421721954403942e+01
9.057903015381443268e+00
6.113381562784325318e+00
5.251424526542115778e+00
-1.699007785306215990e+00
-6.310115512982982899e+00
-3.537428078654874408e+00
-5.846352165031754922e+00
-2.379367288227871136e+00
-2.709437274333565071e+00
2.801465833228750757e+00
-1.792062936590725686e+00
-3.875246192948026414e-01
3.641687124545986975e+00
-7.094987080771028021e-01
6.446756057725841593e+00
-9.668304527877801258e-01
5.873324789836049220e+00
-5.777513408790020399e-01
-8.822154700148340245e-01
-4.864942132012310960e-01
5.509954165861111197e-02
1.174120566656203346e+00
5.052790937822522643e+00
9.359005844360120951e-01
-3.825755497771124336e+00
3.403436325912925664e+00
-7.212069388893131983e-01
-1.313225271374856895e+00
-1.697986447090792383e-01
-4.485311461528689314e-01
3.249247661672011400e+00
9.058089290054743836e-01
4.114994885381663359e+00
-3.476281751482165894e-01
3.085601516522921139e-01
5.864503989798527384e-01
-2.484317906171303880e-01
1.839814263824651075e+00
6.556864175380497928e-01
4.685522545485500956e+00
4.214039781102698612e+00
1.134957397455440997e+01
3.113422954932628883e+00
8.682918069743363887e+00
6.811231204296094965e+00
7.073215551071812435e+00
5.149724866789628486e+00
4.960711971935984899e+00
-4.229788995557200337e+00
-4.986558458636033975e-01
-3.796648023797863480e+00
-5.595840408755956119e+00
1.441292400763847681e+00
-7.116028532222439473e+00
2.764084976777553937e+00
1.745817904315145830e+00
2.786846236777151820e-01
1.638380551972933752e+00
-3.332906429832610318e+00
3.618604470403548046e-01
-4.469677603224052831e+00
3.381016138956196126e+00
-1.496073577898553664e+00
-2.200943573673418197e+00
-7.239624299567389842e-01
-1.191176491393224790e+00
-1.496499665302819615e+01
2.135369381911847775e+00
-2.397577082643740809e+00
4.591978231945509137e+00
-1.203429479653137957e+00
1.008555323688352656e-01
1.665374485094551771e+00
-1.702402802847146068e+00
2.175004774985217715e+00
1.636719644120081441e+01
5.292554326047480551e+00
1.105963007007347976e+01
4.010491727216536795e+00
4.718416009401456890e+00
6.481526869532866719e+00
5.951710267061510962e+00
3.893677402672401477e+00
3.481725744468712858e+00
-1.290104769836185739e+01
-6.650779945337307097e+00
-5.624710208767167430e+00
-1.148133203849623385e+01
-6.997118705058991139e+00
-6.907573539185222877e+00
-2.278450291341277634e+00
-1.257174757783394492e+00
-3.136038345156891172e+00
-2.560989288226362515e+00
1.382624521147380436e+00
-8.508580514604981854e-03
-8.054174754313590812e-02
5.330241823794458433e+00
-8.590341636113071999e+00
-2.550553100431229847e+00
-2.679033057870661594e+00
2.733242149858272629e+00
-1.193181710603626877e+00
-1.674426634627964039e-01
8.413829008966928757e-01
1.787168785381018754e+00
-7.530794773971737355e-01
-1.116596190057673610e+01
-1.322406910144657921e+01
-8.731881272660290350e+00
-4.522672983540686253e+00
8.860159495927025786e-01
-2.435091419346599451e-01
4.090116228208054316e+00
7.746901176374469067e+00
4.948684929086144990e+00
-1.151321397789297407e+01
-1.513338191248901010e+00
-3.083657833379049428e-03
2.395040681169887886e+00
2.214803319022006889e+00
4.559295042288985300e+00
1.859088047059289650e+00
-2.742801056381170000e+00
-2.107042268316714484e+00
7.354651958550696200e+00
6.837279073982136524e+00
5.298251650760069431e+00
2.701440468609509260e+00
2.847407952642256745e+01
-6.182233795109744356e+00
-8.814227191711078158e-01
-3.971274150736409325e+00
-8.076152841081704281e+00
-1.492340348334052269e+00
3.232787499693428934e+00
8.154863585411573634e-01
3.886915061503283475e+00
6.754839798927216421e+00
8.489788650791151303e-01
2.848259249261333892e+00
1.539636829936000151e+00
4.246815336283249920e+00
1.553281325930514489e+00
9.661995696133555356e+00
3.529734342100345312e+00
3.711457580868191997e+00
1.089870654708791697e+01
-1.145769697269997778e+01
-1.394480115342566862e+01
-7.186624365329284947e-01
3.081545158260535211e-01
-4.074801139126407179e+00
-6.390957517779515262e-01
-3.007731666616964561e-01
-3.274939912565434375e-01
8.850262306773961640e+00
-1.791012311267191404e+00
2.723950625414641724e+00
8.085351449296465987e+00
6.664233456228022545e-01
-2.474728622459168026e+00
2.063104719193666448e+00
3.203104660887337474e+00
-7.460877340971204530e-02
8.020799461859985158e+00
-2.294206200591911937e+00
6.116774252660743372e+00
7.808339714043562862e-01
4.644227297049674519e+00
-8.595298169123184728e-02
2.084349023336095286e+00
1.286637067855446848e+00
1.874432516401486115e+00
-5.600271701670392233e+00
-4.959974165861856576e+00
4.597823286144027577e+00
-8.152532627523529918e-01
5.859959783115374243e+00
1.118471275061165837e+00
2.507469976830068448e-01
1.360113163629087296e+00
1.868272930518010355e+00
4.873442509382351773e+01
1.646280353846127653e+01
3.282311571543348094e+01
2.313190779848041956e+01
1.878786243141442469e+01
2.031514614173818245e+01
1.155484270189314344e+01
6.913852915604046245e+00
5.564709999368932181e+00
-1.731818118979296717e+00
2.873343450063875482e-01
-1.728497037588374585e+00
-3.287431110301889614e+00
2.946195586568318703e-01
-4.858294227958094957e+00
-3.144194256697665057e+00
-1.496801646068658953e-01
-1.042653554298602403e+00
7.699042516751198661e+00
-6.647029919111047569e+00
-5.111402974684739142e+00
1.543835649381510189e+00
-3.727731900254041442e+00
2.652855732528931476e+00
1.870988390819072755e-02
-2.988073597978893492e+00
-1.967657994760315221e+00
3.490971011442879135e+00
2.742169317725678290e+00
4.302726258221354350e+00
4.591235887760428902e+00
5.475322298088144413e-01
1.242112914413162805e+01
6.631534993363616515e+00
2.212715441187202980e+00
8.457580561077915338e-01
-1.783592206994179108e+01
-6.769692707739754844e+00
7.439398099076026227e+00
-5.914917124845690211e+00
-1.360983343758254449e+01
7.337611469842989287e+00
2.173191980312262572e+00
2.950120503751392675e+00
3.061149711011231567e+00
-3.410317696260220632e+00
-3.049214296857310380e+00
-2.520549804624112156e+00
-8.855959101265081790e-01
-7.920704612841040770e-01
3.499402542522473514e+00
3.084813158868014327e+00
2.206022735704918691e+00
2.253782597032761625e+00
-7.511322688623879307e-01
-5.325933936531248580e-01
-1.183022740367159154e+00
-9.253582858158264202e+00
-4.010900501370791460e+00
-6.579479937013322788e-01
-9.210620375412161831e-01
5.540888383520337079e-01
-3.730682390242621160e-01
-1.431218019157025623e+01
-8.568185615399558586e+00
-4.159635512002826552e+00
-3.846112051251524111e+00
-9.808516880887086842e+00
-7.511706473893545732e-01
1.893502333405653548e+00
-1.984628163218715435e-01
9.356267516141113661e-05
2.318251074328399941e+00
-5.728380376554490283e+00
-3.690496344171966037e+00
3.825214960191314351e+00
1.896218232634969691e+00
8.239878924900402524e+00
6.374400614296860113e+00
1.340219188915284798e+00
-2.186670784309931864e-02
1.143374984727986288e+01
5.605534397468175278e+00
8.943191759599757873e+00
2.794201763943067185e+00
4.495794512227469397e+00
-9.607237689646389578e-01
-5.090917111276315410e+00
-2.463017855018705848e+00
-3.034519774537400849e+00
5.448279818820311426e+00
-4.789162647674303774e-01
1.671233258150779388e+00
-3.409904990600837849e+00
3.039053441767463060e+00
6.228233459431450347e-01
1.637853520508422811e+00
1.616445966795025668e-01
2.164621917444181864e+00
6.388146691283309586e-01
5.901422636788590026e+00
1.367459903094012885e+00
2.995644485994247930e+00
-3.831069668008115325e+00
8.938045732454163783e+00
-5.149747820985226099e+00
-4.058716419301978129e-01
1.410035972808652671e+00
1.160451512587617096e+01
-1.002391848314435130e+01
-3.068987565915064497e+00
4.563234104164788363e+00
-5.653848035318848275e+00
8.334753879500507168e+00
-1.465720301140769344e+00
1.704019070826198856e+00
4.081315960316909575e+00
2.450030693295037310e+00
4.358610769668127105e+00
9.220272203086075535e+00
1.554636160130663214e+01
-8.112266905850244569e+00
4.516595753798753776e+00
-2.727867527976156392e+00
3.686178310557767790e-01
1.568689805296195061e+00
5.547110457540455064e-01
-2.392736784158657670e+01
-1.366917406059524787e+01
-7.723974345485506987e+00
-1.401899514961499449e+01
1.199136685130355495e+01
-6.597271172421068641e-01
2.139270754130952135e+00
2.867313830114778028e+00
4.746675907656686455e+00
-8.762109262120343356e-01
2.094174919089138331e+00
-4.016376212547663194e+00
4.248002748306420884e+00
-2.725715871262209822e-01
-1.579091703707500960e+00
-6.309769372731581782e-01
-1.381876994554053217e+00
-5.062704046229299593e+00
-8.198572777591492056e+00
-2.302556165171485147e-01
-4.324764276327780266e+00
9.034918822410563655e-01
-2.320674231096430784e+00
4.112393075343505622e+00
2.138906022147691210e+00
-7.269733377845801758e-01
-6.142321899358903714e+00
-4.018717369706068965e+00
1.570011054734739453e+00
-7.659040347769082935e+00
5.800238093865084377e-01
1.154147800657966627e+00
1.213796176875622246e+00
8.917078126450318498e-01
-2.715968622259959941e-01
2.382217243768096626e+00
-5.158321256345672623e-01
4.030342090866728455e+00
-4.408364158191550253e+00
2.346645672277759775e+00
6.694667009222869947e-01
1.739215238599874480e+00
1.841968312869874114e-01
7.794574120583082077e-01
-2.415814167551525449e-01
-7.347931290111535674e+00
-6.695169832045788638e-01
-3.257575488601080149e+00
1.213992557451199161e+00
5.834842435574163488e-01
2.429904635208193220e+00
5.241139790406522669e-01
2.762970254202404274e-02
-5.153633945920527815e+00
-5.785267853534186600e+00
-3.649427481589041733e+00
-1.168620498056169055e+01
-1.565398091821095683e+00
-6.552277984550959999e+00
-3.229145915135476663e+00
-2.131612155527839114e+00
-5.327430614671638587e+00
2.851952562860481155e+00
4.228593195005427852e+00
4.293766301482940584e+00
3.720735621060374143e+00
1.181188239711074495e+01
-7.057601045776364934e-01
-1.277495801220335458e+00
9.388633356119323314e-02
2.700218005854667092e-01
5.791902765861990154e+00
-6.431856597505481332e+00
4.287679714974021117e+00
6.873818947391840517e+00
-1.350925801983155239e+01
1.105342039212168892e+01
-1.165251185934432554e+00
-1.624654782702267611e-02
-1.771653031185225213e+00
-3.872498309816280848e+00
-6.463148700470396690e+00
3.233873507832740746e+00
-4.847759458973326829e+00
2.543343557999147464e+00
-2.484066176821403182e+00
-4.001036504854086573e+00
-1.422759555471139414e+00
-1.821428297020032838e+00
5.418450362227622108e+00
2.013916620422078196e+00
7.217473465030252555e+00
8.390099808932273140e-01
7.396051031433644951e+00
2.165601592672831810e+00
-6.649105420243059950e-01
-1.537608873144553634e+00
-6.795349868488107514e-01
-1.097473017603604362e+01
-1.481894917466269446e+00
-2.736644620018855889e+00
-2.015586641691875069e+00
-6.263307704723436231e+00
1.361231812883001879e+00
1.250821534243542921e+00
1.266563420292567410e-01
1.874750936282806535e+00
-5.849333549328248338e+00
5.948290200372966297e+00
6.038444322855439417e+00
5.904985693842479400e+00
6.628290640248136079e+00
-2.014916173444735836e+00
-4.518868612029666387e+00
-3.828239384498410391e+00
-5.682517900663857979e+00
-3.118888609320962679e+00
1.185365032721917400e+00
-1.590388794346357049e+00
-3.389657112077133494e-01
1.231573124689853671e+01
-7.334404339832587993e+00
1.665594009151108779e+00
7.173373939051743697e-01
6.020168160856136375e-01
-6.958731681437637651e-01
2.005284779516317784e+00
-5.359508061349812502e-01
-2.386541581370878351e+00
5.687671769357973695e+00
-2.098322427076504404e+00
2.571025942149064658e+00
5.939231898629305784e-01
-8.288572207134283776e-01
-6.331078326535744871e+00
-2.156396487916418359e+00
-3.508612377938663318e+00
-4.327312550867453922e+00
4.474983886484864115e+00
-2.740281014028816298e+00
1.735975523056646930e+00
1.214972602347694330e+00
-2.005740646242196057e+00
-2.657458511885588681e+00
-5.487288037364006499e+00
-2.238171808515662775e+00
-8.659525635305998392e+00
-3.791204408746461585e+00
-6.024434227746215065e+00
-1.661752686307254034e+00
-4.175825824082206594e+00
-4.083304786185370183e+00
-1.009009116814599594e+00
4.290271923612023919e+00
3.588913828294590935e+00
-1.426316895810548324e+00
2.780836019718916585e+00
-1.703375931533823939e+00
-4.258366778214894843e+00
-1.741973393424394612e+00
-1.909507502314003347e+00
5.578927134366069573e-01
-1.070469748668497090e+00
3.158476005463513925e+00
-5.319299925476637547e+00
2.178335010085870493e+00
-7.878996104842703740e-01
5.312633748136018630e-01
-2.979217571040951307e-01
-2.044158496172292949e+00
1.752405977208719268e+00
1.629600424506954637e+00
1.169103549470174919e+00
3.399853492945788869e+00
-8.525418191760822495e+00
8.287108125556842397e-01
-4.246627674184394685e+00
1.421664042544815978e-03
-2.245427434616694917e+00
3.980184642741621648e+00
-4.405874748984962563e-01
2.743290069876558324e+00
2.010715271383685665e-01
4.654896824026415914e+00
-3.456669795462747441e+00
-2.582900191064708029e+00
-2.389033859907958135e+00
-3.320627353050725095e+00
-1.434519013618193739e+01
-1.955239569225195373e+00
-7.231194150519304031e+00
-2.719281989853656878e+00
-7.557015931730463265e+00
1.226607937347089505e+00
-3.717999599720595683e+00
-2.099237409884813665e+00
-3.622854616452020893e-01
-3.759571530785817739e+00
-6.514085575548632434e+00
-1.362890213856138955e+00
-4.529715226191203925e+00
5.588894440208413972e-01
-2.965232747020315696e+00
-3.059534150681720632e+00
-2.651017804820494650e+00
-3.654638559202954440e+00
3.016885822329316902e+00
-7.279813407420301363e-01
2.886176661631033813e+00
-3.781450837355206929e+00
2.578646097947138394e+00
-3.676559857299276146e+00
-2.248291272901817184e+00
1.410506793240128065e+00
-8.566430640062296931e-01
5.925395377852038514e+00
-1.106972881615351012e+00
-7.410053506363191156e-01
-3.258825079037726002e+00
4.715473004450443817e+00
-7.512611772948832867e-01
4.215709732236908813e+00
2.655206049368994847e+00
-1.413015305173020986e+00
-8.848201881120970613e-02
1.589636960218748118e+00
1.887611805330698056e+00
2.356926375563470066e-01
-3.422629544361135423e+00
-9.242810993305408118e+00
-1.207257292348833744e+01
-7.917073907728778615e+00
-4.027694186941528365e+00
-2.109386561642445646e+00
-1.049939269694116994e+00
-2.314365867035923952e+00
-1.605318862755017228e+00
5.472409018386038326e+00
-5.926262026345690437e+00
-3.800967960861441952e+00
-2.965668941020422888e+00
-8.279898539888461695e-01
-1.239067766652533154e+00
-3.416531691594099751e+00
2.730450540534929083e+00
-6.596858310894298860e+00
8.337378667493101636e-01
-1.580302444219295221e+00
-2.862979056194207228e+00
-1.472713939491334223e+00
-1.899659178751068156e+00
3.968813159602840202e+00
3.513599289407470239e-01
5.564888632199991747e+00
-1.430937044796342761e+00
4.976989269991278775e+00
-2.025342001511391543e-01
1.137244047791118540e+00
1.796034561057985091e+00
-1.392218628195389940e-01
-3.092844898411508225e+00
-5.772272811451948371e+00
-1.318448332662058298e-01
-5.002430533996355955e+00
-2.568666006909878341e+00
-9.559103270239499572e-01
-4.083423393878434782e-01
-1.454352840992109430e-01
-1.297020313365243371e+00
-1.646327293407900072e+01
-1.181991983834709492e+00
-6.942599806095744341e+00
9.248812143202785052e-02
-1.220415790561889935e+01
5.219739746672726888e+00
-1.669053322059968203e-01
-4.541602651902238441e-01
1.998557066837951313e+00
-4.081087168396676290e+00
-1.286878657217608302e-01
-3.266997183883767697e+00
-1.408940658612578467e+01
2.337757113093568595e+00
1.283210773535558236e+00
-6.546363443660707659e-02
-4.175542647324185785e-01
-6.066570911391612198e-01
-1.602357841129626037e-01
-1.896707897940462351e+00
3.227972467801579981e+00
-6.621208126177364761e-01
3.216474572136801324e+00
-2.032174661460154574e+00
-2.459412418979531889e+00
-5.523904774846439825e-01
-1.131146683029962574e+00
3.745716769443300009e+00
1.074592526481639077e+01
7.318703552998242934e+00
3.432491303251842041e+00
3.404594495566812817e+00
5.683605462583753543e+00
-8.468337827425798103e-01
-7.430564181335398422e-01
-1.333174603382914825e+00
-1.561809790935288866e+01
-6.635089895302948904e+00
-8.430630419476431214e+00
-6.864335972791870688e+00
-1.563975078025087662e+01
-7.743681389601592135e-01
-1.927502485507615937e+00
1.577466714281746119e-01
-3.588733750382331333e-01
-3.287292523088730878e+00
-8.152564914528829254e-01
-6.610650185005441770e+00
-7.743070973257873746e+00
2.711646818146562055e+00
-2.395841733065546375e+00
1.155932779895403106e+00
1.374483568963185964e-01
-3.205528581805550115e-01
-1.133737861917921563e+01
-3.557282780624778873e+00
5.525885137821007653e+00
-2.064319573036767497e-01
4.206117269583790730e+00
9.785957906920002003e-01
1.151515843021009067e+00
-5.557695887034866944e-01
-1.180855602738097643e+00
5.581892344263134298e+00
6.886297322483876826e+00
-9.882637697493467099e-01
-1.435559745147582777e+00
7.789585546485689349e+00
-7.104072602971130301e+00
-2.976042565932006223e+00
-3.044784373706184599e+00
-2.095584193919475535e-01
5.444827306089368157e+00
3.737836238233005481e+00
6.486750270612385627e+00
2.037743787912323246e+00
1.110291194193095521e+01
-2.172347375865217867e+00
1.331892778189257998e+00
3.113307744682455969e+00
-8.859701462801526650e-02
-3.862410225168344091e+00
-1.931281011571577055e+00
-2.608542031682286932e+00
-2.102739622646863538e+00
2.520469974381347011e+00
5.118061663475381273e+00
9.348332441803819393e+00
4.979050012045519225e+00
1.607516855502244324e+00
7.699305505154364404e+00
5.065421458681966804e+00
9.250830095961113386e+00
-5.336968804684459888e-01
6.752587901418823257e+00
1.560241700601221249e+00
-1.019338695824812957e+00
-1.241214992530404126e+00
-1.326243695987892934e+00
6.008458458536375169e+00
1.809569374844942624e+00
7.087311940283658629e+00
1.696921837857661597e+00
7.905713225717539316e+00
2.928778842092357060e+00
-7.745575763243400802e-01
-5.373771345347717610e-01
7.789214956448257121e-01
2.832287322988024325e+00
3.851797302124681188e+00
4.328893695132234321e+00
-3.047783678875806590e+00
1.142620097722260253e+00
3.838493052016779483e+00
-5.106987006484281499e-01
-2.601141215402856255e-01
-9.901719473024518381e-01
-1.969598405987840195e+01
3.698654780360534300e+00
8.907837037482515541e+00
-3.473358403167546626e+00
-5.753638523318262088e+00
-1.418994445588605657e+01
-9.344577873517557975e+00
-8.352774446834279942e+00
-2.605593504485687273e+00
-4.032093276162127538e+00
-3.532781283661091454e+00
-5.095314541903689154e+00
-3.205059136019662525e+00
5.761628534411892488e+00
-2.606671170976567975e+00
3.935749966035641534e-01
-2.141274548678206546e+00
1.088172389494227899e+00
1.537346829854671526e+00
5.321323429649114978e+00
1.284750463116937080e+00
-2.532231847711639006e+00
4.188364379779264901e+00
-2.280965077819165909e+00
1.446022708737290108e-01
-7.144962621938957259e-01
-2.770967559765297183e-01
-4.452230505855168552e+00
-4.420742165576295513e+00
-4.403251516332447935e+00
-1.398214597955369065e+01
-2.066979755898887550e-01
-3.492312032666330612e+00
1.162196577527297769e+00
-7.357705346897395193e-01
5.773076412386859424e-01
-1.158656290239805930e-01
3.557411169727092481e+00
-1.363319891388423688e+00
-4.023460833431625083e+00
5.286038059203993278e+00
1.024251069894027255e+00
-9.869304372123154367e-01
-7.129410471286756756e-01
-9.864190626263853456e-01
-7.816552832736206824e+00
-3.846822035518265182e+00
-3.553248588295288890e+00
-2.723062645361690404e+00
-9.268373204531163978e+00
-2.176709212016266770e-01
-3.983134200607373110e+00
-3.015209292627715421e+00
-8.304245120829595095e+00
7.011301872182876593e+00
1.165895311020539715e+01
7.766933031852635061e+00
2.176431132929316092e+01
1.609830530610902954e+01
-4.747960216887589624e+00
-5.046932765947660660e-02
-2.853033956598621801e-01
-3.638401523139279670e-01
-2.648837453138509446e+01
-3.571262831393103188e+00
1.155703277097607007e+01
-5.836790915675619473e+00
-1.568752397113536468e+01
7.407554055598417619e+00
-1.114082130967211759e+00
7.740595178308095070e-01
3.331682130903827477e-01
1.109129157523808651e+01
5.858382538451176735e+00
1.139800754090363277e+01
2.023133686946011256e+00
7.592742504842719065e+00
4.102428637805820344e+00
4.086725106107601313e+00
3.303075052540125345e+00
2.106171385372425320e+00
-2.065011976607312061e+00
-2.189407828299012593e+00
1.211144697081639049e-01
-7.737530886582062450e+00
-2.870219841957183160e+00
-5.468180089814817180e+00
-2.378084643600082870e+00
-2.484625587277179637e+00
-3.552618984169386263e+00
-2.103220377246966866e+00
3.091330194722008873e+00
2.231867854631689685e+00
1.284231573629702972e+00
5.953871729401286395e+00
-8.895166042314469834e+00
1.080646683219590010e+00
-1.713800871324889563e+00
-2.200151991806982732e+00
6.500316799850420324e+00
-2.286142141859805577e+01
-2.661044818820447588e+01
-2.003181174722199742e+01
-1.732996388706622426e+01
-1.048257732972531775e+00
-6.946351491214421969e-01
4.791760351151005404e-01
2.111406314524104655e-01
6.327001283555442335e+00
5.031650161640801588e-01
3.141658439459706909e+00
1.322698366268195702e-01
4.688178362483159667e+00
-1.398699405034482979e+00
2.608359068719950935e-01
-4.801451888303635562e-01
-1.423950969077771855e+00
9.485571002290550391e-01
7.991476611490980098e+00
1.009637085809592705e+01
1.156973678226402491e+01
1.091493255258780515e+01
-1.142324713500597611e+01
-8.918538679745432463e-01
1.987769405164202530e-01
-1.007981461571425097e+00
6.109291035129468028e+00
7.210454788775740198e+00
9.764720971667319560e+00
-1.998910481478839207e+00
7.284367585116258148e+00
4.307108348887481952e+00
-2.330347633765866844e-01
-9.453621746527730574e-01
-1.806635386848935987e+00
-1.146691104982187781e+01
-1.243803558525889841e+01
-2.822811922097571724e+01
-1.727409365104804095e+01
-1.048461242116976955e+01
-9.466816900531297208e+00
2.211689651568946147e+00
-4.562517608546338282e-02
-1.060761039252337445e+00
1.074204944167670028e+01
1.747668418117366684e+01
1.396243789272899249e+01
1.303092697564456159e+01
6.535975156332995972e+00
1.225555702057842922e+01
-3.381441830724040365e+00
-1.016942405436980890e+00
1.899929222574454069e-01
-1.544367287977582992e-01
-4.236000294129961929e+00
2.788074051132407583e-01
-4.274806325824771491e+00
7.270943469073982701e-01
-2.479391711324522518e+00
2.212831275631351458e-01
7.275703044181346391e-01
2.858612591052071217e+00
-5.634211536020754529e-01
2.349519124236013834e+00
5.879185974390366276e+00
-4.435093272828440902e+00
2.064511436816315104e+00
3.206975102845496917e+00
-1.071224642255905746e+00
-8.181131982509418088e-02
-1.724600138471326094e-01
1.293852853968505201e+01
-6.947366229741182231e+00
-3.697292727280195646e+00
5.385521902559482044e+00
6.172628784630959764e+00
4.441113067460891628e+00
-1.345431144373504750e+00
-1.235624767251020772e+00
-4.328261023017416775e+00
-2.259323366710045633e+01
3.301223359018754877e+01
1.894922027960793187e+01
6.605945441955412889e+00
3.238946753587668148e+00
-5.871749365983255586e+00
4.305117717460528404e+00
4.111813995917740883e+00
-5.365851713145947111e-01
