-9.929658479378926650e-01
-5.718840853837697802e-01
-2.642321833122378005e-01
-1.042530055729846278e-01
-2.239486266871641273e-03
1.889130573880355157e-01
-1.627623063405564396e-02
1.091478043898739675e-01
-2.096567454238050521e-03
-7.316663909896117257e-01
-3.514318005949878532e-01
-5.088110622543306344e-02
6.970204526432041692e-02
1.651064492723135768e-01
3.451475172195789809e-01
3.012178301545785919e-01
4.412903008133023941e-01
1.327509983561049600e-01
3.721607278612871356e-02
2.889770137457191579e-01
4.981631075824116128e-01
5.494788863293046388e-01
5.981868835465059542e-01
6.737283217527920698e-01
5.442863605046541764e-01
5.906779779378533712e-01
3.407243845008486316e-01
-1.001422542558555007e+00
-5.690012394798722450e-01
-2.593065759394816427e-01
-1.016655902543633500e-01
9.368746889716005576e-04
1.938044580624842250e-01
1.467646587166667738e-01
2.849130039060941422e-01
3.223622072560947682e-01
-7.240451986945733998e-01
-3.403827292415497752e-01
-4.486653525880367893e-02
7.319240520460623678e-02
1.673496333729197760e-01
3.459548915318565454e-01
3.231042400270719428e-01
4.657189225945388977e-01
3.588656170546496438e-01
4.089514148134457128e-02
2.929973871145970521e-01
4.997423296339773002e-01
5.517363432029339654e-01
5.976942707058305881e-01
6.702210258839081947e-01
5.322283633976704342e-01
5.711181517508269190e-01
4.551561206474311061e-01
-3.003839788760880869e-01
-2.938550305142276567e-02
1.938072418663394914e-01
2.899776407332074757e-01
3.911667769693851771e-01
5.376857523808984407e-01
6.369370528694148215e-01
6.535946765612535847e-01
6.359468058914977684e-01
-2.489406930473185842e-01
1.152144320791745336e-02
2.340020183277776167e-01
3.247299376869631216e-01
4.183340335031980328e-01
5.621237772347134065e-01
6.482444135430568410e-01
6.782618595036855602e-01
6.381572829020055737e-01
1.111724799383097956e-01
3.491305191859490620e-01
5.410411053942698612e-01
5.991344232004063297e-01
6.338319093422889461e-01
7.080808168704810779e-01
6.713080344813722178e-01
6.809394438190511378e-01
6.419306728390190564e-01
-6.462908263387255881e-01
-2.113806006233501789e-01
9.072735018000098461e-02
2.352839863007101795e-01
3.725389552815341343e-01
5.611722845128470638e-01
4.383056226503305175e-01
5.708313021073705418e-01
1.831004177532369326e-01
-8.153676999959226235e-01
-2.884749734058161819e-01
4.585220323815087685e-03
1.717238631555981498e-01
2.937644598260538142e-01
4.966957141185385227e-01
3.480347311245082786e-01
1.967867894533580631e-01
7.846515919525781993e-03
-5.770903594209551013e-01
-1.236142536067130204e-01
1.647216431816157234e-01
3.108811062506791623e-01
4.349022265436223167e-01
6.242158277501576036e-01
4.860285843434564712e-01
5.931205447574658951e-01
2.143492076216043651e-01
-1.314638084637695048e+00
-4.082852424435673422e-01
-1.276800700669452476e-02
2.244874390065333680e-01
3.353558737164647474e-01
5.742598759084659443e-01
6.126550472912263290e-01
6.776100176677052334e-01
4.067590859584640506e-01
-5.838209830822775892e-01
-1.300987865631464402e-01
1.521125826504080014e-01
2.844890928767329630e-01
4.144949709635732948e-01
5.955264762052849825e-01
5.756174355821542798e-01
6.826847276356126093e-01
3.017989654663249532e-01
-9.332692650089622344e-01
-4.073068455400231658e-01
-1.010653184213928385e-01
6.235082014253812144e-02
1.845176017360063425e-01
3.861084176335896068e-01
1.033979120003296198e-01
2.140719253257180807e-02
2.010618677099890172e-02
-7.312953471737489997e-01
-2.402420524183780104e-01
7.504552427774606460e-02
2.495938636308925040e-01
3.752742656527447984e-01
5.813787830268686285e-01
3.543124346578292450e-01
4.717896296746455498e-01
1.575536471056156740e-01
-7.288556503262605402e-01
-1.989884723011138556e-01
1.101275703084129420e-01
2.810417266619578691e-01
3.986466404186581602e-01
6.053866968831950190e-01
4.753156903038917025e-01
4.255749689983010509e-01
1.546772495687595006e-01
-6.785633982288328259e-01
-1.705310136680659727e-01
1.262673650505321543e-01
2.797184915028100294e-01
4.040620840562766936e-01
6.014864927897898284e-01
4.553084456727362617e-01
5.131705404632320722e-01
1.435840449436535382e-01
-8.420778406537716698e-01
-3.571094689031908964e-01
-2.934059751886545706e-02
1.653925613288685370e-01
2.867669950040613869e-01
4.981951877783556970e-01
2.103661828379869148e-01
3.530127215080116065e-01
1.135010598601200321e-01
-6.622895115942240007e-01
-1.502829132021580028e-01
1.455422058781518646e-01
3.005449649347388674e-01
4.231284270269093928e-01
6.235099574513920384e-01
5.072822733168208531e-01
5.237085295776469085e-01
1.625482720081854182e-01
-8.536637251227321421e-01
-3.110031899720759885e-01
-1.065310467265412342e-02
1.585346737920108329e-01
2.793915341835718769e-01
4.837641679846240161e-01
3.167797121975577945e-01
1.534607608787680877e-01
6.447575937538260749e-02
-7.683834751625342463e-01
-2.715548163467833565e-01
2.844081311156238315e-02
1.927069770218587941e-01
3.105780152446313003e-01
5.058069909275768605e-01
2.546635327254395120e-01
2.471483269220385581e-01
3.172571055086782082e-02
-5.610234892398224815e-01
-1.363426452117656174e-01
1.496581771597424726e-01
2.759499029920432500e-01
3.986653416515308912e-01
5.731109789983295233e-01
5.562494851670855001e-01
6.698586971141317070e-01
3.194934095518885409e-01
-1.704684377297016606e+00
-5.029952351791774356e-01
-9.679743770394777513e-02
1.570637836821033584e-01
2.484375501131180219e-01
5.134278410181492003e-01
5.907665250194773510e-01
6.564529483973067236e-01
4.030323024227627782e-01
-1.239197644394716358e+00
-7.037889033350671619e-01
-4.960478713527520789e-01
-3.939519336146658501e-01
-3.254822371036946160e-01
-6.546843847884221967e-02
-2.257373999608702220e-01
-1.604806091710223315e-01
-1.979241569894571173e-01
-6.154789117833618928e-01
-1.390712915903847546e-01
1.068161021225542545e-01
2.127113935568917258e-01
3.344570739237020529e-01
5.233219417051595546e-01
5.879723681245050404e-01
6.612203435664075757e-01
3.668839879792790692e-01
-7.372522177166082047e-01
-2.356837161042593942e-01
7.885132750780084188e-02
2.521549878858510563e-01
3.782521470457996804e-01
5.843118751901592578e-01
3.646582541354161378e-01
4.699645986702106204e-01
1.613970239060031897e-01
-1.663652209718347486e+00
-9.078352222222645374e-01
-5.574285472766670191e-01
-3.590706708681463133e-01
-1.189205580527308015e-01
7.572836841051666656e-02
1.902944119151572452e-02
1.158893385786983476e-01
-8.456742218823187773e-02
-6.259050844457132001e+00
-7.431218701525261761e-01
-3.033999517849453875e-01
1.764270370421458164e-02
1.158736680024581578e-01
3.985034166257616084e-01
3.595506718866603446e-01
4.979408383584356668e-01
1.721109635454156350e-01
-1.220570945577309718e+00
-6.307889781124086381e-01
-3.347556826290054022e-01
-2.166869009245339650e-01
-9.237116568637586400e-02
1.014787103612840025e-01
-2.519378043474700957e-01
-2.441503248555447481e-01
-7.927895405605077384e-02
-6.044751812458359908e-01
-1.857847531374977323e-01
1.094803726419674855e-01
2.529503737562884824e-01
3.785277294843977791e-01
5.620469011638293821e-01
3.917040603633655804e-01
5.477353088396442748e-01
1.853064038447109485e-01
-6.141516669311305465e-01
-1.768418442514780864e-01
1.158100416787278680e-01
2.628102964461734303e-01
3.928711029340770100e-01
5.836384240092606923e-01
4.402238616074772293e-01
5.514715013086024520e-01
1.660192436741773914e-01
-4.599525735429718099e-01
-1.129732904538857663e-01
1.661948302418764234e-01
2.621819369504166386e-01
3.623969325888173887e-01
5.249333737271854039e-01
5.739409520940925713e-01
6.625695032471612400e-01
3.780084022571169045e-01
-8.190523570905621220e-01
-3.119236001356857635e-01
-1.703224450168891457e-02
1.459574021301276725e-01
2.658382469931981906e-01
4.683890341314554950e-01
2.890832866876797969e-01
1.736820336424632905e-01
-3.192797923971714413e-02
-1.198301194042790341e+00
-6.512493294004984001e-01
-4.197688936510394209e-01
-3.037529047829480300e-01
-2.296282284112074190e-01
2.390313819394545083e-02
-2.188205358010458235e-01
-2.271879769329113730e-01
-1.340191865680044891e-01
-1.184509341760283219e+00
-6.162491133674807831e-01
-3.479878582993873315e-01
-2.361069202520456045e-01
-1.324547108744286716e-01
7.971410024329948774e-02
-1.522456783767608679e-01
-9.421920900036738489e-02
-1.277931347710528354e-01
-7.614337276720570813e-01
-3.008247045769690819e-01
8.237078821033739368e-03
1.736776018217806583e-01
2.932681428379969035e-01
4.870805216356161038e-01
2.261648083780734564e-01
3.135779559103584746e-01
2.442015867554452047e-02
-1.214233785813594535e+00
-6.534903203214683653e-01
-3.456479351186799165e-01
-2.276613900741646657e-01
-9.156602921440266940e-02
9.043532815972531169e-02
-2.123309651204504378e-01
-2.006900696790405447e-01
-5.981795295140024393e-02
-1.137646411511942235e+00
-4.678935910166412970e-01
-1.653904902838290170e-01
-9.475478584136111729e-03
2.062071015493588400e-01
4.148171682663659432e-01
5.630287984071058460e-01
6.486627744130097906e-01
3.670651160906348576e-01
-1.701712340217615971e-01
1.168909798092230973e-01
3.460313700798473002e-01
4.024716394572961375e-01
4.769409555387064681e-01
5.911501329477676370e-01
5.165028276711101096e-01
6.179570867752627317e-01
3.476352025121040579e-01
-1.199306564106873640e+00
-3.896554453937223217e-01
-4.335154836760544278e-02
9.089519611058929915e-02
3.099860668284721288e-01
5.128671755941812682e-01
5.997760264652849393e-01
6.805639618802055146e-01
3.937735451687477961e-01
-6.021767117777325762e-01
-1.420686857373016365e-01
1.452415527288986319e-01
2.859859898622398311e-01
4.183462274327827690e-01
6.095211601604181295e-01
5.297874444439604202e-01
6.367680825976604897e-01
2.512808899818167463e-01
-9.629116604155739667e-01
-5.513373751123632482e-01
-2.450232559022686440e-01
-8.903089982004996905e-02
1.216940863824605111e-02
2.036348638586929494e-01
8.907204929248360714e-03
1.385076079336613197e-01
2.202422627146365455e-02
-1.178012261226443425e+00
-6.372620107264418410e-01
-3.963712279817214190e-01
-2.904464619804866254e-01
-1.951961850955935274e-01
2.711971469877216476e-02
-9.180303590794937352e-02
8.066097335242234517e-03
-1.833273197191762419e-02
-6.190136258287101123e-01
-1.797414853362894194e-01
1.115638293194738673e-01
2.471470219321350026e-01
3.739729745778947456e-01
5.536997940502225157e-01
5.076494321469371407e-01
6.330355110577877698e-01
2.459917499718799472e-01
-6.951498436921548230e-01
-2.929801290002403968e-01
1.557046387015527215e-02
1.604433312122861832e-01
2.755001266164674445e-01
4.561613420881980852e-01
2.576586581092643602e-01
4.401672178280653935e-01
1.231529709022154695e-01
-7.298945936117896549e-01
-2.385405779813603577e-01
6.593216741347297793e-02
2.259084401371684592e-01
3.465411225343133506e-01
5.382160159190717552e-01
2.712874907880000741e-01
3.695626379379815529e-01
8.781231143813157669e-02
-7.266198705779639555e-01
-2.098880820127098645e-01
8.824293295925662861e-02
2.556365889926889290e-01
3.732739814403510104e-01
5.767063848912890034e-01
4.791156124996808763e-01
3.477906423251017620e-01
9.042725376640178836e-02
-7.037870114748441264e-01
-2.072414513152866788e-01
9.019746970454964319e-02
2.499640634530680416e-01
3.686441170803730905e-01
5.639355590448649203e-01
3.580847723236716962e-01
3.723341209595332213e-01
9.410278989658028836e-02
-7.794772536973058052e-01
-2.328960009885634730e-01
6.738779024126938244e-02
2.366577649376765125e-01
3.530018801029007336e-01
5.562542457692863929e-01
4.422834240025291241e-01
3.158280781671135018e-01
5.792246018649286482e-02
-7.018326318511707296e-01
-1.968052376538960146e-01
1.060904184073718365e-01
2.795660286144175388e-01
3.963712557506642864e-01
6.037275345444179653e-01
5.139684783497147080e-01
3.796346994881786285e-01
1.613198366814475315e-01
-5.141993901397424738e-01
-9.822915646316947302e-02
1.802011148581734445e-01
2.919098140809230912e-01
4.106980674817897192e-01
5.788908792006820514e-01
6.202089854230999899e-01
7.110159071348727267e-01
3.986317535614891105e-01
-1.275182366679693757e+00
-6.770495744330283783e-01
-3.634425072863688988e-01
-2.299333446043971274e-01
-9.387965228479573654e-02
9.111669441161711347e-02
-2.353678540191243007e-01
-2.170040976310260716e-01
-5.184922369039167422e-02
-8.982121647338836556e-01
-3.520643899633524310e-01
-5.376127203484559747e-02
1.065401979650033165e-01
2.293315004671778734e-01
4.357319976658184935e-01
2.494375158963178518e-01
9.955204870965037034e-02
4.046692037085667520e-02
-1.409396548398844873e+00
-5.154130680668025377e-01
-1.310916395229060893e-01
1.236253542470012040e-01
2.388120340650620177e-01
4.975845871653132302e-01
4.702777538989925676e-01
6.014436601268731142e-01
2.595158991885570532e-01
-8.439722676012789693e-01
-2.974399193469201563e-01
-7.852902138401160470e-03
1.522732453576967904e-01
2.722886945295927008e-01
4.740524631432277425e-01
2.924004145766119223e-01
1.354652522268782466e-01
1.100487638681246251e-02
-1.238912395510886721e+00
-7.121779178039728819e-01
-5.066534896039522895e-01
-4.066281013562328406e-01
-3.392090229980924687e-01
-7.568761791586994803e-02
-1.623346395147564347e-01
-6.961442527595196328e-02
-1.503767125234843072e-01
-7.020423346735119585e-01
-1.678261016316314747e-01
1.299250493198549350e-01
2.939700598489582983e-01
4.110229947754435731e-01
6.149647145643372115e-01
5.352529607353879726e-01
4.366327958334519366e-01
1.347391864030706987e-01
-1.102488682968181255e+00
-5.625645986196102788e-01
-2.767629273888030927e-01
-1.635478820429271118e-01
-3.276289978193035884e-02
1.459733137293378891e-01
-5.792067127822377037e-02
4.329837553428993180e-02
1.264901856725274276e-02
-9.024703179558757338e-01
-3.568379765457070363e-01
-5.680227802766178724e-02
1.070938272866487073e-01
2.278679399791550264e-01
4.369505475303036013e-01
2.485872630255243909e-01
7.037435098639087394e-02
6.619094824494058116e-02
-6.544135390758299975e-01
-2.242728264700132590e-01
7.687017462746345564e-02
2.179118412003582805e-01
3.391094350748519171e-01
5.188540298229042946e-01
3.570928453029248995e-01
5.258148426154738431e-01
1.831493534039001780e-01
-7.279704045807516843e-01
-2.460761345175715709e-01
-1.104021920338671653e-04
1.240833461636768470e-01
2.619773919372812010e-01
4.629433333236399051e-01
5.672432248122165621e-01
6.544164052101516527e-01
3.633953233749427358e-01
-1.002083329779448029e+00
-5.115592054852952097e-01
-2.105198425666345297e-01
-6.783800137058981772e-02
7.287239849642011824e-02
2.622592603539521394e-01
4.167824668520855314e-01
5.330101855682171097e-01
2.227412311779325971e-01
-1.297954673152693861e+00
-7.511325355391853531e-01
-4.013074418425046641e-01
-2.318958846481682934e-01
-4.747879257671735326e-02
1.282209633540549731e-01
-6.859448603918713583e-02
-2.463823553995474550e-02
-1.478832445364363160e-02
-7.818878702265555924e-01
-3.415923013395827379e-01
-3.303709990770021393e-02
1.271947725696827847e-01
2.521542941768291080e-01
4.410218041209014728e-01
2.412030741084419394e-01
3.658165956137981456e-01
5.160180764999459935e-02
-1.259703814425345847e+00
-6.798645299082012317e-01
-4.259657163185432971e-01
-3.142799404872721469e-01
-2.231032980297584234e-01
5.091413418659475505e-03
-3.275692661633812230e-01
-2.845652747909487301e-01
-7.474279918407801537e-02
-1.072477368496046468e+00
-4.701220192341973303e-01
-1.217704078527766381e-01
1.008327494521447099e-01
2.178651200573223923e-01
4.522700206179782190e-01
1.830912399695545090e-01
3.301263751618257469e-01
1.255111378247954490e-01
-7.702662112985010356e-01
-2.841377583616964686e-01
1.627983255047496178e-02
1.792825989788455476e-01
2.980918556441176648e-01
4.900672312511039630e-01
1.775239560738088862e-01
2.775729106654153400e-01
7.516500553537031060e-02
-1.166082260596255304e+00
-6.486642079350506407e-01
-4.329547487727684607e-01
-3.213447755542550022e-01
-2.464984645785778250e-01
8.687942623131066425e-03
-8.451811543403585369e-02
6.933111444308272947e-03
-8.253522077199464818e-03
-5.187635768415777004e-01
-1.708700304583418705e-01
1.004442458554078987e-01
1.962220421664323255e-01
2.853570862675589015e-01
4.516031501788779767e-01
5.032344036349032379e-01
5.940299501943644422e-01
3.387554666221492261e-01
-3.891329439176777205e-01
-3.831049488548445708e-02
2.269346154564024776e-01
3.221916598368448348e-01
4.284038760591721839e-01
5.880839114067425433e-01
6.365979221951919564e-01
7.287209829084571044e-01
4.240305180195094170e-01
-8.276483088864962090e-01
-3.178807883177057203e-01
-2.258277302977119896e-03
1.796363905612601009e-01
2.989301658380320581e-01
5.060139472757628765e-01
2.365180437780146638e-01
2.806937503725524530e-01
1.341038738245345086e-01
-9.292989290690416571e-01
-3.868681957231944191e-01
-9.536013693813165382e-02
5.275061842840211845e-02
1.733369422600561649e-01
3.838359784999957336e-01
1.670927844869692092e-01
9.711624323848483398e-02
-5.112351671206689929e-02
-6.259050844457132001e+00
-7.588099080620311909e-01
-3.297367404382832712e-01
-1.487413309762898872e-01
1.406086613051326095e-01
3.825180390867889968e-01
5.503587861430945249e-01
6.372229332090371123e-01
3.689038387662970653e-01
-5.620796873280395900e-01
-1.435225971067834450e-01
1.461404275158333654e-01
2.876482570870620981e-01
4.139682746299281901e-01
5.985790468462242053e-01
4.629968263362212455e-01
5.989169138488241728e-01
2.401501842389240637e-01
-1.234671424088588987e+00
-6.802118802745823478e-01
-4.529204197485033334e-01
-3.392364588032892314e-01
-2.683938569766889382e-01
-1.089689066088235340e-02
-2.819851776898885110e-01
-3.114914087506277518e-01
-7.818944476100132823e-02
-6.259050844457132001e+00
-9.907745490186400383e-01
-6.402157062906483898e-01
-4.378307177562162922e-01
-1.395952197033338560e-01
7.131671991659409293e-02
6.651738849708172668e-03
9.034590105187866038e-02
-2.625796486986640629e-02
-7.641797417089152278e-01
-2.043914977661986931e-01
9.890302693633765130e-02
2.691009209465142771e-01
3.868688843302886538e-01
5.936860965221644193e-01
4.983487929154722940e-01
3.748923595251049123e-01
1.740374004244305828e-01
-6.922659139704249176e-01
-1.662234927384427241e-01
1.249308546486789795e-01
2.890993192470881490e-01
4.044021904417028912e-01
6.035563226382852919e-01
5.024743641752001944e-01
3.822158197766258869e-01
1.154751858048624347e-01
-2.431968103683477544e-01
6.447648429476468546e-02
3.027366770640377291e-01
3.682287194885485171e-01
4.546067977660513404e-01
5.850293929018182126e-01
5.467053694234665917e-01
6.508435332825475150e-01
3.811173771268240862e-01
-6.923662339719359737e-01
-1.723419631890034665e-01
1.227059590374469100e-01
2.895173694930817665e-01
4.075279662713891526e-01
6.125884109246944043e-01
5.376319164196171618e-01
4.226255577885717485e-01
1.667067126351767514e-01
-1.072870420212433507e+00
-5.744432498745014604e-01
-2.652478258824119695e-01
-1.210043903944304639e-01
5.519099387636520505e-03
1.733677768425435917e-01
-2.354849631435031523e-02
9.143555766231997728e-02
6.245786962819897120e-02
-6.982079786528081478e-01
-2.006720798597225741e-01
1.061793121532615403e-01
2.759645274221767530e-01
4.048728761835334033e-01
6.200978250111363055e-01
4.784864326914237131e-01
5.999076722526768268e-01
2.616747935605303610e-01
-7.709966684569961037e-01
-2.555859896873582393e-01
3.787868163500998642e-02
2.010315006263432847e-01
3.184073450027716246e-01
5.186055693152570312e-01
3.668385344690436867e-01
2.155120542594969324e-01
5.859095741161114701e-02
-1.196346267672050212e+00
-6.452525074170316621e-01
-3.758735795595064544e-01
-2.731748222282615601e-01
-1.618741426692920093e-01
4.275105066510250656e-02
-1.013539650989035562e-01
-2.774257809561702162e-02
-5.456987421088469598e-02
-1.744633522354517297e-01
1.189928632489471311e-01
3.466884149637315393e-01
4.027506605128449158e-01
4.779382448578650688e-01
5.909174579502353142e-01
5.186198954111027604e-01
6.251349894639579574e-01
3.631247588134249304e-01
-6.503720094981137179e-02
2.053444843798274688e-01
4.207945457356100372e-01
4.709442906078558644e-01
5.341655113820406031e-01
6.250430958844312990e-01
5.226339386831762024e-01
6.151280682177473480e-01
3.612905325139175172e-01
-1.065019208317169674e+00
-5.530930140128783590e-01
-2.563899702653996693e-01
-1.313672617384088193e-01
4.558800551203461351e-03
1.726226293491696928e-01
-1.509536714644234452e-02
7.400582847776478179e-02
2.216112442942620372e-02
-7.039466692573794759e-01
-1.765917968524015058e-01
1.216109070680903431e-01
2.859416986679159667e-01
4.151008190120316077e-01
6.250836005289630570e-01
4.811750674130712557e-01
5.533701816339841040e-01
2.383029583171363819e-01
-9.033892468767671380e-01
-2.797805331943977181e-01
6.758344840424369317e-03
1.346931157628653286e-01
3.258850291595572490e-01
5.326394093492338166e-01
6.100659179078393723e-01
6.954960402651292339e-01
4.100985606277868789e-01
-7.784042354522870966e-01
-2.327238970280413877e-01
6.112251973468101757e-02
2.263518290879761585e-01
3.439666829640931622e-01
5.435465495128980473e-01
4.002392730559019007e-01
2.635641314085381270e-01
7.988068078052280863e-02
-1.324022202185096475e+00
-7.640134585963525016e-01
-4.381205609732541362e-01
-2.541155919304784461e-01
-9.454242251442034062e-02
9.266537633582258571e-02
6.110534532890805198e-02
1.750150520761484252e-01
-1.428534095528836111e-02
-3.569050466337203575e-01
-4.119803979109006725e-02
2.055320953033666076e-01
2.854005709769487087e-01
3.679399355518152004e-01
5.141361159986593821e-01
5.171710055292222386e-01
6.173011852725961424e-01
3.618836077355334635e-01
-6.095378081486614308e-01
-1.219073812429182363e-01
1.655646565787998736e-01
3.104751448528877411e-01
4.339039110743783678e-01
6.250960605891849875e-01
4.835020437302776086e-01
5.828495304547225420e-01
2.376759567115662997e-01
-7.105853478783850097e-01
-1.779420182104312353e-01
1.148792446525165323e-01
2.781437461185408133e-01
3.940660161170623232e-01
5.925155047445752610e-01
4.670999479140577337e-01
3.778856458618315983e-01
1.237195954636005762e-01
-1.109513513537155216e+00
-5.851413936204391542e-01
-3.113822260746630932e-01
-2.030770943602674128e-01
-8.333953406231298100e-02
1.097112780668791643e-01
-3.692055031098564338e-02
6.543295818957965693e-02
4.839673091278989120e-02
-7.251557314817239641e-01
-2.394387389027082258e-01
6.243794392353351624e-02
2.212977890848959184e-01
3.471880245993483327e-01
5.412184175792391638e-01
3.428658140292871193e-01
4.350189209905139798e-01
1.293632692437966802e-01
-7.688277496216364693e-01
-3.060554671710274399e-01
1.684481450172759659e-02
2.043890707953684993e-01
3.272126933919054514e-01
5.536627847527565427e-01
3.435358034674255712e-01
4.889264925775455017e-01
2.116008848174958656e-01
-6.237630176425949108e-02
2.153149133142974181e-01
4.337653372143663866e-01
4.826481202922122682e-01
5.566534252343089406e-01
6.530424515869739377e-01
5.395982147237018411e-01
6.311696616267884474e-01
3.856638029189288774e-01
-6.259050844457132001e+00
-1.326992057214893883e+00
-7.866866414651924044e-01
-2.989805207075865723e-01
-2.196165999436810456e-01
1.636283571250838897e-01
-9.936618400363246562e-02
-8.803300414685383702e-04
3.447528926267520027e-02
-7.093587100205051010e-01
-1.735354152273494432e-01
1.204773066526560049e-01
2.839242007579407256e-01
4.000226530800853886e-01
5.998895232879347672e-01
4.928667456954518578e-01
3.758594235336180089e-01
1.300235638993114673e-01
-6.259050844457132001e+00
-9.426655446550756823e-01
-5.091850601172667190e-01
-6.763585162951994689e-02
9.951745532462490454e-03
3.969542720804759006e-01
4.439288668832624962e-01
5.488789916296370475e-01
2.700673755402349108e-01
-6.709341497074788885e-01
-2.095382571876645283e-01
8.718793168425749418e-02
2.347431137068010099e-01
3.590908229317014144e-01
5.437699560670551380e-01
3.364650008663537251e-01
4.995659718756840784e-01
1.966769145832850119e-01
-7.128091011597126325e-01
-1.936850089881292369e-01
1.040131053573882247e-01
2.567267121431729415e-01
3.958509711644780937e-01
6.030953401140767278e-01
5.274950875827491004e-01
6.473599509374545757e-01
3.055085446206773914e-01
-8.459586338999390831e-01
-3.039554850460474134e-01
4.259155381294091065e-04
1.756704290752909292e-01
2.943323151223131706e-01
5.027430243927708542e-01
3.576934213720980305e-01
1.962295361428862406e-01
1.495232415895216826e-01
-7.702571499074999384e-01
-2.013358398109667546e-01
1.027421150099694924e-01
2.767414071485305715e-01
3.920787725644483968e-01
6.031759741461999447e-01
5.162066248708904181e-01
3.912662094914575728e-01
2.100485617199180921e-01
-8.685200006270320516e-01
-3.394460024333467718e-01
-4.793571827850830191e-02
1.069872053489304975e-01
2.273298294779600714e-01
4.322516143096997721e-01
2.306441989070554810e-01
1.172531153847519436e-01
7.394515690226961813e-02
-1.053351281939209461e+00
-5.292410945829407742e-01
-2.487969834722905393e-01
-1.279857653040415155e-01
-7.919139616025104578e-03
1.872225551463781446e-01
-1.757983486677390170e-02
9.495170395909813266e-02
9.381653580523265090e-02
-1.032624803153386672e+00
-5.703706150661482788e-01
-2.798500733019374520e-01
-1.211259369014990456e-01
4.105653399536503961e-02
2.440763809944407337e-01
4.229446186232227456e-01
5.449835334148729338e-01
2.508302150839025191e-01
-7.765391478259373592e-01
-2.402473632332113584e-01
6.119044517592816396e-02
2.371281769002501205e-01
3.544116688122287417e-01
5.627809731500288404e-01
4.480552120888415812e-01
3.196925469367100647e-01
1.909702166599153705e-01
-6.259050844457132001e+00
-8.361946727438689386e-01
-3.845909089730871755e-01
1.460494188128126300e-02
9.586581003017240199e-02
4.846657743546446406e-01
5.873934641823339575e-01
6.535894260806772715e-01
4.131025674965047578e-01
-9.308019203933027841e-01
-3.281977680266896513e-01
-4.052326404257742924e-03
1.892938860700510706e-01
3.145469602527110609e-01
5.680269768488979132e-01
5.924518468747889122e-01
6.969009328109291301e-01
3.793491276545675195e-01
-7.845466529300504366e-01
-2.478652355043261257e-01
4.839840138151019905e-02
2.148639240008728968e-01
3.327545291385970994e-01
5.337243233012740617e-01
4.000230301695603119e-01
2.692491239142849047e-01
9.130228217734921714e-02
-1.873175311891017714e+00
-6.432224281288245749e-01
-2.313878131418267703e-01
9.754391656461200433e-02
1.978770420811956920e-01
5.310171407875675653e-01
6.261584267108043500e-01
7.015409005798337594e-01
4.364739960646712991e-01
-7.150933147277905855e-01
-1.823695964934519964e-01
1.180775096029446358e-01
2.839231520492053740e-01
4.009016318006551893e-01
6.054965735384786329e-01
5.272588353027032326e-01
4.215641272240419624e-01
1.601044993030208974e-01
-1.039133061612113718e+00
-6.349158372271460626e-01
-2.822541429582521300e-01
7.456434777275273984e-02
1.686379731442107233e-01
5.448741255313968024e-01
6.174939687824405610e-01
6.832291621293005157e-01
4.323032684942765269e-01
-7.301257949731234653e-01
-3.627287365293144772e-01
-8.004420370153519926e-02
4.226809351674194054e-02
1.610854836638248022e-01
3.508503229577115690e-01
5.178022787791192183e-01
6.228224470519487799e-01
3.500502085777383310e-01
-4.253352518776931657e-01
-8.450518605987945853e-02
1.459029322175001142e-01
2.384768168489047324e-01
3.359078118419698278e-01
5.097297135348322072e-01
5.821998999434783162e-01
6.863052817710437736e-01
4.099348846933537627e-01
-7.471909618840150147e-01
-2.547619500101895862e-01
4.867952487357125879e-02
2.104130880954801774e-01
3.340336572411792826e-01
5.309888350596868589e-01
3.295378041789153722e-01
3.988712330477288681e-01
1.520717112747183852e-01
-7.234122401547612435e-01
-2.456642825179020106e-01
6.553785949400472988e-02
2.419354976660001710e-01
3.675053773573335736e-01
5.961572598642331799e-01
4.449246594712898406e-01
5.737289256388532488e-01
2.822805746121726522e-01
-6.259050844457132001e+00
-9.322873062411216605e-01
-5.830580318655543826e-01
-9.625246883789567720e-02
-2.096665962315273635e-02
4.237732462692125890e-01
5.216506312935552669e-01
6.057855717115765426e-01
3.551934791358029031e-01
-8.183051720426914866e-01
-2.870443726495796599e-01
1.793582971111373076e-02
1.937329837221414830e-01
3.113531745947878959e-01
5.212997165259204424e-01
3.895510764151106087e-01
2.411628818795351903e-01
1.870037960502082541e-01
-7.199905047188923657e-01
-1.968132064742123821e-01
9.595978344551053807e-02
2.623010108632090054e-01
3.777948673541723923e-01
5.778093992590963568e-01
4.676885804654467571e-01
3.308229666040567452e-01
1.479424693704584348e-01
-5.613874732406677337e-01
-1.201509213713785329e-01
1.662492572457108519e-01
3.021612280803113726e-01
4.294256290640246498e-01
6.135844465476637533e-01
5.179332643318937945e-01
6.417752551608941758e-01
3.119462476340447710e-01
-7.018902925251525593e-01
-2.067145495295789059e-01
1.001275053340788534e-01
2.696253888391157982e-01
3.973966206878002394e-01
6.171192130504717932e-01
4.722421872714054891e-01
5.665810127018640063e-01
2.866861677752039483e-01
-6.259050844457132001e+00
-1.238756340491480978e+00
-6.619452751429670823e-01
-1.338318542920043097e-01
-7.482216184520637525e-02
4.000584709878535206e-01
4.709121874110939743e-01
5.712458716653953106e-01
3.085060602352431292e-01
-7.600029417401629184e-01
-2.748994062183824916e-01
4.252874097260185560e-02
2.207099619953034053e-01
3.463990821050843549e-01
5.824881601805661502e-01
4.595548961458711945e-01
5.967445780968085867e-01
2.986256228649186717e-01
-7.813516908332447386e-01
-2.349352272653925100e-01
6.231018874043764422e-02
2.312057453816324937e-01
3.492963075931716510e-01
5.528062604105152822e-01
4.452684121810596696e-01
3.328097624466475613e-01
1.439517580020759080e-01
-3.745383991232701382e-01
-4.246526015353938727e-02
2.173303056619937668e-01
3.041565218177926244e-01
4.005898852716243685e-01
5.550732309692396615e-01
5.829827733648681454e-01
6.773046482424407433e-01
4.230979668158715290e-01
-8.497076038715185575e-01
-3.464405181224010088e-01
-2.303847357240391275e-02
1.720278033254704630e-01
2.918638641729036087e-01
5.306026734503114239e-01
3.172498173665890264e-01
4.487289529277162514e-01
2.410593557587074887e-01
-1.329694236457677238e-02
2.480230559204462115e-01
4.601809886003086492e-01
5.095353198378855808e-01
5.666175175615253412e-01
6.504073975002290231e-01
5.204773675916022357e-01
5.915226797978381246e-01
3.993414739504875244e-01
-7.264495794158024600e-01
-2.337654729795727027e-01
7.414971041728603274e-02
2.501533009850188116e-01
3.654950241229392716e-01
5.790654558215737602e-01
4.808845113656634584e-01
3.544127959746914414e-01
2.401651424985107863e-01
-7.660873303617742325e-01
-2.547793332913693698e-01
5.418753764526580696e-02
2.299788682067041568e-01
3.476411849041832758e-01
5.594405320088337019e-01
4.225952713993386678e-01
3.552857946508072851e-01
2.423127310606674745e-01
-6.739162630304420532e-01
-1.801517347227152011e-01
1.127018841563333512e-01
2.693332304671648969e-01
3.893698040530381710e-01
5.837856863958321707e-01
3.865033067023336266e-01
4.425984640708541251e-01
2.242071968120451508e-01
-6.886553435658073763e-01
-1.839019256112407463e-01
1.149689516877967221e-01
2.816692594198378918e-01
3.963482777720096495e-01
6.008898575286020227e-01
5.178237862690354687e-01
4.301121381222455242e-01
2.048724124567782301e-01
-6.718409537531787601e-01
-1.581141568950687193e-01
1.376430105774210655e-01
2.996902493314745897e-01
4.148128650718129751e-01
6.155772114648562221e-01
5.280732028314497617e-01
4.103288263415903470e-01
2.173774358972359322e-01
-6.259050844457132001e+00
-1.549472867280519361e+00
-7.483037622448984738e-01
-4.589977164097922557e-01
-1.195889107940996121e-01
1.914660052250121425e-01
3.959100280434214025e-01
5.400889041705034810e-01
2.921236761699771978e-01
-7.704532639883896472e-01
-2.505156006136441960e-01
5.507931640025263281e-02
2.326556639268955173e-01
3.476956101873360239e-01
5.613499325616028157e-01
4.632742819585057292e-01
3.395985203803368879e-01
2.832573675677277913e-01
-6.036148362077146112e-01
-1.389807227946863455e-01
1.525435153918265341e-01
2.914749901506509810e-01
4.195123752518091220e-01
6.049045769313290410e-01
4.792883086317555885e-01
6.099562261746783731e-01
3.519614371899957850e-01
-1.882611949031715470e+00
-7.977737183843059965e-01
-4.094955639738603881e-01
-1.190402574677369985e-01
-3.787475256375152227e-02
5.044769148361484268e-01
6.202935029046976467e-01
7.001609995411175458e-01
4.772967598797199229e-01
-6.259050844457132001e+00
-9.090836088909768353e-01
-5.403357640748714941e-01
-2.255916762902351047e-01
-1.490148786665126679e-01
4.435512213695693151e-01
5.937996902677176170e-01
6.733529432431522022e-01
4.589545028954449823e-01
-6.259050844457132001e+00
-1.008764470620162168e+00
-6.139651585063032879e-01
-1.784190936470115563e-01
-9.535984056187049585e-02
4.447724778694271408e-01
5.887859118345645237e-01
6.870626631693953490e-01
4.592889935392606149e-01
-4.853524486643541191e-01
-1.379326983981395693e-01
1.279950101477501656e-01
2.221299464381255862e-01
3.127015708612627676e-01
4.755919678213345048e-01
5.282162671733072745e-01
6.242058868533302274e-01
4.445141408416604101e-01
-7.792973025875509219e-01
-2.430116359857379393e-01
6.432995651099158996e-02
2.400591585266443895e-01
3.559671618348007049e-01
5.710003217020033217e-01
4.823695302578880351e-01
3.823357464657211602e-01
3.427728106359315685e-01
-7.103733023923396450e-01
-1.975232234925770325e-01
9.379918081498180016e-02
2.590298496296141728e-01
3.746870182955255868e-01
5.749007030041475286e-01
4.659767357270846455e-01
3.602123403921748679e-01
3.236450352378499318e-01
-4.193451191240842313e-01
-9.624022215175090378e-02
1.594668035291996189e-01
2.449797415421386404e-01
3.289532184532012460e-01
4.830513006576065416e-01
5.095745412357005621e-01
6.076212074519611317e-01
4.634790728167791363e-01
-7.476048972060551634e-01
-2.479193182454997868e-01
5.891498054658152184e-02
2.269971456828344392e-01
3.471994357397462094e-01
5.542922449865391732e-01
4.287844169926368076e-01
4.248276479061667832e-01
3.765413311925303597e-01
-6.984832811250529794e-01
-2.055756422880367362e-01
1.025110917003366068e-01
2.737397819616457784e-01
3.889294907825252556e-01
6.077495103615297989e-01
5.482524142552358537e-01
4.654755643882675931e-01
4.194780697079889542e-01
-6.782099733873536707e-01
-1.647567524764303459e-01
1.260513923472305897e-01
2.915328668644333043e-01
4.059001330694285703e-01
6.060455950504330946e-01
5.125969909944638747e-01
4.242704585169131959e-01
3.827176085388677151e-01
-6.259050844457132001e+00
-8.113033383561075729e-01
-5.002659984280533045e-01
-1.281075120819700763e-01
-4.087609704637624325e-02
4.604937405992647337e-01
6.095009115927969567e-01
7.218971630763650893e-01
5.225946260602480908e-01
-6.440584216852023314e-01
-3.172778576769557657e-01
-7.543817865435242798e-02
4.211547805191628163e-02
1.360930114570040039e-01
3.151379593757051012e-01
4.587128239802419349e-01
6.484930804448735264e-01
4.904388234275531278e-01
-6.627392882179548028e-01
-2.088748537846464859e-01
8.850779794311303128e-02
2.358964480763319771e-01
3.597831248882402688e-01
5.420501447934211736e-01
3.887917760397056610e-01
5.354785359797155087e-01
4.781834103763543675e-01
-6.259050844457132001e+00
-1.467201605945117615e+00
-8.265654326997293744e-01
-4.961348859600915318e-01
-2.688633207926816038e-01
8.769066417573799510e-02
3.592815732904651171e-01
5.697662306773554342e-01
4.510064810797454471e-01
-1.193672096422590423e+00
-6.522312803060212882e-01
-4.161246878751239109e-01
-3.060674168179076671e-01
-2.065984058600947582e-01
5.150432749143361161e-02
2.190692065335179683e-01
3.397121238573527768e-01
3.799213552648154080e-01
-7.876252886989643098e-01
-2.763390874302557032e-01
1.628094094111336154e-02
1.776403741846656892e-01
2.975304529082781202e-01
4.989176034313055341e-01
3.609930947050001282e-01
3.690233195885550543e-01
4.239587727893101010e-01
-6.556926168972027069e-01
-2.929794528823635447e-01
-8.829135266409315896e-02
3.492291369595653533e-02
1.308223562163268738e-01
3.010258607533576325e-01
4.273212659988946949e-01
6.213409394382649609e-01
5.291371611743409531e-01
-1.231584458297438012e+00
-6.429287703992181413e-01
-3.053696213615278987e-01
-3.537589303078390868e-02
5.201193071741774115e-02
4.374698508067432212e-01
4.156824287634368065e-01
5.740232095262476353e-01
4.648427236848683974e-01
-1.170472414515046466e+00
-6.181702090040687159e-01
-3.192920374986284449e-01
-2.021712254718501800e-01
-5.676535612927934016e-02
1.351813711581972832e-01
2.530590242971461068e-01
3.605059532556383894e-01
3.983485316747825689e-01
-7.914990786199167516e-01
-2.653042381873876310e-01
2.663409763845536737e-02
1.951588026825901989e-01
3.129617060801707096e-01
5.165668649242759480e-01
4.004363203993860920e-01
3.796098760309675191e-01
3.668440908745421725e-01
-6.259050844457132001e+00
-1.247820834265302992e+00
-8.666434829206933754e-01
-5.959265394834570850e-01
-4.307395277959287783e-01
1.954902504817110642e-01
3.509764485661875932e-01
5.127624750617946203e-01
4.489847428213776248e-01
-7.666411174104035275e-01
-4.312498541748828185e-01
-1.522187750077947932e-01
-5.877882066371134355e-03
1.092558371916617921e-01
2.850729907274321406e-01
3.520512392650431144e-01
4.612875882836946495e-01
4.991319857349241773e-01
-7.223727656048372081e-01
-3.078842855908671128e-01
8.307967719308143734e-03
1.804127515427309814e-01
3.010303708005344081e-01
5.533184099259168542e-01
5.031113019270954112e-01
6.342593936862283011e-01
4.952465910207046740e-01
-5.303899394066164952e-01
-1.128829875046439835e-01
1.673182914210204764e-01
2.885277650317203402e-01
4.112387557655211023e-01
5.824496165757043764e-01
5.832780597964285496e-01
6.947374194652027324e-01
5.276845687287452513e-01
-6.259050844457132001e+00
-7.714364315677559869e-01
-4.861792649314393144e-01
-2.633377086581313864e-01
-7.431603418816702666e-02
2.205469496169169819e-01
4.151655163494246126e-01
6.312045948126581152e-01
5.262279076593489036e-01
-9.429218985806987474e-01
-4.008207872743033695e-01
-1.059880889736747461e-01
4.700592176854979931e-02
1.661001123773454269e-01
3.820383428410148996e-01
2.824931753754332808e-01
3.362654684029242058e-01
3.932419884751897632e-01
-5.202240192771668825e-01
-9.913094090601527741e-02
1.825545809559345756e-01
3.205600681933690188e-01
4.472106078791392436e-01
6.318628671540083008e-01
5.471591168808088712e-01
6.638054066626103422e-01
5.227358064096471191e-01
-6.259050844457132001e+00
-1.141464637767017232e+00
-5.318274321274760741e-01
-2.753280219800371409e-01
-1.874128859527827429e-01
3.849068242991968147e-01
5.944448768185381926e-01
7.177793153066871490e-01
5.602329748092473860e-01
-2.794603260017465840e-01
4.215519546613254870e-02
2.938173365207744081e-01
3.763222279486705402e-01
4.767556336650018434e-01
6.240912420423649909e-01
6.332840504633144851e-01
7.277908386056057832e-01
5.633923723676063089e-01
-6.259050844457132001e+00
-1.074413438438122981e+00
-7.707684356547017668e-01
-3.641959266731961131e-01
-2.513308230909112040e-01
2.949858515454786834e-01
5.460728924454260058e-01
6.851776912367854022e-01
5.435848790212350901e-01
-1.249778590329441608e+00
-6.967933561991522806e-01
-4.651027293123702333e-01
-3.411919847070628564e-01
-2.558425859284926829e-01
4.723820679005183432e-02
1.796387559883201035e-01
2.814701121083560409e-01
4.290051785466729162e-01
-6.901525730293132099e-01
-1.666931249928609304e-01
1.289758369261726212e-01
2.939287775811038061e-01
4.087007817597812509e-01
6.136728932200137265e-01
5.388493014663675584e-01
4.965886638214323523e-01
4.273681003581404347e-01
-1.136047570786321570e+00
-6.071267232619157461e-01
-3.596844388710484508e-01
-2.302558176287699265e-01
-1.432538201935675826e-01
1.266113141158969335e-01
2.381263212118370498e-01
3.250610607430702292e-01
4.133117317777199040e-01
-7.299001496322812255e-01
-2.276813566338102834e-01
7.856995662399347824e-02
2.523224638603523973e-01
3.679564430072411185e-01
5.856652786199495475e-01
5.215318840973024450e-01
4.557918865453149393e-01
4.767619629786980506e-01
-9.351626413781464198e-01
-4.326818362356610881e-01
-2.384140419499319596e-01
-1.462668447988342280e-01
-3.676904410231165293e-02
1.775456429777015899e-01
3.536062745567025711e-01
4.651288842960410452e-01
5.076890184243961768e-01
-8.826833400216054226e-01
-3.871828865479540749e-01
-6.343220358949912263e-02
1.229950719051014357e-01
2.409627788180594699e-01
4.707646787243768838e-01
3.254908815062763638e-01
4.059212567081513789e-01
4.708127916616534625e-01
-6.999216951160779354e-01
-1.838547357242321656e-01
1.125766810476915986e-01
2.777601866649645479e-01
3.934671356168101819e-01
5.951614554856848871e-01
4.990768524999467104e-01
4.547146859015907538e-01
4.402894695250636481e-01
-8.968213359676222574e-01
-4.279621960885763854e-01
-1.051149711417382476e-01
8.653503201681597701e-02
2.040440763972245219e-01
4.435712640332816759e-01
3.012295360911498299e-01
3.856732172317951512e-01
4.683776774642230412e-01
-7.336999596761991649e-01
-2.462428623642441139e-01
4.755756077038286733e-02
2.009735839623016385e-01
3.194343671329288870e-01
5.023415558316948193e-01
4.135382549644907590e-01
5.180213041889516479e-01
5.279680765364600514e-01
-6.292585979223994652e-01
-1.601801230525274067e-01
1.274847567967638262e-01
2.751075134742008155e-01
4.045816432680341412e-01
6.001536931304214395e-01
5.245650406035636815e-01
6.322368979923295162e-01
5.051751879370651732e-01
-7.531115484731857324e-01
-2.153074687322148462e-01
7.338826630153530428e-02
2.388831696050844333e-01
3.558681660885967268e-01
5.540226262041295646e-01
4.405533696517505149e-01
4.605435328962880215e-01
4.959003305902702219e-01
-1.275240477817419782e+00
-7.203803211607090473e-01
-4.204589708995496444e-01
-2.903194183614645763e-01
-1.688118872666486137e-01
9.546982852810437237e-02
2.105410768820369372e-01
3.075153738237382250e-01
4.588532670242830847e-01
-7.205073916342051854e-01
-1.829862050966128972e-01
1.091805672780573194e-01
2.747468570600284932e-01
3.903973119801882330e-01
5.894089739337187162e-01
4.915224453050253683e-01
4.762117226444291251e-01
4.969502971806785685e-01
-5.619541731202712942e-01
-1.421729444388652175e-01
1.481431384790351802e-01
2.838654581423859513e-01
4.112240655750700746e-01
5.892837807635771252e-01
5.080832504686381146e-01
6.334500846505843885e-01
5.404155857356292003e-01
-8.235254790577268835e-01
-3.523380898769506442e-01
-3.795640512991903248e-02
1.472236832998623235e-01
2.641505841572620028e-01
5.209079424149309911e-01
4.470285692841869940e-01
5.816736999461674662e-01
5.061990720292970369e-01
-7.450719346850780411e-01
-3.392090229980924687e-01
-2.933728416124553595e-02
1.414061468898312468e-01
2.608968310340376018e-01
5.214194831859003676e-01
5.349652777374374057e-01
6.727394400376768280e-01
5.316513328523831960e-01
-8.345092855769966622e-01
-3.276511373492255741e-01
-2.046854138041966434e-02
1.551742383494166544e-01
2.740011454821671966e-01
4.889083995428775142e-01
3.822996054359116269e-01
3.675028664235648335e-01
4.677787093108471961e-01
-7.281406498748470568e-01
-1.604490522778351524e-01
1.328034229177989245e-01
2.953154827246329828e-01
4.097993454726838736e-01
6.094818508171564453e-01
5.124073102608421859e-01
4.890744026245776865e-01
4.935883839849085630e-01
-7.726875555823263797e-01
-2.374897051587380181e-01
7.130306865445197595e-02
2.447185833453194848e-01
3.613546980555105148e-01
5.776928002863539469e-01
5.117629734057330682e-01
4.517373640898495468e-01
4.878491677543794758e-01
-6.259050844457132001e+00
-6.259050844457132001e+00
-8.375338195268927644e-01
-5.309225361344709349e-01
-3.241553474742212004e-01
2.527631901699719727e-02
2.795289709861676908e-01
3.970596021913557760e-01
4.678444955515781989e-01
-3.086333582878769341e-02
2.331954021071037941e-01
4.421770888995942284e-01
4.919389877263120048e-01
5.512816652677743345e-01
6.379984614904949947e-01
5.470775967326535483e-01
6.257534618393907344e-01
5.719362379640315908e-01
-7.845474236804647061e-01
-2.439350572211915757e-01
5.574123376865568885e-02
2.282470787199118167e-01
3.460271226232061181e-01
5.574381754042239123e-01
4.812667161553211281e-01
4.344130794706494436e-01
4.845961642434218897e-01
-1.243051391347560708e+00
-6.908132751248843295e-01
-4.304276211913574679e-01
-2.971184787541011896e-01
-1.963252438834882652e-01
9.758832821619879694e-02
2.336013055889410994e-01
3.243743500468825869e-01
4.718367093173212456e-01
-6.200664565240838755e-01
-1.877494936768903666e-01
1.012603032272238329e-01
2.355070384081141832e-01
3.631889393862262061e-01
5.491164912320993796e-01
5.379019604361634510e-01
6.709436185214354698e-01
5.244493050760516972e-01
-7.553926445506337073e-01
-2.422350237171552734e-01
5.289119796014304237e-02
2.054475412636380949e-01
3.263745342144607209e-01
5.143397372531781642e-01
4.368205541442481965e-01
5.161682744639179976e-01
5.410694068930437250e-01
-7.063005203574772572e-01
-2.039516699463768401e-01
9.705695831285353348e-02
2.648397807303229379e-01
3.855987372328496532e-01
6.054916375438988974e-01
5.298590682556966192e-01
5.527620858496681278e-01
5.229001887416743211e-01
-4.977280608348798596e-01
-1.715435783243244028e-01
7.678500148242752010e-02
1.889452656928902741e-01
2.855019705607590441e-01
4.494338598326323986e-01
5.267583088957046300e-01
6.052093119012581512e-01
5.720456452022365523e-01
-6.259050844457132001e+00
-1.522965185550100742e+00
-7.902788342102052832e-01
-4.493244425463558955e-01
-3.271605652597930902e-01
2.309243993842314546e-01
5.045962939355957966e-01
6.435085743054314023e-01
5.438698148106381192e-01
-6.259050844457132001e+00
-1.035201877433059359e+00
-6.990818687267039699e-01
-3.915070011207602563e-01
-2.700958279201957635e-01
2.760848262070275116e-01
5.410073520743670095e-01
6.852458590548469175e-01
5.656925943887534114e-01
-7.409796136575236281e-01
-1.991488359491676019e-01
9.897900896450725905e-02
2.606501822623306097e-01
3.772053360459255433e-01
5.745738552448890202e-01
4.924206906842235054e-01
5.150434574941976651e-01
5.375769325255685960e-01
-4.378180010147982859e-01
-1.888477127327618799e-01
2.817362857800117387e-02
1.250006284551920255e-01
2.572735092800221279e-01
4.094695034058479788e-01
5.084555204483994784e-01
5.679634449203062596e-01
5.676555846006134942e-01
-6.377061135721447949e-01
-2.151592020342683598e-01
8.394690980882832387e-02
2.255398142559100205e-01
3.523070157353603293e-01
5.380820059890170093e-01
4.488175513939660077e-01
5.983696675301494183e-01
5.154776512697888391e-01
-5.881406741535473159e-01
-1.039668124789020626e-01
1.843286207218566009e-01
3.264589175745583605e-01
4.509759152222984069e-01
6.409963124760821307e-01
5.460635190184156551e-01
6.329904836670525725e-01
5.641151567660789290e-01
-1.075332470888219261e+00
-5.209813151998076153e-01
-1.910042543584605790e-01
2.081660924833579965e-02
1.244826855922709780e-01
4.398052485135242606e-01
3.849171631368968893e-01
5.299661792582658348e-01
5.166991481681514342e-01
-8.718123386385480122e-01
-2.990996246932537406e-01
-1.686647740440765791e-02
1.278636181851070808e-01
2.503117688791099416e-01
4.495962482221781409e-01
4.074997257414707530e-01
4.990242146584948357e-01
5.378101503307002318e-01
-6.626488390806195561e-01
-1.759690776840263926e-01
1.184498543908171636e-01
2.691869285050607630e-01
3.952756148661682456e-01
5.916976967171717616e-01
4.844007057605455024e-01
5.861513897745893598e-01
5.114305257392982584e-01
-6.247956709768202055e-01
-1.237732650375151788e-01
1.649539994903509998e-01
3.053792733768781464e-01
4.319636802045094814e-01
6.164561970471937880e-01
5.228056276796348989e-01
6.322461598728552623e-01
5.639738140574412917e-01
-6.259050844457132001e+00
-6.259050844457132001e+00
-9.022624874676729023e-01
-5.596917503689347040e-01
-4.152894580923930379e-01
5.941861686766264361e-02
2.388781790915725511e-01
3.383958480480622755e-01
4.957545689631772667e-01
-6.259050844457132001e+00
-1.293606079433369693e+00
-8.427292565272027636e-01
-5.242409743947401557e-01
-3.841938017001915173e-01
1.582602307039627509e-01
3.518381314692745621e-01
5.211301440138708108e-01
5.121719739506671587e-01
-2.435844748856319242e-01
5.438975035398443264e-02
2.855877790097637869e-01
3.601512762555074687e-01
4.432996163604693840e-01
5.794929682107318181e-01
5.981888576073992603e-01
6.803235871606237994e-01
5.922343105413563347e-01
-6.217258940336247708e-01
-1.518189120034131312e-01
1.421863711785567308e-01
2.901395864205837394e-01
4.152990854630033146e-01
6.135057055002373083e-01
5.147250239155659601e-01
6.044179089694690088e-01
5.158305572473852463e-01
-7.244280364599847699e-01
-2.058577304446240763e-01
9.655861295598631988e-02
2.655640284653356109e-01
3.827746894145507839e-01
5.969875686778264301e-01
5.405720158246979379e-01
4.924270394557603292e-01
5.165276903044161427e-01
-6.721550194565057978e-01
-1.915970671264940195e-01
1.033377016805981374e-01
2.568368682953429127e-01
3.799398098317451344e-01
5.718051420059588885e-01
4.283031036179331119e-01
5.501881720698696965e-01
5.508351457216291713e-01
8.888515482720937486e-03
2.700314682848453107e-01
4.783223487353572279e-01
5.279782149040381789e-01
5.904302416491757910e-01
6.775662101697209616e-01
5.999893067024103521e-01
6.616127793724503325e-01
5.957492293856631038e-01
-6.259050844457132001e+00
-1.275645174214966815e+00
-5.163621561447324648e-01
-2.901324983634869237e-01
-1.248691773067934635e-01
2.295238802414013290e-01
4.359490069574976090e-01
6.571815546528682050e-01
5.757458078102624111e-01
-6.259050844457132001e+00
-6.259050844457132001e+00
-8.287270165585661763e-01
-5.280393894081517603e-01
-3.026993468917273944e-01
5.503520858834396595e-02
3.015029312853100829e-01
4.264235381183779094e-01
5.000806388730802965e-01
-6.259050844457132001e+00
-1.264207105547197063e+00
-8.609436202762921209e-01
-5.673014870473372939e-01
-4.036568303128244550e-01
6.681828939284197022e-02
2.440543304301232286e-01
3.453942993412520979e-01
5.038356796634839707e-01
-5.647410240974473083e-01
-2.239540056347127939e-01
2.622054644300142456e-02
1.482724479329015632e-01
2.519623902855244735e-01
4.209103631742496243e-01
5.287915791147969058e-01
5.924262352706087809e-01
5.855476542422517472e-01
-1.748083701050142102e-01
1.240314530922868724e-01
3.549547895240934281e-01
4.215475949668535671e-01
5.101146458182912458e-01
6.370931617738098129e-01
6.219366122103521244e-01
7.072266854164988015e-01
6.000961202523031890e-01
-1.540141809306456167e-01
1.203825484206180046e-01
3.407485427459799876e-01
3.955822854624760354e-01
4.663094846153599260e-01
5.737077011940189264e-01
5.290382195950615873e-01
6.333839896687377680e-01
5.908044526333977586e-01
-1.042539307265314408e+00
-4.343503828422635160e-01
-2.652161889981132226e-01
-1.589564835054893543e-01
-4.652646642253498166e-02
1.799825323328933246e-01
3.755716652192020444e-01
4.942875503657192526e-01
5.429732591485398885e-01
-8.004384210694683865e-01
-2.319462247338700822e-01
6.839230052446143571e-02
2.373477958413684197e-01
3.548498538957555737e-01
5.599559261533265664e-01
4.753141362819029991e-01
4.515234079753586149e-01
4.701324678370981669e-01
-2.359943206903361013e-01
5.975087003145474612e-02
2.883957684045252989e-01
3.660325065732004113e-01
4.507728164042284491e-01
5.894459364150683722e-01
6.192997037236750435e-01
6.916396406683130715e-01
5.995272338741707285e-01
-9.754041457925681780e-01
-4.590247200268582906e-01
-1.701305652090296106e-01
-2.473634833665797061e-02
1.070878511362621383e-01
2.893875187523868853e-01
3.513302463413662813e-01
4.899202685384311251e-01
5.481185001622417285e-01
-6.370309776063924900e-01
-1.346911248672636452e-01
1.606572681679012127e-01
3.193568752906010277e-01
4.355829590186738876e-01
6.348678506299174629e-01
5.632904026318091839e-01
5.648774987555458260e-01
5.649136733563105972e-01
-2.108349970311298727e-01
8.656129184599790916e-02
3.289306470181572739e-01
4.085455711697605907e-01
5.086552461620201804e-01
6.504543252000298814e-01
6.681070026339168688e-01
7.475101318331683897e-01
6.085943726984618385e-01
-7.887551827063365995e-01
-3.020854264590976945e-01
1.923697017641920123e-02
1.936526374042002729e-01
3.177771470691464484e-01
5.428436812902328601e-01
4.251375645738277309e-01
5.030350943613035586e-01
5.314301002212510339e-01
-1.191906174397610263e+00
-6.630093076931309337e-01
-4.404855589468591459e-01
-3.249424501151201294e-01
-2.208212632850240220e-01
7.198702106751424246e-02
2.694053573576299931e-01
3.910615444735812130e-01
4.558783695194406627e-01
-8.251351562507716064e-01
-3.081040376812486103e-01
1.862247321304450745e-03
1.772599005158895513e-01
2.960633307858866470e-01
5.112310983857127900e-01
4.244931762612572657e-01
4.074163752183209142e-01
5.134470005369282664e-01
-7.632878885461329421e-01
-2.789747548370586916e-01
2.580038702394875372e-02
1.861418935474933034e-01
3.104527332891788283e-01
5.042510276645334466e-01
3.671024157879374528e-01
5.015647043404228844e-01
5.195731490753510151e-01
-1.648879615393782805e+00
-1.104412135150834695e+00
-7.080528269436499045e-01
-4.635562418938411477e-01
-3.178675280571716111e-01
8.365280674922359605e-02
2.520628262043825285e-01
3.510478769352041173e-01
5.179203193833444852e-01
-3.721812203331417712e-01
-7.689070225270101810e-02
1.662013391922398386e-01
2.681791879892972408e-01
3.624777997187762502e-01
5.175303454129237535e-01
5.899522461914925575e-01
6.591345153892468334e-01
5.994153268809077062e-01
-9.713144355966141230e-01
-4.549175235995783217e-01
-1.548345254802634130e-01
2.782134186670982400e-03
1.211441288916921960e-01
3.486079725845290245e-01
2.925171438282829217e-01
3.647992591947568641e-01
5.093565688289857230e-01
-4.094724476508599942e-01
-8.501539614060417416e-02
1.572086270487644821e-01
2.521455530798845102e-01
3.406378812580618254e-01
4.968332020311723718e-01
5.826588039224128712e-01
6.620998312685691944e-01
6.057941872228140845e-01
-6.972835829269025121e-01
-1.825822166305436089e-01
1.157897475238069684e-01
2.824634352296510609e-01
3.998173304738614764e-01
6.070377822853371130e-01
5.506532442165738006e-01
5.110372759591848002e-01
5.181028801747691315e-01
-8.840664987982765899e-01
-3.395947485240952135e-01
-3.747003800936237611e-02
1.343497305038066914e-01
2.543519251287494343e-01
4.690511214863938849e-01
3.756857346753974536e-01
3.931586948994685859e-01
5.139400078361651136e-01
-6.259050844457132001e+00
-9.110324152110752527e-01
-5.990606090879214696e-01
-2.306816789994630690e-01
-1.155140440570211896e-01
3.592999289330379153e-01
5.517204899213464797e-01
7.076576900670706882e-01
5.877496735853809939e-01
-7.897691228498908700e-01
-3.080632964386214034e-01
-1.515579795504234384e-01
-6.196414002659504650e-02
7.193680070688464323e-02
2.765613935191325035e-01
4.599572561662039760e-01
5.492350549416007421e-01
5.772742646918234133e-01
-1.131606992344532520e-01
1.595176499951175553e-01
3.742170111246541642e-01
4.312359071271756883e-01
5.023795169315792286e-01
6.109525937978712573e-01
5.977920400113884147e-01
6.676176271377155524e-01
6.098998567667089921e-01
-7.768725450131009902e-01
-3.080922579045456411e-01
6.524983857564222584e-03
1.803127305351256426e-01
3.037089991542019085e-01
5.345568204393065237e-01
4.331212020811260333e-01
5.403466005136057237e-01
5.477589114491738798e-01
-6.196482984379872994e-01
-2.519414544001860046e-01
2.177950470573743191e-02
1.403618924315130079e-01
2.460885339906624947e-01
4.279819747086450188e-01
5.376947225591545143e-01
6.724476898139098990e-01
5.830579827567888840e-01
-6.259050844457132001e+00
-1.425317782995876081e+00
-6.862363414603291911e-01
-4.022025164026947763e-01
-2.063034457822423562e-01
1.410415280581898967e-01
3.895705108278502138e-01
6.162043886086071565e-01
5.725853336857864573e-01
-6.259050844457132001e+00
-1.517321759778151202e+00
-6.757082207562640219e-01
-3.438876467730559994e-01
-2.418163873403182673e-01
2.973796543940646075e-01
5.625884456754242091e-01
7.172243248399656768e-01
6.006557311523975651e-01
-3.118583071185720423e-01
-7.105868019098841859e-02
1.817860758445977443e-01
2.984006015979082660e-01
4.108366523545814442e-01
5.731544679963705979e-01
5.818106099591333624e-01
6.456307459607496524e-01
6.016308540189225784e-01
-6.259050844457132001e+00
-6.259050844457132001e+00
-7.606890093366329708e-01
-4.940229920336264846e-01
-3.273246925877935087e-01
1.871135974082593356e-01
4.687771613331017106e-01
6.218848223988551194e-01
5.651903362748366133e-01
-3.846223586879166101e-01
-6.937914662280129929e-02
1.692363811620627712e-01
2.574227456731794095e-01
3.406964053708930740e-01
4.930325475995060991e-01
5.713276037512445837e-01
6.589458872828725111e-01
6.144196389353300258e-01
-6.154267852670934902e-01
-1.233439134179856317e-01
1.692355170177617107e-01
3.255701112554938992e-01
4.422912197233638265e-01
6.414287191455875226e-01
5.632796636446693039e-01
5.943924985190327526e-01
5.826603128994256586e-01
-7.721634251605750121e-01
-2.720918315279142186e-01
2.362296482233663605e-02
1.919820352796477447e-01
3.108984721921215777e-01
5.154580131735122528e-01
4.196846989661942584e-01
4.392284911896328081e-01
4.870933051078437659e-01
-1.304435127537483696e+00
-6.927214860464826485e-01
-4.540667979994656434e-01
-3.193975839408453310e-01
-2.253613290760056176e-01
1.046366876684531877e-01
2.675137880613039365e-01
3.611780227186752734e-01
5.200387347471376875e-01
-7.257625392646229745e-01
-2.335579939891790635e-01
6.860290589172489406e-02
2.398199841469981775e-01
3.584454114049276940e-01
5.775287287419986759e-01
4.934730641861969636e-01
5.241411938120955627e-01
5.614463836998607738e-01
-4.961733555341756308e-01
-1.643619793680116681e-01
-5.730730750585343036e-02
1.883887239238331637e-02
1.574597418316514841e-01
3.462550470009110870e-01
5.210524034493235757e-01
5.893243413991712254e-01
6.033024792889664090e-01
-6.259050844457132001e+00
-6.259050844457132001e+00
-7.894739963357850776e-01
-4.405357839230825689e-01
-3.166743639041235681e-01
1.583845411915420776e-01
4.536236371401562995e-01
6.170228221562920057e-01
5.753570363017588285e-01
-5.570069144633886804e-01
-1.064286497250078595e-01
1.698356624233141876e-01
2.973684761600347559e-01
4.167661993438856460e-01
5.899154482438840885e-01
5.766610542549212015e-01
6.252200674487125021e-01
6.112732051904716801e-01
-6.455458291093076895e-01
-1.512898835629788441e-01
1.504073300877576680e-01
3.024653502564351726e-01
4.185389100621452751e-01
6.121028140549698016e-01
5.766085435230093870e-01
6.036234584481449117e-01
6.062222919901499862e-01
-6.259050844457132001e+00
-1.446311282333124559e+00
-6.750199462099362169e-01
-3.717767712523651902e-01
-2.569694190750927976e-01
2.520381074874863403e-01
5.372036853413114654e-01
7.010216452062484338e-01
6.045971559655924921e-01
-9.155312327895898106e-01
-4.130335042354685848e-01
-1.008710127108107674e-01
7.706563601092818183e-02
1.878078546397664583e-01
4.678112959054510078e-01
5.595043904857952555e-01
7.063150710405279309e-01
5.961847223590911460e-01
-7.161255741572390976e-01
-1.892787385987507454e-01
1.045440305459234137e-01
2.714865904610433422e-01
3.866845462677146461e-01
5.905260220492711820e-01
5.108402810276823081e-01
4.877666883323893421e-01
5.216702597766578187e-01
-9.741663977059613622e-01
-4.012596038377750363e-01
-9.145544249828145567e-02
7.505609122581333170e-02
1.959127683484090665e-01
4.154660729701745159e-01
3.379106668452053763e-01
3.903562583588268686e-01
5.333834814647114841e-01
-6.259050844457132001e+00
-6.259050844457132001e+00
-7.953610153300023633e-01
-5.165693126628833065e-01
-3.643866509225097139e-01
7.400582847776478179e-02
2.841023405590433759e-01
3.855721865687685157e-01
5.465934627865631779e-01
-6.259050844457132001e+00
-1.345176278896337507e+00
-7.703636669649648328e-01
-5.043723464047564775e-01
-3.655563555427381317e-01
1.169859583043288964e-01
3.277941763664488084e-01
4.881921883543483554e-01
5.522040083689669920e-01
-6.393362951522300053e-01
-2.018254292734976418e-01
-3.856178379780891147e-02
5.169433632310979632e-02
1.758640513816173701e-01
3.670550329869860517e-01
5.190424967401263689e-01
5.899090781571206810e-01
6.048648764089245011e-01
-6.259050844457132001e+00
-6.259050844457132001e+00
-7.269674090298336999e-01
-4.540493313816491572e-01
-3.009098652041152233e-01
1.273431903894222950e-01
3.973085977411685010e-01
5.792661985148818138e-01
5.692018949233946801e-01
-3.030929857508561920e-01
-3.664423887503984872e-02
2.179656686312402836e-01
3.307035763318467714e-01
4.437248069929925487e-01
6.040154405667224058e-01
6.146492538750598644e-01
6.846959889704391511e-01
6.142524059484756327e-01
-5.813010068050645796e-01
-2.260125426022968065e-01
2.117069084047483452e-02
1.472775232338666140e-01
2.604062217496065368e-01
4.291108750399473815e-01
5.633485544952041568e-01
6.222505821243510260e-01
6.214455287135650652e-01
-8.052744610510275125e-01
-2.218571379297449020e-01
6.106277146775691833e-02
1.939627943552557632e-01
3.181120843334682147e-01
5.047243928932311219e-01
5.006306005914819002e-01
5.780768089924583908e-01
6.019718641118723124e-01
-1.258273261309479141e+00
-7.061600550966382617e-01
-4.448251051021979152e-01
-2.994843560144175298e-01
-1.916988256879768038e-01
1.394125045909289928e-01
3.099852332655438913e-01
3.957217994097875780e-01
5.465385052580801206e-01
-6.710375940764226055e-01
-1.489635382340732117e-01
1.516443616648516790e-01
3.098242409125569474e-01
4.242841627954793138e-01
6.221930770731316507e-01
5.679239341695573318e-01
5.914235465912563994e-01
6.014391841398396554e-01
-8.810090088570058375e-01
-3.478364743360717881e-01
-4.193053338368160632e-02
1.285392650687500193e-01
2.494888035100742418e-01
4.486294733741406082e-01
3.672897369166644443e-01
4.864407382298101545e-01
5.550559125944848349e-01
-7.185421172729731243e-01
-2.622492922423511064e-01
4.080587583323119077e-02
1.964665898549199097e-01
3.233371719017269497e-01
5.173105038507304076e-01
4.039659720755622296e-01
5.398075122318199970e-01
5.671048611094020586e-01
-8.445564061114396726e-01
-4.404465104351547033e-01
-1.289235738731422665e-01
6.344460062456032390e-02
1.726653971331685300e-01
4.571659452768018217e-01
5.029888276901254285e-01
6.608405663417424858e-01
5.907531771036969026e-01
-1.303085399654529963e+00
-7.539168399976493573e-01
-4.568415100689697805e-01
-2.639555342337233657e-01
-1.176251099226789248e-01
1.433946771847204593e-01
3.644799460315578110e-01
5.135887914730911108e-01
5.986583656614538063e-01
-6.410932719947237679e-01
-2.282179640842935675e-01
7.889219613934901620e-02
2.404622027359473724e-01
3.677196064389721686e-01
5.877547232852491366e-01
5.196584808660615895e-01
6.124886730311002170e-01
5.868624983839643150e-01
-2.788385753688139013e-01
-4.786450702557023401e-02
1.258692013227364070e-01
2.006656508689031726e-01
3.329637282366514350e-01
4.834554045320770821e-01
5.967519087078360096e-01
6.297928359381727015e-01
6.193270174168841180e-01
-8.944501472970484146e-01
-4.767688381490516325e-01
-1.512777565103921584e-01
4.427002927680610822e-02
1.572710577599901738e-01
4.146942975628058470e-01
3.456947217810475981e-01
4.441834269402558655e-01
5.625542243857104552e-01
-7.191253197599144498e-01
-1.970329314893324024e-01
1.018720387574604674e-01
2.684207232605955173e-01
3.859014891147322102e-01
5.945604317033269526e-01
5.370617093779515017e-01
5.074192370131761498e-01
5.484290208947023570e-01
-9.398973490224437066e-01
-3.751252271491644641e-01
-7.557029824954757113e-02
8.276404641077632351e-02
2.044220337510012919e-01
4.165065800008928565e-01
3.533431723768965527e-01
4.285206953215460746e-01
5.211117195124386203e-01
-6.898883609743853285e-01
-1.995503680144714298e-01
9.768683837748572130e-02
2.567840013558304602e-01
3.800877879405326620e-01
5.801350901454320752e-01
4.660130063746058537e-01
5.479629206564170518e-01
5.600019943849424697e-01
-4.559670597336002440e-01
-7.636851806561657796e-02
1.955126477926000528e-01
3.182671725734765311e-01
4.446083810742917364e-01
6.190256570303981354e-01
6.357342918127676379e-01
7.423348876941993080e-01
6.288465010197357152e-01
-1.161180455173001613e+00
-6.334489121141798629e-01
-3.800768308069157331e-01
-2.486011943000902003e-01
-1.496700781662358148e-01
1.465189671759002943e-01
3.192601280730892888e-01
4.171608412814557520e-01
5.274990127803299567e-01
-8.095406298546042878e-01
-2.740348402516771253e-01
2.428802553737395911e-02
1.900785842740418119e-01
3.087296323270656839e-01
5.121733778778696511e-01
4.121099262668471708e-01
4.611745522565731115e-01
5.366686602182283439e-01
-2.667105920872339109e-01
-6.838093715385247517e-02
1.537510040941007794e-01
2.592366424688669069e-01
3.614251853001506087e-01
5.101738164244421503e-01
6.020024093869762449e-01
6.305078400111679970e-01
6.178945986226846987e-01
-7.070586760298621654e-01
-2.198337934620390177e-01
7.939101066068279811e-02
2.355624520007112144e-01
3.671170298946000998e-01
5.793027297228359185e-01
5.227072773064023181e-01
6.329691741592859966e-01
5.963787797982273986e-01
-6.537008945590051801e-02
2.053962339827909434e-01
4.195273012790152189e-01
4.777918032577114227e-01
5.547591657917558816e-01
6.650681600859926768e-01
6.484026422668841549e-01
7.055860402478929538e-01
6.330316384359467863e-01
-6.259050844457132001e+00
-1.145079220681922694e+00
-6.265339119325366024e-01
-3.437302635850969512e-01
-1.686721508784953250e-01
1.757166891446748369e-01
4.255975475834225530e-01
6.398601824352806444e-01
6.184601606601519697e-01
-6.259050844457132001e+00
-8.830171531059194390e-01
-6.289473502471227828e-01
-3.902149929886790658e-01
-1.650044584237319312e-01
1.665752723506015720e-01
4.081552095553659387e-01
6.083118450842867064e-01
6.214079949326833940e-01
-7.529645942618247156e-01
-2.245601628595516874e-01
7.468301118973395825e-02
2.469643203357881345e-01
3.630271138922980256e-01
5.801813681139130763e-01
5.249901948744081226e-01
4.986473151587548780e-01
5.762578497939968569e-01
-6.259050844457132001e+00
-1.042746127263858735e+00
-6.004737602882328495e-01
-3.265632110682304412e-01
-1.980896166659191493e-01
3.168173923437420103e-01
5.572335290133706431e-01
7.252138822246110283e-01
6.301553696387239833e-01
-7.626632854650191584e-01
-2.032993261144963593e-01
9.787658116436828704e-02
2.667034609910317600e-01
3.859125917646507031e-01
6.031898273536303590e-01
5.515439726655038122e-01
5.444502275548284143e-01
5.881939080248203000e-01
-1.189982944141267707e+00
-6.808350625661223621e-01
-4.364690663375884183e-01
-2.910487527635564620e-01
-2.002105677439131870e-01
1.362121369637744606e-01
3.041214168530960160e-01
3.966714889129554500e-01
5.568790053448654520e-01
-1.215081382211612215e+00
-6.957140298307762372e-01
-3.950030495304051037e-01
-2.502347936277685148e-01
-1.256846576870979393e-01
1.673554907218239018e-01
3.257675813330279668e-01
4.169700253999469863e-01
5.723195292691209968e-01
-1.607101864862648388e-01
1.021891550583919200e-01
3.113375254862126851e-01
3.729456036203520064e-01
4.354574606017374561e-01
5.391651775797199342e-01
5.170293178876175233e-01
6.514312351666599055e-01
6.500779426539314843e-01
-6.341234945133833456e-01
-1.550328951804805511e-01
1.393581738883461485e-01
3.028814157360977255e-01
4.181159261159798080e-01
6.205736937221276728e-01
5.520282420219769781e-01
5.508291536130386357e-01
5.863648253942898014e-01
-4.851519654190233899e-01
-4.402738783575919912e-02
2.314824008459535898e-01
3.535920837404326611e-01
4.809980146376914845e-01
6.589801716115153418e-01
6.330848754081599417e-01
6.923060920228738535e-01
6.349583149766274692e-01
-6.017003315455865531e-01
-9.705135112273959030e-02
1.989201155294913204e-01
3.474495917951335167e-01
4.625825181670863984e-01
6.593232145486059848e-01
6.343967485563772879e-01
6.448905501674618845e-01
6.333864025711579693e-01
-4.179286091084168930e-01
-4.162164556758202877e-02
2.314542661297226966e-01
3.515859174545590271e-01
4.798234964604384256e-01
6.544989730403920625e-01
6.334934837746444281e-01
6.844254385885492065e-01
6.306344816615523374e-01
-6.871236870063791580e-01
-2.996851910623868354e-01
8.872780841307255015e-03
1.413258764767682807e-01
2.636988103683369777e-01
4.516407269292272986e-01
4.883277211794433970e-01
6.413761076438321274e-01
6.130771334649504078e-01
-6.259050844457132001e+00
-6.259050844457132001e+00
-6.264164743993358986e-01
-3.760038206029903129e-01
-2.441932074639908412e-01
2.243299433179269109e-01
5.238341442121522418e-01
6.966952964492213463e-01
6.284414535503918264e-01
-6.259050844457132001e+00
-1.102946591774953022e+00
-5.767842656234468679e-01
-3.034273767129124222e-01
-1.509919335247142114e-01
2.061016098365156812e-01
4.615038899695163566e-01
6.665489385761801389e-01
6.368603219290445150e-01
-3.799181991035188721e-01
-3.073980842970071379e-03
2.600190371925846788e-01
3.729269335582975908e-01
4.986797331586534376e-01
6.680526131305056792e-01
6.754433157203664218e-01
7.513784632824345167e-01
6.434304188730806118e-01
-6.259050844457132001e+00
-1.300521003827922906e+00
-7.313950315299972971e-01
-4.052981271914414263e-01
-2.791678061908808850e-01
1.976334989693056265e-01
5.027317348337901892e-01
6.725724757676674326e-01
6.251422547087660542e-01
-6.922095229091503876e-01
-1.764409425928460118e-01
1.230496043325298439e-01
2.866964022522345279e-01
4.025192358067842258e-01
6.093185117542445628e-01
5.445494898771485737e-01
5.417497801555634096e-01
5.750403777483885648e-01
-6.259050844457132001e+00
-1.466382991379284961e+00
-7.329718257131402348e-01
-4.136910537172257540e-01
-2.866422764240149634e-01
1.428904474265380864e-01
4.044671162360424788e-01
5.775232029763859298e-01
6.100676958195605515e-01
-6.740938027369822727e-01
-1.153071654988376965e-01
1.514979613494481792e-01
2.856693919011140115e-01
4.036048255923769257e-01
5.816843544272676247e-01
5.927407880685684471e-01
6.475901236728213162e-01
6.435668247018641042e-01
-4.577338039656966839e-02
2.215994637183008320e-01
4.271165094313295052e-01
4.837825589368279222e-01
5.526422371497360375e-01
6.556895058515634922e-01
6.528121047799555488e-01
6.984634089860269901e-01
6.458830373957658022e-01
-6.908616607087070260e-01
-1.696716181413128188e-01
1.331000389477451917e-01
2.942930787362431078e-01
4.105328482020803027e-01
6.158625168768341318e-01
5.472003705890604586e-01
5.508501246093258086e-01
5.826452222265074976e-01
-1.775256044990219662e-01
1.105862358152174055e-02
1.824379696486936042e-01
2.475585093483564092e-01
3.761604144299851571e-01
5.207940107688227016e-01
6.281719640425723616e-01
6.540131252848297994e-01
6.412298365035397074e-01
-5.563070243562590056e-01
-1.344432817130886693e-01
1.456979052911919204e-01
2.733293941067749255e-01
3.985225235762903107e-01
5.784266351411706530e-01
6.129136890383540814e-01
7.284343423508351512e-01
6.483163630347665851e-01
-5.227744676159687964e-01
-9.547311264573020428e-02
1.846293304081777775e-01
3.271926384279725264e-01
4.511207292928537949e-01
6.417147325232478439e-01
5.807666955913145523e-01
6.860066761384195910e-01
6.443594938203979217e-01
-7.323602132592439418e-01
-2.855090169962268276e-01
2.199261092764872444e-02
1.893334672621224679e-01
3.147757383897231143e-01
5.406769110149171054e-01
4.779505821463467252e-01
5.988855267512348535e-01
6.153732243200271679e-01
-7.152745921233443216e-01
-1.944316972130783194e-01
1.016794624723994928e-01
2.646758879668155706e-01
3.802992997994005253e-01
5.801512895807136028e-01
5.103156145324408977e-01
5.779604845298655924e-01
6.197544388459825804e-01
-6.259050844457132001e+00
-1.221518687519721036e+00
-7.586676648446031290e-01
-4.426030106854109136e-01
-3.000348566325667932e-01
1.420836019442822395e-01
3.385877863974480761e-01
4.397173001034476725e-01
6.005210828795539690e-01
-1.006317483147041614e+00
-4.764798966023109927e-01
-1.418309941635871874e-01
5.233670670471828046e-02
1.647737850788630887e-01
4.415997398646844818e-01
4.176610191429308561e-01
5.572240894050354276e-01
6.112720324407435735e-01
-6.259050844457132001e+00
-1.081976532226347709e+00
-7.197195160385804202e-01
-4.105302259895184935e-01
-1.899334757460267309e-01
1.431303355688713086e-01
3.842150022246184071e-01
5.212512560523400174e-01
6.248476396964325330e-01
-1.211697324565417233e+00
-6.912003741209785668e-01
-4.838537515254731081e-01
-3.461523036242035722e-01
-2.183019572842181677e-01
1.060371492557484058e-01
3.360947286309075022e-01
4.582202390914021373e-01
5.590343294945470110e-01
-7.561333047305931476e-01
-2.694260383375647327e-01
3.523379688601719489e-02
2.112749706800327587e-01
3.282812102421288625e-01
5.455248106740115954e-01
4.834620942764452645e-01
4.822263229135238527e-01
5.961639586463955975e-01
-2.208884161058269624e-01
2.547274486817678943e-02
2.653463496178231074e-01
3.635441454464515831e-01
4.631900140921634823e-01
6.118003004799456024e-01
6.783723012928271068e-01
7.444194504503246490e-01
6.591122043298488498e-01
-1.290634613302103606e+00
-7.145061546691544585e-01
-4.090877103683882576e-01
-2.648120401290641746e-01
-1.402108614358944516e-01
1.711021968066280818e-01
3.448493198339225296e-01
4.392215501402580435e-01
5.986885053865115269e-01
-7.849167005851961365e-01
-2.839527763767780710e-01
2.137858400423009453e-02
1.994027535849060839e-01
3.154910874333777260e-01
5.337542768022812689e-01
4.700958630055886434e-01
4.732112065168464499e-01
5.947701689289905946e-01
-8.512372924817384057e-01
-2.898968539926786714e-01
1.213917881807282696e-02
1.870761882475397153e-01
3.051455175851926493e-01
5.176925405179492179e-01
4.468929089767812446e-01
4.855755384118717877e-01
5.976017086550050594e-01
-6.259050844457132001e+00
-1.148329034193800613e+00
-7.149819031349465837e-01
-4.166978441355730922e-01
-2.872817182355977828e-01
1.678435160989300290e-01
4.546289430039227031e-01
6.261321941509765399e-01
6.239486907317611797e-01
-6.849299450358046215e-01
-1.702939014817602126e-01
1.221037010954294511e-01
2.845683710159343516e-01
3.996116357884796910e-01
5.987801857718368925e-01
5.401701142296545521e-01
5.934962920290637323e-01
6.285281193591806259e-01
-9.015558877146502281e-01
-4.105773726607697682e-01
-8.125561531981212449e-02
1.004717008789144661e-01
2.181035903683213040e-01
4.499062372963053558e-01
3.846281828480580534e-01
4.718118697265598072e-01
6.046860520219454749e-01
-6.259050844457132001e+00
-6.259050844457132001e+00
-7.223140990570404707e-01
-3.956831974260983098e-01
-1.988047392657060763e-01
1.542211543313484201e-01
4.039007589127174280e-01
5.847749264722821305e-01
6.339784236676181406e-01
-4.981682521745919856e-01
-8.463832133866988627e-02
1.886963219504035061e-01
3.084308748676101164e-01
4.270104249962278775e-01
5.970214794049584217e-01
6.414813062728527138e-01
7.482684264239558569e-01
6.645310047606958204e-01
-2.364453906857029997e-01
2.242707689504294666e-02
2.363936140811994935e-01
3.073209736345102194e-01
3.689033427331440684e-01
4.888285834608954161e-01
5.320156800511708362e-01
6.633515794275339772e-01
6.709224721116164858e-01
-6.259050844457132001e+00
-1.081251986389618613e+00
-7.595949325632895821e-01
-3.778634132647231136e-01
-2.737425442224312166e-01
1.892955757931958638e-01
4.950559197709212267e-01
6.663686385225108255e-01
6.357300374701934098e-01
-7.833589996533294464e-01
-2.470768108011063557e-01
5.966241466019134992e-02
2.339525155110774024e-01
3.508578828174718223e-01
5.648439607793879214e-01
5.099651527250085303e-01
4.998816543444991045e-01
5.990286599016378943e-01
-6.259050844457132001e+00
-1.136364060271895626e+00
-6.880086945150341027e-01
-3.752898607373004181e-01
-2.498325634835813491e-01
2.455398302306269487e-01
5.281698184738350399e-01
7.002499288278383194e-01
6.436634015140709764e-01
-3.946982454649457517e-01
-5.833634890966438169e-02
1.845749896560628656e-01
2.890050955151359235e-01
3.864004615071184312e-01
5.439727685165114401e-01
6.439033849815942734e-01
7.198525186827414712e-01
6.688554933452900420e-01
-9.230955027391984924e-01
-3.326080813553769500e-01
-3.466458008160875487e-02
1.396045143802445432e-01
2.596211743252918036e-01
4.739697379451737191e-01
4.122024351240229922e-01
4.595740885234070872e-01
5.943298849467669731e-01
-7.342124469595622260e-01
-2.461645033437600549e-01
6.175541031319933122e-02
2.272426029618925813e-01
3.522220124569713229e-01
5.728052656580030488e-01
4.975512160566141207e-01
5.815511014778688148e-01
6.214894810774513889e-01
-2.336391362605144684e-01
-1.017335720642840178e-03
2.537957590427674659e-01
3.606388719892324457e-01
4.756729386336310816e-01
6.342407159043406129e-01
6.474938489085125815e-01
6.960561404622059856e-01
6.491808371379040876e-01
-3.526013041000425341e-01
-3.210438594442257404e-02
2.139664401400238891e-01
3.198233278718357053e-01
4.218830711308886317e-01
5.772418230086145963e-01
6.564368001909980377e-01
7.313415981856945525e-01
6.665356061802863996e-01
-8.026757335440450891e-01
-4.778363510905316303e-01
-1.835185106120033882e-01
-4.141544929189455021e-02
7.498342358331408497e-02
2.950210451672483081e-01
4.465370285655788085e-01
6.075933489830087630e-01
6.500371102143398527e-01
-7.805874290018750550e-01
-2.493722260309383099e-01
5.032552516337379656e-02
2.195840790316388458e-01
3.360642596598741316e-01
5.410998775405752026e-01
4.575616305349488044e-01
5.066683780690439676e-01
5.857849832459348649e-01
-6.281530245117618039e-01
-8.616102763624106098e-02
2.093447088107525944e-01
3.306445289291485845e-01
4.507016579410150214e-01
6.377122075499700449e-01
6.479968978526332579e-01
6.661634695889310231e-01
6.567172945560293407e-01
-8.450962537998466528e-01
-3.277163095687693484e-01
-3.368901264845100552e-02
1.280546458860991610e-01
2.495116694632468768e-01
4.566519336243258786e-01
3.884490530565521405e-01
4.907873397910194058e-01
5.876803978823192942e-01
-6.442041991672883272e-01
-1.687394517935353888e-01
1.279088142845220544e-01
2.910985627020230004e-01
4.065787744165821893e-01
6.083647974072465825e-01
5.501550231241032485e-01
5.868959383241243444e-01
6.265214588184181421e-01
-1.550008119348942892e-01
-3.854419756392250037e-03
2.197351881687837072e-01
3.268281674069782872e-01
4.346998752714411607e-01
5.866434413854567653e-01
6.369234883679415482e-01
6.770809098254980674e-01
6.526191803405370084e-01
-1.109846665757025230e-01
1.542507412321459936e-01
3.652084159743962943e-01
4.215485308192903346e-01
4.830326093479557215e-01
5.789844357807327757e-01
5.660320262793735457e-01
6.776328954603801913e-01
6.741688555060318944e-01
-5.065347317617775458e-01
-3.784385783126648084e-02
1.974593153914221411e-01
3.060906068840259509e-01
4.267216826945094965e-01
5.892339496192613435e-01
6.377182462832361454e-01
6.698936876396396345e-01
6.559864833693066499e-01
-8.798050194892256259e-01
-3.547193832120497659e-01
-6.665647266935446902e-02
8.801221458715437207e-02
2.103880342797426473e-01
4.214539707360692722e-01
3.817237660303343105e-01
5.141357020425862956e-01
6.048630151061913374e-01
-3.466659756178870344e-01
-5.267295829005143315e-02
1.725496353296365470e-01
2.733960350374642356e-01
3.796139384227443792e-01
5.295408622006878563e-01
6.347887543020019896e-01
6.606908030021861888e-01
6.439240570583628642e-01
-2.630355702346638958e-01
2.130968203272770242e-02
2.443693360271037840e-01
3.340768116338802551e-01
4.253944800065198040e-01
5.698076402770118065e-01
6.587067648621567351e-01
7.015848366507116962e-01
6.518790441438965244e-01
-5.653070725110663775e-01
-3.159684549241210116e-01
-1.124576971543517490e-01
1.509432979630932412e-02
1.421406668159296005e-01
3.362251228741050535e-01
5.157300526897884430e-01
6.226830650906435283e-01
6.506534481409427251e-01
-6.865013842879399419e-01
-1.820809944257774926e-01
1.122045257088200992e-01
2.769233666077829947e-01
3.929766780706984153e-01
5.960305784795280060e-01
5.190467253892585564e-01
5.613207991239066441e-01
6.190278476502312222e-01
-6.271113754828765430e-01
-9.512476171470266029e-02
1.664392512681563685e-01
2.839871055575410308e-01
4.059906863953925416e-01
5.757602406048016874e-01
6.092952436429601715e-01
6.506335515587023943e-01
6.573555545108197284e-01
-6.841554918686612030e-01
-1.494398028969995129e-01
1.292441055379975612e-01
2.766061440625268153e-01
3.938261261112899758e-01
5.823028800239741232e-01
5.751968030661939180e-01
6.363005845760278945e-01
6.470022582212924256e-01
-1.606006054416167783e-01
-4.554067812611950136e-03
1.928254408286769472e-01
2.839116156135877422e-01
4.029286982808757411e-01
5.415060959575428434e-01
6.351480557456129494e-01
6.662411739911690001e-01
6.530375813610631575e-01
-6.222870382026944869e-01
-1.306462881691518307e-01
1.564051762883415519e-01
3.085128160317112678e-01
4.236514347485755283e-01
6.138088746996722689e-01
5.890515234806110723e-01
6.445503481377390376e-01
6.505987241454258552e-01
-6.259050844457132001e+00
-6.259050844457132001e+00
-7.358559174233865185e-01
-4.705332525002130506e-01
-3.148787988067352495e-01
1.203050003741566593e-01
3.372773391736629267e-01
4.420399281734023744e-01
6.092761482962657515e-01
-6.259050844457132001e+00
-1.410810017184230603e+00
-6.687129193418482886e-01
-3.807736462194587501e-01
-2.665081363170068163e-01
2.641507089844141731e-01
4.687751036172812524e-01
6.500800255478859091e-01
6.318423232501295672e-01
-6.820084726549970888e-01
-1.249760824740499127e-01
1.414212372789392935e-01
2.775462901838920970e-01
3.965708515155108027e-01
5.754053034826878132e-01
5.930785652171426392e-01
6.522993602143860592e-01
6.530619304012356130e-01
-4.253455591777496880e-01
-1.192493040560681367e-01
1.240477526454360629e-01
2.115499045721649374e-01
2.973722023603612707e-01
4.595669475527174308e-01
5.383743902228927958e-01
6.916101735795110450e-01
6.712561947812031304e-01
-6.711032994885141045e-01
-1.649442593635749299e-01
1.288221379285483248e-01
2.790603485388635230e-01
4.055526405064260875e-01
6.057338649069043957e-01
5.366075476633029862e-01
6.337222602179340969e-01
6.314895625774163967e-01
-6.259050844457132001e+00
-8.151572283132487717e-01
-4.573244100500503673e-01
-1.729133482705251246e-01
-8.333047020264401639e-02
3.218655607592138534e-01
3.696336309781150242e-01
4.921011230220155852e-01
6.142215579446755891e-01
-1.177919745184559330e+00
-6.334214284954813312e-01
-3.879447670260368630e-01
-2.598385194207782356e-01
-1.485081965633513745e-01
1.468657333559497957e-01
3.458090754000983646e-01
4.792308975540685578e-01
5.812000887236837832e-01
-1.213400337257212858e+00
-6.531628432582040622e-01
-3.960069992256646798e-01
-2.492469400718024530e-01
-1.499545054971213320e-01
1.828173497900640043e-01
3.461569016502395457e-01
4.370499179133394141e-01
5.986740917338799761e-01
-1.265126771482555368e+00
-7.026007393950063351e-01
-4.849619254962403980e-01
-3.514589606467992122e-01
-2.133924302540441964e-01
1.126350314973711408e-01
3.432656708130326639e-01
4.682320049199849565e-01
5.721822561203468993e-01
-7.910974486646651371e-01
-2.529107413154060291e-01
5.536167256840899414e-02
2.233680162629608501e-01
3.489124428531501509e-01
5.683817577478240679e-01
4.934523703345374823e-01
5.810379514927584976e-01
6.246023238056360727e-01
-6.259050844457132001e+00
-1.304193196958386869e+00
-6.279184569747183753e-01
-3.699265878462486001e-01
-2.323338995458208434e-01
2.183849103750528931e-01
5.144944490517543434e-01
6.943136055456832212e-01
6.491556410547394407e-01
-6.259050844457132001e+00
-6.259050844457132001e+00
-7.125478953497649259e-01
-4.120998791981843601e-01
-2.865821885051705320e-01
1.499514677941264085e-01
4.078180835091302359e-01
5.777550538303407590e-01
6.238810210382741417e-01
-1.859301284484519423e-01
9.822389052739131932e-02
3.189978819893878881e-01
3.892964679428529973e-01
4.708285553311090110e-01
5.991468210835884101e-01
6.471682105370082372e-01
7.156862377177660717e-01
6.702185839505890863e-01
-1.402099985932999893e+00
-1.086519563647884379e+00
-6.632812950862440049e-01
-3.818373096389164334e-01
-1.730807414233440367e-01
1.583087660482704606e-01
4.044272221020125402e-01
5.429753996890959167e-01
6.401260710260456843e-01
-6.601124661416553074e-01
-2.076137352317372620e-01
8.880481474838966549e-02
2.438834423878767921e-01
3.678463479309538320e-01
5.635264036601763671e-01
4.623499739894787464e-01
5.936614467267716799e-01
6.371468621960635348e-01
-3.152975624558547185e-01
-1.359550117274347693e-02
2.502945640188147247e-01
3.561693341652301670e-01
4.722352016470314773e-01
6.339966646695314179e-01
6.397781047439563551e-01
6.662881322552511865e-01
6.436832358916064756e-01
-1.237676183965322529e+00
-6.883632074026920789e-01
-4.506116570415228950e-01
-3.080831825169152438e-01
-1.976472228201111847e-01
1.402552262264996907e-01
3.531267787879725506e-01
4.589257799387451153e-01
5.817048995312941173e-01
-1.818096269051768799e-01
6.925463080386293213e-02
2.902943613010776081e-01
3.734918970138011995e-01
4.622937786990837794e-01
6.013361876930076733e-01
6.702994886282532816e-01
7.128009640192025653e-01
6.467533028959220331e-01
-6.259050844457132001e+00
-1.556573258501899648e+00
-6.810067425499288785e-01
-3.528061309498852216e-01
-2.042869906306131467e-01
1.876678732537993277e-01
4.558131098022608629e-01
6.596146775379934102e-01
6.469174776227012424e-01
-7.530852579202551578e-01
-3.322188318308628152e-01
-2.764330214132926233e-02
1.412772447669178311e-01
2.602231327868987920e-01
5.105693519074869791e-01
5.325627154760615989e-01
6.778584848778050898e-01
6.390004444942606332e-01
-1.035602016273202919e+00
-5.672173911284346115e-01
-2.471185566457071714e-01
-8.157145695870109126e-02
5.262435016759779705e-02
2.715173611819609589e-01
4.163962983782431015e-01
5.516937324868089743e-01
6.363240993126232370e-01
-9.849770360590571761e-01
-4.020424629330581201e-01
-8.777289021624015697e-02
9.349980981421207593e-02
2.114482725176323741e-01
4.320737669320133811e-01
3.898991509560186808e-01
4.752218280707636855e-01
6.102571800051399542e-01
-7.470154723767453708e-01
-1.945225395663234269e-01
1.045537070789047812e-01
2.723699989814681865e-01
3.900968669963357227e-01
5.981138191477121113e-01
5.423949070971298969e-01
5.405523371802204435e-01
6.008120833762679025e-01
-7.110738213865420709e-01
-2.191578723932818273e-01
9.014370932977637529e-02
2.594187254979886670e-01
3.766544308159619492e-01
5.918759224877576663e-01
5.441169589146390706e-01
5.345877074338016843e-01
6.127135391556642885e-01
-4.081616063202125888e-01
-1.266839971939909826e-01
1.028905297356566273e-01
1.909552309919906599e-01
2.612175206877398459e-01
4.174791266500986198e-01
5.237156315888978897e-01
6.647486613580629866e-01
6.745771406305753892e-01
-3.733929884014118294e-01
-6.914519713316415531e-03
2.586412093306922899e-01
3.714877958608280850e-01
4.940825826313784974e-01
6.610238048350214335e-01
6.541631167257037083e-01
6.964170258550267389e-01
6.415141047061810875e-01
-6.619635964561264574e-01
-2.373063586591679930e-01
7.236296719126165955e-02
2.327348787542050379e-01
3.608126591475479539e-01
5.808801808781084430e-01
5.204626215174261716e-01
6.192363106316322030e-01
6.304484280631372783e-01
-5.127495196495064356e-01
-1.267175907403784996e-01
1.388906058744878158e-01
2.498396648199826264e-01
3.613568186111959513e-01
5.354578397368980891e-01
6.300301802542631613e-01
7.401842068973378819e-01
6.694762480514216962e-01
-5.293169981292362714e-01
-3.427407308750269471e-02
2.392964638303490821e-01
3.710924258237516260e-01
4.949285184806385129e-01
6.845005194671662796e-01
6.568445275363331559e-01
6.955847932406837852e-01
6.508708396283876541e-01
-2.962764578383295100e-01
2.142732013844409270e-02
2.780024110370190038e-01
3.808024673265628102e-01
5.019683107008894307e-01
6.622716963659966982e-01
6.763462371896810099e-01
7.384333345666196369e-01
6.492450618462741740e-01
-6.259050844457132001e+00
-1.465610142061475996e+00
-5.801644623084312169e-01
-3.133496065762727545e-01
-1.123740005933291236e-01
2.255559502630540003e-01
4.484127730637391673e-01
6.369739962219278517e-01
6.622421346323921210e-01
-4.991660085699711757e-01
-3.365286896546814538e-02
2.431976060506900184e-01
3.661489482758394920e-01
4.928064848206297199e-01
6.754133275611675646e-01
6.536415162540670787e-01
6.931868456089684827e-01
6.493084114058208511e-01
-6.959297817376233208e-01
-2.755928153632326016e-01
2.439436350635085585e-02
1.873783084201884608e-01
3.073030515974980448e-01
5.005836541348451796e-01
4.732549310167461498e-01
6.133952610838221409e-01
6.505970654305992529e-01
-6.823880444891097241e-01
-8.393613870617205874e-02
2.046858149109033465e-01
3.310288278884035984e-01
4.497119239974066152e-01
6.389398022837029512e-01
6.513970634552138650e-01
6.696604471822120708e-01
6.614659162042086926e-01
-6.942226764387193771e-01
-1.650707142861824184e-01
1.340088391578089788e-01
2.955930733652950004e-01
4.120332867596451232e-01
6.163502700317627925e-01
5.409071217961554101e-01
5.695741970207143234e-01
6.153432451837156369e-01
-1.290634800171101271e-01
1.496225752284076893e-01
3.653267295394161951e-01
4.310834237572693239e-01
5.118117144707625688e-01
6.333110958401715340e-01
6.641364013698349833e-01
7.169521645694442169e-01
6.615084884217256045e-01
-6.259050844457132001e+00
-1.148403164759491224e+00
-6.988515941163325751e-01
-3.806400142695416378e-01
-2.397555750001271191e-01
2.191115367382284462e-01
5.209079424149309911e-01
7.001599276790396731e-01
6.500316925625682085e-01
-6.259050844457132001e+00
-1.200244339218262013e+00
-7.095303863282970136e-01
-4.064552579739841298e-01
-2.720384090810257227e-01
2.057258714093743446e-01
4.789315522666645064e-01
6.549093167816820715e-01
6.350605956487594961e-01
-2.254237657354719315e-01
4.950964415535356877e-02
2.968998643493356848e-01
3.946135132615687935e-01
5.106023815528146770e-01
6.657748732130703839e-01
7.091023157642890595e-01
7.766076724810083709e-01
6.602940188571418956e-01
-8.383375290797113744e-01
-3.770993878976082181e-01
-6.193388975633804666e-02
1.226790475335271940e-01
2.421802587170518994e-01
4.790763437917635592e-01
4.058854516152498038e-01
5.051663777170860570e-01
6.160560707687616766e-01
3.950808896094278738e-02
2.928346231299822633e-01
4.927876675517185445e-01
5.449761727319308857e-01
6.051344427454002917e-01
6.963106270992643898e-01
6.684108196050414508e-01
6.981739019932819978e-01
6.446600753190645516e-01
-8.557350019297274013e-01
-3.871952907664134580e-01
-7.236218788475357044e-02
1.080563515846696271e-01
2.258900809634963036e-01
4.775370274667487536e-01
4.396830056743952220e-01
5.751774631611096256e-01
6.250861964876395227e-01
-6.259050844457132001e+00
-1.260264480335364201e+00
-8.139985658806658808e-01
-3.707553062200962257e-01
-2.613319990337793497e-01
2.723559490889049806e-01
3.995370550577941327e-01
5.647150120887620695e-01
6.216908010924178107e-01
-8.261410141277046870e-01
-3.092946722662955894e-01
-8.609922780389971933e-04
1.770777869163879248e-01
2.949887054889226978e-01
5.126860525231297094e-01
4.453233262545982507e-01
4.796243122311540930e-01
6.081401820158757188e-01
-6.259050844457132001e+00
-1.115522887745264979e+00
-6.435116562017511033e-01
-3.649821084230441270e-01
-1.589741310601673063e-01
1.665522693909242402e-01
4.116013078129152625e-01
5.503397302358260523e-01
6.433416007912523549e-01
-1.126674902397739375e+00
-5.799717260747146996e-01
-2.805310130566333604e-01
-1.412784565773483880e-01
4.063676443724640805e-03
2.374599728820276368e-01
3.969573714204236992e-01
5.125831431304325170e-01
6.199952439955225270e-01
-4.256650065669513316e-01
-3.125254096868942955e-02
2.344768958963814875e-01
3.522576296866617995e-01
4.744716455064075800e-01
6.456866186415298747e-01
6.440497677520827802e-01
6.775393942552035975e-01
6.532986552859433305e-01
-6.246172113677868065e-01
-1.450320944954822111e-01
1.513469882183388904e-01
3.089636997703448795e-01
4.241705195395837902e-01
6.254744020446909580e-01
5.606715542235862770e-01
6.138558852371097663e-01
6.367441911606093186e-01
-6.259050844457132001e+00
-1.286119075791108513e+00
-6.753650345734506510e-01
-3.724590322022390820e-01
-2.217370609289240069e-01
1.658893777900304622e-01
4.250507884762038668e-01
6.113277246757325978e-01
6.369651122099357909e-01
-6.259050844457132001e+00
-1.107756658823085161e+00
-6.112352203589566102e-01
-3.265041478233308703e-01
-1.685359745047003421e-01
2.031090295217404251e-01
4.623057606487419036e-01
6.741597583142986405e-01
6.544568950007602082e-01
-6.023698379823667626e-01
-1.868673548132301077e-01
1.009069251664678618e-01
2.423396608059747714e-01
3.721318091108999360e-01
5.627486081888133373e-01
5.097875079877506321e-01
6.460199831718282937e-01
6.428596242736158706e-01
-3.135020071078470916e-01
3.062169519769074571e-03
1.852248675550597357e-01
2.352657947426259888e-01
3.580727676446209817e-01
5.276191562716154859e-01
6.460804113981180041e-01
6.591418232310527481e-01
6.553925443494712511e-01
-7.175525150475020597e-01
-2.292409935183955805e-01
7.405913935300711959e-02
2.410700644621819044e-01
3.588461070614496484e-01
5.648872052679101419e-01
4.804312167990028581e-01
5.338967379319604634e-01
6.054126324246782431e-01
-7.231815854972362123e-01
-2.241068541690722782e-01
8.188133203770171786e-02
2.515586397751482517e-01
3.681368679621535578e-01
5.763216929343728534e-01
5.153644127897677452e-01
5.207028872259948926e-01
5.963908138143639848e-01
-7.666674512240669870e-01
-2.751530876141029536e-01
3.818798156712883973e-02
1.996987109235880131e-01
3.250369717893854538e-01
5.267642349819064984e-01
4.441660480340574035e-01
5.577815662258578389e-01
6.265752755903803983e-01
-7.861194193593095125e-01
-2.760115437339542566e-01
3.552044400324340379e-02
2.121682524504699685e-01
3.275602269393618204e-01
5.463236045407134922e-01
4.842566286811487708e-01
4.961898389233790341e-01
6.103831302963821370e-01
-6.129895687879616251e-01
-2.303579955639867838e-01
5.259054756938181391e-02
1.723993044257916829e-01
2.848537307798067464e-01
4.656546420970880118e-01
5.624893557395628241e-01
6.918730845739754498e-01
6.615160216646464031e-01
-1.212454780860045878e+00
-5.991042305341753860e-01
-2.951439228241088397e-01
-1.461100843757787981e-01
-3.106836840221384802e-02
2.417803913282326467e-01
3.602904973926166488e-01
4.502524520238135874e-01
6.070688199600461354e-01
-1.263197945586252424e-01
3.502726249589851321e-02
2.037773106159971870e-01
2.829002559587563970e-01
4.073244774564933612e-01
5.440533680815948792e-01
6.407880802884531324e-01
6.627507191691535127e-01
6.478822815217926134e-01
-1.081524492383348357e-01
1.738605474775767323e-01
3.917499023984757911e-01
4.553336974937858828e-01
5.384356730617843034e-01
6.565753637025855127e-01
6.673252761937676913e-01
7.317395468121323798e-01
6.704109867465503081e-01
-6.259050844457132001e+00
-8.279346747171527632e-01
-5.086452740149685070e-01
-2.809828426944910307e-01
-9.339362175047209724e-02
2.032600350030369651e-01
4.269613608531735438e-01
5.831624411050182477e-01
6.501653913078452307e-01
-8.395885955966859715e-01
-2.986134760922318221e-01
8.307519625640271983e-04
1.682234221132554441e-01
2.884995649073447410e-01
4.964723233585615625e-01
4.289984596971012087e-01
4.855340043886475776e-01
5.855277931029315708e-01
-3.558690051564695200e-01
-1.089815808385235889e-02
2.098009966911743851e-01
2.889529381268218233e-01
4.130884526560071879e-01
5.553883483525995368e-01
6.279013267232920192e-01
6.529844011316033869e-01
6.497391725346405300e-01
-5.121123634107453970e-01
-2.576727072613645142e-02
2.460055185430058966e-01
3.720729746875547361e-01
4.957743607208245362e-01
6.841048635980235826e-01
6.623012504025905800e-01
7.020620076620559535e-01
6.579024031633432523e-01
-9.060093611523447610e-01
-3.980018508032622804e-01
-8.861150163214165376e-02
7.519601049691841677e-02
1.963990402934330526e-01
4.155394434056058905e-01
3.850587965148843383e-01
4.607340908393438572e-01
5.998376531072935336e-01
-8.020725631700065250e-01
-2.787001742883292166e-01
2.997093239153966748e-02
1.981946320980718657e-01
3.238340753995977428e-01
5.440395853708352991e-01
4.678668998244959187e-01
5.712442030507043356e-01
6.252185117165596218e-01
-1.284981816356017159e+00
-7.096418829308772658e-01
-4.275216952104421986e-01
-2.796477426973737468e-01
-1.667209090977056773e-01
1.777751094704568269e-01
3.638707650806645155e-01
4.567180859988739794e-01
6.101559637476016151e-01
-6.259050844457132001e+00
-9.526051182120023331e-01
-6.873520674889544990e-01
-3.541390586754142866e-01
-2.446372789973605411e-01
2.286590902537803671e-01
3.500507942370738035e-01
4.573374493015714970e-01
6.142621156222568546e-01
-6.259050844457132001e+00
-9.463798835758252537e-01
-6.119677976360975435e-01
-3.187360767025508301e-01
-1.508159535966580034e-01
2.126033268956624978e-01
4.629691084079352037e-01
6.663386809771995045e-01
6.597983745617651552e-01
-6.458603508982266872e-01
-1.766342418089985045e-01
1.158930254587185044e-01
2.587298856992904517e-01
3.886751495909402387e-01
5.806561684627484787e-01
5.157373997450778180e-01
6.464263903750535611e-01
6.416084035521137929e-01
-1.051835490583269639e+00
-5.028845385967466441e-01
-2.196963370332871146e-01
-8.573165925882313132e-02
4.193259873321973641e-02
2.692131955988547043e-01
4.167860453910369745e-01
5.633413989503008867e-01
6.349373717525562677e-01
-2.742400108965855621e-01
-6.200351028959056286e-03
1.407779348396829000e-01
1.511144070271609463e-01
3.012502436374356884e-01
4.936943351713356520e-01
6.328198954836105061e-01
6.640914898865670768e-01
6.615228011558310639e-01
