-3.562577551218188088e+00
-2.396648201571542902e+00
-1.602546931781928086e+00
-1.243224744927349246e+00
-9.201420007661991196e-01
-4.660112129621297727e-01
-6.917896725826087057e-01
-4.254914558460752283e-01
-7.999438763261764729e-01
-2.813131015259816792e+00
-1.748539153607912677e+00
-1.008828335609007754e+00
-7.567017110674093550e-01
-4.147205062292207978e-01
2.955550788516463079e-02
9.930496016721600261e-02
4.098232012937969571e-01
-3.206548341247628664e-01
-4.993372531046875173e-01
2.110788926708022928e-01
6.663015942044446804e-01
8.049238936187357307e-01
9.193996265638605392e-01
1.030601261353879528e+00
8.106403416367741199e-01
7.410286264078655982e-01
3.149123494932218326e-02
-3.467154952759126996e+00
-2.355445543877968451e+00
-1.561149663143827526e+00
-1.191875900786899978e+00
-8.565747466653300668e-01
-3.433942968547268326e-01
2.637873887335033876e-02
3.507297071630731677e-01
3.733087894054650246e-01
-2.768041052198433327e+00
-1.692921646963013949e+00
-9.679346818783429729e-01
-7.079793024107519095e-01
-3.662984958481321218e-01
8.955212062275928753e-02
3.326160295656988564e-01
5.835823015960490689e-01
4.457021373542034426e-01
-4.740430902057918838e-01
2.266216299078721019e-01
6.729173917098452140e-01
8.054381600875899494e-01
9.184177053589339668e-01
1.021006033411436587e+00
9.013275569847708502e-01
8.926304542575013157e-01
5.539890889660971096e-01
-1.343710101421309089e+00
-5.963112307705324966e-01
4.700430519213143199e-02
2.541809147951604730e-01
4.624486737129953062e-01
8.797217286128387048e-01
1.240348123186905793e+00
1.207419745978687953e+00
1.130422018959577279e+00
-1.244465304903471958e+00
-5.195275936470434841e-01
8.860134817502726690e-02
2.839660633883037133e-01
4.924342775398797278e-01
8.908507647615639957e-01
1.246179701228394610e+00
1.199239707765480167e+00
1.131989716435678917e+00
-3.246074089490046943e-01
3.461332204020586278e-01
7.804798911345988133e-01
9.278487233068215545e-01
1.038537628226436915e+00
1.187558284901272243e+00
1.324764487872671870e+00
1.279762242264645966e+00
1.148122760920833985e+00
-2.198905265650905161e+00
-8.666406027732185269e-01
-2.932866209264646806e-01
1.134078695245260698e-01
3.064490441971909895e-01
7.422307790480242584e-01
7.033487422578541537e-01
8.961394896477632432e-01
-2.110047138739668260e-01
-1.561516340901459854e+00
-5.918871146115065596e-01
-2.111103735827471808e-02
3.665861733384649379e-01
5.151084307922757510e-01
7.264218068819970620e-02
3.524004699836308374e-01
-3.264454160782175041e-02
-7.624364473672451403e-01
-1.709527829344985816e+00
-5.569815669305714367e-01
3.591930156131221963e-02
3.011880331048651382e-01
6.169480986412797519e-01
8.728349028307926805e-01
8.224896034009926415e-01
9.993844397021082182e-01
-4.973723742694130534e-02
-9.009494303878550214e-01
-1.574488344093230852e-01
3.510031615967977858e-01
4.994251864243979822e-01
7.216405632143237936e-01
9.835849244344438969e-01
8.273843317955388299e-01
8.954044585294683722e-01
3.133388425482627054e-02
-2.015445622514041357e+00
-6.991231362219043621e-01
-1.658388918601875484e-01
2.285581060813939858e-01
4.150541821254606911e-01
9.215956690497215664e-01
9.596242615618635341e-01
1.139966520461214605e+00
9.289135521167249387e-02
-2.081169356563809636e+00
-1.043770214072450520e+00
-4.703461086954116022e-01
-4.691957205081914717e-02
1.430855741001096082e-01
-1.622832987729718457e-01
6.266679294555317636e-02
-5.539285284381001428e-01
-1.159590140410918346e+00
-1.972805575559348990e+00
-7.516901664392918736e-01
-1.403310896101064575e-01
1.721111131505045078e-01
4.817708986789839831e-01
7.077560532836216778e-01
6.006309755910163029e-01
6.576873116173034273e-01
-5.080454155293329110e-01
-1.414508460004617385e+00
-3.979886045227010727e-01
1.589973733062395311e-01
5.063619036520177197e-01
7.646842883671143287e-01
6.743896195942716831e-01
7.182680077054798273e-01
6.181361357805132961e-01
-3.396358419917088201e-01
-1.673100514315471132e+00
-5.400062216218205480e-01
5.440242502293207022e-02
3.142302548986786181e-01
6.339744724444255075e-01
7.565647241527179157e-01
6.944665862421655067e-01
7.964487714930899021e-01
-2.657551328246613997e-01
-2.491622901726370021e+00
-1.154283797418433011e+00
-5.074171002345257975e-01
-8.747571511250172571e-02
1.290076747604226859e-01
4.680285652154677067e-01
2.333652012380831864e-01
2.817380777227095900e-01
-8.304710820923265624e-01
-1.445331191415750727e+00
-4.029094919213780379e-01
1.662274319752773122e-01
4.681083335204148099e-01
7.572127632312068979e-01
7.984167310851594257e-01
7.807762675339701142e-01
8.546193379706727988e-01
-1.376157705031644529e-01
-1.620768598067968469e+00
-6.473989952663500302e-01
-7.496608454862338511e-02
3.194217850320968943e-01
4.691584448304625954e-01
7.379413219632477428e-02
3.400170772990587231e-01
-1.318666235205764314e-01
-8.363585353877446282e-01
-1.843986740560990656e+00
-7.471324282958600183e-01
-1.613175746171015279e-01
1.814597112905328713e-01
4.506402572723669508e-01
2.895862530037434657e-01
3.558700669301030906e-01
7.588849387896194620e-02
-6.675964584501047350e-01
-2.117080339282283230e+00
-8.538939308848092491e-01
-2.740367597641898412e-01
1.241757382730282189e-01
2.404487217936666088e-01
8.270404428102644534e-01
8.428368330409662379e-01
1.052358714460738920e+00
1.409948437405532107e-01
-1.306818688888525593e+00
-5.241373013037164963e-01
2.973301389906263595e-02
1.947933137551081106e-01
4.568628703131886182e-01
8.012974232969473087e-01
7.670564346789850996e-01
9.022986418021260446e-01
5.947640864830564672e-02
-2.811571040624310402e+00
-2.196805403393199629e+00
-1.774757405729494142e+00
-1.231140717410543317e+00
-1.194846908106722561e+00
-1.672465796897460555e+00
-1.105609538960835581e+00
-1.078450720798701301e+00
-1.361822104199456041e+00
-6.550559439601257861e-01
7.825681080184157534e-02
5.669303252767153856e-01
7.228440506182218783e-01
9.066077483717028818e-01
1.103861581776160117e+00
8.769718405386159876e-01
8.643770902686622737e-01
4.273050747838751454e-03
-1.897969184390422059e+00
-7.125294111069777614e-01
-1.017791915828445692e-01
1.938114108583868234e-01
5.127517063653724838e-01
7.117166685850174757e-01
6.214290895215479615e-01
6.591639028999245475e-01
-4.837100686099620184e-01
-3.425335548563801069e+00
-2.271907085734694132e+00
-1.480183702782094102e+00
-1.089755798457473057e+00
-7.699753923352081753e-01
-2.898539957174245951e-01
-7.327562409468280080e-01
-4.260249496998823604e-01
-1.077203525045969057e+00
-2.453763592046414033e+00
-1.516200212211401332e+00
-8.112682762519556334e-01
-5.252318519783011341e-01
-1.916335148649114806e-01
2.702219057296888494e-01
3.518192877738430258e-01
6.007514871578086835e-01
-2.742526005166138758e-01
-3.167796429588590090e+00
-1.946322298630159375e+00
-1.462279358075952107e+00
-1.067187069654668141e+00
-6.310630897639414316e-01
-7.647492123744145109e-01
-9.426519186353568003e-01
-1.267441977365256101e+00
-1.451443123765333798e+00
-2.178720410674765073e+00
-8.976607692459702692e-01
-3.166560527679770920e-01
9.133371277373186770e-02
2.882003086675010151e-01
6.978863982022960322e-01
5.650224908413167269e-01
8.256165827946475577e-01
-1.851911810603407427e-01
-1.898047668437023550e+00
-7.129167373637229632e-01
-1.255753344313045861e-01
1.879785910195726217e-01
4.778528502677984457e-01
7.654138868525064421e-01
6.675537374849873640e-01
8.686516946394678973e-01
-2.384421512488888173e-01
-1.747913343624224014e+00
-7.674127483102018976e-01
-1.989050882930801789e-01
-1.086705879551328434e-02
2.941799118316528183e-01
7.156851711101548386e-01
6.117233935833350511e-01
8.878709033055011135e-01
8.044469085352123905e-02
-1.662221522402014262e+00
-6.928395061178675984e-01
-1.205889290480472997e-01
2.793188389558009521e-01
4.210308906226525316e-01
-3.677233314455123636e-02
2.412931283172626284e-01
-1.495589557693388361e-01
-7.881844862830110765e-01
-2.631555314294783621e+00
-1.943534110971589346e+00
-1.496970522271644066e+00
-9.668032638760186703e-01
-9.294718034687969865e-01
-1.431807281338925320e+00
-9.483589627455911719e-01
-1.185174261055394140e+00
-1.418946848165884234e+00
-2.893872351299020984e+00
-1.901489239330454328e+00
-1.470081574496360233e+00
-1.006397542698481251e+00
-7.040378712406709649e-01
-1.085793732288286906e+00
-8.815534526502909474e-01
-9.067304199222047112e-01
-1.262666711191249735e+00
-2.222965473329876929e+00
-9.963687988583362909e-01
-3.742471346900800300e-01
-4.499958179258308627e-02
2.647653885620110392e-01
3.299346092161075661e-01
1.901301704629707601e-01
1.869876546786464755e-01
-7.268152603742384921e-01
-3.344969360400389391e+00
-2.047632150147117969e+00
-1.528703762303358804e+00
-1.129792274302842792e+00
-6.860422331589788314e-01
-7.411639167134946860e-01
-9.876524489562875653e-01
-1.156686027066348821e+00
-1.385860330024288212e+00
-1.268265588658265663e+00
-4.430503682350283579e-01
1.075402194678612144e-01
2.887158546967565909e-01
5.508944031959509546e-01
8.526889074380840094e-01
7.185281540975633208e-01
8.634882922776779823e-01
-2.934087229344966782e-02
-9.308938044987836724e-01
-1.633740657298793919e-01
3.514850818514421160e-01
4.431353804364168703e-01
6.733383334040426993e-01
8.454976323518470505e-01
5.978868415255640389e-01
7.028732996286285450e-01
-2.827638233893942348e-03
-8.886380681447971774e-01
-1.215905516028878558e-01
3.854146126082634849e-01
5.460516534870325511e-01
7.827905077045991256e-01
1.034670077921642894e+00
8.449497716535168124e-01
9.232598998571179827e-01
2.428465037850033661e-02
-1.810558634983970405e+00
-6.268333905390209848e-01
-5.699133672703795422e-02
2.614692657773900475e-01
5.388450416189369818e-01
9.010499430183014358e-01
9.048658606899842027e-01
1.083459648313966017e+00
3.009843626831235140e-04
-3.508712681009229950e+00
-2.320599847735163035e+00
-1.542185446813498562e+00
-1.195278164044537350e+00
-8.642164650365639078e-01
-4.102913047971276095e-01
-6.139379697229548905e-01
-3.346813485115813780e-01
-7.262080146028297989e-01
-2.952582872508247025e+00
-2.025268166482014465e+00
-1.628187442754094993e+00
-1.131261858172462942e+00
-8.585528782751769006e-01
-1.090315904628538890e+00
-7.812977732564740929e-01
-6.555753519641658311e-01
-8.281658977233034014e-01
-2.194669112069747907e+00
-8.765891546909362342e-01
-3.095579997937963901e-01
1.039154689518699409e-01
2.408993458075633642e-01
7.760495746591656863e-01
8.031511796727365260e-01
1.012993747783014209e+00
-3.070871088526928167e-03
-2.587399816899786931e+00
-1.351840107986078898e+00
-7.180430629653492547e-01
-3.288310019115501248e-01
-1.498673969467633482e-01
3.435910964710113813e-01
4.756524488218821789e-02
4.749789359187812088e-01
-4.072144652524462005e-01
-1.971047549627714890e+00
-8.006088878062863623e-01
-1.870587874246727456e-01
1.086956777837303351e-01
4.306595869125394160e-01
5.150821281139181806e-01
4.054464800560775295e-01
3.853772908389480056e-01
-5.047773429412367729e-01
-1.353516806234778658e+00
-3.512889884842774757e-01
1.963586558858541609e-01
5.714761964031108699e-01
7.690748446627148072e-01
4.329268629999916684e-01
5.840580284049854409e-01
4.105408872738707249e-01
-3.900426756295241049e-01
-1.699971812312645936e+00
-5.970139963655884952e-01
-1.202793274497312472e-02
2.979752596911753870e-01
5.917235733697141509e-01
5.451765409797207917e-01
5.283165775971485623e-01
4.291839922273155694e-01
-4.575585110874226813e-01
-1.406402095173711730e+00
-4.209298574541465165e-01
1.360841922176055652e-01
5.123149185374388237e-01
7.016319339433511049e-01
3.357910623763551428e-01
5.022938975100241787e-01
2.985226152690368395e-01
-4.772131820574355698e-01
-1.292552504880804864e+00
-2.872065875580670502e-01
2.567361723720488764e-01
6.306291645231723031e-01
8.440590793316743445e-01
5.849719447673532580e-01
7.041604487073650498e-01
5.372072025939201856e-01
-2.823182664974216438e-01
-1.905027531128059115e+00
-7.414681895107038123e-01
-1.926826277013521382e-01
1.629951998193663043e-01
2.860511952624418819e-01
8.999765368143399780e-01
8.713895501583747150e-01
1.095590251401002746e+00
2.212484031770732551e-01
-3.455019061379625445e+00
-2.105110663631993173e+00
-1.551779204248250110e+00
-1.133220552053838093e+00
-7.146395468732312795e-01
-7.000612349837526116e-01
-1.042089931706424943e+00
-1.197849677824089687e+00
-1.380786345107754443e+00
-1.736741292012153437e+00
-7.826705577699740735e-01
-2.051490276043487770e-01
2.049140390335156547e-01
3.184287275134323747e-01
-1.418081835219068276e-01
1.969808394269559892e-01
-3.175935062415737309e-01
-9.193752467344652457e-01
-2.243581379449172797e+00
-1.117872212914249541e+00
-5.100244462501541953e-01
-1.720432752824423150e-01
7.606074254205351381e-02
5.994984957625183464e-01
7.108035240097434482e-01
9.047855780335022358e-01
1.307260296744218626e-02
-1.637982934365860510e+00
-6.674537365102793940e-01
-9.241548242113432898e-02
3.042692579657983454e-01
4.419810748452829841e-01
2.900694023297127958e-02
2.809298209944882108e-01
-1.817772249279328567e-01
-6.738986712035406335e-01
-2.833585214211472803e+00
-2.233747487678244603e+00
-1.811576001475970532e+00
-1.268391750018975195e+00
-1.231510505508841113e+00
-1.615048666774059116e+00
-1.006121812440734065e+00
-8.827637711078302196e-01
-1.191664963984874426e+00
-1.241861880599313350e+00
-2.633558864498556362e-01
2.799253443767998339e-01
6.522355345245581804e-01
8.754938379725692998e-01
6.295134089787625120e-01
7.082101351603453665e-01
6.556595684505595045e-01
-1.679435496176112097e-01
-3.122798116881759345e+00
-1.883432998973811667e+00
-1.355081647763884956e+00
-9.645281376346147573e-01
-5.455550349450507541e-01
-7.127277864145983299e-01
-6.477282378748180358e-01
-5.480244680503897348e-01
-7.378500748014822364e-01
-1.725307603978459836e+00
-7.691817551988114898e-01
-1.945485665710019740e-01
2.146987313489299720e-01
3.252682411722936373e-01
-1.022194819882637495e-01
2.096507732984220218e-01
-3.606758994991050571e-01
-9.424413163861191656e-01
-2.426125674478945005e+00
-1.099421928069290955e+00
-4.784884739724160618e-01
-6.984776511708183644e-02
5.595913228562901520e-02
5.629932821219639782e-01
3.987743635278641063e-01
7.307690726354564292e-01
-1.889841999114660331e-01
-7.412597526543374116e-01
-5.298310337616123078e-03
4.935025811728175893e-01
6.494734286112150423e-01
8.401460946425250986e-01
1.046028905683864307e+00
8.338594819683087245e-01
8.497016837918963672e-01
5.807224560519659920e-03
-2.372678179239898100e+00
-1.352543292114372075e+00
-6.663324063521137708e-01
-3.969027512693375503e-01
-8.017739707568392882e-02
3.671203771820896744e-01
4.981096425324815224e-01
6.722013297336334459e-01
-1.164313543186625832e-01
-3.529768881496259780e+00
-2.255856730471523797e+00
-1.518085476555188107e+00
-1.069006509709765629e+00
-8.338059889497041466e-01
-4.374900208015147229e-01
-9.282429962209881591e-01
-7.366255712203055861e-01
-1.144537881997489848e+00
-2.757524524281770528e+00
-1.338404782884965005e+00
-6.697632480801294363e-01
-2.535297214844480784e-01
-1.092193556361523016e-01
3.491942261473409692e-01
8.516210461969296597e-02
2.857861452759398735e-01
-6.899437144382501996e-01
-2.964191124780804376e+00
-2.073997116419493913e+00
-1.687546966212699173e+00
-1.175919118193069712e+00
-9.143307398035834810e-01
-1.177349846158173508e+00
-1.117195261995043820e+00
-1.326159074739464039e+00
-1.415081623316539083e+00
-2.752478487890892556e+00
-1.373227518335414343e+00
-6.774880254776930455e-01
-2.532912071543872434e-01
-9.337022835932440312e-02
3.665602584099196815e-01
2.633975734532122484e-02
1.924450356061131184e-01
-8.377981424717975134e-01
-2.140113812499612855e+00
-9.455196856868356425e-01
-3.250067153857669755e-01
-7.002762235102704715e-03
3.102859387812919589e-01
3.256948227222215553e-01
2.477991341094638589e-01
1.283439490759798463e-01
-5.600981931439195094e-01
-2.664434029742553278e+00
-1.991072426546032004e+00
-1.543018508359266017e+00
-1.014776619927548751e+00
-9.787478540775871316e-01
-1.250028207357811061e+00
-7.320000393320335030e-01
-6.483142117271369909e-01
-7.888595559900581922e-01
-1.848834621537383205e+00
-9.236349679269210133e-01
-3.014011010605341934e-01
-1.585392834520839289e-01
1.759967281041427689e-01
5.130243457732489576e-01
4.610618625138095950e-01
7.020995167595849296e-01
8.412883447705260791e-04
-1.449428819787823342e+00
-4.724150715863047467e-01
2.686755866390248479e-02
2.878118055656448404e-01
4.860611973129357333e-01
9.811110429438640868e-01
8.671016947666190244e-01
1.097530487546760636e+00
1.637842880897831532e-01
-2.048869465407046064e+00
-8.822514090584226976e-01
-2.604395797296704673e-01
5.622763377514345545e-02
3.714680717748601868e-01
3.805956034756388107e-01
3.784332252347288317e-01
1.459184294234449619e-01
-7.994397779455418851e-01
-1.877870659998633451e+00
-9.391745995492665200e-01
-3.729971005848594090e-01
6.264588298271824007e-02
1.520508510543591985e-01
-3.724873526477575636e-01
-6.144028427456219889e-03
-4.169365823280038463e-01
-8.786428033369186874e-01
-1.300197272225922518e+00
-4.932447972097530053e-01
6.282183306183257432e-02
2.436567879720057117e-01
4.971840691850292759e-01
8.090014239946878849e-01
6.980555868855813362e-01
8.451786784261234864e-01
-1.920527389781100797e-02
-1.951858905077623163e+00
-7.224584534007569836e-01
-1.489265467197947723e-01
2.037527748587600884e-01
4.563137937818864676e-01
8.203101869775626387e-01
7.486057449361405158e-01
9.775067338708486320e-01
7.911445774790013311e-05
-2.702628829081698214e+00
-2.035858696076242147e+00
-1.598215494184187291e+00
-1.064110958468610368e+00
-1.025010449617388852e+00
-1.418515094424711798e+00
-1.032563901727960420e+00
-1.374212391986074255e+00
-1.421707781187393715e+00
-3.570051202064969065e+00
-2.311494853630438939e+00
-1.522149060538743770e+00
-1.118585304995497687e+00
-8.040886192127884025e-01
-3.259657914333300432e-01
-7.477377102503297568e-01
-4.674739070708020527e-01
-9.913106543808141158e-01
-1.324544677506774182e+00
-3.285458442940894508e-01
2.191418549256352322e-01
5.934175728748195544e-01
8.079100094060626125e-01
5.494809627309414912e-01
6.730365816533243617e-01
5.054378741550928922e-01
-3.217477529543972259e-01
-1.292054762422882641e+00
-3.005392244513115374e-01
2.434214957226894793e-01
6.179855151860605966e-01
8.364028593338788120e-01
5.867398912687306067e-01
6.683902965611090430e-01
5.354772380179129154e-01
-2.294529191882020147e-01
-1.070504455056956461e+00
-2.642011297888988697e-01
2.601572817791087955e-01
3.445567686888063585e-01
6.433642725055659373e-01
8.546677162125760896e-01
6.128860741411915614e-01
7.932084441855351553e-01
7.874631137676030290e-02
-1.236715042800683673e+00
-2.502713933240566235e-01
2.879917743177310974e-01
6.605649993956141941e-01
8.773032877114417261e-01
6.146793889259317689e-01
7.162186856627681397e-01
6.351791872895946600e-01
-1.691800756667846684e-01
-3.481716004985430768e+00
-2.197668734370012533e+00
-1.485866456146950787e+00
-1.050208712531224275e+00
-8.272516575627433255e-01
-5.347457597374122296e-01
-6.544735998720805359e-01
-4.124205488978224254e-01
-6.030165458791110211e-01
-1.814927454666406259e+00
-6.478609657553434653e-01
-5.097709539296953890e-02
2.653633850720507614e-01
5.533946569905051627e-01
8.826440478926638189e-01
8.583608507512174857e-01
1.008233328124692241e+00
-7.741892602657872435e-02
-1.518697973970137838e+00
-5.352848599979332933e-01
3.018983735510239602e-02
4.149978072103065463e-01
5.834269462188539368e-01
2.032236509883134923e-01
4.005010774862932665e-01
5.290465095278205215e-02
-5.242588540857083812e-01
-3.118226951061067176e+00
-2.043162759862022781e+00
-1.617849231259669063e+00
-1.201795268247994208e+00
-8.001212458824240592e-01
-1.104692094735187480e+00
-8.615232755987478619e-01
-7.155371168872508569e-01
-1.074627225065179381e+00
-8.902271264229711933e-01
-1.270584910350408547e-01
3.842730685405224555e-01
4.853293627269210098e-01
7.145362959487039367e-01
8.892596635267181471e-01
6.540236930095478796e-01
7.523900245516447205e-01
7.003308650509885991e-02
-6.289096646693540515e-01
9.936564328199724849e-02
5.743112175029236877e-01
7.041123329416297816e-01
8.644255001027270069e-01
1.012745131002731114e+00
7.781316173206853648e-01
7.947144446108151961e-01
9.884246165791145400e-02
-3.310149970391328633e+00
-1.955050045767613653e+00
-1.353180496140433897e+00
-9.401167441765984067e-01
-5.746340536408970356e-01
-6.436758735299508150e-01
-6.171126040014920378e-01
-4.616333325265383203e-01
-6.977720725130706070e-01
-1.654982193632722032e+00
-5.087613545551371574e-01
8.904174851699081517e-02
3.508299528619244212e-01
6.731107221603238600e-01
8.539534035275034851e-01
8.341962121386901075e-01
9.163649266384792380e-01
-1.326521423607517625e-01
-7.110853192472902373e-01
3.098629062150322702e-02
5.221593124195853530e-01
6.784516176437478396e-01
8.998503289907535674e-01
1.130562680927745145e+00
9.371196222098928663e-01
9.777042947222568392e-01
1.120148611318187576e-01
-1.478599358054889512e+00
-4.764292470826337333e-01
7.938404065478833760e-02
4.597933956007296818e-01
6.517607912672653825e-01
3.210528801194597603e-01
4.751272631612313280e-01
1.845508010673407306e-01
-4.539537974053860503e-01
-3.409424538523885495e+00
-2.190228417420783114e+00
-1.408013422850635354e+00
-1.038250429017412158e+00
-7.104689291626632430e-01
-2.290599293304600437e-01
-5.529983870874145557e-01
-2.594698283756979307e-01
-8.348668751757291062e-01
-1.347617546311873804e+00
-5.129422034272416164e-01
5.214595951407174912e-02
1.475985529585839562e-01
4.492044941991775731e-01
6.932497521830268683e-01
5.158861966013732481e-01
7.207184334128045045e-01
3.966533358528294417e-02
-1.656314486275003439e+00
-5.309577720867272310e-01
6.268595922599906611e-02
3.193862865324419431e-01
6.432075171970255134e-01
8.665615183229399276e-01
8.099416905490113283e-01
9.799157681628832828e-01
1.702642910770242298e-03
-1.382327645550563977e+00
-3.786558690280700801e-01
1.727766386803909482e-01
5.393631494478567934e-01
7.721785434962586958e-01
5.681050975935243441e-01
6.285730740786076298e-01
4.969278636896757306e-01
-2.696026010551159646e-01
-3.028431236894547851e+00
-1.894698700790992785e+00
-1.422670901331080984e+00
-1.019544311263401504e+00
-6.171424339703616146e-01
-8.371979955543714658e-01
-6.213632440781393651e-01
-4.688901945932448245e-01
-6.321682565910127227e-01
-2.041638879328944167e+00
-8.233194944109781810e-01
-2.134568618530814088e-01
9.354146920545397537e-02
4.039854737431722298e-01
5.770447271443648329e-01
4.321641400137994915e-01
5.429114928996202627e-01
-4.484266778847154078e-01
-2.274365322857989202e+00
-9.421076584027774370e-01
-3.362838450106881982e-01
7.048243787727115350e-02
2.891188669963898339e-01
6.715422161444947191e-01
5.186539057857226798e-01
6.734705920478594177e-01
-4.353724042231637004e-01
-7.015896192391682940e-01
4.429007785268718189e-02
5.369005695848125814e-01
6.219875931769054400e-01
8.351320608371439747e-01
9.775532904705614978e-01
7.304032378639978562e-01
7.889110532468794901e-01
1.569029586162489220e-01
-3.616128404158158283e+00
-2.373422508257526431e+00
-1.564385472450169123e+00
-1.147534671367692161e+00
-8.408100007577801183e-01
-3.593129260744918896e-01
-1.018761655203480609e+00
-6.957759007101295134e-01
-1.150705412630961266e+00
-1.308396111910547388e+00
-3.202665341252414755e-01
2.263042397237553238e-01
6.004484675320710396e-01
8.195798830382020617e-01
5.722835223854927378e-01
6.543464798178847408e-01
5.166500843693174749e-01
-2.228461661092828727e-01
-2.150826704783700194e+00
-1.267084813045876057e+00
-6.154634520786093077e-01
-3.646809408131660435e-01
-6.163269491519652449e-02
3.883884221746802257e-01
5.628991699764036571e-01
7.253391139963271117e-01
-2.749207816852740002e-02
-2.282802036905434928e+00
-9.595352335787694642e-01
-3.653959545850813950e-01
4.298734825686853500e-02
2.420041388488768930e-01
6.243536282427671891e-01
4.177038641744736380e-01
6.952884636384371042e-01
-1.826224246446554456e-01
-1.941996271991596856e+00
-7.088397305472774468e-01
-1.451091546313174052e-01
2.344016081108677152e-01
4.603713298210114213e-01
9.017827478136262176e-01
9.384891730376671015e-01
1.103563724824736081e+00
6.987464370699426885e-02
-1.559804372844397768e+00
-5.725737320208943437e-01
-3.855152738727474736e-03
3.818464542130682315e-01
5.364237250230589060e-01
1.471330236431026006e-01
4.003216914469952536e-01
-6.793262973001731701e-03
-6.671668233860363895e-01
-1.282010496304158531e+00
-2.919875054848167784e-01
2.520708286581656576e-01
6.264274121571027365e-01
8.415107885119945674e-01
5.913080581377194722e-01
7.082956500357607821e-01
5.606367335071740232e-01
-2.348687648867693600e-01
-1.730882279374667432e+00
-7.867138558693189676e-01
-2.114044038664138481e-01
1.998104777108475893e-01
3.085171948626384553e-01
-1.194558573945988106e-01
1.730605607158992310e-01
-2.605430464999449192e-01
-5.352925836959608885e-01
-2.765704071851261325e+00
-1.660232581596100765e+00
-1.148380638144769650e+00
-7.216454606459055121e-01
-4.046645801426191347e-01
-6.602132372036340069e-01
-4.558012096107555977e-01
-3.715068593164616018e-01
-5.037056128868788729e-01
-2.355430351094192964e+00
-1.309739011144186227e+00
-6.368941459453774101e-01
-3.662867073722337885e-01
-4.890018008274481937e-02
4.002018406379532212e-01
5.367727537335815757e-01
7.120854324692778015e-01
-5.572829244892426453e-02
-1.411382303522224158e+00
-4.193923658423670542e-01
1.341712898344254445e-01
5.104498946288099637e-01
7.125100476596736288e-01
4.187998413258204877e-01
5.775457905096469391e-01
3.366919944219414762e-01
-4.418705931930180797e-01
-1.296088309180961184e+00
-4.909763516786055937e-01
4.041086326679352303e-02
2.011791560731274464e-01
4.587996600030785355e-01
8.059287696829083858e-01
7.769501057684944367e-01
9.108424979447220515e-01
9.281515892933728251e-02
-2.049295554088572668e+00
-8.132268568276309617e-01
-2.346300735469624144e-01
1.521486881011999415e-01
2.956025459866254423e-01
8.927689136488823340e-01
1.017428298476033666e+00
1.149310931161572569e+00
2.484891507727803317e-01
-1.476625223712228374e+00
-4.848695592496475304e-01
7.648345043387963504e-02
4.577560347453506484e-01
6.337294032524500853e-01
2.429354153843781283e-01
4.175325919010498543e-01
1.726215543611619718e-01
-4.168814546381217068e-01
-1.542257050425431597e+00
-6.288286551496056198e-01
-6.739409645185728825e-02
1.727071700845493607e-01
4.340579009489197726e-01
8.936373030193600631e-01
9.484745271644874354e-01
1.085513714838972188e+00
2.456528741072907251e-01
-1.264870328726211524e+00
-2.744991699697387211e-01
2.714700569267398667e-01
6.451413246757211617e-01
8.599382620085058715e-01
5.685638724467347860e-01
6.460837722122354521e-01
6.048191652137772101e-01
-1.560192959863446749e-01
-9.190904810192876973e-01
-1.565580618857629613e-01
3.473490828256405871e-01
4.994812990037549860e-01
7.210428475634078627e-01
9.893397642928688507e-01
8.648593985160786257e-01
9.447916029438589991e-01
1.180172552820645121e-01
-1.794200621277624919e+00
-8.646553158645141623e-01
-2.698257181439739361e-01
-4.326966681058602021e-02
2.583288683448534129e-01
6.646779524790494831e-01
6.936649826914886852e-01
8.658729813685365206e-01
5.306622757292733111e-02
-6.482610397193164786e-01
1.004172327459620373e-01
5.879532471687598516e-01
7.375970164911509475e-01
9.419554881123765044e-01
1.149601211340738116e+00
9.313215739884914690e-01
9.609990012906750589e-01
1.723260684220337957e-01
-1.981037772329074187e+00
-8.009544323037326441e-01
-1.908635750739202663e-01
1.021864963063158216e-01
4.241677087409747582e-01
5.063145020606045765e-01
4.088328820729847379e-01
4.503139073067408127e-01
-4.306146410776569566e-01
-1.960661897600445069e+00
-7.486957269925962333e-01
-1.541374075666408772e-01
2.047219077437835155e-01
4.658698730006503586e-01
8.215767367845917546e-01
7.696924655189447684e-01
9.308391636798180047e-01
-1.173624714990138818e-01
-1.803068036151837639e+00
-9.952770692653613027e-01
-3.658240212098161082e-01
-1.472214860155610927e-01
1.500319999270959548e-01
5.851192663665082394e-01
7.118858353424910579e-01
8.557965044533766275e-01
9.237668219076883291e-02
-1.502650039963037143e+00
-5.218089014229583267e-01
4.583912880699103631e-02
4.273496426855089014e-01
5.943946314656756158e-01
2.216454607769483554e-01
4.541773539644448077e-01
1.158272475711586563e-01
-5.544420076347782445e-01
-1.352684937574380353e+00
-3.586003253906088761e-01
1.943897706700178640e-01
5.714504707635712499e-01
7.685191607254786561e-01
4.525956670223937883e-01
5.730895626017102895e-01
3.912998007254034349e-01
-2.307774023215905523e-01
-1.861932662932038962e+00
-6.613070389444338781e-01
-1.010563286215360596e-01
2.473402759361316983e-01
5.003908664852106947e-01
8.923573949114702586e-01
8.591490254780106417e-01
1.076571771972991920e+00
1.840109066538308802e-01
-1.760639478986742334e+00
-5.796903973897481466e-01
2.306223344264432540e-02
2.948715885918372637e-01
6.169386523281266133e-01
8.563143089913684003e-01
8.260230952086463629e-01
9.387784816653077513e-01
-8.743417287091036216e-02
-2.023938465355557881e+00
-1.193959146283133155e+00
-5.382565888882171468e-01
-2.939648539706330443e-01
5.206494152680168734e-03
4.594746054249902456e-01
6.332357136983211010e-01
7.864013034134441638e-01
3.936401934660432173e-02
-2.125515760640459106e+00
-8.102431305123761751e-01
-2.352443942431753920e-01
1.696444776157331746e-01
3.737499969950683343e-01
8.125603554248902460e-01
7.909417564301268744e-01
9.778252541983026846e-01
-4.291223788311523957e-02
-1.404929627767891320e+00
-4.191193508323338701e-01
1.350991971523437252e-01
5.126683058248795444e-01
6.979403520152703821e-01
3.152282545450344475e-01
4.655886608330033760e-01
3.323531285506472477e-01
-3.495895731793995931e-01
-1.476861243504851151e+00
-5.489300604752417323e-01
-6.163421898708967145e-03
1.452304284723648919e-01
4.530440391736257899e-01
8.082538703780803857e-01
6.451961597093414102e-01
9.069989967284667332e-01
2.462782771132802084e-01
-2.341839641407864825e+00
-1.000901030291057037e+00
-3.850919150977593075e-01
2.443173679586155625e-02
2.480283197144949603e-01
6.077860676663205952e-01
4.367236591774416032e-01
5.610291247626055799e-01
-4.352014201658613857e-01
-6.050834234433720704e-01
1.116330908318529241e-01
5.829709234365304527e-01
7.002105123469601899e-01
8.461144224022684179e-01
9.686702576254330177e-01
7.794537808852332050e-01
7.881323236038673130e-01
2.867717689620726818e-01
-1.351789351029654362e+00
-3.559360786755610961e-01
1.907127863880518637e-01
5.657166106115133486e-01
7.710318370848526781e-01
4.850106162715299707e-01
6.311268390231492553e-01
4.366176467073124012e-01
-3.112201735860746776e-01
-1.530873166854354039e+00
-4.991131698709884157e-01
5.943417347189067917e-02
4.208492565602658941e-01
6.602345779161253869e-01
4.742891032759867787e-01
5.812100093882699436e-01
4.017105659313387478e-01
-3.744425111665334316e-01
-1.702835567033162967e+00
-5.862804157137412320e-01
1.058975454927876293e-02
2.912374672926801300e-01
6.041051178128468147e-01
6.567195890452423024e-01
5.887865399182476978e-01
6.234475577070823782e-01
-8.537483014940175363e-02
-1.282739004113049752e+00
-2.965668905277445977e-01
2.469133287311253422e-01
6.206331111312455295e-01
8.367561299290149357e-01
5.611002135347492592e-01
6.059312752501447852e-01
6.072940075742002675e-01
-1.097915123085420330e-01
-1.236380573808801620e+00
-2.505044871737017731e-01
2.908198515576995158e-01
6.637527197025390180e-01
8.817539876418661882e-01
6.266933429168448644e-01
7.000278269574657930e-01
6.243505506611420897e-01
6.261708612382207821e-03
-2.355779965501213713e+00
-1.367492620873928422e+00
-6.779932778754926836e-01
-4.004935605572313984e-01
-7.659299794158058727e-02
3.805021989717469189e-01
5.429953735296280115e-01
7.277122259355683909e-01
2.744501189247399234e-02
-1.380245247947649467e+00
-3.940733282283708783e-01
1.596451551001309699e-01
5.359461775811288353e-01
7.279045453602780436e-01
4.030697493213997729e-01
5.787840878029603120e-01
3.880848001886308962e-01
-2.592236079319261144e-01
-1.915911646764391296e+00
-6.868374510558242774e-01
-1.090535302191567024e-01
2.272733011724080987e-01
4.930090324312418892e-01
8.441559105769174121e-01
7.752605171294858488e-01
1.014373437995751637e+00
3.411454378294093148e-01
-8.113381144412640245e-01
-7.602572295412850234e-02
4.270074432163470379e-01
5.841866057987036287e-01
8.040679100339782615e-01
1.061981162166937942e+00
9.514731012270516430e-01
1.033426581989409510e+00
2.877848451145084141e-01
-1.170962711230699504e+00
-4.093429648140128330e-01
1.379112839814129188e-01
3.112516544097951310e-01
5.631461096045703441e-01
8.870744496091517162e-01
8.453467518270024739e-01
9.849569139199090273e-01
2.246016402008904622e-01
-1.682073645805748141e+00
-7.484016339062119494e-01
-1.780085692796733454e-01
9.548874395395361148e-02
3.610612702329232815e-01
8.347384333330586381e-01
9.373843932599928985e-01
1.086631201968973892e+00
3.326591946419116819e-01
-1.736754344731839872e+00
-8.117626405220431662e-01
-2.184677588796066494e-01
-6.396824610897376695e-02
2.686590758471016360e-01
6.220061933938741960e-01
6.187535753886076462e-01
8.480241351178912090e-01
4.919886494838238700e-01
-1.372469256016187078e+00
-3.694350130571640856e-01
1.808541506007812216e-01
5.577220283429277226e-01
7.597474581073916378e-01
4.604040026374229266e-01
6.129370853664356522e-01
4.982050527772261539e-01
-8.847710853289236788e-02
-1.347625671326500019e+00
-3.660039125581779351e-01
1.864969923547048214e-01
5.619964635079693904e-01
7.602880365663301498e-01
4.508527343596215875e-01
5.914586588321746330e-01
5.057997262593362242e-01
2.719654170012489880e-01
-1.484958932195256098e+00
-6.475908827460948869e-01
-7.153084037171211773e-02
5.354330574670607829e-02
3.612644529210446986e-01
6.468771045125245589e-01
6.405075844256737927e-01
8.434493150606561240e-01
6.006147494561548950e-01
-1.584704080671833548e+00
-5.352616900085995777e-01
2.910358643975229434e-02
3.708353417682632713e-01
6.332057689266425982e-01
4.999361760246371911e-01
5.463689351326607158e-01
5.610130340861892995e-01
4.838753893720965787e-02
-1.245090331202049372e+00
-2.538748610839156594e-01
2.904750206763674902e-01
6.630133576702715859e-01
8.808307994529165352e-01
6.375102548941964375e-01
7.383468697642249223e-01
7.369106597197266906e-01
1.831675433807869735e-01
-1.290944450935129550e+00
-2.862281200182248408e-01
2.579600369260582893e-01
6.323842034440437798e-01
8.468880205860683796e-01
6.133162295467817771e-01
7.359394598658363096e-01
7.502687650483458315e-01
5.933200434490748520e-01
-1.742550549146289152e+00
-7.036739977409185443e-01
-1.448415742603788303e-01
1.792982028102832748e-01
3.964412920125633399e-01
9.365060687647656090e-01
1.062588050396720663e+00
1.205190925799336732e+00
5.061447740788356242e-01
-9.977754476003231066e-01
-2.141546972481517264e-01
2.965198558343408730e-01
4.559662016632013981e-01
7.069723958924376550e-01
9.643922282207230134e-01
8.378805115245634427e-01
1.005206001528202053e+00
5.748871600270625271e-01
-2.310543772135250418e+00
-1.008175109176309592e+00
-3.993311147479841061e-01
1.795393230951817035e-02
2.014120068387967866e-01
6.742630120634208746e-01
8.870840241408008975e-01
9.975611660349141818e-01
8.041615606529319837e-01
-1.961565136246916863e+00
-1.027522530711455051e+00
-4.137075742376601362e-01
-1.764502321178025579e-01
1.210332871779330050e-01
5.345572147939970931e-01
6.624885061263352526e-01
8.714039064463346973e-01
4.815820709912401187e-01
-2.928086289179831159e+00
-2.064543376986938128e+00
-1.681824330979808435e+00
-1.144469880561388875e+00
-9.121581164342095205e-01
-8.003437196105307461e-01
1.762171131721423575e-02
3.961631787580781050e-01
3.796027017187065811e-01
-1.571255317663389217e+00
-6.017949123184398452e-01
-2.803108533239526828e-02
3.605037707951975201e-01
5.157562682501253271e-01
2.697514571224714497e-01
6.029689582142679916e-01
7.285589174249551547e-01
7.340694505586966567e-01
-4.253507536364617980e-01
2.688748965662175472e-01
7.194152235285955488e-01
8.807875693468131262e-01
1.013513556341422817e+00
1.174650907450784931e+00
9.922059964702681922e-01
1.075151189740723767e+00
7.567242988398311665e-01
-2.336473662678509644e+00
-1.099675693378550312e+00
-4.664222074236970550e-01
-6.218810718176415175e-02
8.631582017130695617e-02
6.344342239385825089e-01
6.529012629153887470e-01
9.106619577933373622e-01
3.037770680375654342e-01
-3.482352496355990201e+00
-2.118927365086209047e+00
-1.548084996453095163e+00
-1.122955341545510244e+00
-7.281192033574854783e-01
-6.056711012973228225e-01
7.445175599704159652e-02
4.485819194426624579e-01
4.201413542149205482e-01
-1.510172944576466225e+00
-5.316334909661794006e-01
3.320943426126967551e-02
4.169061531381478836e-01
5.810640647430130867e-01
1.475784430400954583e-01
2.923859293416479765e-01
4.481474718358743337e-01
2.982768406978566489e-01
-2.361648657574650922e+00
-1.534869627551909144e+00
-8.130395667087932932e-01
-5.238900714857922525e-01
-2.006839520321768988e-01
2.769281693565494584e-01
4.474049143063316136e-01
7.079629653175898429e-01
2.571484651133704169e-01
-2.230146489301529478e+00
-1.565426203144304917e+00
-8.357359430043179715e-01
-5.029408297581748899e-01
-1.792205842454459852e-01
3.968502507830913295e-01
8.679240601893615237e-01
9.663814680789444278e-01
8.572139806996592615e-01
-2.032081534988558591e+00
-7.651886258616525938e-01
-1.896494358536778002e-01
2.027196727082275773e-01
4.216476858430924235e-01
8.552356200783901574e-01
8.900846505335492376e-01
1.093283873593841049e+00
4.167765145931280890e-01
-2.067865797606343481e+00
-8.407193497190172948e-01
-2.536074152206583276e-01
1.365658597316270206e-01
2.651470769491444668e-01
8.733775706677241457e-01
1.093779275027626730e+00
1.166108011452513749e+00
8.948614361536949557e-01
-5.550524565966263868e-01
1.528762499106508244e-01
6.228049941845809068e-01
7.824789682876790442e-01
9.420005170191708688e-01
1.125727897754896789e+00
9.482820868766546063e-01
1.058052816414161379e+00
7.334437077788859005e-01
-1.858045967989256031e+00
-9.301672777577004725e-01
-3.657396702192129978e-01
6.710560566165910124e-02
1.429931200002770852e-01
-3.821328862679140292e-01
7.866008020665529732e-02
3.227999483181558382e-01
2.285810773636431925e-01
-1.798164650788235397e+00
-6.148365993141212682e-01
-3.985404097859850808e-02
2.767149491617322266e-01
5.546118228401931693e-01
9.614690009262912840e-01
1.148137426112882054e+00
1.233395849142116418e+00
9.248133791826483874e-01
-8.701606848400070815e-01
-1.004705481306452375e-01
4.117467575248522360e-01
5.856714732727223982e-01
8.212685237002621541e-01
1.096861888445273658e+00
1.010534461175791154e+00
1.131817544190068858e+00
5.550706568632359783e-01
-1.223628989221287711e+00
-3.326649579277249913e-01
1.741764772206588485e-01
3.782569786134393763e-01
6.079641660255948876e-01
1.027358337212739725e+00
1.119530267059150708e+00
1.185767943935236213e+00
9.436748364312119719e-01
-1.142561544806430351e+00
-3.551802283663980098e-01
1.762201670979817170e-01
3.647177233119766049e-01
6.171621412293448738e-01
9.397204424416200075e-01
9.060741688727855792e-01
1.066247398755696185e+00
5.180344900175879452e-01
-2.706870377864867727e+00
-2.065268413891250709e+00
-1.622643045025924380e+00
-1.093324338271511431e+00
-1.053373916537916122e+00
-1.008043577345157926e+00
-1.161256099582518714e-01
2.176106950475428792e-01
1.330458683700478650e-01
-1.270330623779269752e+00
-2.725990323951971717e-01
2.698902737493921733e-01
6.412153570517776791e-01
8.698151179917616993e-01
6.368121017403560735e-01
6.174294957560405583e-01
7.937434565537280218e-01
4.847891062185850086e-01
-2.508024918238762169e+00
-1.753269767656860489e+00
-1.284259968993529899e+00
-7.639392061272988199e-01
-7.222795770786533120e-01
-8.911250086052551200e-01
-3.397080409126549544e-02
3.010461403045944784e-01
2.421052984000776620e-01
-1.298902589719389988e+00
-3.096993053747680857e-01
2.355859686599131309e-01
6.119760883603441171e-01
8.193102306911036470e-01
5.423205481285108265e-01
6.655490627365725498e-01
6.913833592213224355e-01
3.142863588512149198e-01
-2.755673464384933435e+00
-1.281466844560120499e+00
-4.996148573359112111e-01
-2.521136926762047592e-01
-2.109524121668628766e-02
5.353399478291993585e-01
9.233907622284286409e-01
1.022741952384476294e+00
9.283669125787971099e-01
-2.217337866873436703e+00
-9.943691862303727369e-01
-3.691296370670866800e-01
-3.113277149981832914e-02
2.804577756923251064e-01
3.831281359567351164e-01
4.158582177931020585e-01
5.040943809869569137e-01
2.766420442491864251e-01
-1.319413888325059903e+00
-3.332357348181959611e-01
2.121186783352295435e-01
5.861060513458250520e-01
8.070636405382199952e-01
5.543181791304117034e-01
6.410254046630634583e-01
7.682192473521621823e-01
6.340133078584432313e-01
-2.356032530519858170e+00
-1.112497113236440072e+00
-4.714197042552420447e-01
-1.094682530147236266e-01
1.919801107384821459e-01
3.131752966043758746e-01
3.498957505333918361e-01
4.514001145969265827e-01
2.608687567364170179e-01
-2.486796421122914325e+00
-1.149577679963839305e+00
-4.877751373569988447e-01
-1.010707700859004299e-01
1.430447887789673411e-01
6.305536925592813979e-01
1.010415772577229587e+00
1.062475837866055928e+00
9.433174384633710163e-01
-1.689580295039238234e+00
-5.484654557649298878e-01
3.735246027727619211e-02
3.026575538316205183e-01
6.199475012504274130e-01
8.891061035755538633e-01
8.359819487395601101e-01
1.110849006702085084e+00
6.041175665768301339e-01
-1.492594109122422630e+00
-4.795978022388271977e-01
8.013280385836057951e-02
4.581027411282418971e-01
6.566889529344309695e-01
6.161378639592548501e-01
9.557801776751074785e-01
1.028303493905306620e+00
9.240894303950007993e-01
-3.209908875694985841e+00
-2.039665509597323290e+00
-1.589453936449970906e+00
-1.194384158295169307e+00
-7.362211650622645376e-01
-7.578379344284408292e-01
-5.407767219135684034e-02
2.807361078326278125e-01
2.369410750125088561e-01
-1.356544099118541125e+00
-3.588818490427723717e-01
1.919684206123676573e-01
5.682698044639585833e-01
7.757276243558142159e-01
6.827692678115933056e-01
9.815915989737378222e-01
1.049593394794589241e+00
9.230151554647928469e-01
-2.141976268242439474e+00
-8.513346119293496717e-01
-2.698242593633661812e-01
1.322034468461525392e-01
3.240465547806913871e-01
8.372637809611572779e-01
1.114674442478002181e+00
1.163425115995698755e+00
9.680849282232403263e-01
-2.212628514542944735e+00
-8.692438192498881389e-01
-2.782044409418742981e-01
1.288457771973106902e-01
3.386068394733412479e-01
7.567283894651390952e-01
7.410930256631333979e-01
9.580492501682635886e-01
4.269661285841945264e-01
-2.100201987490617928e+00
-8.009569375948520920e-01
-2.281252780229162669e-01
1.852426085656394827e-01
3.467449845769048355e-01
8.759910295291680749e-01
9.771257530663174373e-01
1.168470025439680260e+00
5.548544793926233343e-01
-1.587775738775756063e+00
-6.084374618414851721e-01
-3.991143128968724363e-02
3.496637543461852404e-01
5.058875753538197850e-01
1.090461943482070178e-01
4.064978367070803400e-01
4.335125668606542026e-01
2.579886435272029099e-01
-1.322174994174228013e+00
-3.208915672147825693e-01
2.232659932739775588e-01
5.954239433642766199e-01
8.245482987394703311e-01
7.063995327958997317e-01
9.102878433013801285e-01
1.014282010675116918e+00
9.055539211610380557e-01
-1.317338967291512342e+00
-3.303900947708636737e-01
2.163868236198208395e-01
5.913581525641665726e-01
7.962714113287473472e-01
5.060361546974572189e-01
6.374156781825288665e-01
6.766941766992070617e-01
3.480806038279097292e-01
-3.621209864941295820e+00
-2.348501271516306943e+00
-1.537311811438262454e+00
-1.133298112394102386e+00
-8.044049780619256795e-01
-2.517653643204204594e-01
1.807912331079492008e-01
5.994552942908283333e-01
6.431988063444965542e-01
-5.407852584485276504e-01
1.555989752135834570e-01
6.207389396981424223e-01
7.431342743552601382e-01
9.057566976561564065e-01
1.072361464692410227e+00
1.182603699610194958e+00
1.193155319159976191e+00
1.019515337717571191e+00
-1.385828331467882313e+00
-3.913419800708040075e-01
1.605326183465134171e-01
5.378304526888464387e-01
7.294590293678500093e-01
3.973225830200560194e-01
5.466534408457833782e-01
6.126979008010896566e-01
3.576429106140015524e-01
-2.871565616663712461e+00
-2.029059460862163267e+00
-1.642406337170296826e+00
-1.103668167911411979e+00
-8.860315933683680090e-01
-8.469248158322030262e-01
-6.851563595561111462e-03
3.236559481519666881e-01
2.826627454502534942e-01
-2.054486416034183360e+00
-7.874435306801199630e-01
-2.353392439895724830e-01
1.762128034331663373e-01
3.443822689882845012e-01
8.595825990068586275e-01
9.007629125352804023e-01
1.167142251689329058e+00
7.198143013699623838e-01
-1.786572605281669279e+00
-7.484698056331081650e-01
-1.542326892684660611e-01
2.188073633689510966e-01
4.428612008523402088e-01
6.788082081748425534e-01
1.049319124736752817e+00
1.094009721942343250e+00
1.000424338402555735e+00
-1.409283708188636464e+00
-3.861994153165466126e-01
1.781363836645593890e-01
4.922603565500403011e-01
7.758394756973436834e-01
7.923355569253374142e-01
8.159767209545768507e-01
9.416955836792452184e-01
4.920395829819511624e-01
-1.791104300073860012e+00
-9.894580083440760454e-01
-3.126549637585063213e-01
-6.762325867761988241e-02
2.031378266774227226e-01
6.608235943775896404e-01
1.085284561143354365e+00
1.081637902640974369e+00
1.005438638516930938e+00
-1.609431012149054707e+00
-7.682473494675798875e-01
-1.708978952666015683e-01
4.289105264312038229e-02
3.292320751595259609e-01
7.310769404504998681e-01
8.288643112857798645e-01
1.008331182035766771e+00
5.515227229331537417e-01
-1.072453276791985211e+00
-2.962406886140933615e-01
2.387704781635317242e-01
4.161205195817819225e-01
6.559863129068823628e-01
9.565217442343322274e-01
9.152885078287549270e-01
1.071967479560544501e+00
5.956873177038255474e-01
-1.402620246720119868e+00
-4.150804261783699323e-01
1.438690143773188601e-01
5.205652886490969022e-01
7.139906666527022772e-01
6.988439679237468116e-01
1.052260974513651082e+00
1.098181313202735598e+00
1.011282040153086870e+00
-2.665008672830829539e+00
-1.224067046263100478e+00
-4.020029589735932274e-01
-1.671091818105348570e-01
6.919057684867573055e-02
7.046700369706844214e-01
1.081645405129929127e+00
1.099212673958840814e+00
1.013055872179051242e+00
-2.219695481776643664e+00
-8.926681483772137549e-01
-3.148160611850086554e-01
9.475890050348613480e-02
2.802780221595075338e-01
7.227395768321264180e-01
7.092206172587092183e-01
1.045594829945976967e+00
8.007818923115990195e-01
-1.698211519207288855e+00
-5.456655280554856269e-01
5.658469813964586009e-02
3.164015872807091623e-01
6.373654230724160596e-01
9.430379107469378797e-01
1.199108169553804837e+00
1.234086440615842939e+00
1.031850378639625809e+00
-2.443062883146880804e+00
-1.111688090486746328e+00
-4.602142162689059623e-01
-3.986838760330172621e-02
1.089344328351579821e-01
6.038609598504706133e-01
5.516001660277793928e-01
8.097576757078498444e-01
4.561126289221629770e-01
-1.754408509367883839e+00
-8.019480458715617655e-01
-1.949956025413675798e-01
2.056209095927945540e-01
3.381783250188978851e-01
6.178850625392637852e-01
1.016757119740516746e+00
1.095733946090706956e+00
1.016046886379310399e+00
-1.722306275910551632e+00
-5.693954231890506756e-01
2.751299419300431287e-02
2.869331324028734920e-01
6.105950606237143807e-01
8.043787965106569127e-01
7.239163639243800796e-01
1.018915858852768475e+00
6.849590351124209553e-01
-1.861216745909383574e+00
-7.016043680232838531e-01
-1.070290273375520129e-01
2.166555840259454524e-01
5.004675636237427838e-01
9.038388153383417611e-01
1.174360821583578129e+00
1.221479380229580691e+00
1.029588797299261671e+00
-3.582057730428128028e+00
-2.263681786154468689e+00
-1.476401466329751333e+00
-1.049793152492853654e+00
-7.503137428686162957e-01
-2.431032504219593215e-01
-3.277976270418410040e-03
3.602236177044320087e-01
3.791536548293307773e-01
-2.421721724824589028e+00
-1.537779083844812655e+00
-8.100034512470496439e-01
-5.208260647533902166e-01
-1.852930526049748339e-01
2.924699498802963982e-01
4.780719014512205267e-01
7.594149696797422022e-01
4.566909642891962551e-01
-1.137910188832171876e+00
-3.415754511976590857e-01
2.009654676685471431e-01
3.335228010594371018e-01
6.195791663532300708e-01
9.237524988939258552e-01
1.166455819932097793e+00
1.172827225033524101e+00
1.043041485445531880e+00
-1.598841238755837058e+00
-4.791298629542873333e-01
1.104083938939418447e-01
3.667123085186793086e-01
6.849666925081351332e-01
8.537048409954242079e-01
7.722955253816757848e-01
1.075109088310719496e+00
7.418027156182674942e-01
-1.272921426094995256e+00
-2.816165518262712109e-01
2.595230180072973791e-01
6.338639153946729055e-01
8.506765124570915271e-01
6.060768590085785501e-01
6.942657511672766235e-01
7.881063336848397327e-01
4.754256635103793482e-01
-1.959950258742326534e+00
-7.533556874233895417e-01
-1.442126885102102685e-01
1.541859615059279209e-01
4.700783482559960924e-01
7.462377310805866637e-01
9.972410355015531858e-01
1.127670087147124356e+00
9.939897620352085017e-01
-5.272114105492896607e-01
1.777432969005121599e-01
6.509056305194435010e-01
7.554619220443712369e-01
9.388251201614770114e-01
1.105961220395397460e+00
1.228173723183247246e+00
1.209742989504281274e+00
1.056166421473785144e+00
-5.741584831683270718e-01
1.504495352845938161e-01
6.287279620308180439e-01
7.873982349652298707e-01
9.686713208981594381e-01
1.168441904785071372e+00
1.010634424917975283e+00
1.143379349677797752e+00
8.742837963748175678e-01
-3.252898855709080106e+00
-2.040454105244596583e+00
-1.292103817725639203e+00
-9.303084193041087913e-01
-5.805292168925706431e-01
-6.126720570613996414e-02
2.705321013878989045e-01
6.929560345738050575e-01
7.364167132971647378e-01
-3.604729761651329856e+00
-2.202292856698970791e+00
-1.433698738961705521e+00
-1.022201619936963901e+00
-7.041456265018652960e-01
-2.021962646548837172e-01
1.500207658203137236e-02
3.806811462114467193e-01
4.061208035819738882e-01
-1.859900207649280990e+00
-1.003011602913594258e+00
-3.044299027308574601e-01
-4.505303146641000817e-02
2.171178069821930179e-01
6.853289356975900137e-01
1.107321808768329197e+00
1.116406971933990855e+00
1.038101115058447377e+00
-9.648416732340437951e-01
-1.728180084668862193e-01
3.424168683950024605e-01
4.638199764345329879e-01
7.389761858180274867e-01
1.027478960484683235e+00
1.204905921554319193e+00
1.209050599397651471e+00
1.057030460346163769e+00
-7.228617787591701260e-01
-3.583537943299008269e-03
4.800146232411308667e-01
6.124617321674071801e-01
8.087367537795762118e-01
1.021311666413204033e+00
1.152510294645118449e+00
1.221191775946804059e+00
1.057841336258684262e+00
-2.699559957511074249e+00
-1.241045151251306322e+00
-4.816464757540844799e-01
-2.045645074515166639e-01
4.613815066021054873e-02
5.960844968312750680e-01
9.985274214190756892e-01
1.112888318641713781e+00
1.028799328165206584e+00
-1.389943879888877243e+00
-4.009961553918975907e-01
1.549836693117225828e-01
5.298210947266095427e-01
7.225055241516108451e-01
3.678684160252561619e-01
4.519774854208229442e-01
6.759575556911673333e-01
5.526985559156787353e-01
-1.188970062302063813e+00
-3.977929399004189737e-01
1.580550691419924658e-01
2.993788434884541161e-01
5.896159819222583920e-01
9.117880529709592174e-01
1.175006541728326193e+00
1.163212297787433513e+00
1.043451138940382217e+00
-2.741921297068791841e+00
-1.583490256481070668e+00
-9.332535177345325783e-01
-5.290126129820988954e-01
-1.997511907011635390e-01
2.620790209930065062e-01
7.775087918987517721e-01
1.024190139682516598e+00
1.002869440715587146e+00
-1.261678498251283864e+00
-2.757358304059139842e-01
2.688103498827156268e-01
6.428269249527844842e-01
8.697646211489916679e-01
8.549895499374885466e-01
1.166577060679114819e+00
1.195566385999306869e+00
1.074595776584464701e+00
-1.138386883199501209e+00
-3.084177171367394332e-01
2.120450678944602874e-01
4.195975410178365284e-01
6.414110376337421870e-01
1.064210383725849862e+00
1.221432600988776151e+00
1.231477286131416715e+00
1.056483611465446337e+00
-1.873041836241418956e+00
-6.968042368239124595e-01
-8.560330661030705890e-02
1.974995637562455553e-01
5.207700025876779160e-01
6.381479265580771720e-01
6.446907489065383245e-01
7.776871381132971495e-01
5.014386917249649134e-01
-2.702971517509832111e+00
-2.031362199506455024e+00
-1.591899846732593549e+00
-1.047900975195033668e+00
-9.729055371821188070e-01
-7.007224658874187107e-01
1.730394920821710369e-01
5.820366077837012542e-01
6.170803181133422965e-01
-1.515206020346351323e+00
-5.250564751785988804e-01
3.984112669859210532e-02
4.227774429790731037e-01
5.854605587306502823e-01
1.976581206945259017e-01
4.672253014544361926e-01
5.472751958354185042e-01
4.199065851745508726e-01
-2.233074060941026673e+00
-9.945895424136766971e-01
-3.799184093429338605e-01
-1.093265769674732490e-02
2.560520063693701998e-01
5.118204861106607773e-01
5.329183131596768597e-01
8.879814050690446603e-01
8.428039047995419253e-01
-3.503707519471122467e+00
-2.231434927018574932e+00
-1.563187350580214074e+00
-1.108789372293553566e+00
-8.168508253067882086e-01
-5.106752283794643299e-01
3.297271891633651170e-02
4.041677011852430335e-01
4.606703673298519486e-01
-1.551512297274767027e+00
-8.220977427133551174e-01
-1.756936837754390635e-01
4.530460510166747778e-02
3.153744548512352752e-01
7.540729641365884195e-01
1.155256033864748177e+00
1.127247387901054942e+00
1.054946691007652149e+00
-2.008472842539783976e+00
-1.065006842493405603e+00
-5.165991437675730991e-01
-5.744794763870043203e-02
3.548186145476063535e-02
-3.686015272791469122e-01
2.027117564829138685e-01
4.351662418862491943e-01
4.221685413084515504e-01
-1.465825239333516494e+00
-6.410393965136905736e-01
-4.047391587043647210e-02
1.636631130562957726e-01
4.348134215153979798e-01
8.347641542207903109e-01
1.175357853511598050e+00
1.196275529729459608e+00
1.091038949858157192e+00
-1.247330192111966385e+00
-2.577235003191543639e-01
2.859891072895029973e-01
6.582754300275224235e-01
8.763277229964967496e-01
6.242305021684891875e-01
6.625623647725117360e-01
8.376814374798606799e-01
6.003686086275855649e-01
-1.651088009746194629e+00
-6.675981183773933569e-01
-9.485722586496563025e-02
3.011579904039775046e-01
4.407147075766460476e-01
2.277265916877543525e-02
3.747297163048119439e-01
5.070150731047780024e-01
4.390270241209467406e-01
-1.862624275937080132e+00
-7.588131364332016959e-01
-1.997707753943950282e-01
1.250033321473554282e-01
3.492654541382553823e-01
8.940338130906769765e-01
1.044232687865606746e+00
1.208421158461780331e+00
7.469067380497821373e-01
-2.629278230166998576e+00
-1.019723905790229868e+00
-2.863534651553739652e-01
-6.651281293468078171e-02
1.640061122711253538e-01
6.965617151892112835e-01
1.091628740369422701e+00
1.156486863841996282e+00
1.101667855250252570e+00
-7.580836546228795214e-01
-4.193133678399615927e-02
4.590176206956132487e-01
5.805962473176028427e-01
7.875154290051900041e-01
1.020082864407164003e+00
1.222735990387786131e+00
1.216236785996658076e+00
1.091307765361540616e+00
-2.018017683794506745e+00
-7.749610878209509668e-01
-1.740820002079733475e-01
1.530160292250990206e-01
4.507317867660202149e-01
7.069938585659240049e-01
6.804714408596717057e-01
8.712861661011089831e-01
5.756481289559617354e-01
-1.792322394783814277e+00
-7.755905980365884744e-01
-2.210860227839822612e-01
6.258314499559693156e-02
3.152881806823251143e-01
8.065817622437821965e-01
9.475089105166406567e-01
1.198716893195808764e+00
1.002624418760530878e+00
-1.178792549716046301e+00
-3.607389842265404378e-01
1.688406751768791458e-01
3.470964257596141911e-01
5.912467074725624716e-01
8.844637512248079148e-01
8.609391633829658330e-01
1.093292558681408622e+00
9.198832930752584014e-01
-9.447580855490017582e-01
-1.666565515138395404e-01
3.414831073865953748e-01
5.271080792175993901e-01
7.691457144835955884e-01
1.072497317062686362e+00
1.017914560215262609e+00
1.170232728719639237e+00
7.280408888008826906e-01
-1.873987147401292797e+00
-1.037234234900365815e+00
-3.688549125434457676e-01
-3.295804289380781932e-02
1.799115295424688621e-01
7.560404388491899219e-01
1.176502451171664632e+00
1.146725304406072343e+00
1.066072691200466993e+00
-1.808752587935388068e+00
-9.459144826027229280e-01
-3.299021449540500139e-01
-9.421466147872670227e-02
1.982376865029824298e-01
6.350124643163370664e-01
8.025835608086395734e-01
9.918587521266318818e-01
6.486578861962321030e-01
-1.278633016615292828e+00
-4.741006349393637187e-01
9.210471921433581455e-02
2.779733451416668832e-01
5.328170858730889581e-01
8.933422848884677858e-01
1.195968336812752053e+00
1.239322792411514440e+00
1.123576307076037617e+00
-1.323372747048706888e+00
-3.190489411379433538e-01
2.283523360651375511e-01
5.816744843967630585e-01
8.361132419013279637e-01
9.131375021978337392e-01
1.218601123632174543e+00
1.257015304766167407e+00
1.109779122485849756e+00
-1.523407029686311587e+00
-5.317688040292629648e-01
3.424969280187405152e-02
4.168734564152017930e-01
5.785480798459757823e-01
1.586282958836059964e-01
3.956897752832586046e-01
6.968128131840812811e-01
6.866570917390291129e-01
-2.710902285572985182e+00
-2.029413604650509573e+00
-1.592086988487855015e+00
-1.056195573759542317e+00
-1.003483584409482710e+00
-8.235987859494309227e-01
8.103134637420535136e-02
4.370091161074337038e-01
4.583658667657545815e-01
-1.547070854300068188e+00
-4.643564732015633689e-01
1.017033826735584540e-01
4.266036923584345386e-01
7.046268011677258025e-01
6.735525653000945523e-01
7.192568322997300312e-01
8.613407329636687537e-01
6.253400241064906995e-01
-2.618055095052799874e+00
-8.331301684711811539e-01
-1.464829450795162580e-01
8.296668069389954991e-02
2.757785393771117755e-01
7.882047131006116869e-01
1.156300421984937099e+00
1.186607923493938177e+00
1.127522953993997046e+00
-1.743576310993115053e+00
-9.060054645594791678e-01
-2.980675258871725020e-01
-6.892578722405665048e-02
2.117559576592232262e-01
6.339804474265178236e-01
7.889480889626887539e-01
9.918369751239409782e-01
7.045835595940068696e-01
-2.054403616013531053e+00
-8.467660573806690127e-01
-2.113402579433752426e-01
9.666594917488789684e-02
4.046052357435853120e-01
8.085032466254236105e-01
1.188272200043193116e+00
1.181336577654899633e+00
1.112732270441106452e+00
-1.373754075317429768e+00
-3.768794853199949890e-01
1.761158329003466305e-01
5.494995752144088419e-01
7.576535879140012808e-01
8.510787698705627458e-01
1.219460767892717401e+00
1.219138484497415797e+00
1.133107251323197673e+00
-1.025463012614370228e+00
-2.323519582500058744e-01
2.897081817480354760e-01
4.659732575250266073e-01
7.123435522286655219e-01
1.017700768076426288e+00
9.776422466990630777e-01
1.144827088101793011e+00
7.618178154187353890e-01
-2.044781185437118953e+00
-8.011348628008200246e-01
-2.205225855723930428e-01
1.775661299174914609e-01
3.224336258490596574e-01
9.109949886906543171e-01
1.065850629452025355e+00
1.240613250712043536e+00
7.903394121423339413e-01
-1.322954598265847936e+00
-3.184783002577991629e-01
2.270237012195848170e-01
6.014346416439384502e-01
8.094970986174374605e-01
5.197081556917159118e-01
6.644468918870409802e-01
9.120806788646521612e-01
8.928616349111686556e-01
-1.787231525861866954e+00
-8.379441406102450252e-01
-2.672133851734206922e-01
1.547477104182622409e-01
2.595941856432744665e-01
-1.738157910195046729e-01
3.085302476333262600e-01
5.107572541372215058e-01
5.052632414244824233e-01
-3.451808508266863917e+00
-2.258774659581697097e+00
-1.451909890806621695e+00
-1.048369489561852275e+00
-7.204082913745760708e-01
-1.966952534711622347e-01
1.149002233897705311e-01
5.023441334987691631e-01
5.853040185682738539e-01
-2.591523911881282505e+00
-1.643020148238160116e+00
-9.422777384093887765e-01
-6.297105386382949588e-01
-2.992384463443650833e-01
1.915508065376301250e-01
3.663180582260381901e-01
7.166818982765950086e-01
6.066481394803576732e-01
-2.427200812398337071e+00
-9.814602738160259632e-01
-2.294769602386905749e-01
7.427167476910408010e-03
2.269271656466281817e-01
7.722467880626617820e-01
1.142159225625005270e+00
1.184272223961258641e+00
1.140185144947202467e+00
-2.247603550997288480e+00
-1.251299169557721136e+00
-5.850494088574549334e-01
-3.078797004150012340e-01
1.193546386782009562e-02
4.813256628638426515e-01
7.178946896882056894e-01
9.522089194649792088e-01
7.548761993246367874e-01
-1.989026356158018372e+00
-9.393197211307630079e-01
-2.926358903056178185e-01
5.452216276564551128e-02
2.444580906817266086e-01
8.263961088077399486e-01
1.218435905029531474e+00
1.183436022167345003e+00
1.093029007387029683e+00
-1.777067976040032526e+00
-9.343555089531075941e-01
-2.326171528451412562e-01
3.657341196405451689e-02
2.998928368455491267e-01
7.737833535781521999e-01
1.189535121102309079e+00
1.204903870255435105e+00
1.128593026320159787e+00
-1.717612578555338665e+00
-7.289185372682475128e-01
-1.102428350970672266e-01
2.652822864494783217e-01
4.267203957749657328e-01
8.046452854107118968e-01
1.185741285398924205e+00
1.226105748350688529e+00
1.146607451614487294e+00
-2.965954499821735091e+00
-2.092839864798880178e+00
-1.718511174454483870e+00
-1.182327653672780921e+00
-9.387495908679837076e-01
-7.054955999898649965e-01
1.626588065387219728e-01
5.278973902003467611e-01
5.819997823250813163e-01
-1.310952035443419206e+00
-3.161872191568397272e-01
2.326679490474503342e-01
6.062327922915624612e-01
8.221454906115028827e-01
8.762796453475384384e-01
1.228814558411424063e+00
1.258701542223616743e+00
1.151520119243268914e+00
-2.433275286578136409e+00
-1.143418400421321701e+00
-5.147763883868649026e-01
-1.483087364766613458e-01
1.425004932995667661e-01
3.047474957500597159e-01
5.178237639651588342e-01
8.958068017084961365e-01
9.223325662335785102e-01
-2.190144490203087102e+00
-9.410334543178056066e-01
-3.264941774113797601e-01
3.824614997194992344e-02
3.028394269977469633e-01
5.951633857145430806e-01
6.515259884927830925e-01
1.011969297244851074e+00
9.810956943054116586e-01
-2.185673193110300172e+00
-8.971725282930717027e-01
-3.012510446763634331e-01
1.123154692161294627e-01
2.531150063427022867e-01
8.119658842870426385e-01
9.374558209433945244e-01
1.157644212260662053e+00
7.764635910431969545e-01
-3.083594494998134206e+00
-1.943852962683236818e+00
-1.161324308031689956e+00
-7.592379588595782325e-01
-4.093534368212237706e-01
1.700525119693685472e-01
6.958590845187591079e-01
1.071069568258741445e+00
1.146095645301728583e+00
-1.708593937659695916e+00
-5.390012886738108078e-01
6.600374673918402157e-02
3.281350981658837096e-01
6.497637904581385904e-01
8.686430074559335912e-01
8.757276555380458793e-01
1.086114380761363574e+00
7.341571774693462782e-01
-2.645027776177503398e+00
-9.489411297922196731e-01
-1.367987877254147611e-01
3.598363684924658218e-02
2.479722678278161729e-01
8.409640235780945217e-01
1.194147135783781177e+00
1.179800261700165942e+00
1.115526999336456715e+00
-2.603979956445436006e+00
-1.211970939104127343e+00
-5.632811794161369789e-01
-1.641851694538864481e-01
9.322291779093516695e-02
3.382423406133982513e-01
3.989509054894740392e-01
6.376018497625015602e-01
6.400153272540608507e-01
-1.273265710054595878e+00
-2.914516397929678426e-01
2.562322910947773535e-01
6.302334959776711987e-01
8.414855977314926738e-01
5.625239376510480227e-01
6.390903242382268701e-01
8.384213748719179238e-01
6.981781321940507823e-01
-1.797922098392888302e+00
-8.454068103480423257e-01
-2.733374976769311626e-01
1.469799370785762060e-01
2.511693767537699351e-01
-1.995832026723176889e-01
2.975755272914208382e-01
6.499714387917413516e-01
6.818505455505470270e-01
-1.647984593105946027e+00
-5.525011518464658655e-01
3.989908011352282652e-02
3.222843224468860956e-01
6.313196708151886938e-01
6.842895901409571380e-01
6.874356750937146154e-01
1.006534057289987683e+00
9.182512774687787704e-01
-1.806538125569702391e+00
-6.661158755792719877e-01
-1.221325948526266747e-01
2.710774353178115881e-01
4.429969729882659024e-01
1.027423089111263677e+00
1.261912036625506994e+00
1.350548802319250896e+00
1.158676801942826406e+00
-2.584341606164825667e+00
-1.828491512785289874e+00
-1.382772601618852182e+00
-8.462527899640047702e-01
-7.797265808347083604e-01
-6.705311749487226081e-01
2.075897533222850755e-01
6.157367262920369066e-01
6.710816360014700832e-01
-1.532017168650963157e+00
-5.525965804580845742e-01
1.202104068208851781e-02
3.975321498834649137e-01
5.598734304688717245e-01
2.108198026796223035e-01
5.813316383011551958e-01
9.053497248821676946e-01
9.651670346742488027e-01
-1.417359278692619018e+00
-8.357638363368977696e-01
-1.425141388170891588e-01
6.940567621192428316e-02
3.261231613254761408e-01
7.846609845740519784e-01
1.192224991850932225e+00
1.170094577244916279e+00
1.091395136997143966e+00
-1.788975660264128464e+00
-5.907695088771484082e-01
4.306434364346947187e-03
2.872007312694223602e-01
5.999832862771771191e-01
8.838371353684832954e-01
8.958081331410211456e-01
1.135581816348941508e+00
8.077859902912403189e-01
-7.509099761354944835e-01
-1.114047522188753650e-02
4.996296789895187107e-01
6.028209841126039858e-01
8.465766330398285522e-01
1.081504329259260544e+00
1.273802224548418183e+00
1.250054076773662759e+00
1.124630565219332690e+00
-7.653816180207313469e-01
-2.983196193228779963e-02
4.647949295914325374e-01
6.340969375575643552e-01
8.346242722514618517e-01
1.067309354285693734e+00
9.804667984824393390e-01
1.183136149670868109e+00
1.051522455140849521e+00
-1.219139480320686086e+00
-4.035737922345266626e-01
1.215349357353375792e-01
3.055726321084590857e-01
5.630821613764247502e-01
8.668076942218709835e-01
9.268860682021481390e-01
1.208938180352943981e+00
1.165544486142449987e+00
-1.321782143408691157e+00
-3.301381201456597414e-01
2.178147645741560223e-01
5.902994115725145319e-01
8.032043429894225595e-01
5.440534886305795625e-01
6.753717831316935483e-01
8.098219191781822479e-01
6.792449519979413264e-01
-1.547647823202990658e+00
-5.823983786699936660e-01
-4.954008809995286144e-02
2.371851864113565245e-01
4.733384238989725157e-01
9.758688639443036106e-01
1.086138798597446664e+00
1.264123686729395457e+00
9.036049411684713428e-01
-1.307861465158924652e+00
-3.048386718589997657e-01
2.404024168612410028e-01
6.023605169201686760e-01
8.457820920475798143e-01
7.095638429978747830e-01
7.774972823192948246e-01
9.372204013009994839e-01
7.415284579015767319e-01
-2.666141204945572163e+00
-1.986509185082294682e+00
-1.547316567601015658e+00
-1.007976644823113110e+00
-9.452583192014784030e-01
-7.303337185093951023e-01
1.710865648276162776e-01
5.411047760281090246e-01
6.098267021188927828e-01
-3.177970003705643531e+00
-1.955531616400414618e+00
-1.489702703920569249e+00
-1.090200257556357410e+00
-6.455623250130415602e-01
-5.637229672382030321e-01
2.174745772493879847e-01
6.050913452990884789e-01
7.022858771790875254e-01
-4.906233675049214704e-01
2.143181590633471967e-01
6.698564515740169645e-01
8.114791572298256650e-01
9.840952859244398443e-01
1.165972137644661677e+00
1.184228497263071223e+00
1.327258617072978986e+00
1.203169472734100909e+00
-1.248148994553282654e+00
-2.562303066714387012e-01
2.841710479685882196e-01
6.577428401172087380e-01
8.828020867435826258e-01
7.285142923959178063e-01
9.755192658034118613e-01
1.171870635362533442e+00
1.144770907900188428e+00
-1.819371095903929980e+00
-6.591975097619102719e-01
-5.942305887053658808e-02
2.470711576810203092e-01
5.402632611407289787e-01
9.768822290866008284e-01
1.300270252513818559e+00
1.293196955053708130e+00
1.162402895933837943e+00
-1.265407822718021436e+00
-2.609250730277766217e-01
2.832974231134532950e-01
6.566805971286656662e-01
8.793100999966075859e-01
9.431288124739828360e-01
1.319106360536128841e+00
1.296308245370789036e+00
1.202186319845305329e+00
-1.891468158652320986e+00
-7.216905734274965400e-01
-1.166161516588683084e-01
2.080461729149588046e-01
4.907550053621920760e-01
9.493153941739170820e-01
1.284400714694490908e+00
1.264343596744935239e+00
1.144554739363911056e+00
-2.269560588336089424e+00
-1.019875039131216576e+00
-4.186301962693749212e-01
-3.355781543342452322e-02
1.344324888672194240e-01
7.034451936731600519e-01
9.062856436501935953e-01
1.220568407567367286e+00
1.116231707943216245e+00
-9.978311047570982417e-01
-2.139913524951201629e-01
3.184967664861766967e-01
4.914705251459240420e-01
7.279134876719036695e-01
1.019625288516839978e+00
9.864932372264298976e-01
1.158149366086954624e+00
8.787843033705777795e-01
-5.817125730386677462e-01
1.389290911517256921e-01
6.204306955440382909e-01
7.841370607123585579e-01
9.679837186784394643e-01
1.175771631487820379e+00
1.059873733155998643e+00
1.220908797232362231e+00
1.063503397582484578e+00
-1.869661509716177950e+00
-6.526266116554046981e-01
-9.377946119196206576e-02
2.790276699813314942e-01
4.989197353882085517e-01
1.046050677948123120e+00
1.346699823643065841e+00
1.334722651081700961e+00
1.176785592733860852e+00
-1.179929243349451262e+00
-3.710021069415755934e-01
1.636848003394344164e-01
3.527863975571959299e-01
5.931659006436594828e-01
9.099515352231472010e-01
9.169579306499819893e-01
1.109420560162100111e+00
8.742482221167867662e-01
-1.287308874990709562e+00
-2.881664059902660502e-01
2.550865449226732973e-01
6.251190375554438461e-01
8.551994006233746282e-01
6.513731338171270258e-01
7.221051977415274825e-01
1.010211937959314410e+00
9.563064117244701734e-01
-2.137602090498012863e+00
-1.245678996978405673e+00
-5.730122683526631677e-01
-3.109843270822607031e-01
5.064983792161003792e-03
4.664831729555267703e-01
7.320319037297705611e-01
1.003702658846704843e+00
9.332298299466545988e-01
-1.660994771699069839e+00
-6.385273733725355116e-01
-3.953857586243021693e-02
3.281896130584017746e-01
5.432947135826178275e-01
9.033422811762904514e-01
1.308964720323380071e+00
1.304644201944142434e+00
1.232787077943597653e+00
-6.479000137179974361e-01
6.486524673035855282e-02
5.582331019792079463e-01
6.795280009554409695e-01
8.810078432368427803e-01
1.104169663084831443e+00
1.308626820980363981e+00
1.280939254012239736e+00
1.162501697553917301e+00
-1.280478016343037373e+00
-2.875756886299773440e-01
2.586934746091762993e-01
6.266322287284131765e-01
8.620197487618839194e-01
6.874736687233681254e-01
7.785104756288373506e-01
1.078247061428267539e+00
1.052493366588984625e+00
-2.297457834831525325e+00
-8.366297229655914602e-01
-6.042533941131882774e-02
1.190276744928547709e-01
3.133328753578870085e-01
8.966883428556067237e-01
1.245841365420158775e+00
1.224759443578300022e+00
1.168182965299363163e+00
-1.932635892794609678e+00
-6.913410384192262281e-01
-1.501173186830877526e-01
2.486324740888582741e-01
4.166748697282888769e-01
9.818060853153866008e-01
1.102681162967095618e+00
1.368959226009656360e+00
1.225103651678518313e+00
-1.672001814485958304e+00
-5.191473579533963933e-01
7.568267882147686199e-02
3.377231520137913279e-01
6.560449244817202485e-01
1.013337600480838541e+00
1.295224280278291396e+00
1.386462341003279031e+00
1.228031461377217637e+00
-1.933478226957112023e+00
-7.383473701559775115e-01
-1.347701064750639055e-01
1.957976672403057006e-01
4.826018655543458102e-01
7.921027559928321971e-01
8.049080299644746361e-01
1.055521349564655820e+00
8.734945535318812126e-01
-1.458997137032923996e+00
-4.396503155632181525e-01
1.207406638629325013e-01
4.930745747092413200e-01
7.144221162823819471e-01
7.494519187655966919e-01
1.128687771172890431e+00
1.280016939981416302e+00
1.199986687218252968e+00
-3.472267981506500512e+00
-2.118848304181950581e+00
-1.397007689693474664e+00
-9.489225380311617775e-01
-6.990097224861854253e-01
-2.498235364073351505e-01
2.690832024049549798e-01
6.958319348737984633e-01
8.526965121928030689e-01
-2.414790742343489338e+00
-1.043396711294477308e+00
-4.202584343341011497e-01
6.848067229308677298e-03
1.729341283567377985e-01
6.337592996663891087e-01
6.476971363419988803e-01
9.405100887902860807e-01
8.614014437073663766e-01
-3.194077446453174929e+00
-2.102202428666055667e+00
-1.320620145676519419e+00
-8.947141911020061178e-01
-5.305280075784318816e-01
8.923122570840336110e-02
6.716034000594305331e-01
1.102354068100997120e+00
1.211759614362456716e+00
-2.783558728434313512e+00
-2.167382655404619829e+00
-1.717116975248945687e+00
-1.166885384611870746e+00
-1.030114714850271840e+00
-4.548615523901988755e-01
3.980888892562696180e-01
8.439997168408950312e-01
9.291306330334943020e-01
-1.430902448664920446e+00
-4.356416235842363593e-01
1.235583451913720154e-01
5.003583775169299086e-01
6.934313256051335417e-01
3.797199413991237948e-01
5.963090805844745157e-01
7.740704077104101355e-01
7.623750534203043161e-01
-1.286645185033163497e+00
-5.890169304415688867e-01
1.607984892566930541e-03
2.319929568845303658e-01
4.876217910399791022e-01
9.700103976832161745e-01
1.316773250471129142e+00
1.282097861873214173e+00
1.200554759658158277e+00
-3.240592405011045951e+00
-1.996393291341654663e+00
-1.533616932368855323e+00
-1.133676397726845364e+00
-6.781715887824676381e-01
-5.204590588524263817e-01
2.772724440384129463e-01
6.850942891317820527e-01
8.182175294452102010e-01
-1.459125114707526816e+00
-4.659978487948716608e-01
9.572012185383853289e-02
4.760265055241152399e-01
6.566443861464830167e-01
3.158421719975141873e-01
5.661946139827597202e-01
7.481524268374755149e-01
7.550407196524369091e-01
-1.583658571465010434e+00
-5.694849247666529113e-01
-1.012016862573174650e-02
3.719003873239570823e-01
5.764826003456595682e-01
2.942012293457875738e-01
5.448635956199749941e-01
7.967055906009736788e-01
8.316126593533872402e-01
-1.868819373063106415e+00
-9.732562847934419503e-01
-3.432259186714504695e-01
-9.079688503310721914e-02
2.001856744193000470e-01
6.440484625858453605e-01
8.437949890424384369e-01
1.068460058983924155e+00
9.218488594048156459e-01
-1.369259779982055170e+00
-3.766325947962802512e-01
1.794136698092253235e-01
5.540097385956163079e-01
7.717922033063466802e-01
8.280611701890870924e-01
1.210415249034202390e+00
1.320526414981064711e+00
1.223489366829471958e+00
-2.206114620192518139e+00
-9.964901768458500619e-01
-3.752251974446323968e-01
-4.355734526731662448e-02
2.728518822302846702e-01
2.797461866859436985e-01
4.998227426331975365e-01
7.517883331055248419e-01
8.211696323879892345e-01
-1.782560903397865548e+00
-8.949200435842221690e-01
-3.068265077612403746e-01
-7.177086422563527801e-02
2.166144174571851266e-01
6.354737199388035274e-01
8.633382048497051375e-01
1.181966904997130197e+00
1.167793305010790705e+00
-1.763188473088271646e+00
-6.859315500933378384e-01
-1.190770101296104305e-01
2.494254953228627336e-01
4.178290570129259973e-01
1.012426660031569670e+00
1.303328290653646748e+00
1.391131092000984282e+00
1.252162228733329608e+00
-6.255566583791970503e-01
8.894536166662751764e-02
5.570923720267740853e-01
7.079296780485059282e-01
8.895665652454360917e-01
1.104343879377707616e+00
1.227287628334311931e+00
1.372854671179059016e+00
1.269533880518899371e+00
-1.420247266930063423e+00
-5.835066350060326146e-01
-2.417648057344552737e-02
1.953652975589006691e-01
4.599851326220899539e-01
8.388518290329979310e-01
9.180039617642528071e-01
1.135187128458373884e+00
9.420663172424716958e-01
-1.347767892077359475e+00
-3.673737038244464514e-01
1.844347577904112967e-01
5.605531766812048566e-01
7.573903897661805606e-01
4.537675454231400729e-01
6.302334959776711987e-01
8.281235258653998343e-01
8.028870058581508706e-01
-1.589416802461844913e+00
-6.610190093719627846e-01
-9.583341535318574966e-02
1.699711964336896031e-01
4.303113447459924190e-01
8.976548784948613635e-01
1.027977828122771387e+00
1.224216838881069247e+00
9.709176497383767979e-01
-1.451530824654376772e+00
-5.804911569068139654e-01
2.244731821638705840e-02
2.504479664627446978e-01
5.264605052753541514e-01
9.615016144846937340e-01
1.328046823015056388e+00
1.340751241362681201e+00
1.254206545900304448e+00
-1.626290337849801926e+00
-6.626398603737034820e-01
-9.259270035863506609e-02
3.025661634777470077e-01
4.511911476072200666e-01
6.707638593129049143e-02
4.599682643169913931e-01
7.224191319025411451e-01
7.893773941457022936e-01
-1.708174975175518417e+00
-5.568506360521771059e-01
4.105597668573411629e-02
3.104424958982732741e-01
6.323331616969738445e-01
7.787685343306196550e-01
8.021856350501369581e-01
1.028166364795655818e+00
8.875405375416026699e-01
-1.964951217534078420e+00
-8.954203246381936543e-01
-2.416780272990845524e-01
1.133914809032913890e-01
3.199388331109088712e-01
9.029843568691462430e-01
1.299425183605259049e+00
1.257501346392284614e+00
1.181984518911499027e+00
-1.421535914062271866e+00
-6.388249342718673729e-01
-3.018916421492592178e-02
2.102004552199742138e-01
4.796636658366917327e-01
9.555698873487176170e-01
1.331949641208308277e+00
1.316724593509532859e+00
1.242436147168446414e+00
-2.418163937269825148e+00
-1.247957788655777556e+00
-5.949991325741805781e-01
-2.810185185750919135e-01
3.741274424836235624e-02
5.440814842941438245e-01
9.345580076866697450e-01
1.264872051061125324e+00
1.273679070147159198e+00
-1.492750909731447750e+00
-4.923051691993673984e-01
6.611065340636348986e-02
4.483139023187920902e-01
6.437906114261432444e-01
3.502531160392357013e-01
6.498462968265465989e-01
1.013214374492997782e+00
1.073949533886878305e+00
-1.451696961621538273e+00
-4.518941574686005658e-01
1.132812086253223854e-01
4.882360596409273112e-01
6.963523180940914825e-01
8.868007719579654724e-01
1.288407091765891188e+00
1.259000680760901325e+00
1.226918424377804850e+00
-1.677221933200332638e+00
-7.215042786238854422e-01
-1.506621709622030514e-01
2.533143455047373593e-01
3.784128434018805831e-01
9.635202702727055368e-02
6.445577670988221763e-01
1.028859377754129500e+00
1.115106414361205500e+00
-1.295879316946088489e+00
-3.052946108183098861e-01
2.423595601334158911e-01
6.172093374746703276e-01
8.290966866866991136e-01
8.033301280946550937e-01
1.165258298427878758e+00
1.307625942886569526e+00
1.224343882123027694e+00
-1.343040497017085277e+00
-8.463882366412884828e-01
-1.883055814445623311e-01
5.550697818779670029e-02
3.222663388606373247e-01
8.594589928413113311e-01
1.294294718199291871e+00
1.255684344532370877e+00
1.191164135278543368e+00
-4.384149163085857559e-01
2.549787728093091954e-01
7.036621044265531921e-01
8.475516244692923307e-01
1.011322123610839840e+00
1.202687047255574848e+00
1.319991208527457216e+00
1.405540027745256548e+00
1.282669968319231746e+00
-1.932025929748509396e+00
-8.465785340010234528e-01
-1.943289388886273172e-01
1.458362159979479378e-01
3.908736477534660581e-01
8.703643036193944305e-01
1.262375761647638983e+00
1.245461050101070999e+00
1.216819109693803913e+00
-1.809925598299541027e+00
-8.507819197899854080e-01
-2.765132569013410424e-01
1.455422334584225152e-01
2.622851544841098836e-01
2.059110651649616597e-01
7.820404176154263087e-01
1.121168697590196883e+00
1.194361771040334030e+00
-1.442638240218371726e+00
-6.343420256850185179e-01
1.174996985355336067e-02
2.287762675293387449e-01
4.555881859536574652e-01
8.802013019204085742e-01
1.258713269834909498e+00
1.229227758494194855e+00
1.155217177383217608e+00
-1.214844336792199275e+00
-4.463263010108892148e-01
1.409729513791035949e-01
3.335666006128606975e-01
5.644894467954206796e-01
9.476303374175414351e-01
1.286761809535410972e+00
1.251080296103661560e+00
1.171160583298548108e+00
-1.809845498082665483e+00
-1.067207014339629945e+00
-3.774958411266288727e-01
-8.204585439459372020e-02
2.014869378269543432e-01
7.809642120260565923e-01
1.223724619597311714e+00
1.334497226625747102e+00
1.247340633532131315e+00
-1.364224910509983069e+00
-3.580878130360705125e-01
1.899420061185126130e-01
5.634392918645443338e-01
7.896361826629653136e-01
6.521084393507579069e-01
9.443586536114947361e-01
1.203036941797804404e+00
1.217749543168015203e+00
-1.644681204177152578e+00
-6.563039250065668684e-01
-3.043990486649936905e-02
3.338594523178167184e-01
5.031209020153306621e-01
9.455610068409771030e-01
1.327751075604038045e+00
1.301226660628525433e+00
1.240661933399835659e+00
-1.476490144462536458e+00
-4.873999232068877974e-01
9.188348155678821572e-02
4.659190600439332419e-01
6.504204141878136003e-01
9.221178109730628902e-01
1.325231744962659164e+00
1.347362564802221607e+00
1.266157381114842773e+00
-1.541904123827211537e+00
-8.680921275328971065e-01
-1.321558036592753449e-01
6.263368488113198185e-02
3.167238880163527059e-01
9.010289813632952338e-01
1.285705721778386046e+00
1.269976762805990367e+00
1.195405888402743644e+00
-1.458619229536740391e+00
-4.423580550968872482e-01
1.213939709950535295e-01
4.914784098091700137e-01
7.165175336122000527e-01
9.433749245485354429e-01
1.335702590819261459e+00
1.350221171652279617e+00
1.262965739227850825e+00
-3.308574458448457989e+00
-2.200054355765154401e+00
-1.426685335674140687e+00
-1.011763613349971891e+00
-6.929130861288809173e-01
-1.482262057217518525e-01
2.727516837216285017e-01
7.039246131455252353e-01
8.699189724682464542e-01
-2.170495873086953242e+00
-1.023709851826270611e+00
-4.317091754965201589e-01
-8.376356160440651122e-02
1.620208752478958236e-01
7.053969749279040968e-01
9.169728977558501137e-01
1.149613376738043424e+00
9.650487813225201439e-01
-1.612747539554117093e+00
-6.104391278484191385e-01
-1.050431810254299873e-02
3.621830772972100543e-01
5.574523795193491171e-01
9.256644461576002403e-01
1.332214927201247345e+00
1.336304791797545244e+00
1.263801451890088412e+00
-8.721738600497831451e-01
-8.019093718205314025e-02
4.086053447024342034e-01
5.800494287338634480e-01
8.166029909205090309e-01
1.115277554196120402e+00
1.117437088674714918e+00
1.366103266378917880e+00
1.287491914035935103e+00
-1.605589145774175552e+00
-4.817035167363369341e-01
1.073004343500448404e-01
3.645043416272775727e-01
6.849871113452563609e-01
8.796909445686091900e-01
9.086552714339062309e-01
1.225442199931585208e+00
1.110514275201047285e+00
-2.697822527993817943e+00
-1.369887242253414072e+00
-6.749921959749251021e-01
-2.541462341927270829e-01
-9.380770320943451757e-02
3.983424797754793190e-01
4.461836154958263023e-01
7.965952918418855999e-01
8.778272692792092879e-01
-2.607503348244387453e+00
-1.873103537107543071e+00
-1.414288794167312568e+00
-8.690057349767859041e-01
-7.312981301135655920e-01
-2.445739012738313845e-01
5.400433582054654513e-01
9.733801855489424559e-01
1.067599372565029459e+00
-2.659192732983556073e+00
-1.873602374298441786e+00
-1.450546951234481519e+00
-8.927928623537211283e-01
-7.947632898481495900e-01
-5.900226550949011495e-01
2.781275013884079716e-01
6.731424914701501505e-01
7.944451186301727530e-01
-2.806726388079540335e+00
-2.174479476140317225e+00
-1.736206133444780697e+00
-1.180179512859311108e+00
-1.014446211138443354e+00
-3.942246365975883293e-01
4.461003954904755875e-01
8.937525552933991424e-01
9.851115819716853572e-01
-1.746346205269756702e+00
-5.802781035750950167e-01
2.122981710325526003e-02
2.897911708136949871e-01
6.147713305915499804e-01
7.699635319854294391e-01
7.930146723811588583e-01
1.028882334949940525e+00
9.076222157294349113e-01
-8.184572466369534061e-01
-6.162758033392247425e-02
4.446191360259637015e-01
6.118705562832240652e-01
8.210975400370927879e-01
1.074823419605491992e+00
1.016318684067170963e+00
1.177877229666677295e+00
9.901089641738886060e-01
-2.284826243209157504e+00
-1.321840915605024813e+00
-6.348157376884350223e-01
-3.579103481872460968e-01
-3.742904923200100070e-02
4.439318234361714910e-01
7.256679408250269470e-01
1.012114384631638719e+00
9.735153401298761722e-01
-8.502068351027635140e-01
-9.772604727838574146e-02
4.175471593927200797e-01
5.635863404373233632e-01
8.033637806159544814e-01
1.096428529072639213e+00
1.355127951181516188e+00
1.355347208657514901e+00
1.252066035632741992e+00
-3.374258293956668542e+00
-2.182155012064353361e+00
-1.359611188260080761e+00
-9.103196835437102896e-01
-5.308097381734419029e-01
1.247056418370441344e-01
7.429550572321059754e-01
1.159280729048094205e+00
1.262048343524215577e+00
-1.879544883503436958e+00
-7.242902374253783471e-01
-1.154727076046810630e-01
1.745023611229042926e-01
4.947666906321848690e-01
7.064425326825749529e-01
8.997451182344473608e-01
1.228980282567492477e+00
1.236061401285751593e+00
-2.216846207850420303e+00
-9.308672411430009008e-01
-2.768375703788364950e-01
6.819859101450054251e-02
3.284336658637764250e-01
8.764182027500030392e-01
1.262793791259076537e+00
1.229741143715630258e+00
1.169581988903629410e+00
-2.736213870124855951e+00
-2.063024212301812543e+00
-1.634985216558733301e+00
-1.081166588115134664e+00
-9.812220065540222524e-01
-5.285540779706799919e-01
3.492114949771386589e-01
7.887313699390980926e-01
8.862033521207537401e-01
-1.175329813975020121e+00
-4.449140977542102582e-01
1.458321721764248846e-01
3.208872342322232618e-01
5.651799057906036206e-01
9.413105420652509991e-01
1.275942263547598099e+00
1.229215389186530949e+00
1.150716701467218162e+00
-1.343406536325086442e+00
-5.087786378833555334e-01
3.733927166318273816e-02
2.454963345361469707e-01
5.218997452462942332e-01
8.914491299356597231e-01
9.670959825241105534e-01
1.222913584319413882e+00
1.105997409986081426e+00
-2.088626640390733868e+00
-7.653905971987979839e-01
-1.995197892835818554e-01
2.137120287253221618e-01
3.993024681868510561e-01
8.930429693617779607e-01
9.974590310799255066e-01
1.233484601249694057e+00
9.674152927889401177e-01
-3.189957615347189357e+00
-1.902864745553432879e+00
-1.166409009801174346e+00
-7.022927766102519120e-01
-4.000767800999339152e-01
1.664640328062398089e-01
7.892090706891337071e-01
1.178082303544868870e+00
1.236884362299878859e+00
-2.146801055678268622e+00
-1.004159306760159742e+00
-3.962986734337528016e-01
-4.656053687590807483e-02
2.437325236905700798e-01
1.365242452751412872e-01
4.834868063436194019e-01
7.790722067535590378e-01
8.719976991055873317e-01
-1.291588537586724428e+00
-3.020363946454519000e-01
2.436817029914558341e-01
6.159073494635975976e-01
8.377578963814009683e-01
6.105115617884464552e-01
7.122403290016935395e-01
9.845967466560033854e-01
9.514719799854276516e-01
-1.317975990303893452e+00
-3.089132853738282836e-01
2.377906020316878088e-01
6.086109723517079129e-01
8.330573323431028632e-01
6.178473847652808937e-01
7.307225347824763961e-01
9.268921163685936992e-01
8.621556767453810721e-01
-9.012685304872419811e-01
-1.497368022146823852e-01
3.496184849477855239e-01
5.084407372516517309e-01
7.384442666174055869e-01
1.005084394102513601e+00
1.170595523885746170e+00
1.366418034147099281e+00
1.277276797682193488e+00
-2.036344023810467085e+00
-7.885748908201959395e-01
-1.849194306717571734e-01
1.805830343076149924e-01
4.222047286151650036e-01
9.406527165529987577e-01
1.280116567502170843e+00
1.256476491525961192e+00
1.164228482637765127e+00
-1.717182220964082129e+00
-5.539647610959977930e-01
4.854956354525740564e-02
3.156099941286879540e-01
6.394958887617736565e-01
8.596957392097667183e-01
8.804694415332554591e-01
1.121906311352946162e+00
9.286509622494639737e-01
-1.637269636146002405e+00
-5.738476234573495205e-01
-3.963891781063561687e-02
2.915909434416337764e-01
4.536002445751283196e-01
1.020236153020879222e+00
1.150495366347402237e+00
1.409384819542470302e+00
1.275424150309815818e+00
-1.568135015049431313e+00
-4.525678534083129034e-01
1.361841936523903174e-01
4.027381120169296613e-01
7.155435262415409392e-01
1.019739743091512052e+00
1.315980394044455437e+00
1.312283240588308253e+00
1.198985456809450234e+00
-1.999159694537602894e+00
-7.552146722369581511e-01
-1.679826079626773327e-01
2.130598559332711472e-01
3.982113797050545467e-01
9.851257309171639331e-01
1.326554458064925113e+00
1.291892040234629668e+00
1.178609438353586558e+00
-6.926385921981450533e-01
4.423659357490933308e-02
5.230583800351894519e-01
6.783213772905393180e-01
8.893968546519415153e-01
1.115885620264134515e+00
1.063946633237250472e+00
1.310911553808668417e+00
1.274907686190361877e+00
-1.726554343136189607e+00
-5.659822288955029812e-01
3.815219338047690784e-02
3.015883364691062662e-01
6.225389460321454349e-01
9.979140132975496957e-01
1.318525107714507927e+00
1.297357371046841124e+00
1.179095734150781727e+00
-2.256955723605925446e+00
-1.043260132724922462e+00
-4.067592708319276995e-01
-2.958400761039333901e-02
2.488120295702649920e-01
6.481378337191860961e-01
1.074328072297902947e+00
1.294617180388861311e+00
1.233779797038940362e+00
-1.409609847852965059e+00
-4.180526359736449482e-01
1.456002419639652601e-01
5.183377290927123626e-01
7.176755683636758532e-01
9.054466695421660161e-01
1.306761299693007139e+00
1.279902228732357816e+00
1.242107135962263964e+00
-1.326509056699343825e+00
-3.159701572912567147e-01
2.280481420581375596e-01
5.904480897942752105e-01
8.356518797748559990e-01
7.239118372937752843e-01
8.718744403969544976e-01
1.178952977824374138e+00
1.188389324228779520e+00
-8.235208823666595457e-01
-7.542207826068278442e-02
4.383960354190207798e-01
5.708589425661607653e-01
8.115551486212045917e-01
1.086966435871899561e+00
1.333674265448517637e+00
1.310031921525390830e+00
1.203141630265585071e+00
-1.205733568310674464e+00
-3.796650978528135489e-01
1.690803943882191740e-01
3.637477978223188635e-01
6.313497904175876529e-01
9.799147411608969405e-01
1.006243506912827268e+00
1.211419019533937380e+00
9.930216928717960911e-01
-1.892728101838355936e+00
-9.391124244799736731e-01
-3.350724574659090238e-01
-5.234345999940618471e-02
2.404285900275515975e-01
7.206269904719586616e-01
9.281320224713589528e-01
1.141245476794493729e+00
9.650520069865344830e-01
-1.756385164732025439e+00
-6.567290150059194032e-01
-6.903565819381772550e-02
2.803438840400000465e-01
4.396186866839131846e-01
1.049374660382750735e+00
1.355817466633389978e+00
1.323357236387713298e+00
1.199668923218054184e+00
-2.180075737072671327e+00
-9.471332370086046337e-01
-3.219618678204037021e-01
1.801393591740986511e-02
3.231011314369028886e-01
4.932028514959126420e-01
5.800367256535414739e-01
8.342058738674694718e-01
8.720019979816331368e-01
-5.218745300019430600e-01
1.807355651386066131e-01
6.633846137367659379e-01
7.754420354747804112e-01
9.572307770272484584e-01
1.145009143781430927e+00
1.311295458556423155e+00
1.274999810059642247e+00
1.149790331610510252e+00
-2.228173124602460753e+00
-9.404028893921181353e-01
-3.398965232370603773e-01
7.315035378769292607e-02
2.794482625943088827e-01
6.885912189924553450e-01
7.126670846359048905e-01
1.000500485713240684e+00
9.245283803217929641e-01
-2.373486754689023037e+00
-1.244973910020576113e+00
-6.194791055965278570e-01
-2.270368992665429131e-01
-1.876362308866141512e-02
5.193257692661823466e-01
6.212054181939002939e-01
9.720476275346441319e-01
9.214862197429076751e-01
-1.575296180954028014e+00
-5.698112631593474919e-01
-8.992182850454584833e-03
3.750461096686368845e-01
5.719316728322758614e-01
2.761772274109720038e-01
5.550527428722903389e-01
7.729459536374673201e-01
8.219064010926865338e-01
-3.160489139727549635e+00
-2.054059442813708447e+00
-1.276932348297341369e+00
-8.317551895148256325e-01
-4.607765582659641423e-01
1.714927881011633071e-01
7.682468825635826448e-01
1.174098112084281054e+00
1.270609180958574669e+00
-3.098715418117725218e+00
-1.823065935208492361e+00
-1.270853753896861393e+00
-8.604407983876979360e-01
-4.397061714218568063e-01
-1.444467265511789611e-01
5.846363991960176199e-01
1.027714755670221747e+00
1.112990492894081473e+00
-1.974833069121143314e+00
-7.570821975772162871e-01
-1.235102564506761064e-01
1.708982334529876579e-01
4.800569047688469926e-01
9.390861717391526531e-01
1.321286037987599915e+00
1.285572618867216299e+00
1.203842120288053819e+00
-1.331869156762230055e+00
-3.303930258613114179e-01
2.200232139977591206e-01
5.830590330306174573e-01
8.289117817794883214e-01
8.747373813151703148e-01
1.207694413559875946e+00
1.340397681530069995e+00
1.236385904050678386e+00
-1.813866973775035030e+00
-8.984667772130064956e-01
-2.861381060871750481e-01
-5.963902474580787261e-02
2.389778276558797432e-01
6.654596172878126659e-01
8.621349957308207523e-01
1.146118395762645514e+00
1.091702206918718332e+00
-1.071956730620995168e+00
-2.497572567848875269e-01
2.554653871823433509e-01
4.438114877054136764e-01
6.994449813824252793e-01
1.021384867017157916e+00
1.024307470668402553e+00
1.267974997304610607e+00
1.147747962282274381e+00
-1.969666438998860736e+00
-7.503094573936521794e-01
-1.739311455905545312e-01
1.884563804605717818e-01
4.367461754945248242e-01
8.341913811662481359e-01
9.354215935994009135e-01
1.277855835889782021e+00
1.213210908627936568e+00
-2.569713375220073814e+00
-7.479141981782237991e-01
-1.189630406203457530e-02
1.854645341041025464e-01
3.542773625852285169e-01
8.673372847508559191e-01
1.219726888198402248e+00
1.202107704101397667e+00
1.206145093398651502e+00
-1.522239582741254038e+00
-4.821883027082214945e-01
7.638826396945030961e-02
4.294733591616183288e-01
6.776276170435764357e-01
5.315601343311315841e-01
6.815359861997331015e-01
1.015761988727890142e+00
1.031355690650284096e+00
-1.352551541607753594e+00
-3.514234509729388667e-01
1.941680719803671462e-01
5.692971472117366316e-01
7.757006199695976045e-01
4.914890769893182076e-01
6.453202257882467707e-01
9.344540334400385229e-01
9.356065168297723611e-01
-1.959434334176756165e+00
-8.007415533369011129e-01
-1.911502763572596464e-01
1.099569712038780539e-01
4.295289554332589743e-01
5.988355503021044468e-01
7.205629650529413732e-01
1.080180630882792370e+00
1.098984477397334958e+00
-1.454596568735508688e+00
-4.562936773854270878e-01
1.002155673307689870e-01
4.769921371318561198e-01
6.848415990420736454e-01
4.124394822106320357e-01
6.185437152590067544e-01
8.188057154723152875e-01
8.316483678946596791e-01
-1.918721960915112712e+00
-8.264294153256133146e-01
-2.600184944900830741e-01
7.664703900788906454e-02
2.944782294604986750e-01
8.383450724109097196e-01
1.074184540822921141e+00
1.353935562638736378e+00
1.278112854384546360e+00
-2.680324572065727828e+00
-1.629219294821659725e+00
-1.133582659274469107e+00
-6.770724255663603808e-01
-3.968638837991141921e-01
-4.380093366976463010e-01
3.230098697492255755e-01
7.132827785767980044e-01
8.426517642372997052e-01
-1.515117441950982302e+00
-7.824575250077553390e-01
-6.836132434332199692e-02
8.615056044776478461e-02
3.262274541066925160e-01
9.138334241092964660e-01
1.271725990102483772e+00
1.243848919294318511e+00
1.175652661292676981e+00
-7.595773363778275389e-01
1.559593445279658375e-03
5.042005316795694636e-01
6.297949780558536048e-01
8.750739600643233640e-01
1.145208978645784414e+00
1.367860179167584178e+00
1.352924903026717196e+00
1.238545765582786951e+00
-2.525505659746632325e+00
-1.434854180859829853e+00
-7.484847201107420744e-01
-4.111611813288828521e-01
-7.533402948203382632e-02
4.437222814893976852e-01
8.844596145666988596e-01
1.242910796477431079e+00
1.282973174595217314e+00
-1.553556554613617413e+00
-5.919699077541105137e-01
-2.123066171400229268e-02
3.660695296030097579e-01
5.171753389911365462e-01
1.291666532671738310e-01
5.077278071698053674e-01
8.739734572845134775e-01
9.397506702166050774e-01
-2.420144729937411032e+00
-9.991517386628595565e-01
-1.871597410043781273e-01
1.944074299175438045e-02
2.412650168625926350e-01
9.191581416851818398e-01
1.273357487012562128e+00
1.241231344758066069e+00
1.186502637974828023e+00
-1.593087870612149848e+00
-4.686170394328861288e-01
1.264533513210776838e-01
3.897969193890207795e-01
7.036789691774765210e-01
1.030779500224030754e+00
1.339773963473918972e+00
1.330923511438371731e+00
1.211415501199977873e+00
-1.854451866091281431e+00
-8.790219437886681586e-01
-3.094211515891693298e-01
1.157340727578334005e-01
2.454685854548558088e-01
-1.196974509987258350e-01
4.126258914940175160e-01
7.437799135853369048e-01
8.394782212017133372e-01
-1.873377219229032331e+00
-6.978959894952563303e-01
-9.132617676940076035e-02
1.979968048543052361e-01
5.193436438692983215e-01
7.241177349837489841e-01
7.483371885637120080e-01
1.005721376078968055e+00
9.283789536359291494e-01
-3.181104279890486719e+00
-2.076926723678470754e+00
-1.653898192629566610e+00
-1.226188057868522696e+00
-7.955236602712395522e-01
-5.077665769057380096e-01
3.309730028251155476e-01
7.488929377456553516e-01
8.838979177238899254e-01
-3.049566121742225633e+00
-1.661208948694119725e+00
-9.511894827130119578e-01
-5.254565585341481881e-01
-3.250142106874625569e-01
1.364285117347461829e-01
3.368766642144205847e-01
7.320583903475046395e-01
8.844692666867874919e-01
-6.778904508225997994e-01
7.711064738048380163e-02
5.582655598383711171e-01
7.221848475216574581e-01
9.304122767053670806e-01
1.163481066887565474e+00
1.076390345699986373e+00
1.286263120379202096e+00
1.188780330977972755e+00
-1.894295861858637187e+00
-6.747731955405801285e-01
-9.138784367163750588e-02
2.284902268671422376e-01
5.143862725151526760e-01
8.576141993768581218e-01
9.420051350147373714e-01
1.282019860886766560e+00
1.217889001173570351e+00
-2.574337630301021473e+00
-1.525728807579695756e+00
-9.476682811926034899e-01
-4.937549429905165321e-01
-1.880206299398292369e-01
2.878378941887929643e-01
8.892025966452291597e-01
1.207578471205804194e+00
1.234817649481216195e+00
-2.037323695165254911e+00
-5.208492802541744293e-01
5.268369916991722662e-02
2.350275964046671939e-01
4.117485371584743703e-01
9.069732712198365077e-01
1.272803616229903234e+00
1.261389497499707080e+00
1.240205130789333809e+00
