-3.236565043517686036e+00
-1.963691853189004854e+00
-1.142598326768842876e+00
-7.376941509370416039e-01
-4.763107734924244552e-01
-2.544661569775783644e-02
-4.193953723364280961e-01
-1.957418935686048855e-01
-4.692718910017241729e-01
-2.415153886302817465e+00
-1.331380454986462514e+00
-5.609616134253334607e-01
-2.572561996920629812e-01
5.939118531640598039e-03
4.322741534421107867e-01
2.084412298963815857e-01
5.951938696080277813e-01
-1.667407757742859764e-01
-9.121728770567405498e-01
-1.422544726916018243e-01
4.130346024991760623e-01
5.669306579022236336e-01
7.722679820281317387e-01
1.050864452598927468e+00
9.960276072675250392e-01
1.192245369549761236e+00
5.554352869908547596e-01
-3.221321128215889118e+00
-1.962564075872120117e+00
-1.145846228605730932e+00
-7.410892537932257662e-01
-4.766441966181414469e-01
-2.070316562954567161e-02
-9.078024066197269096e-04
3.075635945471923982e-01
3.329765462466410253e-01
-2.465781368706119192e+00
-1.329224262058901429e+00
-5.662396694489780780e-01
-2.621840139052735164e-01
2.381052966107035773e-03
4.257453299897405730e-01
2.953983909149656695e-01
6.602845325018478206e-01
4.020565493162803206e-01
-8.751112813021281189e-01
-1.358726076005598582e-01
4.218243969715461672e-01
5.684488773533389327e-01
7.751476718821124212e-01
1.045421031975121595e+00
9.958742903130068935e-01
1.179814152041206432e+00
7.795089380606966545e-01
-1.306993829805092044e+00
-6.504959028617806061e-01
-3.285218617865456880e-02
2.368574627295077506e-01
4.866439249722543936e-01
8.724509247494622866e-01
1.231870212470492554e+00
1.293106072993343902e+00
1.289833822750608983e+00
-1.240765414616079143e+00
-5.526840729987918532e-01
4.988581409152425400e-02
2.938777893101950367e-01
5.351399211061674821e-01
9.101586707064101001e-01
1.248118246905595807e+00
1.301572696327939704e+00
1.291531661409165865e+00
-5.640201534808141348e-01
9.656828120217254841e-02
5.913326583279001625e-01
7.330493516643236118e-01
9.195936313616460689e-01
1.174767907770645436e+00
1.325134503020633403e+00
1.382091133329721666e+00
1.299216051026484076e+00
-1.999145621162067510e+00
-6.908120854356022411e-01
-5.779210720874810442e-02
2.933254479555211791e-01
4.966318071825759350e-01
9.512579650506315376e-01
6.453949176256507103e-01
8.665355420716442936e-01
-9.078990055822221128e-02
-1.939137930581418034e+00
-7.445518150821340830e-01
-1.731176061101580288e-01
1.895164805490113513e-01
4.856898692110323545e-01
6.335990731003993126e-01
5.611081727263798058e-01
-1.272378938307171942e-02
-4.987322392039438279e-01
-1.795114668955606785e+00
-5.153529896985904468e-01
1.254409829563392365e-01
4.952813108959703836e-01
6.585835929302580327e-01
1.103940149881545985e+00
8.507488383429658851e-01
9.447584628936717133e-01
1.925007860816074778e-02
-1.401420132641102878e+00
-5.942037226289564877e-01
3.006002413143498905e-02
2.500623447516036046e-01
4.909142678853245512e-01
8.896941422381492437e-01
1.061202734339013576e+00
1.186017021327666177e+00
6.353212229798328448e-01
-1.842379039727629619e+00
-5.618863728352018194e-01
4.894911695663609758e-02
3.956785914333455501e-01
5.778201085911465196e-01
1.048434447531307656e+00
8.584576698845873821e-01
1.108451657870205498e+00
1.559798923134028403e-01
-2.392468192753024248e+00
-1.075615418981196392e+00
-4.992157352732646824e-01
-1.419593891165080723e-01
1.783799022365440134e-01
3.342429684228231945e-01
1.223556423738001303e-01
-4.952224384308505645e-01
-5.291594858804360424e-01
-2.031936307027386590e+00
-7.028884113325577498e-01
-2.097107680411511299e-02
3.496449581652395500e-01
5.445995519239711369e-01
9.653005258757784146e-01
6.536499293002977495e-01
6.548234635853884544e-01
-1.379520911640410852e-01
-1.783297907711631769e+00
-5.188272779509280896e-01
1.052291556130435096e-01
4.557582920675076199e-01
6.933145721693596553e-01
1.006700211603123396e+00
8.504335255141821648e-01
5.886467677259693554e-01
-1.401785822740340415e-01
-1.911698470609588751e+00
-5.785961431640394004e-01
7.450490626895947543e-02
4.417197746048080464e-01
6.285325533190482261e-01
1.026609402820739536e+00
8.229330531235219404e-01
7.775564240876267075e-01
-1.296673387567000846e-01
-2.213720773382205742e+00
-9.668716176914112781e-01
-2.746362067291594489e-01
1.015595182424255116e-01
3.345348967159667009e-01
7.480196001224610480e-01
2.514214304308756143e-01
3.372439320893425019e-01
-2.627453250085577396e-01
-1.764818831298635704e+00
-4.851285613136939179e-01
1.448095142835349736e-01
5.051129336192424768e-01
7.081733714770280796e-01
1.079283409426798235e+00
9.126061012951057760e-01
8.136267865489644757e-01
-8.881730268645086912e-02
-1.990513131934525948e+00
-7.832193872653420152e-01
-2.149540084964656483e-01
1.476971973893236034e-01
4.492159388477416915e-01
5.936683774529066815e-01
5.083475505593020305e-01
-1.244538370138355832e-01
-4.023140769367286040e-01
-2.133456124336917448e+00
-7.931664320320069850e-01
-1.668915011290005856e-01
2.027406620535658621e-01
4.572763013321404224e-01
7.175171747192977678e-01
5.063519330895762671e-01
1.208202369028536505e-01
-3.941263608587732836e-01
-1.794891103019065071e+00
-6.210329865982596731e-01
-2.310111962842458996e-02
3.110019984323281195e-01
5.430640322000088727e-01
9.829564656713974946e-01
7.943100577702595366e-01
1.085434055774212148e+00
2.131908235150122843e-01
-1.635553031195846385e+00
-8.199640617091998873e-01
-1.314719356644022952e-01
1.303820041977803712e-01
3.839507699862924062e-01
7.917681814261963158e-01
9.068825267594904371e-01
1.089571667034051394e+00
4.696157914522474108e-01
-3.047307197641738963e+00
-2.040703965625221272e+00
-1.692016652791983100e+00
-1.415290747925190384e+00
-9.933780845950412886e-01
-8.605461456590455249e-01
-9.753927907970830757e-01
-1.004060694605432236e+00
-1.045538515338725327e+00
-1.208848626705071316e+00
-4.261192503119560215e-01
1.467479986635206179e-01
3.343830398070958276e-01
5.821172290136069627e-01
9.414323044806106600e-01
1.083133088404285349e+00
1.228287691685237659e+00
6.051568380724938745e-01
-2.001769175992394345e+00
-6.806535659818629957e-01
-9.598690841622976172e-03
3.640714009772437199e-01
5.577114483941718603e-01
9.714601664011730531e-01
6.804428400930822018e-01
6.534988028157406870e-01
-1.264384573090099328e-01
-3.160705940249068924e+00
-1.904170305286853493e+00
-1.094557338452505579e+00
-6.953377868279524421e-01
-4.141515623961496417e-01
2.139534737922770685e-02
-4.150542723163207492e-01
-2.041034568576786667e-01
-6.814707061848883640e-01
-2.229186810630173099e+00
-1.158740152807772761e+00
-4.048334537729621485e-01
-7.469241554336672473e-02
2.043872651565993015e-01
6.260649628391620203e-01
3.162849423410493688e-01
7.228417629784947840e-01
-1.456118833602009777e-01
-3.152498862182380623e+00
-1.811320620049260421e+00
-1.237987884908216429e+00
-9.309546521919903617e-01
-6.122656010035145702e-01
-3.319305787768110361e-01
-9.591219232721855947e-01
-1.201867825016853519e+00
-8.309215189243795985e-01
-1.915105150229171160e+00
-7.063536325189266885e-01
-5.498805174130499962e-02
3.094634427386797615e-01
5.033162834955899889e-01
9.551022896509407945e-01
5.992539086903591050e-01
8.206232550085976740e-01
-4.055806556919481359e-02
-1.964775140084553007e+00
-6.353166327002973679e-01
1.850806898294996353e-02
3.862639447124046055e-01
5.523496400136369555e-01
9.996178253797535218e-01
7.407029651298552286e-01
8.440082644550238600e-01
-8.511199671536823219e-02
-1.846362220560853640e+00
-8.091421052126108737e-01
-1.402397446036698914e-01
1.229961787027358533e-01
4.000094056025129130e-01
7.983392283799304323e-01
8.729421769389799080e-01
1.105558034247088095e+00
4.189348336266643380e-01
-2.051710457730707482e+00
-8.221620551857060644e-01
-2.504345920788005331e-01
1.104949143736295436e-01
4.150638712438700639e-01
5.619696259012094686e-01
4.604101642745019318e-01
-8.127666312728643039e-02
-5.358229344995517618e-01
-2.876532148399151279e+00
-1.845425715344917394e+00
-1.458661278393002636e+00
-1.173788614836196453e+00
-7.552376939223603980e-01
-6.483800665265405661e-01
-8.168688163791022472e-01
-1.196336586128170287e+00
-1.029636620160666149e+00
-3.089568297047053047e+00
-1.816596702657610640e+00
-1.299066070812641138e+00
-1.003243208167030609e+00
-6.423709505274131093e-01
-4.593795420615947589e-01
-7.762757216988424025e-01
-7.912790514218112081e-01
-9.004129779310006132e-01
-2.315012699704071863e+00
-9.260527264296611882e-01
-2.502015143519743523e-01
1.253637079600959658e-01
3.441155960465494545e-01
6.852495203060254836e-01
3.810360369972339289e-01
2.723101849214920045e-01
-3.949594714460827327e-01
-3.195959035220480526e+00
-1.854756345656138450e+00
-1.261315949144916848e+00
-9.562282391298000395e-01
-6.561746750202037681e-01
-3.683427885307386518e-01
-9.961878306520650650e-01
-1.082898592074530431e+00
-7.840184204467612883e-01
-1.750535664911415212e+00
-8.728282878744897388e-01
-1.945160370287477292e-01
5.548152457696678419e-02
3.391595558705904345e-01
7.416432482660512138e-01
9.227976290815252947e-01
1.094968348036452044e+00
4.722543694609545595e-01
-1.463479760952547171e+00
-6.008799315868080804e-01
3.133165952306021101e-02
2.406817471917392925e-01
4.686108505805472446e-01
8.361715755887978441e-01
9.405421354306257031e-01
1.134786002604605049e+00
5.542327031472543686e-01
-1.455233257097744426e+00
-6.093178284098700326e-01
-1.614048723425347059e-03
2.157756118519557065e-01
4.956259758475644039e-01
8.875072803484034267e-01
1.073000459390179850e+00
1.211281317044084815e+00
6.165773703003486483e-01
-1.783587812446671528e+00
-5.489569328043404361e-01
8.517734172363686240e-02
4.502380648331016921e-01
6.068270255732489682e-01
1.075899196949038128e+00
8.516449462150919025e-01
1.020201085741118119e+00
7.000877108482353450e-02
-3.316266216799270694e+00
-1.917661165360704745e+00
-1.099488310813879322e+00
-7.007379739292232124e-01
-4.364502996537274471e-01
9.544671840469117277e-03
-3.521595179451617597e-01
-1.168920662721295162e-01
-4.099532258481563551e-01
-3.118749232254858228e+00
-1.906470710345563813e+00
-1.421442133796450902e+00
-1.128161827150566010e+00
-7.684101795450930528e-01
-5.160027528152052456e-01
-5.801209687450785690e-01
-4.423774043982191539e-01
-5.204307478285187250e-01
-1.895304636785181573e+00
-6.672973365152546910e-01
-6.100362251765776428e-02
2.782430153209060619e-01
4.978981567283168874e-01
9.495753390690471196e-01
7.063980458012075747e-01
9.977327045963403362e-01
5.631231320161374926e-02
-2.194083718517168879e+00
-1.029930010273494734e+00
-3.507027513195319357e-01
-3.334117459467888372e-03
2.741767029904268460e-01
6.957172072223726245e-01
1.933167767511147495e-01
5.572990041253931270e-01
-1.631267389372783316e-01
-2.170051905243987722e+00
-7.696758312661955426e-01
-9.938644655425772634e-02
2.728230395505213957e-01
4.791327851499146973e-01
8.469710988899781245e-01
5.516432614047679373e-01
4.223649553023900438e-01
-2.462990525109160778e-01
-1.724425268566261327e+00
-5.359365206617783262e-01
5.812878911093246476e-02
4.084871842534109621e-01
6.717571138467678393e-01
8.932125246860359580e-01
8.066781013925093946e-01
3.918404641433135827e-01
-2.646458351920742968e-01
-2.001443965981464679e+00
-6.457857127057574642e-01
-1.373344378222388952e-02
3.524416044787276325e-01
5.774294207292431924e-01
9.026841755478115514e-01
6.915828295927129998e-01
4.428563135034067066e-01
-2.391241652301314968e-01
-1.809821106183193917e+00
-5.908764408486552044e-01
6.134901672690279027e-04
3.553465928118073602e-01
6.249568938814131780e-01
8.305573988588832446e-01
7.444622613585608617e-01
3.043377837962302213e-01
-3.144581793354893628e-01
-1.684599689596972150e+00
-4.759342615812132693e-01
1.245775860421771269e-01
4.701470714904363857e-01
7.285633893439009690e-01
9.804142759148302133e-01
8.701829342880843532e-01
4.874615272882719119e-01
-1.106754561692196021e-01
-1.754313270298411664e+00
-6.112300740807472543e-01
-7.928175280944761358e-03
2.936975950368062582e-01
5.493446707857010392e-01
9.710233486332253694e-01
9.403263329012045979e-01
1.194908755778833376e+00
4.102046905129652088e-01
-3.222096791240074865e+00
-1.877464037882226933e+00
-1.254867716736585814e+00
-9.400344209675766116e-01
-6.592595238918164124e-01
-3.289975321248572171e-01
-1.081543549511562174e+00
-1.141352308487719069e+00
-7.601776924921167522e-01
-2.135810177674291932e+00
-9.049754986990635741e-01
-3.477517586928046689e-01
7.282570347758667711e-03
3.292029549135403466e-01
4.401423335827000516e-01
3.586524456369278857e-01
-2.723537146444917068e-01
-4.786779454469006767e-01
-2.066356546268541372e+00
-8.807410077505174462e-01
-2.128902696464203270e-01
1.113932145051829137e-01
4.193975496595391816e-01
8.379939946457035660e-01
5.670757290713314136e-01
9.407155329266529975e-01
6.325312672121297108e-02
-2.033225155241222826e+00
-7.993297135442354318e-01
-2.304322476582726098e-01
1.305233168506619024e-01
4.322431938168765364e-01
5.845929730370680311e-01
4.723953641845567986e-01
-1.612208335419606786e-01
-4.479622883743050177e-01
-3.075390421614179193e+00
-2.069194057450085555e+00
-1.720884595539132755e+00
-1.447035673036182413e+00
-1.026387544751364400e+00
-8.789349696382247057e-01
-8.946665795103979635e-01
-7.547767540701842970e-01
-8.724708868414827734e-01
-1.647369303174668786e+00
-4.419958167017736805e-01
1.614954991121630989e-01
5.052801159800802688e-01
7.543984235672551719e-01
1.024154652730767223e+00
9.180297051682680953e-01
6.203543214035402986e-01
-1.220792372749978927e-01
-3.064359737237102976e+00
-1.710463714727899820e+00
-1.093057360677707424e+00
-7.577143356523400319e-01
-4.864646528930071101e-01
-1.698809606430461971e-01
-4.860354645840485599e-01
-3.437419675555185572e-01
-4.441701302490947967e-01
-2.138840539678743102e+00
-8.941774233877983757e-01
-3.471807616869876933e-01
8.544201955447262506e-03
3.310893568718507041e-01
4.483230456235478556e-01
3.577404002999160504e-01
-3.559141711069950809e-01
-4.047018820835588948e-01
-2.028063289251003098e+00
-8.194071528560540330e-01
-1.742788793010004444e-01
1.726395462868456354e-01
4.178536677068090954e-01
8.534251638395180528e-01
4.416239209462646809e-01
7.593223000471228668e-01
-3.087783984353818442e-02
-1.278545135964720414e+00
-5.169731880657464362e-01
6.763934705827057137e-02
2.628228053976484624e-01
5.097330655525544874e-01
8.778826571884583707e-01
1.045182535810611490e+00
1.194284135550685022e+00
5.868285032348007357e-01
-2.240159111051746699e+00
-1.175604265960363604e+00
-4.545075389679819056e-01
-1.647858601531410894e-01
1.140820453087864478e-01
5.251184557720420809e-01
4.794208873406492488e-01
8.055134403283056299e-01
-2.180203305695730190e-02
-3.267118756445433814e+00
-1.867722025032155786e+00
-1.152697119344560761e+00
-8.183870561990584935e-01
-5.167271421111737650e-01
-1.879233080086316343e-01
-6.952331293694620218e-01
-5.990764463827568109e-01
-6.569614906768490581e-01
-2.387600533362251198e+00
-1.071156796642816156e+00
-4.028163251047423565e-01
-5.044713368056008562e-02
2.061881820793479703e-01
6.092005140807208452e-01
1.752292771325809351e-01
3.861802947005983366e-01
-3.427472386594780374e-01
-3.156532214696172289e+00
-1.959603668370268004e+00
-1.516173686825230016e+00
-1.241757661349259134e+00
-8.349408294851308199e-01
-6.408485989171653907e-01
-1.062026378950152061e+00
-1.380240470849589673e+00
-8.258129796971486192e-01
-2.347038397809972921e+00
-1.108418472490779294e+00
-4.094250695764996006e-01
-3.576470379788178333e-02
2.325053890198057471e-01
6.569046402522769057e-01
4.228812168201799560e-02
2.728719878337012572e-01
-2.421862531991223755e-01
-2.224095831942246804e+00
-8.933589419512236729e-01
-2.309752326844861092e-01
1.447147323431598465e-01
3.714656187485164685e-01
7.003188971491518533e-01
3.820441955606166951e-01
1.925959795697605448e-01
-2.809779346125522159e-01
-2.905284744672209207e+00
-1.873682002577180095e+00
-1.486630289467333332e+00
-1.205650695712393361e+00
-7.973819233396810535e-01
-6.392374842910657495e-01
-5.617075758769165539e-01
-4.506512617681758259e-01
-4.995685319827291027e-01
-2.038830574357366032e+00
-1.042037711299320657e+00
-3.229335533690653182e-01
-5.764147914102826092e-02
1.961820107393660306e-01
6.061652371466480504e-01
6.859854836471288575e-01
9.450447674049110569e-01
3.215654396300815510e-01
-1.626068609900239270e+00
-6.123945132158258309e-01
-1.890620548927030107e-03
2.587037285759956617e-01
5.403903109706826857e-01
9.453874660710298583e-01
1.036792666576812350e+00
1.267842503255223852e+00
5.847076502904277051e-01
-2.235168760045651570e+00
-8.629295352169392697e-01
-2.079688143770814790e-01
1.647133267328451667e-01
4.034512523465985656e-01
7.131647351017689207e-01
4.437307937831858062e-01
1.822433998148800804e-01
-2.195603681576342725e-01
-2.223219242377422855e+00
-1.030826543169730103e+00
-4.921369749227257340e-01
-1.415430982639529489e-01
1.944487258822640563e-01
3.170393411894231739e-01
1.856417409274753461e-01
-2.824423168913585691e-01
-5.844371579081690804e-01
-1.810737636345433277e+00
-8.899465575912521853e-01
-2.246041064192721426e-01
2.482433587813922052e-02
3.061130667126522042e-01
7.123936825408565543e-01
8.915319086322206488e-01
1.063389509878090777e+00
4.474132331969794540e-01
-1.861588911154593795e+00
-6.015283729920175571e-01
5.027897063077026163e-02
4.169408901662768341e-01
5.856780971668954505e-01
1.046375656281655520e+00
7.566674353567752753e-01
9.402595522821961538e-01
9.539986092987107202e-02
-2.937156932805236043e+00
-1.924937832760580836e+00
-1.563758461272503286e+00
-1.287979772584920468e+00
-8.511508570887371672e-01
-7.421119183821108800e-01
-9.262220456332239671e-01
-1.461303754509446051e+00
-8.355258353387037262e-01
-3.195767743227111435e+00
-1.942270647725687693e+00
-1.144549624111061314e+00
-7.477855143190060838e-01
-4.578956661662803018e-01
-3.840452301535551838e-02
-4.628776060209205956e-01
-2.810162439707338256e-01
-6.121567528726922225e-01
-1.701254932049502733e+00
-5.031798382074469389e-01
9.375217309891387130e-02
4.427561848146018275e-01
7.020667245097320652e-01
9.475788090627319527e-01
8.456543579326940563e-01
4.653774564800284841e-01
-9.881518295367953952e-02
-1.679193725283267824e+00
-4.751311309996961163e-01
1.303474381529789172e-01
4.790634296338676101e-01
7.310702695991594391e-01
9.926309346502854014e-01
8.658817990131884024e-01
4.988435467103370935e-01
-1.556384137913204846e-01
-1.592074023261613736e+00
-6.562675123414288825e-01
-9.678209305109795185e-03
2.107850976166275592e-01
4.562266629206969681e-01
8.401219519114792034e-01
9.779226636647400106e-01
1.168739469556372201e+00
5.950742441871864630e-01
-1.610419575555862792e+00
-4.390876673277606668e-01
1.549340872451397122e-01
4.997980421371667203e-01
7.528664674359519804e-01
1.009779053589146214e+00
9.111130028538758641e-01
5.887925273127713188e-01
-9.136329002654182407e-02
-3.160724772015294448e+00
-1.801891555017617996e+00
-1.075804340077021859e+00
-7.125467949269744805e-01
-4.503741857972490270e-01
-7.735693616495807612e-02
-4.283753778577408244e-01
-2.170506374108743253e-01
-3.165022061896055061e-01
-1.785316228741914424e+00
-5.714738995931570864e-01
7.791688122530304739e-02
4.473471359247632173e-01
6.215223179881952387e-01
1.085584708067121262e+00
8.071733426457998739e-01
9.457863277685274461e-01
9.371307127708819462e-02
-1.912136741998855527e+00
-6.816864123924825103e-01
-1.036331389603798586e-01
2.568704996587647393e-01
5.401875317488750161e-01
7.204858267829373775e-01
6.147714255669894934e-01
5.920788597307753004e-02
-3.233954432657508704e-01
-3.165108944868756158e+00
-1.926479349932300522e+00
-1.399258970803018753e+00
-1.113562642842758965e+00
-7.678207469829789744e-01
-5.786074861168362116e-01
-7.570567773389972333e-01
-6.135115885579859318e-01
-7.271247137727004928e-01
-1.436466912856081857e+00
-5.906016414410071302e-01
3.059255179599142810e-02
2.349020292432820456e-01
4.748345170715720376e-01
8.361342187358502542e-01
9.397469766401509439e-01
1.150471247094987381e+00
5.802078929285691133e-01
-1.172505937546883370e+00
-3.686260524899180879e-01
2.109862269951957026e-01
3.770485449638416031e-01
6.154650619118202659e-01
9.281972685961333847e-01
9.656870780091090234e-01
1.188320715972450037e+00
5.849413611164011595e-01
-3.028263581816005967e+00
-1.692806718406252520e+00
-1.039786797239158123e+00
-6.852272135260486507e-01
-4.363449413666019017e-01
-1.011432350666268964e-01
-4.272116423708721134e-01
-2.678957112918388117e-01
-4.164910524090625898e-01
-1.784726299761466350e+00
-5.292567223133007870e-01
1.150869115533435655e-01
4.817344161359204402e-01
6.655589599043084670e-01
1.086128040899350333e+00
8.600207671662940534e-01
8.638557636612782531e-01
5.250263081245185037e-02
-1.275564121623931513e+00
-4.812628855127324412e-01
1.016072565975396358e-01
3.005197543518401404e-01
5.744176987616641528e-01
9.523338767869440336e-01
1.132326499536018494e+00
1.272186230828767917e+00
6.708331808790199968e-01
-1.844151791235569826e+00
-6.363353178299800961e-01
-3.647970174019379147e-02
3.206114326390548941e-01
5.931762030378970874e-01
8.012277744187457085e-01
6.872594138162451127e-01
1.831100934006229253e-01
-2.721612802971082878e-01
-3.052394221463829993e+00
-1.827663002932311320e+00
-1.027808516785436943e+00
-6.388865975324240498e-01
-3.642876484036938201e-01
6.900852633364319699e-02
-2.879867319687568483e-01
-5.328709711774765739e-02
-4.939167997948891164e-01
-1.841894997026217506e+00
-8.834476572702425479e-01
-1.922257620519456089e-01
4.857505719331903227e-02
2.940913667186906277e-01
6.918205877932708248e-01
8.350176996950339214e-01
1.048331838379787273e+00
4.949464181219936920e-01
-1.816123299531442692e+00
-5.172058296634649555e-01
1.314790606031628062e-01
5.017613028634211325e-01
6.688881516670570626e-01
1.105350051424816238e+00
8.613294484162556941e-01
9.288667596710610264e-01
8.583551545706508135e-02
-1.717741351945217154e+00
-5.199498737697527684e-01
9.249030759185893069e-02
4.426748017695942838e-01
6.903668044222535105e-01
9.652904514466367214e-01
8.259651588177326920e-01
4.788389166389722673e-01
-1.463530234988331402e-01
-3.125068290288982809e+00
-1.769554436623180571e+00
-1.191854215083387070e+00
-8.699193288256156231e-01
-5.711231409674946136e-01
-2.738631349059225117e-01
-4.424729924463334241e-01
-2.768390016418481592e-01
-3.518195200901179098e-01
-2.088746320812469026e+00
-7.695590002428959187e-01
-9.671637238187195951e-02
2.724127760021680111e-01
4.639121038550287901e-01
8.559439984307264382e-01
5.943970505897019363e-01
5.778915003661377892e-01
-1.698301492637445120e-01
-2.089934949103202211e+00
-7.756306977578332207e-01
-1.119836387488149509e-01
2.546084511553012852e-01
4.660276606211358752e-01
9.146826466891330165e-01
5.231938489066123577e-01
6.790300506251367718e-01
-1.414904165623249999e-02
-1.176008716305206647e+00
-3.539723088337737300e-01
2.448273287932165310e-01
4.238469748815580918e-01
6.502414301876738856e-01
9.852890001880691973e-01
1.031852578442476798e+00
1.223189189735885751e+00
6.457985837500526127e-01
-3.250472638299922945e+00
-1.965531472521425238e+00
-1.129304660156451812e+00
-7.091392108960201668e-01
-4.177602280060249140e-01
2.586199776959049665e-02
-7.739331022955665551e-01
-5.294661341340224370e-01
-5.164592358630656355e-01
-1.705017382669909320e+00
-4.834813303947494978e-01
1.187491918157169979e-01
4.670098896797252319e-01
7.194819937175721547e-01
9.808198858088732486e-01
8.524523935876675562e-01
4.787109250745509859e-01
-1.272410337006592285e-01
-2.074817008377212169e+00
-1.115312567604268557e+00
-3.596323417741454920e-01
-5.582286476189373542e-02
2.230305028140390777e-01
6.454298275003802488e-01
5.143894256751414540e-01
8.435779032052578286e-01
6.768183245846165486e-02
-1.977070197078491631e+00
-7.684578363343550489e-01
-1.061538680559273307e-01
2.585537734085309736e-01
4.584778555989999504e-01
9.028643012201260643e-01
5.208119797744719115e-01
7.154824001766696417e-01
1.364237828399275654e-02
-1.847196936454011507e+00
-5.820975739836389273e-01
4.926661948931165130e-02
4.057063144121089704e-01
5.887587611124168729e-01
1.062405103194343559e+00
8.083567080408229355e-01
1.035622686108843560e+00
1.812772895394704487e-01
-1.940211387251495667e+00
-7.322406039312289172e-01
-1.568763920763473207e-01
2.017694619817297641e-01
4.955149673398220322e-01
6.449249521190073553e-01
5.723023219732217282e-01
-2.014633350316158769e-02
-1.862223559475330859e-01
-1.647792952369037778e+00
-4.745738329108949993e-01
1.223588329623644666e-01
4.682707472393359827e-01
7.258148549438739883e-01
9.772281557556721232e-01
8.721119944483101127e-01
5.121064562024033595e-01
-5.604467846115570749e-04
-2.117363532232334755e+00
-9.049959924746179274e-01
-3.468246471667716935e-01
7.454739485516454454e-03
3.249757338559826070e-01
4.623339645733388625e-01
3.407209152998617041e-01
-1.923310140293102433e-01
-2.897242822278198737e-01
-2.909295343322193528e+00
-1.574790005168375195e+00
-9.988086877940660635e-01
-6.694869013310129624e-01
-3.519055672443606175e-01
-1.024514173035758480e-01
-3.306441122428024348e-01
-1.951971565988017687e-01
-2.424395348021733954e-01
-2.234245626745055890e+00
-1.171370370541951367e+00
-4.336029820452365069e-01
-1.508506215763227853e-01
1.334281900341092453e-01
5.413109999061824773e-01
5.077019132078941510e-01
8.323263040508142030e-01
4.671450530763671116e-02
-1.794953295899843315e+00
-5.874751628247747437e-01
1.246584026563952660e-02
3.635349727598977121e-01
6.295070594524222463e-01
8.441018802999306070e-01
7.532200981558944131e-01
3.181580326829097083e-01
-6.998196812259552257e-02
-1.709044019264969849e+00
-8.485438234511231137e-01
-1.745792718787932130e-01
9.863458491635269942e-02
3.628825634355921093e-01
7.737736998609758832e-01
9.094298420133165584e-01
1.083753277498388234e+00
4.930387317411193959e-01
-1.787466247793381813e+00
-6.476625884200823968e-01
-4.349075375175073810e-02
2.761023989552533475e-01
5.519561935218212367e-01
9.959527432827095517e-01
8.395185892958481055e-01
1.144421442848401416e+00
3.188768297511672123e-01
-1.860413916118474287e+00
-6.504270130401798022e-01
-6.527435202653131263e-02
2.957700803641410414e-01
5.759148923487198424e-01
7.654406741364644384e-01
6.707080160728303708e-01
1.923117587916254589e-01
-2.437115939568883227e-01
-1.806099042070987482e+00
-7.693100171515937502e-01
-1.054567741864795294e-01
1.801465936789444222e-01
4.865884453789466324e-01
8.992761157823724316e-01
9.441695294590937149e-01
1.176118661070795879e+00
4.824415076288278148e-01
-1.637073165356936144e+00
-4.565349400456693574e-01
1.391733630384585918e-01
4.830033808564319631e-01
7.388267264676849910e-01
9.899318750011671941e-01
8.938125622106015689e-01
5.784989183677288205e-01
-7.437831969640605612e-02
-1.431579000043640360e+00
-6.226753815964192196e-01
-7.810987661849760899e-03
2.161224640402793218e-01
4.744111220886850777e-01
8.800035409757772653e-01
1.065253554947918069e+00
1.188527886562093183e+00
6.603719038511830508e-01
-2.068395923589728902e+00
-9.861605333053183875e-01
-2.983248118179496200e-01
-3.332729074218660631e-02
2.545234490914793923e-01
6.539140136726845354e-01
7.303066961399908852e-01
1.006370396384768995e+00
2.942984063884459545e-01
-1.258855653617166004e+00
-4.347992701559862394e-01
1.456527477875496634e-01
3.358103238794876710e-01
5.897556581292754396e-01
9.490685582612079507e-01
1.110632042852487844e+00
1.274879306413426727e+00
6.674986861274549987e-01
-2.147218189077452433e+00
-7.847320738395893169e-01
-1.172770951620196039e-01
2.492375880944262267e-01
4.548608206527484654e-01
8.078107052090593987e-01
5.789932367260467450e-01
4.905346346280270442e-01
-1.493999627347979142e-01
-1.897654364865199783e+00
-6.391889685225286000e-01
1.894410284450896362e-02
3.835697847918473347e-01
5.652710370439193444e-01
1.029530146356161913e+00
7.274360218259512401e-01
8.818142468776115628e-01
1.483954204450327607e-01
-1.949571555758822017e+00
-1.007193644347730732e+00
-2.789457282593055809e-01
7.471950285423422516e-03
2.927599714019336608e-01
7.099126201445458140e-01
6.954168676924395998e-01
9.670073208437524048e-01
2.531402347127049701e-01
-1.944421523889797720e+00
-6.875535154318986875e-01
-1.031110041351601253e-01
2.528357503948980844e-01
5.388790474266380581e-01
6.989452386869806633e-01
6.316886797705989487e-01
1.038789485091007742e-01
-9.450422529325958054e-02
-1.728027174168013325e+00
-5.353823953668441771e-01
6.163867009967043120e-02
4.143577861150485875e-01
6.776816261181936030e-01
9.061109811188985397e-01
7.958991992881849775e-01
3.648792571379353422e-01
-1.024662494718152073e-01
-1.763530842942686361e+00
-5.558379226825066466e-01
9.147946082053298733e-02
4.564761148460563245e-01
6.192441128368101344e-01
1.085954104621054350e+00
8.334438608358569756e-01
1.030846827233178109e+00
2.488880734178010035e-01
-1.916857301053913387e+00
-5.643808691375562514e-01
8.724899875586168696e-02
4.558847613078405026e-01
6.296124150437849565e-01
1.070111286709180654e+00
8.238106058383225516e-01
8.822612535026933545e-01
1.611761395384275486e-01
-1.941677121527448424e+00
-1.070725182984615165e+00
-3.435544824424640598e-01
-3.835003036833195544e-02
2.488837961325469084e-01
6.732419097249793261e-01
5.794948976676395080e-01
8.924153608577574115e-01
1.588973232575046357e-01
-1.958862835263301294e+00
-6.533899420240433242e-01
-1.818215196198186279e-02
3.420587419208618862e-01
5.409238550353536734e-01
1.011379806213599686e+00
6.962193244255129310e-01
9.235125785158172507e-01
1.802679108596895174e-01
-1.839148340762430500e+00
-5.966664513120241153e-01
-7.704261506034394517e-03
3.467297250151295529e-01
6.201821998835375105e-01
8.123299619225301527e-01
7.413308588876498240e-01
3.392317887686724931e-01
-1.592733449057212314e-01
-1.725723047563669121e+00
-7.323761161444548584e-01
-8.260717411524681753e-02
1.698060489183475519e-01
4.402134539144729741e-01
8.329327432990204505e-01
9.623210691471931755e-01
1.167623285979816350e+00
6.013633367232275040e-01
-2.116219431641654936e+00
-8.388742451193389460e-01
-1.664944584766785973e-01
2.008693229718584439e-01
4.153092436641143137e-01
8.513532517040188763e-01
4.593922539147876627e-01
5.812229072961027088e-01
4.410623733954326109e-02
-1.026508775461051570e+00
-2.558994680892476836e-01
3.109682526163842220e-01
4.761638376981575660e-01
6.896188173215898054e-01
9.867210786304885239e-01
9.806001040370165844e-01
1.176125573464522400e+00
6.577587330624954376e-01
-1.736587985195565897e+00
-5.365989232441871204e-01
5.866685694914092197e-02
4.078542779738756896e-01
6.690635780770870511e-01
8.938061350691233198e-01
8.034181676110561110e-01
4.036605414600208386e-01
4.491348111650667746e-02
-1.897670784693855195e+00
-6.197742248925829367e-01
-1.085189191810154337e-02
3.432154224461199665e-01
5.959519337374613590e-01
8.464698460765364141e-01
7.256343754072474006e-01
3.984698939963856601e-01
4.302489166156261979e-02
-1.928627134164502488e+00
-6.206606164385494173e-01
3.365339526323583158e-02
3.997288284656227986e-01
6.033002683115775699e-01
9.716390025391883345e-01
7.424106133736169122e-01
6.208613682788923782e-01
8.897908857608916033e-02
-1.690703383346128019e+00
-4.712771003620645494e-01
1.258427644012556079e-01
4.723437215688495727e-01
7.250358496001287900e-01
9.782213616888050245e-01
8.830810875177331765e-01
5.952943812068552942e-01
8.502570174348278095e-03
-1.665311858850644366e+00
-4.379138378376662422e-01
1.653232865796104567e-01
5.088401147347796361e-01
7.598035660721347284e-01
1.026886795185838697e+00
9.041334084400017845e-01
5.746149497567927256e-01
7.695993298030776031e-02
-2.184621073907573763e+00
-1.176991891652101829e+00
-4.485521108945993984e-01
-1.606677937005843992e-01
1.369192433805960507e-01
5.455547551148320906e-01
4.972346994594691871e-01
8.271051892167542441e-01
1.257194062566257264e-01
-1.774263823745743096e+00
-5.734660316491934084e-01
1.404166861541259782e-02
3.671288556804856440e-01
6.345627033798415528e-01
8.292644888630394950e-01
7.542682845704389294e-01
3.569644949247822718e-01
1.346137575118547536e-01
-1.837650148698907193e+00
-5.788819854726915404e-01
7.119430860573745801e-02
4.360157410795776900e-01
6.009501239206432865e-01
1.061418162978993163e+00
7.942874252205166519e-01
9.715427220163432853e-01
3.688647490214531088e-01
-1.308420612805804684e+00
-5.860288098323042094e-01
1.419834058867811867e-02
2.157061864980618637e-01
4.925421734901278548e-01
9.075756616257989462e-01
1.116905968762430978e+00
1.239434866010828529e+00
7.410484495401257199e-01
-1.624803991163177530e+00
-8.510624374898065891e-01
-1.662232991597020204e-01
8.066389987331576417e-02
3.678500715958020195e-01
7.927967801498798650e-01
9.744481926904885460e-01
1.134659365752249460e+00
6.094482191715802077e-01
-1.817671548217641986e+00
-8.213603335276836725e-01
-1.670297401053968955e-01
1.094975582750063459e-01
4.265261233522570916e-01
8.449958421138106246e-01
8.782324414652040723e-01
1.142974549695260134e+00
5.219849311267436009e-01
-1.968883196396878921e+00
-9.669963064937748820e-01
-2.592024518877255601e-01
-4.608761437480440176e-03
2.635503176526108327e-01
6.641929338945188332e-01
7.477125665226564966e-01
1.017178332443764432e+00
6.126014572310261030e-01
-1.766556177316649379e+00
-5.495198603845242724e-01
4.696333234675059004e-02
3.937070747499436529e-01
6.561720397957276907e-01
8.635132322350805856e-01
7.765725875049115379e-01
4.606921273869836186e-01
2.712844762340537175e-01
-1.726212864735748198e+00
-5.403131008686107295e-01
5.283389018737493642e-02
4.062760405144716924e-01
6.705485679688880651e-01
8.961327217402769163e-01
7.919024962684375613e-01
4.539707191148502075e-01
3.295029880761039531e-01
-1.869631379065635812e+00
-9.469876579780101000e-01
-2.538813492280729278e-01
-1.192497584853862737e-02
2.433280781324285436e-01
6.418847158261645758e-01
7.814235651810854666e-01
1.008419127314556407e+00
7.047469759429295655e-01
-1.931930244650392758e+00
-6.346068970334765025e-01
-1.537830273351161424e-02
3.392807093753489878e-01
5.767487077725252931e-01
8.407889807658081027e-01
6.844924752469063733e-01
5.599090035891580719e-01
3.342382189230436729e-01
-1.628289224961513737e+00
-4.393741047809645583e-01
1.529270959130075436e-01
4.953515577229422595e-01
7.444342350264032682e-01
9.921825046569829887e-01
8.724678301673813863e-01
6.706512200617460451e-01
4.541370038929735675e-01
-1.630585361961361279e+00
-4.610126014760035362e-01
1.330868001206484130e-01
4.815122109052307198e-01
7.361494658090964593e-01
9.937916673267838119e-01
8.790739806798905098e-01
6.092915858114731353e-01
4.746229061916880099e-01
-1.842561255585641433e+00
-7.111465580861510150e-01
-9.041265371080113578e-02
1.932057942182817123e-01
4.994237067931393548e-01
9.240213359986380048e-01
9.309293006579830720e-01
1.218332872849244408e+00
6.764327109029110163e-01
-1.652042026783794970e+00
-7.409342067739260740e-01
-1.040692355361065302e-01
1.224742000688665705e-01
3.871377421885460746e-01
7.711311713262896106e-01
9.364912068082204000e-01
1.178015757373171990e+00
7.536179862818224162e-01
-2.102620737595660039e+00
-8.110037868237853775e-01
-1.448394934836684800e-01
2.215165879580932307e-01
4.334738403999290890e-01
8.737011950984792108e-01
5.749133562840413880e-01
8.243175532363070657e-01
7.561335785417737654e-01
-2.113882593269035937e+00
-1.149217158501928404e+00
-4.209287355471882375e-01
-1.429016368105134049e-01
1.287737779925985371e-01
5.393392808528980620e-01
6.152383330277005902e-01
9.428024435044869422e-01
5.496117782659990514e-01
-3.113149106401670974e+00
-1.940730214484291949e+00
-1.487217909715173425e+00
-1.200674089332685712e+00
-8.069837466437603801e-01
-4.782341165219882173e-01
1.078900037868370798e-01
4.022029428144591190e-01
4.145357958942024745e-01
-1.959517998042611620e+00
-7.427812828516162647e-01
-1.700016760575122077e-01
1.941429992688801787e-01
4.870701920545510433e-01
6.538705929401794625e-01
5.859801062109208925e-01
4.726673645553211567e-01
5.518556863112344946e-01
-9.451552025270685276e-01
-2.048019852569062105e-01
3.099877244602824988e-01
4.664164293354056134e-01
6.864306568992292190e-01
9.848905707205384275e-01
1.038515615918190749e+00
1.257184721086068713e+00
8.385226649324210024e-01
-2.104578730897822325e+00
-8.412257142814292266e-01
-2.035919879970052304e-01
1.240766841804708115e-01
3.983195255302716675e-01
8.392095507322184789e-01
5.358918811311368380e-01
8.687704681146917185e-01
5.486362200312003834e-01
-3.181483883128191970e+00
-1.868092012553175474e+00
-1.234644819827149798e+00
-9.245675572212412874e-01
-6.534363586162896809e-01
-3.209037843616873720e-01
1.838020766252345395e-01
4.550265352392501295e-01
4.500144861780275840e-01
-1.888783032635056980e+00
-6.939738505800691071e-01
-1.100491739781768313e-01
2.487705872531760232e-01
5.340749045868445899e-01
6.994600749543090634e-01
6.500567943682641348e-01
4.736539271677877583e-01
3.712926210987174680e-01
-2.239506697317349637e+00
-1.244432889349983862e+00
-5.078682936590710462e-01
-2.016557588445509197e-01
1.037757223023139663e-01
5.411175001959771524e-01
4.104281094846575217e-01
7.651312822139909597e-01
5.020775281319940220e-01
-3.078235995655994817e+00
-1.759244173254759458e+00
-1.008751811543467047e+00
-6.227252527850660746e-01
-3.473875641573717643e-01
9.802495274921696478e-02
4.104263370744241080e-01
7.157605579208948798e-01
8.285604102439891872e-01
-1.857712562994244143e+00
-6.222144973695907799e-01
6.466124329038633323e-03
3.637577351437738526e-01
5.439540770157479388e-01
1.012508614376163019e+00
7.322612884112046361e-01
1.010074079607154784e+00
6.303207337812728461e-01
-1.792662654353753604e+00
-6.348125945451613683e-01
-2.347818368209916157e-02
3.001390626107363624e-01
5.403752957598667583e-01
9.755027605871140484e-01
8.720422267977078201e-01
1.150300594322257730e+00
9.061925762991680511e-01
-1.083210011572264930e+00
-3.660633039757295593e-01
1.738071974992838331e-01
3.451721362070627186e-01
5.819274801491446381e-01
9.122977390323504521e-01
1.023234059003131469e+00
1.246119124846034820e+00
8.305825154247189479e-01
-2.243874645712140126e+00
-1.035877682818932222e+00
-5.080428512609547198e-01
-1.585171511404431799e-01
1.821819290822178916e-01
2.663378568819655956e-01
3.024648338127560732e-01
3.461881215436634074e-01
3.524305305838052460e-01
-1.780850100071782460e+00
-5.323337438879087724e-01
1.150153007866067528e-01
4.798619312727243624e-01
6.420666794780501840e-01
1.105997557328655567e+00
9.052910123450013113e-01
1.094732112868942897e+00
8.837871000884943706e-01
-1.447065664740430746e+00
-6.628116853980261514e-01
-2.791860476288115372e-02
1.812551655785366866e-01
4.699442709589687350e-01
8.865942908816462076e-01
1.129345040144760892e+00
1.277128265878393787e+00
8.670131247928311025e-01
-1.587110957637967390e+00
-5.507709432987994980e-01
6.530531013133528129e-02
3.152603560720674825e-01
5.838576427795187929e-01
9.766318770901356583e-01
1.139991196599675627e+00
1.305158644864947481e+00
1.031402812259029966e+00
-1.601752123330758781e+00
-8.545048756306046212e-01
-1.805031456114279953e-01
4.628983088848302035e-02
3.497591023517140907e-01
7.731219013265455686e-01
9.945887999057745343e-01
1.179614880434180391e+00
7.832960680736490433e-01
-2.925197395488772223e+00
-1.943607771678518281e+00
-1.602453336520597293e+00
-1.324018793895214374e+00
-8.858483609732090702e-01
-6.522773369174036384e-01
-9.546949555382429342e-02
1.757850223342150298e-01
4.450059838038885052e-01
-1.699237120792297606e+00
-4.396060388782053741e-01
1.585173013006734022e-01
5.035897953054379039e-01
7.488720080496690246e-01
1.022241062909339249e+00
9.169132609360012287e-01
7.667112306499813679e-01
5.087322192448995306e-01
-2.770062805408435302e+00
-1.703762233141419946e+00
-1.279764759098756199e+00
-9.896677930986288452e-01
-5.744329322607787391e-01
-4.124593008969366092e-01
7.391120754610631949e-02
3.125702580389958518e-01
3.882886094759517848e-01
-1.667108733361710948e+00
-5.030989265878152983e-01
9.736366217838744730e-02
4.428797755717572282e-01
6.985595855136931265e-01
9.178301817101988114e-01
7.856508056953529495e-01
6.381791729906897137e-01
5.814259785482325249e-01
-3.002833832051132745e+00
-1.905675724295161855e+00
-1.403324854200231231e+00
-1.072629262110636139e+00
-7.051170153805456087e-01
-1.895291312400601003e-01
3.648982602286861554e-01
6.795972266866533440e-01
7.921761179143024245e-01
-2.284253071586283657e+00
-9.345112582603880558e-01
-2.572035545475662710e-01
1.105599741004202746e-01
3.294546189405385683e-01
6.403618470191888568e-01
3.833495803520599599e-01
4.970241643653549035e-01
5.595050481401432352e-01
-1.709552387990497913e+00
-4.999372428876363572e-01
1.048936684566841582e-01
4.539212625098686948e-01
7.070408272770520863e-01
9.647155387419408257e-01
8.640815498271198214e-01
6.714825364970146149e-01
5.721867114003282850e-01
-2.348722356704095571e+00
-1.004193778537455284e+00
-3.377296735114606596e-01
3.975858166668967686e-02
2.620998395719871810e-01
5.661410045524382095e-01
3.171483836811021528e-01
4.427921730140098044e-01
5.540435915792185639e-01
-2.348384234228104273e+00
-1.010763916285242869e+00
-3.107733628459596886e-01
6.832807905386931169e-02
2.906328366883791370e-01
6.923102654444506232e-01
5.799735127884076968e-01
8.243908987845840475e-01
9.092510824496026212e-01
-1.825576527537409177e+00
-5.453108300187502477e-01
1.002534481039717568e-01
4.666705284444379043e-01
6.204297355088757016e-01
1.066953560137120949e+00
7.867785143327755693e-01
1.035322859800498652e+00
6.602199929485271790e-01
-1.853367893604309424e+00
-6.334588341292830549e-01
-3.339987099142477378e-02
3.227369399782447079e-01
5.949771158945713623e-01
8.113711540839937397e-01
7.357097556436342778e-01
6.536782124651890902e-01
7.287145621566387677e-01
-3.259835956833414095e+00
-1.900515302656779815e+00
-1.360111033997444041e+00
-1.073173213269081883e+00
-7.396703531967565581e-01
-4.943156253169118108e-01
-9.886292754965568877e-03
2.525143631682341683e-01
5.228129389233230340e-01
-1.739332760076966800e+00
-5.286832853468715898e-01
7.013507511788477644e-02
4.224800386329798929e-01
6.833655781839097498e-01
9.244863990619734961e-01
8.320907761912630374e-01
6.906791127620981463e-01
7.282339948834571919e-01
-1.910035832210486451e+00
-6.655211523568637100e-01
-3.504200272241923819e-02
3.310148350647717508e-01
5.295936373996726898e-01
9.851140671923922509e-01
7.988927522682424121e-01
1.038837160957563066e+00
9.574769755004826077e-01
-1.964452307260139419e+00
-7.102753901722167473e-01
-6.452544765629215917e-02
2.929149456288082654e-01
4.855983808142962932e-01
9.393585056419360146e-01
6.284122872070033727e-01
8.979029241696332431e-01
6.526234130216950202e-01
-1.822072668715549737e+00
-6.282885618502881409e-01
-1.656661194704385845e-02
3.246384254531102798e-01
5.353751443961797252e-01
9.985279860531859342e-01
7.563886604617598985e-01
1.092026442849891366e+00
7.165899787827685330e-01
-1.996573997204086126e+00
-7.574662224316066617e-01
-1.862375408889901107e-01
1.712082594887139597e-01
4.643213387768347911e-01
5.694289233112339588e-01
4.963597279529686768e-01
4.012829560771383752e-01
5.493788511545995012e-01
-1.704546125678934043e+00
-4.777496818000406820e-01
1.270763268732484075e-01
4.775164656704448118e-01
7.258283727550944864e-01
1.002402628978811938e+00
8.895471066169763352e-01
7.406460744790605011e-01
7.118719410654456015e-01
-1.693951605533673188e+00
-5.153118312995960126e-01
7.762178598783392447e-02
4.240556003608704216e-01
6.802508162242956180e-01
8.908895642011394056e-01
7.569951229164418871e-01
6.284990671623439384e-01
6.051168197649949843e-01
-3.382413463749685434e+00
-1.960588939988011870e+00
-1.175039459068857761e+00
-7.703270353979119189e-01
-5.014985339775074324e-01
-3.315928579480113825e-02
2.354968367932668283e-01
5.266761448560789427e-01
5.869931941231820716e-01
-1.100450555206189396e+00
-2.902910771969037795e-01
2.671416425560320662e-01
4.299122730012150950e-01
6.547300535381987974e-01
9.599240989023504200e-01
1.039691596425369013e+00
1.214729214993664153e+00
1.068328739058346022e+00
-1.797601649611374253e+00
-5.711755883881547424e-01
1.540307114382469950e-02
3.662859558278405703e-01
6.329708381323306821e-01
8.156819283073133420e-01
6.996963667236818507e-01
5.802051367574938556e-01
5.886067582497974682e-01
-3.096026791992718241e+00
-1.929548184683354206e+00
-1.493305465961148215e+00
-1.218945311713918400e+00
-8.000206850804240100e-01
-5.148859491059167848e-01
4.776407604190829881e-02
2.996965699599794530e-01
5.545851370999842489e-01
-1.866231203970671437e+00
-6.245483632515076433e-01
-2.200331223134484315e-02
3.194152613616047520e-01
5.131908824093038834e-01
9.758333367174881756e-01
7.062953420693491857e-01
1.093471602553929500e+00
7.221786201278481698e-01
-2.144028642156496467e+00
-8.174474191180159943e-01
-2.128064830374203908e-01
1.552155340312266762e-01
4.320834486267157160e-01
6.645012410134139014e-01
6.607291434883907355e-01
8.008980014120066215e-01
9.040092283792289241e-01
-1.731096979314561413e+00
-4.869377379303319597e-01
1.360203675767544806e-01
4.902117678806405254e-01
6.978393347246770739e-01
1.042113028440642131e+00
7.963986180110228519e-01
8.714219356117520743e-01
6.968911629673483210e-01
-2.104596330120536596e+00
-1.164996941407125730e+00
-4.256546203941646289e-01
-1.261048686724083046e-01
1.383326967415295372e-01
5.633820010304272374e-01
8.370963307737014913e-01
1.036948552947976721e+00
1.060640645912199087e+00
-1.821435492165915271e+00
-1.002006137243818928e+00
-2.993296012357494207e-01
-4.868266439311175892e-02
2.535400622718718688e-01
6.832169150442916061e-01
8.173840055903567325e-01
1.068852464207940001e+00
7.352747948129291222e-01
-1.538670422106194202e+00
-8.199674300729637988e-01
-1.725203969180112706e-01
5.686291763687859740e-02
3.528266833562020421e-01
7.767517895300073416e-01
1.015935547212637236e+00
1.189895613739232028e+00
8.401703177439696635e-01
-1.827920564219916555e+00
-5.845016045896298529e-01
1.069123677734442474e-02
3.668356178713246818e-01
6.359629459976610111e-01
8.594993776458563772e-01
8.043250801528111227e-01
7.711446570942798173e-01
8.602662226077703034e-01
-2.742105495208069676e+00
-1.356747429940757144e+00
-6.527937139889672391e-01
-3.225949035494671824e-01
-6.351127018347801911e-02
3.980742941260212442e-01
7.570388133334778891e-01
9.711237660496455648e-01
1.033511696467971142e+00
-1.985580861775930073e+00
-7.150290004830680557e-01
-8.419015004396666890e-02
2.656887289906819660e-01
4.572600258785897709e-01
9.101411031336242852e-01
6.237502136883582571e-01
9.524653911500712278e-01
7.148204200273646780e-01
-1.788645316545042441e+00
-5.358132180676873357e-01
1.186828786685288073e-01
4.897802155737671637e-01
6.652229175464946520e-01
1.097949285872955594e+00
9.476285380400500946e-01
1.068189960632964786e+00
1.008044016883892002e+00
-2.129689600187670173e+00
-8.615302693181791094e-01
-2.228750318724930790e-01
1.311798935950157785e-01
3.732199805488422562e-01
8.097348932969199442e-01
4.937091818770415474e-01
7.749767601250118210e-01
6.715134170617699239e-01
-2.151077437409404602e+00
-9.240896566494685160e-01
-3.705063919380505166e-01
-1.408150738462301231e-02
3.057346079485068202e-01
4.689589933059303828e-01
5.461972843801566890e-01
7.373522802942792387e-01
8.536051983986209235e-01
-1.834250773797520884e+00
-5.683541447892965781e-01
7.216002122972452193e-02
4.338595511583315245e-01
6.025004647130939306e-01
1.022180073273796008e+00
7.699796324213422638e-01
9.494508860625368030e-01
6.789357111171973047e-01
-1.868692273354364053e+00
-6.169283171225922180e-01
4.794857525960540684e-02
4.188747914973406927e-01
5.901740167275599802e-01
1.042982921090856330e+00
8.765675588781737249e-01
1.058178127868131702e+00
1.011759989430247808e+00
-3.244619736378084429e+00
-1.901986562003745718e+00
-1.111647215286376111e+00
-7.330855466002625942e-01
-4.549503924040445568e-01
-1.660697123920792245e-02
7.009298044881960565e-02
3.290261611482379056e-01
6.116953098656492394e-01
-2.287716747387923188e+00
-1.252539815203649765e+00
-5.061702185905977425e-01
-2.018541216599137322e-01
1.018297304007474147e-01
5.413954100397860847e-01
4.354224406245363332e-01
7.867535630872234398e-01
6.554832298683602732e-01
-1.581530048387729925e+00
-6.550378242399631512e-01
-2.176911090122198023e-02
2.070877053560678527e-01
4.532143508931736897e-01
8.334986229267186131e-01
1.066441953020295763e+00
1.214300946050101526e+00
1.109116051053931296e+00
-1.877238927783897449e+00
-5.084038444699691128e-01
1.227785915021105123e-01
4.873482722836169900e-01
6.598445338722692677e-01
1.074729187586315415e+00
8.574710401493342848e-01
9.966790470130929558e-01
7.037487952988215056e-01
-1.661653174891346119e+00
-4.645330606450037703e-01
1.314806018248061148e-01
4.728680429907109461e-01
7.220171820099147153e-01
9.626022839976753342e-01
7.992422776703712595e-01
7.308919504995614602e-01
6.747047834319486181e-01
-1.991148285270966545e+00
-7.165548332563759226e-01
-4.213138624316080383e-02
3.265139394301666553e-01
5.175164013553799069e-01
9.230075584183141668e-01
7.415479588486684204e-01
8.875967781475349039e-01
9.187195165041259770e-01
-9.635843719501040461e-01
-1.909298718578645304e-01
3.590802876680551647e-01
5.233714909391882220e-01
7.438086377279186090e-01
1.049879489013541667e+00
1.153222790270138853e+00
1.290802508420873851e+00
1.129764232937945367e+00
-1.142369231425504283e+00
-3.937466020500803299e-01
1.587032096492418387e-01
3.370584070632003937e-01
5.787161659665547297e-01
9.283070287130914533e-01
1.073872195079863756e+00
1.294887709917989849e+00
9.184598449229124384e-01
-2.838857940779997424e+00
-1.725746555812227578e+00
-9.269175613707719696e-01
-5.503539259986055532e-01
-2.635681432962029835e-01
1.802713274368043517e-01
2.968271932772624244e-01
5.921477995015770324e-01
6.521179752091468274e-01
-3.324443302217719776e+00
-1.882347050343993411e+00
-1.077030583878920700e+00
-6.927501683987984382e-01
-4.125259997976011284e-01
3.262856919146391033e-02
8.707591419481386374e-02
3.442184714621045472e-01
6.314645810710982632e-01
-2.274284566631189719e+00
-1.331630667804176271e+00
-5.933926387859776996e-01
-2.515406976757899038e-01
1.852929796468207393e-02
4.774275139192037387e-01
8.626028900240967356e-01
1.054526258934624261e+00
1.099942749202088788e+00
-1.356702315398014669e+00
-4.916698799737046488e-01
1.242224605109820967e-01
3.404752491528310610e-01
5.898910580126316416e-01
9.618414617581845238e-01
1.165574150704474787e+00
1.302612584613428215e+00
1.134149099791619486e+00
-1.345900488603636314e+00
-5.315522963653133148e-01
6.101546422961699051e-02
2.538292016166016629e-01
4.951215879526859043e-01
8.359971963564958308e-01
9.954959444596269691e-01
1.184927122540188282e+00
1.099098953616045593e+00
-2.966291589435070986e+00
-1.915306021458333507e+00
-1.441919357531174617e+00
-1.124494403273318177e+00
-7.210042934983202922e-01
-1.746487651123719842e-01
4.129117438421621711e-01
7.399805886289571033e-01
8.658943639710228179e-01
-1.789581715397742911e+00
-5.758001540635203641e-01
1.278094890004327112e-02
3.682776763424818189e-01
6.346013516324207071e-01
8.335717339355569466e-01
7.688101145443286821e-01
6.412497189265131681e-01
5.697755079008849366e-01
-1.442335184248872526e+00
-6.173250567311781012e-01
8.744922807980720983e-03
2.461774851592630486e-01
4.870187605684477283e-01
8.664722735718340951e-01
1.121673720794803986e+00
1.246826666863764865e+00
1.138829720033895931e+00
-2.819678475056699440e+00
-1.483643443357161029e+00
-8.273735152772627721e-01
-4.501129571509098204e-01
-1.913473881995473025e-01
1.463199627447539231e-01
4.130907471075172532e-01
7.479023608676392820e-01
8.680599233087866740e-01
-1.626189857025838181e+00
-4.368144992935588111e-01
1.695917821601573283e-01
5.139810243751867791e-01
7.604391503769117877e-01
1.048038229765284379e+00
9.590043165760825383e-01
9.135536868954764467e-01
9.509957306844374347e-01
-1.384242602491437601e+00
-4.643990196151366878e-01
1.330382859774398852e-01
3.738531567571882208e-01
6.395547265831752481e-01
1.027349480315314478e+00
1.237020288576795801e+00
1.365317372674317520e+00
1.156369338852056838e+00
-2.074686882940080412e+00
-7.029338739947341708e-01
-4.093701988446581813e-02
3.227915315349601522e-01
5.179964682848973156e-01
8.766633193790536183e-01
5.903454087704429476e-01
7.367523310066250719e-01
7.120311552887941264e-01
-2.971175356382696364e+00
-1.910780240871276403e+00
-1.523949804329862268e+00
-1.245106708837236509e+00
-8.126349404810325749e-01
-4.678419272836020215e-01
1.988182595907447003e-01
5.124700316315314863e-01
5.675326516971231916e-01
-1.866890133373898086e+00
-6.962046071224807786e-01
-1.168425094142032938e-01
2.397802798606630537e-01
5.243685965485745948e-01
6.462747596382470983e-01
5.560324598242873950e-01
5.032159644965664702e-01
6.600646278448719650e-01
-2.216976202703706100e+00
-8.879007407037829980e-01
-2.039845080009599909e-01
1.628311459300224862e-01
3.604756077524023938e-01
7.551672062697342147e-01
5.291167717127976955e-01
7.632871644882159856e-01
7.162976137792144149e-01
-3.241098572606827766e+00
-1.897271489425957247e+00
-1.227072800629302129e+00
-9.276591952333929081e-01
-6.685345045952351128e-01
-3.287973670729531506e-01
9.099024825654992987e-02
3.579378112666735667e-01
6.657945847922739357e-01
-1.747455357598419967e+00
-8.931055625574249035e-01
-2.121854104130605767e-01
6.193737057795176137e-02
3.308994044821599312e-01
7.354610831203094445e-01
1.011756642322136246e+00
1.167006380517981556e+00
1.140553441898661591e+00
-2.339551445120944706e+00
-1.133822375464687671e+00
-6.110363424223672624e-01
-2.765185098690988164e-01
7.475194240044769067e-02
1.045008757783303516e-01
2.212447781194755436e-01
3.962650846302166463e-01
6.451275924099589831e-01
-1.839302121889766495e+00
-8.947412338470769333e-01
-2.329173885117570564e-01
2.488729318849230987e-02
2.802912799819143319e-01
6.808673896668795411e-01
9.514922516744749315e-01
1.141816083472644294e+00
1.135321451316460895e+00
-1.639343601480478974e+00
-4.405116869032656424e-01
1.536815651751898826e-01
4.941188308418957842e-01
7.452717575306524456e-01
9.938923466223968939e-01
8.638132365838626647e-01
7.829342163017183331e-01
6.694309333872446865e-01
-2.045387304802077644e+00
-8.084622985563506559e-01
-2.456299012248645830e-01
1.124701486220040236e-01
4.144921773322420289e-01
4.972828701161322584e-01
4.473947891422667689e-01
4.672876065247422162e-01
6.583229347647902019e-01
-1.811560398051843546e+00
-7.332721480670957304e-01
-1.185601489512964485e-01
1.623612384591949509e-01
4.662549896948803285e-01
8.855601294192543271e-01
8.603240321060869888e-01
1.201163300853473226e+00
8.456203220654535668e-01
-2.854297336006676566e+00
-1.765218015230472393e+00
-1.140264057074337201e+00
-7.932031763978240058e-01
-4.868640030934491825e-01
6.585603384854769871e-02
5.873615760159441868e-01
8.761706540420320932e-01
9.894639423556524926e-01
-1.242282868914820648e+00
-4.490696350155318206e-01
1.392187688423602299e-01
3.339174277584510131e-01
5.564146904586977360e-01
9.017971751807903891e-01
1.117912340049796560e+00
1.248885708579831944e+00
1.164359311194530067e+00
-2.060488930710694166e+00
-7.108440779144417077e-01
-4.589690748632455769e-02
3.151581871405008117e-01
4.960389677893350391e-01
9.108778870167842934e-01
6.020857056471532465e-01
8.186372239622043967e-01
7.529300357792776399e-01
-2.135736713328554082e+00
-8.142310605622465891e-01
-1.843895791928195360e-01
8.616246689874369757e-02
3.886993662639244285e-01
7.870875425754814136e-01
7.856655954896172300e-01
1.136582572171047190e+00
8.841913983929809984e-01
-1.772911531753044612e+00
-8.790741252345928292e-01
-2.224541303021957406e-01
7.662833689532170048e-03
2.829571753172839821e-01
6.844160354938880753e-01
8.807940829049806242e-01
1.141602612772451231e+00
8.729011545520465321e-01
-1.539215963143325760e+00
-6.929298481494262640e-01
-8.227908590454688365e-02
1.413262733424557605e-01
4.411661634497176521e-01
8.600771022372125652e-01
1.097911385162920972e+00
1.275484624339588757e+00
9.354063387625378700e-01
-1.695486753075348574e+00
-7.916259746398390806e-01
-1.461420995292059821e-01
1.823955312217938329e-01
4.552219720243070866e-01
8.803509617419145172e-01
1.019530353244909593e+00
1.169004614125280561e+00
1.150160532891921328e+00
-1.940995491683469298e+00
-1.055573692263107821e+00
-3.467947632452227369e-01
-7.814376054319993603e-02
2.180993435751370779e-01
6.492109434882747943e-01
7.388296905254370106e-01
1.025909826654335832e+00
7.867155179383493735e-01
-1.777736934480420805e+00
-8.707430807589628952e-01
-2.102108304314412035e-01
3.274486989179066498e-02
2.846778657259042000e-01
6.784015048670922754e-01
9.560030131991767988e-01
1.149105613152943128e+00
1.154669647650090170e+00
-1.657789354071752097e+00
-4.497035910518258350e-01
1.681008874552354648e-01
5.184125835660885473e-01
7.498181006171242835e-01
1.076205706133146700e+00
9.814686317199340371e-01
9.914103371263183195e-01
1.025076625618055903e+00
-1.903250298600370982e+00
-6.954446426865643627e-01
-1.167942654640013594e-01
2.445745912468206829e-01
5.292881418997256171e-01
6.880095140839272982e-01
6.655721290366189979e-01
6.165518541119356932e-01
6.305949080675194995e-01
-2.960166848969803866e+00
-1.917194356531925159e+00
-1.562333973448167601e+00
-1.285382941925903744e+00
-8.455380091470262593e-01
-4.889509402921699555e-01
1.275006688070922933e-01
3.845897287029406142e-01
6.707138240441515853e-01
-1.870617198994720898e+00
-5.595061335675743930e-01
6.719775027137282752e-02
4.178192164564001887e-01
6.378154126549843150e-01
9.492125365332461095e-01
6.869222987852295903e-01
7.976246538355220572e-01
7.850617999312369255e-01
-2.529491410063880785e+00
-1.359817288420122505e+00
-7.610227609100859159e-01
-4.504000106444338014e-01
-1.951814593245728979e-01
3.257962561703947602e-01
7.799895813907992137e-01
1.015264801639555126e+00
1.094470433370954954e+00
-1.898465478803530004e+00
-1.072301254321821773e+00
-3.692371592126810764e-01
-1.073809860378247411e-01
1.918580833358051740e-01
6.218802728347863074e-01
7.436719918681700126e-01
1.022690001669708915e+00
8.132210444476131173e-01
-2.073711486482149979e+00
-7.789216861131775804e-01
-9.247207488772272999e-02
2.688394524045824019e-01
5.004098784795794064e-01
8.804167735556085450e-01
9.926742884884715012e-01
1.132909461886093094e+00
1.152954415710577551e+00
-1.766261134381607256e+00
-5.416570228881498750e-01
6.678099500404620359e-02
4.228773607070023255e-01
6.821331163152529742e-01
9.479223864274494149e-01
9.795363671264937233e-01
1.057252383303560084e+00
1.111456695332455391e+00
-1.493757095418552172e+00
-7.704780714811388931e-01
-1.286107988763594279e-01
9.042995506735718170e-02
3.900715574631015148e-01
8.108628637206510836e-01
1.049216357216752105e+00
1.237954258561061893e+00
9.309385427764473864e-01
-1.848817524625963049e+00
-6.347266517440527389e-01
-3.906905836536943982e-02
2.803137541862104620e-01
5.250991099226746117e-01
9.749411353291039806e-01
8.033695186217680861e-01
1.177623588065810134e+00
8.735352370702326175e-01
-1.723359749009477193e+00
-5.040097437612390818e-01
9.571641268659976387e-02
4.434937263762446791e-01
7.024875715080506344e-01
9.408421707985286098e-01
8.650985459909420472e-01
7.456495720572656749e-01
7.272468653329864363e-01
-2.185988704132461713e+00
-9.476011189334417884e-01
-4.102173019230039297e-01
-5.984130515273928391e-02
2.666559772510530557e-01
3.109215204486014406e-01
3.375864544517357402e-01
4.583585400596370540e-01
7.054423703350860553e-01
-2.935823219364097181e+00
-1.932414294819618350e+00
-1.106190858543832922e+00
-7.035355654750714560e-01
-4.118373020115229655e-01
6.703597486941956229e-02
1.850925724058349875e-01
4.465063850480626706e-01
7.377990835062440134e-01
-2.361281047409584666e+00
-1.370289346210892711e+00
-5.997681178872874552e-01
-2.737651984208926415e-01
2.964258455869566919e-02
4.709721248947258410e-01
3.718750004019349409e-01
7.107557504790292802e-01
7.540943520228463592e-01
-2.611393713667985672e+00
-1.372800666645416223e+00
-8.184440034619998583e-01
-4.837406059715159690e-01
-1.913559858531475311e-01
2.952184137497344540e-01
7.412051104386233602e-01
9.918637758497190759e-01
1.086828764791636370e+00
-2.149511585271289604e+00
-1.138022940655288862e+00
-4.274601306465664052e-01
-1.420954311547492632e-01
1.628302334125503459e-01
5.814689505328504149e-01
6.114172266878397100e-01
9.490277135636382422e-01
8.023872646101076755e-01
-1.633006598881411531e+00
-6.590870325474517122e-01
-3.169278074599579664e-02
2.833801156976909486e-01
5.470274654532896186e-01
9.719904071222406072e-01
1.114419156543642542e+00
1.247633728107238271e+00
1.194015842120708770e+00
-2.253554729775504306e+00
-1.335095171655682478e+00
-6.051288002119070697e-01
-2.371636198475577662e-01
3.357538831411910341e-02
5.104206349970400458e-01
9.552449451151223681e-01
1.144849260919545531e+00
1.189049154656292462e+00
-2.098118471493355397e+00
-8.544382400379806342e-01
-2.808965451656620926e-01
8.124145723865218438e-02
3.871144789668136688e-01
5.962679973338842476e-01
7.607828567468998271e-01
9.639671886038687632e-01
1.071034090485067480e+00
-3.196775528853501580e+00
-1.979015622046463196e+00
-1.561972271267342505e+00
-1.272072166722550746e+00
-8.507334594342911283e-01
-3.835793344311866360e-01
2.409697950490264085e-01
4.757467474206312219e-01
7.397759272664317098e-01
-1.719948792351411182e+00
-4.885449713226698298e-01
1.144713016113867166e-01
4.656755500913132284e-01
7.207177357987762933e-01
9.869872979368725652e-01
9.547558027495437472e-01
9.908614852747936741e-01
1.070649784159268370e+00
-2.378974366539541307e+00
-1.038172442082850866e+00
-3.603575448216772559e-01
1.055679310892095220e-02
2.296643477974995295e-01
5.511674920028708513e-01
4.723897816959496954e-01
7.256926421533782534e-01
7.816715839599146509e-01
-2.166817539176951524e+00
-8.287254899394183028e-01
-1.530465884521809150e-01
2.068063552088366397e-01
3.986368681322077778e-01
8.091409346037348183e-01
5.816005646572458554e-01
8.466368256389860125e-01
8.191981821695946131e-01
-2.002128567008488513e+00
-6.885290940759111189e-01
-8.147890555427773907e-02
2.473185751195893234e-01
4.875642040512793707e-01
9.401571208256391809e-01
7.096872765449215859e-01
1.073810868292751408e+00
8.596619484770120501e-01
-2.806949028414822855e+00
-1.673037124565213141e+00
-9.113518979898794781e-01
-5.332419208511088859e-01
-2.495418585169680847e-01
2.073988084663183351e-01
4.453067596743939816e-01
8.041987200964715310e-01
9.360071057261063476e-01
-1.848797169576903432e+00
-5.491977738662823239e-01
9.899376807834235625e-02
4.640260052891472808e-01
6.307352804328363316e-01
1.053330514963334519e+00
7.399687857179301220e-01
9.924303253952131421e-01
8.502992709714346509e-01
-1.719681689512013500e+00
-7.748322355563549424e-01
-2.217797375026005213e-01
2.986419537527642762e-02
2.741480188239221460e-01
7.073238763913446414e-01
1.053330514963334519e+00
1.188612513455412634e+00
1.194766971678020262e+00
-2.400823393941268424e+00
-1.055104716504420059e+00
-3.703677338744101322e-01
3.770159306471377713e-05
2.199983136530879457e-01
5.630463303483513871e-01
3.755550815803835873e-01
5.880825031740805064e-01
7.806583580552903801e-01
-1.676176777627935488e+00
-4.764683769218650555e-01
1.175167226035520041e-01
4.620232804045054653e-01
7.164022995939482996e-01
9.489244973387001014e-01
8.192870575190049909e-01
7.669656421758764830e-01
7.416916123092947011e-01
-2.190976554882821059e+00
-9.584555444968165805e-01
-4.140645749328910052e-01
-5.717548757937750137e-02
2.682435654832698857e-01
3.578966059396027632e-01
4.405482475159481215e-01
5.663078572774739028e-01
6.702991905194799482e-01
-1.911572343603811674e+00
-6.091080149336474125e-01
3.909640387162276187e-02
3.962613412660868639e-01
5.988620602019845141e-01
9.537999614825908301e-01
7.694262065605158574e-01
8.739444221294958570e-01
7.943866757868098816e-01
-1.767463447321416137e+00
-5.524930659819171641e-01
6.557225071187601506e-02
4.054553109414882894e-01
6.010882177869573129e-01
1.062038708000366372e+00
1.029997297836138026e+00
1.280259501283013579e+00
1.169652044432517357e+00
-2.830455407541788926e+00
-1.758361928569399213e+00
-1.350751720181359028e+00
-1.061719807031896945e+00
-6.334277310641160952e-01
-3.482365764608434389e-01
2.739459455440291791e-01
5.326951526471972453e-01
6.795535945076563999e-01
-1.925146861093000039e+00
-7.164139775456828119e-01
-1.312764824845948086e-01
2.327455143386233105e-01
5.185970491260502024e-01
6.849933531985178403e-01
6.672450044114346390e-01
6.768576749312987806e-01
7.536333668649464190e-01
-1.325098435305424927e+00
-8.571083461059761932e-01
-2.165084400124333008e-01
9.203098423172120790e-02
3.440790083429426938e-01
7.629405425107760319e-01
1.121357051418891970e+00
1.221725931531893572e+00
1.223082764492531949e+00
-1.782246791594941149e+00
-5.707059861179398785e-01
8.466593221779288025e-02
4.479398715629485661e-01
6.049750380361024193e-01
1.050725617738874629e+00
7.331024088448836462e-01
1.033170923316485856e+00
8.752934133008885009e-01
-1.075030763188208782e+00
-2.934510650202923898e-01
2.721732339619094554e-01
4.679514939606768120e-01
6.968806790881364455e-01
1.040471520848949005e+00
1.268251981519162630e+00
1.361402940551129648e+00
1.250810238496423255e+00
-1.357502209512023050e+00
-5.962883513502900135e-01
-1.668860534366552878e-02
1.818637480035511789e-01
4.411220754013865930e-01
8.194050300002818643e-01
1.018662537586661809e+00
1.247706789980366215e+00
9.899884793861518650e-01
-1.760781941228166003e+00
-9.095596450712298831e-01
-2.350271280280469555e-01
5.730498916679433417e-03
2.738038629191373863e-01
6.764017883008669463e-01
8.665746292998157685e-01
1.142745266711425289e+00
9.998074895119839489e-01
-1.712069055198888634e+00
-5.103089326986703922e-01
8.590020574120504904e-02
4.310836248591409792e-01
6.860808999016279053e-01
9.077125393313693058e-01
7.214545147223153654e-01
7.372792278221904638e-01
8.168640501230277629e-01
-1.740623920373515210e+00
-7.090485160278645616e-01
-1.024773741357649925e-01
1.634582113978604589e-01
4.756172162884418908e-01
8.903167302678984818e-01
9.496611327822550574e-01
1.259748456753346346e+00
9.596213144859156996e-01
-1.710619720391153731e+00
-4.568807587843475848e-01
1.477672477029638165e-01
4.917897161230317393e-01
7.258325319372186391e-01
1.011158464321283867e+00
7.694279584265164562e-01
8.508530084602798915e-01
8.504669189954388031e-01
-2.900281567747036604e+00
-1.879569148401558865e+00
-1.517051937769883230e+00
-1.232156419821564208e+00
-7.966912073707425046e-01
-4.029743329663327822e-01
2.219088283428780894e-01
4.716014426459095854e-01
7.603565552877887823e-01
-3.236995113304304450e+00
-1.834497976735780300e+00
-1.271365356756413378e+00
-9.799566267702873867e-01
-6.470558176403077288e-01
-3.009120481997157315e-01
2.785152810700529113e-01
5.276290263591087992e-01
8.043174468931495458e-01
-1.110220995083411211e+00
-3.215500646750095171e-01
2.300308396691700674e-01
3.988111489215895866e-01
6.375473956213548732e-01
9.594419431933399744e-01
1.071570598091151849e+00
1.288571856449725939e+00
1.190181477187634673e+00
-1.652532654590084027e+00
-4.331188163934826529e-01
1.651781643297486890e-01
5.100336501401002698e-01
7.593186540629740522e-01
1.030998723220647673e+00
9.450600569324181244e-01
8.758177079414142252e-01
9.191969031896387587e-01
-1.738012628170891416e+00
-5.441868172983169716e-01
1.214970410714816124e-01
4.747916556440548441e-01
6.652130272556681101e-01
1.119252926046948593e+00
1.169169963148356084e+00
1.284892774416763306e+00
1.236576998815072326e+00
-1.627183748799803986e+00
-4.260679027853034873e-01
1.924647133859222203e-01
5.343034147635329356e-01
7.825061335894245573e-01
1.094190443568203497e+00
1.139638018250285212e+00
1.198559761093997977e+00
1.218792009347822836e+00
-1.812089924087055826e+00
-5.604320042193892126e-01
1.116690878141981119e-01
4.620784758493921562e-01
6.635041861858285150e-01
1.114644047756769396e+00
1.206491250821069672e+00
1.298723819069818042e+00
1.248648830488980011e+00
-1.954480331441496910e+00
-8.117928222057579912e-01
-1.881815020852942166e-01
1.152617572148813135e-01
3.932189528878720086e-01
8.180305532081757480e-01
6.723406546509328452e-01
1.052184523782407233e+00
9.412638363423507792e-01
-1.539421315531169787e+00
-7.565081983116380693e-01
-1.231210508441150792e-01
8.820953637039208317e-02
3.842567251327195232e-01
8.025595014867670240e-01
1.051953837234030908e+00
1.240632671319433555e+00
9.899866536380416138e-01
-1.167120796400036520e+00
-4.094193176686098945e-01
1.232374381639505107e-01
3.009357723926510686e-01
5.570920312822906784e-01
9.216830261728410356e-01
1.098486380514875682e+00
1.314067218002959336e+00
1.035873532768380345e+00
-1.682040922926593796e+00
-4.811333836121713392e-01
1.468973083212810893e-01
4.925667013573558073e-01
6.863899979844282351e-01
1.148395319477686360e+00
1.222247626575510004e+00
1.359502097074122506e+00
1.255559555747105094e+00
-1.621456951049148776e+00
-8.925210365818982972e-01
-2.212548756674010408e-01
2.231003897118708987e-02
2.949994078744025972e-01
7.232927028404833036e-01
9.708007116926197222e-01
1.173881019549769089e+00
9.648609043566789278e-01
-1.671083831577372392e+00
-4.499839920882788280e-01
1.474298693670264282e-01
4.926092968575325748e-01
7.356207217885868399e-01
1.006166821781595333e+00
8.956910772009417654e-01
8.621915701846594171e-01
8.208604059337807346e-01
-1.969158771297114141e+00
-1.197985150865652271e+00
-4.612232657192965601e-01
-1.872467211674107568e-01
1.135691082660722356e-01
5.425157615999152139e-01
6.252199066697582408e-01
9.559862850438387571e-01
9.054853897852933597e-01
-2.012526435533580127e+00
-7.091256047869963774e-01
-9.293214386228591806e-02
2.670949889449829029e-01
5.373393333037441710e-01
8.237374453131514063e-01
9.900432456376874191e-01
1.157879848635351872e+00
1.217891850789101227e+00
-1.008548658342058868e+00
-2.369783178816711744e-01
3.046331725173572758e-01
4.917573449426114740e-01
7.081416082527877132e-01
1.037654119591177482e+00
1.277939121926799704e+00
1.360383728440778262e+00
1.290570198414409342e+00
-1.691406848905367521e+00
-4.475684541710939213e-01
1.589538163928357062e-01
5.033039005423917134e-01
7.456447626619925328e-01
1.029615856256944184e+00
9.278677003056814421e-01
8.898873363434361972e-01
8.533336835033797918e-01
-1.266374370130173288e+00
-5.906083045086353289e-01
-4.534601691902365866e-02
1.824895629979496892e-01
4.246267792030665178e-01
8.365875125925242850e-01
1.166510129587388089e+00
1.272125358825706432e+00
1.268740320348592965e+00
-1.785674985344413823e+00
-5.573706637475424053e-01
2.561482799786773956e-02
3.617502587395235447e-01
5.501771726495942039e-01
1.018654397710403003e+00
8.625113414045317839e-01
1.229359777723149305e+00
1.069388374330617619e+00
-1.768280575333290638e+00
-5.067899189622249168e-01
1.339783844151244130e-01
5.038074076393426193e-01
6.681337464039017737e-01
1.116413893416301262e+00
1.021231213379157232e+00
1.203258600282700597e+00
1.205407652787949813e+00
-2.008206639941414906e+00
-6.620043454185365883e-01
-3.480947020865928204e-03
3.621815836790061582e-01
5.309967197154948915e-01
9.712241432442758615e-01
6.692512159487861156e-01
9.521492161278433120e-01
9.205297472093514344e-01
-1.827205361090598723e+00
-5.783148448990154122e-01
1.955413691643761998e-02
3.785795703959385916e-01
6.373136614472842965e-01
8.879371831890415789e-01
8.657902354279851664e-01
9.512728807186846547e-01
1.070394573048611075e+00
-3.285158043568628727e+00
-1.767160865282593640e+00
-1.068520557358525247e+00
-7.163837203004570497e-01
-4.631834546943499609e-01
-7.924444819789421002e-02
3.015829150318755647e-01
5.695946145567966079e-01
8.738711018510133544e-01
-2.081465443652621872e+00
-8.432363655422777660e-01
-1.863759319403436310e-01
1.668851831614127368e-01
3.896764015174166151e-01
8.251766173709629282e-01
5.587311870697808658e-01
8.470678136296159177e-01
9.062817907445805954e-01
-3.028603885723348377e+00
-1.844072207083914394e+00
-1.051317112696622535e+00
-6.487112038421073423e-01
-3.723257608091526949e-01
1.148884311199017683e-01
4.689745497305115585e-01
8.173379675168456204e-01
9.835978342271483044e-01
-2.995781462162069975e+00
-2.024057136696214787e+00
-1.678213900201505293e+00
-1.373866604694208737e+00
-9.196181828630175525e-01
-3.811897465582975153e-01
3.319244679729129177e-01
6.440304208040847911e-01
7.716973916751227458e-01
-1.829868366672691593e+00
-6.063281769025415935e-01
-1.453057557908236583e-02
3.362655057450916751e-01
6.045634273900444278e-01
7.790885227995640872e-01
6.265554778582861362e-01
6.878104270558768052e-01
8.629875161608050460e-01
-1.356300993980678493e+00
-5.642381417690530698e-01
4.121161861346401417e-02
3.071345490845520665e-01
5.822485115727104033e-01
9.732096240680468968e-01
1.232196082581812346e+00
1.360650658389569001e+00
1.292120011978771021e+00
-3.092687922906065090e+00
-1.871251979989255743e+00
-1.308061164570815560e+00
-1.016125549271732043e+00
-6.824725840003874611e-01
-2.822161427136569145e-01
3.217822273221475071e-01
5.750680534671899213e-01
8.703058445891814765e-01
-1.886082927524497022e+00
-6.363370638663162770e-01
-5.005142489352306517e-02
3.036501800347805036e-01
5.764514933207449676e-01
7.300751825960954955e-01
5.988065212859261521e-01
6.629892315156651339e-01
8.593081462556175776e-01
-1.952750056502937426e+00
-7.052276842808262725e-01
-1.066920043064338020e-01
2.512727967104088633e-01
5.198207499524432063e-01
6.875972921991255760e-01
5.738787141494570143e-01
6.926166517608423057e-01
8.675364725725822623e-01
-2.023942854614020792e+00
-1.050796849871217020e+00
-3.548282795070221152e-01
-9.068223059504718075e-02
2.170975367718383509e-01
6.441220913183985930e-01
7.437718184116330900e-01
1.051319060514011916e+00
9.373552894551766546e-01
-1.762077690911517891e+00
-5.293706036466664377e-01
7.016615612882044772e-02
4.213167054352310315e-01
6.785974268522223518e-01
9.354608070607168813e-01
9.167519665749430668e-01
9.997126754219451961e-01
1.113456361325368515e+00
-2.358114210792328524e+00
-9.704698485048894874e-01
-3.075413986543694134e-01
6.409776538460071338e-02
2.997155415446084992e-01
5.521417210857678670e-01
4.510622686117653490e-01
6.564772039507367207e-01
8.870417087342036266e-01
-2.051942720469252635e+00
-1.127076190291947055e+00
-4.072430543592003849e-01
-1.422200773686342345e-01
1.396997906789806398e-01
5.587351820175703310e-01
7.187175590081357202e-01
1.051872618951694927e+00
9.894712605347514289e-01
-1.767877280092493342e+00
-5.847341718034121394e-01
8.018020765498788324e-03
3.268537218858287297e-01
5.574987859648911082e-01
1.001453968870122058e+00
1.044649118427839696e+00
1.310077047193026534e+00
1.261855220269281208e+00
-1.312382496434284063e+00
-4.729009516376210254e-01
1.175952399854059277e-01
3.037929684906894856e-01
5.373686336318355128e-01
8.791145787858135607e-01
1.059580364073298586e+00
1.282311185197343439e+00
1.271731081903942684e+00
-1.717057442837935710e+00
-9.712715319805617087e-01
-2.657232986918638407e-01
-3.338267915117060225e-02
2.867515184895479963e-01
7.102533021566144189e-01
8.957793086701900664e-01
1.149161500919105405e+00
9.766780913210441062e-01
-1.770983065087403441e+00
-5.479988359399788900e-01
4.314605493421456300e-02
3.893383163948958559e-01
6.524786090780618775e-01
8.459549709777163251e-01
6.878876671298878032e-01
7.332382858339367981e-01
8.698044179650211705e-01
-1.724987522058671452e+00
-8.145067736216374810e-01
-1.748735285948986584e-01
8.397165675529597029e-02
4.106336270559569068e-01
8.239257819487649792e-01
9.064881372427057160e-01
1.212349932461247670e+00
9.915283102488814393e-01
-1.755813845574135890e+00
-7.742520503580279101e-01
-1.151461452733602148e-01
1.429905223658463620e-01
4.195156671333126197e-01
8.160097765839162687e-01
1.109024320910340311e+00
1.292948009847650459e+00
1.292254340582512873e+00
-2.054492154683485339e+00
-8.000991339677779868e-01
-2.365735383813228621e-01
1.224454959039385782e-01
4.217972546606953421e-01
5.147569088796217773e-01
4.890733137806413944e-01
6.249051851333837782e-01
8.558459550408644700e-01
-1.908679505768744455e+00
-5.925518613956068936e-01
5.881421244300772538e-02
4.212776110843280963e-01
6.048665638222344709e-01
9.916008814627913504e-01
6.848028910676089431e-01
9.246688672442455736e-01
9.342985270121384467e-01
-1.378387819810713122e+00
-5.652097383694205668e-01
5.575509705219949125e-02
3.731565781685902139e-01
6.244803154556134439e-01
1.049164498206734741e+00
1.231825397470276195e+00
1.326326757636942189e+00
1.292365955424364721e+00
-1.628789290390988409e+00
-6.938493083016594731e-01
-6.849356003807816062e-02
2.138642177314872272e-01
4.936012038225198739e-01
8.923846606253504898e-01
1.150702112273781275e+00
1.321596226141874331e+00
1.294200043265813616e+00
-2.206596707691861337e+00
-1.092433766555265695e+00
-4.051288721390922665e-01
-1.143051918175131687e-01
1.862331930723966078e-01
5.960918787437846644e-01
6.661331617944246108e-01
1.031532724891560227e+00
1.090122258215171280e+00
-1.864362856189998974e+00
-6.456024208851900426e-01
-5.109842687339239548e-02
3.069131707518761853e-01
5.776438621819481867e-01
7.741531440717449586e-01
7.455846375440091656e-01
7.747860083825819366e-01
8.526214565873383444e-01
-1.812980401841917999e+00
-5.460824690112405788e-01
1.004268078064398245e-01
4.331216623944139088e-01
6.957593318532268034e-01
1.021504983539153866e+00
1.195846324701868024e+00
1.280953396086125906e+00
1.291534365967978326e+00
-2.076873231499008821e+00
-8.559480645813328792e-01
-2.997730929523123589e-01
6.312550083857100536e-02
3.747288922383021914e-01
5.071705755275908167e-01
5.708439120342760908e-01
7.400848238958823710e-01
8.589510798920827472e-01
-1.708647846212747679e+00
-4.865839907654032626e-01
1.132847527607982324e-01
4.605650628482836351e-01
7.178113632836358171e-01
9.725665071866800293e-01
9.341913539745043682e-01
9.722786227143755955e-01
1.082954528992380094e+00
-1.127250630325404845e+00
-6.351731494357133467e-01
-6.587326147892397232e-02
2.302001164747692064e-01
5.095590736279452804e-01
9.171696525794754695e-01
1.193419573934649813e+00
1.300788444866543880e+00
1.295209774636618238e+00
-1.056192309470566526e+00
-2.742785917162968157e-01
2.696122075900173054e-01
4.352710846043482129e-01
6.693796911170625252e-01
9.806645428155010835e-01
1.117654292074072186e+00
1.326069413311722345e+00
1.297125407134787078e+00
-2.150967125492214471e+00
-6.819763379496095457e-01
-3.102548194979290810e-02
2.793778396397076924e-01
5.370244158266007650e-01
9.053089218087959633e-01
1.162030534497928924e+00
1.282487467705265782e+00
1.285299793577660221e+00
-2.158867403596970380e+00
-9.557619836847752737e-01
-4.102588392405048245e-01
-5.450391362990758548e-02
2.714176651257949047e-01
4.117205167205420513e-01
5.314023891338071071e-01
7.815354959332099227e-01
9.256877764458015800e-01
-1.533722907122136991e+00
-7.300311919400256366e-01
-1.034246593542744175e-01
1.812721841748081986e-01
4.336683880985099937e-01
8.343111759754325840e-01
1.211386963775332282e+00
1.292502304682882963e+00
1.295795764456647570e+00
-1.288456016512559810e+00
-5.532449505981437143e-01
4.068113403567913400e-02
2.857963560481010523e-01
5.278351708245392349e-01
9.032633744568354661e-01
1.238884030869667141e+00
1.316976960330007218e+00
1.303354955273111404e+00
-2.598402391373491049e+00
-1.579765177321047043e+00
-9.229566536229173446e-01
-5.495517705771304495e-01
-2.448911274124684068e-01
2.915266505241080330e-01
8.067045689682540432e-01
1.102826647310662711e+00
1.222744613237070288e+00
-1.746924430662107675e+00
-5.123655763008287956e-01
9.277765005320538771e-02
4.419129455873874179e-01
6.934208669644528200e-01
9.576702200196275383e-01
8.927789008819126959e-01
9.012530711381260273e-01
9.835303990553148079e-01
-2.026483808456163160e+00
-7.224597283452909302e-01
-8.066173290691955322e-02
2.529883606339059510e-01
5.368581144914845726e-01
8.535517983954119536e-01
1.107761576522356073e+00
1.244998760214929723e+00
1.275471920470461873e+00
-1.847899431874074017e+00
-6.435529288838504058e-01
-4.925263729055061324e-02
3.128616514628421164e-01
5.909443817045998415e-01
8.271996987075795893e-01
9.489223465491989362e-01
1.111720141316812294e+00
1.206234374468713400e+00
-1.183227052047801431e+00
-6.627425575509152678e-01
-8.919113471765309498e-02
1.826665228372779393e-01
4.373501193672033605e-01
8.490180418577349952e-01
1.177518789907422647e+00
1.291993168531200276e+00
1.293393444045353613e+00
-1.841860330629078835e+00
-5.804676239475268229e-01
3.979923261817076147e-02
3.952993842936247115e-01
6.528484238898814018e-01
9.353314255611961947e-01
1.004315084779352496e+00
1.143164140857567013e+00
1.221780520802837833e+00
-3.253541223132039306e+00
-1.884638693342642890e+00
-1.085628097765547029e+00
-6.852188879704079749e-01
-4.081465208108257525e-01
6.577705275619921688e-02
3.042871883080260353e-01
5.726545188655388641e-01
8.961401511010891330e-01
-2.213935442865806458e+00
-8.707229114036720841e-01
-2.207847112448051430e-01
7.263835604611620922e-02
3.877457250042754544e-01
8.026459602271476257e-01
7.043009938372902790e-01
1.078795266884393866e+00
9.605799069399584278e-01
-2.000217679303717411e+00
-6.999194956144970670e-01
-1.059559447594053821e-01
2.531441194636379621e-01
5.307151545960796524e-01
8.013598724467559942e-01
9.841422694979091723e-01
1.162635316925004325e+00
1.235262723728024259e+00
-1.515328333639975877e+00
-5.916838970750193383e-01
1.761255391620765096e-02
2.414248025487668314e-01
5.213344633226159042e-01
9.050729263622822041e-01
1.069119898527545631e+00
1.309538308224817760e+00
1.167156047488290271e+00
-1.786718387196452928e+00
-5.202510392272062800e-01
1.209769051240114357e-01
4.800760750809016653e-01
6.523538318097162891e-01
1.067005870126890965e+00
8.108725337287640000e-01
1.060092454758978731e+00
9.703331217628663463e-01
-2.420640286050341317e+00
-1.107455560338943767e+00
-4.212268320751300088e-01
-6.709244511939176092e-02
1.960766534582586706e-01
6.081455025112141310e-01
4.356734324527290481e-01
6.941607495415460516e-01
9.085676048793202009e-01
-2.862216178469782157e+00
-1.798127170518421858e+00
-1.386268120935634451e+00
-1.087841448836815328e+00
-6.677622188498774092e-01
-2.813348998528090728e-01
3.695956972355644021e-01
7.069736548688028144e-01
8.358213487925276741e-01
-2.905265532990496613e+00
-1.786731624158599319e+00
-1.382420896760766071e+00
-1.100552437756678659e+00
-6.736886272993239944e-01
-2.855069431820323467e-01
3.241575625182406828e-01
5.694135938704448785e-01
8.664901813608661962e-01
-3.027328948620473525e+00
-2.035243117096507071e+00
-1.694325546801866089e+00
-1.389396423175359496e+00
-9.295479027137446559e-01
-3.659648254109946763e-01
3.499760623458786357e-01
6.682732090160447003e-01
8.028445114717255304e-01
-1.865569411191754012e+00
-6.070138515739497143e-01
4.490280042613774281e-02
4.112474392125568534e-01
5.922530169982000992e-01
9.808994144329133968e-01
6.769672689981491853e-01
9.219346022618730707e-01
9.407844140774459518e-01
-1.429509747032366329e+00
-6.572578271655405979e-01
-4.943309478599360041e-02
1.469583652342562330e-01
4.201191100316751248e-01
8.298365578414074184e-01
1.087516405021898835e+00
1.267304026030765973e+00
1.046809429111378087e+00
-2.189522230882505749e+00
-1.186376502226966112e+00
-4.650346538900723692e-01
-1.787382123150332014e-01
1.307696597845498798e-01
5.565567475990644830e-01
6.066115927313222578e-01
9.475247446484575953e-01
9.400256801522819394e-01
-1.341018348883765476e+00
-4.953917827835520038e-01
9.724441938123251639e-02
3.108462121597135308e-01
5.498145120721017465e-01
9.133654462534380736e-01
1.202751762136947233e+00
1.336654293523843684e+00
1.308523394062345746e+00
-3.449558424008817070e+00
-1.987401382127152560e+00
-1.156143337325553633e+00
-7.440207624257776375e-01
-4.688844097918923315e-01
6.492519859711209929e-02
5.071205539906031845e-01
8.679833885727380460e-01
1.042944520483637394e+00
-2.022009707952235225e+00
-7.059677217431786778e-01
-3.786592295275333780e-02
3.305841152671337713e-01
5.132242505503431529e-01
9.132440058401422034e-01
7.647894000516884949e-01
9.832661029663350982e-01
1.036183322284486064e+00
-1.481979674201792330e+00
-5.802792635632383345e-01
8.713179945249377445e-02
3.892114211074093055e-01
6.393432467268791441e-01
1.055009428673395089e+00
1.248991200435641380e+00
1.316724732997545333e+00
1.295136760581604651e+00
-3.004314728947209634e+00
-1.947462100183858569e+00
-1.580853094073509268e+00
-1.294680396447701831e+00
-8.393411657255922531e-01
-3.453044238765395346e-01
3.451379740261088513e-01
6.231097609419787853e-01
8.118621260990320776e-01
-1.088761333790352781e+00
-4.786300761001207604e-01
1.269295016770109474e-01
3.607396187000765919e-01
6.012761771048014126e-01
9.669152499515057952e-01
1.274618102831283295e+00
1.341103026046870150e+00
1.297848696139694669e+00
-1.926121990180490462e+00
-8.825902290857210453e-01
-2.176829983200428698e-01
2.969913546095548015e-02
3.252929477508808009e-01
7.353374069077942554e-01
9.004846500674461574e-01
1.190670760720038635e+00
1.021458302792195072e+00
-1.890916266008678015e+00
-6.238438874270287871e-01
-3.586643443579698399e-04
3.503156782892116738e-01
5.420505172594024534e-01
1.010536989564556620e+00
7.584041401152754602e-01
1.113769929457521179e+00
9.827742576110798378e-01
-3.031491627503090758e+00
-1.651492164899140080e+00
-9.739626049031906430e-01
-6.045349442792876671e-01
-3.485761247898778170e-01
5.926590854904920103e-02
5.415182361361502439e-01
8.914594765698103940e-01
1.032064043797611408e+00
-2.396143542768965684e+00
-9.995203693993168770e-01
-3.726614571490855510e-01
-2.424212704585800102e-03
2.612449596752788872e-01
4.452060231273763380e-01
4.511743883288507062e-01
6.642816268330372642e-01
9.017727871052128030e-01
-1.675542604708708971e+00
-4.709035760800480697e-01
1.230497519980300603e-01
4.686646593170265551e-01
7.169315450289244218e-01
9.671473638683120155e-01
8.334016757345028559e-01
8.440722009825573080e-01
8.707255813513055109e-01
-1.715468978946868672e+00
-4.779297682323678798e-01
1.206083467042800700e-01
4.639942909365233348e-01
7.093486097694131631e-01
9.553288222142642949e-01
7.439476310334371956e-01
8.225188852507467896e-01
9.070121585991158808e-01
-1.559283448251667092e+00
-7.054323696854817305e-01
-7.376344669514564578e-02
1.495249722152322547e-01
3.970947803246188679e-01
7.763574631229323009e-01
1.010824403732034638e+00
1.250702330266857398e+00
1.262335705112354933e+00
-1.633961422888301263e+00
-5.106396488576910864e-01
1.472285906600762084e-01
4.687679973544097156e-01
6.946900244600426877e-01
1.137771748961599938e+00
1.277630785134354907e+00
1.344547355370879993e+00
1.295478726594606389e+00
-1.820117088310932552e+00
-5.579740405626172350e-01
8.904000160609804038e-02
4.538448109989591250e-01
6.193592940403968017e-01
1.041838709199178092e+00
7.297707771624750706e-01
1.006106915341359542e+00
9.586631817082152951e-01
-1.711107674094884068e+00
-6.107933726323763191e-01
-3.020313234146539474e-02
2.509494885905891315e-01
5.186145548259145643e-01
9.443667242284465857e-01
9.571108574498903288e-01
1.283739692371717700e+00
1.135179797390455603e+00
-1.767640797382157070e+00
-4.390278524825058648e-01
2.174092729229522292e-01
5.641185471457021983e-01
7.675306294151984510e-01
1.202133469439652602e+00
1.287318778985512058e+00
1.350637300291012144e+00
1.303767501126058326e+00
-1.490625846713713454e+00
-4.684342264268983591e-01
1.525255688547144661e-01
4.635441050250395101e-01
6.994410468245260137e-01
1.134396694570417585e+00
1.284814402729043570e+00
1.378230157561844305e+00
1.299761180491802115e+00
-1.327284751334568469e+00
-5.364406293632750788e-01
4.848585081931992835e-02
2.454734438172765931e-01
5.016366984224254200e-01
8.665522518568010701e-01
1.044885193752403074e+00
1.286884778195160228e+00
1.122717801663553061e+00
-1.845388338834900610e+00
-4.666242973148613804e-01
1.906270667303182620e-01
5.357936389164132951e-01
7.375350680110785984e-01
1.183752819440485160e+00
1.292391829880210841e+00
1.352068689282276637e+00
1.302591902377018496e+00
-2.280383422419901773e+00
-9.593591131228411673e-01
-2.713998378276304413e-01
1.028076616770204205e-01
3.182135892463974214e-01
7.042766656612708953e-01
7.413709678806846837e-01
1.045012669471165223e+00
1.165257457197425017e+00
-1.807778747597954982e+00
-5.358314366580042565e-01
1.003522770320043056e-01
4.375705194261336195e-01
7.010213002719926090e-01
1.015998080306842244e+00
1.187368955640476287e+00
1.277343838995118608e+00
1.293352104819428527e+00
-1.676942455393755305e+00
-4.565417701920648774e-01
1.475086939904441397e-01
4.990790398953661167e-01
7.309046917224875095e-01
1.033813705144304373e+00
9.346266025808064315e-01
9.370781142560254962e-01
9.440248214491622214e-01
-1.194023638484389416e+00
-3.582834029689851429e-01
2.045076584278798237e-01
4.112810066790702490e-01
6.455751154050974883e-01
9.967483628287638897e-01
1.279257906097651221e+00
1.368363518667615075e+00
1.316431198202545172e+00
-1.688799944274958387e+00
-8.021417948709542722e-01
-1.591268191026506684e-01
8.228149072993475033e-02
3.813216491202832681e-01
7.972717111745802887e-01
1.003207469291684806e+00
1.237046617590739306e+00
1.024911556583346206e+00
-2.037387465563442746e+00
-9.251367256252189808e-01
-2.701155589700957593e-01
4.312847642838407367e-03
3.277706366613451494e-01
7.422239855516983287e-01
7.696359066055619147e-01
1.107558849249458577e+00
9.677087504570900389e-01
-1.324343446209701236e+00
-4.298500423159914985e-01
1.628325147003255868e-01
4.571283050376059309e-01
7.009192735635491056e-01
1.127326783211871852e+00
1.303751033191691278e+00
1.425416850487641662e+00
1.308081868734433550e+00
-2.223494529845662981e+00
-8.811760147716510838e-01
-2.010508480739321147e-01
1.684213620198063976e-01
3.737041925012092314e-01
7.218482482827648372e-01
5.140855606635992281e-01
7.320564075932791681e-01
9.154382151438184012e-01
-7.421361612649735040e-01
-6.161745698370969804e-02
4.603180579959769148e-01
6.259988749768111704e-01
8.325346435907434728e-01
1.136771036370883614e+00
1.332405869160541378e+00
1.396200272087999572e+00
1.303222958975644330e+00
-1.986660102504555603e+00
-7.818809388880507694e-01
-1.263060527721733273e-01
2.332275523251106930e-01
4.328990731290560112e-01
8.732102582612071284e-01
6.016770354681229005e-01
8.913664735355242286e-01
9.413680339221345283e-01
-2.165100021396290764e+00
-9.940301420580490710e-01
-3.293854312760400860e-01
-5.339504472864032777e-03
3.007528167481786641e-01
7.246820112443916884e-01
5.321188073005074237e-01
8.665886514858608392e-01
9.311810268731849360e-01
-1.951817796140155492e+00
-7.029128050107577019e-01
-1.155182978513825259e-01
2.404467322158209130e-01
5.137337701412939550e-01
6.694315819577099091e-01
5.467995107784420217e-01
6.762085950614571406e-01
8.923851992581662840e-01
-2.973658207430308842e+00
-1.893357965220841432e+00
-1.062807943860776927e+00
-6.620713747514206382e-01
-3.830411673869645872e-01
1.249301291111871576e-01
5.214810770734736867e-01
8.861698179717295565e-01
1.058541915048226256e+00
-3.077732195790799707e+00
-1.675224724646681596e+00
-1.070325185679472657e+00
-7.474042808926115722e-01
-4.410211397986355530e-01
-8.141147445998424270e-02
4.834276636985301301e-01
7.704782127878233577e-01
9.351792602960075085e-01
-1.904651669746993070e+00
-6.056066780848415876e-01
8.863868312551514972e-02
4.158513727454912212e-01
6.467691860898713285e-01
1.066671701955943741e+00
1.229492765119828857e+00
1.317839010877048356e+00
1.298699654345139454e+00
-1.661049254976223910e+00
-4.726005151629010248e-01
1.427631885427867175e-01
4.931495209927793666e-01
7.309790877267565712e-01
1.037320470531912342e+00
9.797133365731255372e-01
1.046145362922302535e+00
1.133521845741322753e+00
-1.935706555508555304e+00
-1.063596827621453800e+00
-3.756482178268918393e-01
-1.000152640759718464e-01
1.884430141824345040e-01
6.089024589178382296e-01
7.463814625395649438e-01
1.067658150866756639e+00
9.835659921035435627e-01
-1.685703230246551776e+00
-7.637511358965565211e-01
-1.168555498065669412e-01
1.132043958801881856e-01
4.045141493104205677e-01
8.067673238783453771e-01
9.977964202329863141e-01
1.259456490010594454e+00
1.058799854220172421e+00
-1.855385210804128659e+00
-6.477262489066107909e-01
2.154532015262916112e-04
3.507128250315291740e-01
5.163853041479939954e-01
9.775890797445054847e-01
7.440095965893667174e-01
1.076498928986560744e+00
1.024727312313917782e+00
-1.615956005548045749e+00
-5.443157961291056335e-01
2.348334811398592945e-02
2.291101024777382478e-01
4.522461642755186140e-01
8.877765012944538459e-01
1.216773007504315274e+00
1.305666743485356829e+00
1.302233823402497492e+00
-1.834722631354921418e+00
-6.054074622029080865e-01
1.071471696736733988e-02
3.671372290554075768e-01
6.096514538912078951e-01
8.693028779901553760e-01
7.502260697996306904e-01
8.287282093857005760e-01
8.859685020011313084e-01
-1.752697838753220383e+00
-5.366884603524524344e-01
6.284543968528044644e-02
4.096097435353572291e-01
6.689433914911180334e-01
8.859928120552432729e-01
7.840380734732608214e-01
7.887273332140238846e-01
8.563112447223987234e-01
-2.066053365325533075e+00
-7.688590352237777426e-01
-1.056180586800089249e-01
2.583897708133035542e-01
4.482801582908316207e-01
8.203855234129264762e-01
6.251990914493118501e-01
8.785678011582526148e-01
9.525417227063260883e-01
-1.851827176930509244e+00
-6.086288107417703319e-01
-1.361367991916435580e-02
3.388097591572550304e-01
5.994790148943407448e-01
7.907184788630382544e-01
6.221495815477108282e-01
7.208073648384348830e-01
9.000547599884227701e-01
-1.819392822507473584e+00
-7.583261182101143083e-01
-1.585293309906064541e-01
1.255833831735497230e-01
4.183389443647114181e-01
8.299631638405340350e-01
8.267907171903124963e-01
1.180788607366425769e+00
1.115491925892672764e+00
-2.917802039502065625e+00
-1.583479617782038718e+00
-1.033846040906046371e+00
-7.280816909236882406e-01
-3.666054079194491777e-01
-1.434740436791716867e-01
3.632801537659965940e-01
6.006346863211240450e-01
8.900686950851635082e-01
-9.476408280956064578e-01
-4.491436467444868685e-01
2.598970150723442507e-02
2.593776261186880316e-01
5.064008801906881851e-01
9.028893587101302076e-01
1.219025251999844794e+00
1.306299626189979968e+00
1.298476806494727631e+00
-1.147244109959037583e+00
-3.352454626485275035e-01
2.293778028945468450e-01
4.374315933849289295e-01
6.760620242901792531e-01
1.027918005837559212e+00
1.280263465496937592e+00
1.393950611806450635e+00
1.320430195969341636e+00
-2.340445051040447755e+00
-1.254318377004779217e+00
-5.203744686433374733e-01
-2.189426509104412943e-01
7.659110109363670427e-02
4.976451297811286811e-01
6.226141564045096777e-01
9.914339362000291755e-01
1.086540032824447888e+00
-2.002643276114928650e+00
-7.461924734426156336e-01
-1.738643704678227986e-01
1.869316106776210962e-01
4.785651554267997265e-01
6.082764840974811404e-01
6.220980835062382974e-01
6.997027032440166217e-01
8.260093033938626927e-01
-1.628336417260224378e+00
-5.291482228985342484e-01
8.113710506231061603e-02
2.897683365160547142e-01
5.412714565337279904e-01
9.403864202766996083e-01
1.229060816451600369e+00
1.309430217105323813e+00
1.301167882107762352e+00
-1.668024279832356571e+00
-4.503229885413090328e-01
2.082439058883331917e-01
5.566071036444801834e-01
7.559396741880791692e-01
1.191615593506205162e+00
1.266722483402109800e+00
1.345948016595137409e+00
1.299603160014196845e+00
-2.217991936154522392e+00
-9.791969415342218763e-01
-4.200646897232899746e-01
-6.887279371219991175e-02
2.548719756581806495e-01
3.190782424677829354e-01
4.283388904356097981e-01
6.245692101120299267e-01
8.680872091497761067e-01
-1.985872070431664138e+00
-6.820853951156173878e-01
-1.628605931240641527e-02
3.527293607960456101e-01
5.292422303413837348e-01
9.301146600407038667e-01
6.407604646106378476e-01
8.939482972575422126e-01
9.443492020757671135e-01
-3.180048725063979287e+00
-1.964859748503873460e+00
-1.445708622707429836e+00
-1.147107691121159068e+00
-7.872090345921823884e-01
-2.669141539082290904e-01
3.690663799190022631e-01
6.172311530907269583e-01
8.980767605257660158e-01
-2.767299585767598380e+00
-1.398986608368064877e+00
-6.812284926130037777e-01
-3.093691030887900095e-01
-4.957409852052824945e-02
3.359377604573965947e-01
3.537207913881987298e-01
6.073639909733016262e-01
9.062206185331465047e-01
-1.314386291982409416e+00
-5.080812907447449511e-01
7.515765212410654983e-02
2.623722011078182259e-01
5.301109226456724999e-01
9.016731346726901686e-01
1.090031800256698657e+00
1.320931630946685642e+00
1.095273801720905160e+00
-1.912490836808238948e+00
-6.070939836954434288e-01
3.469278881755056415e-02
3.963025153077420759e-01
5.529591132883965310e-01
1.010370440717125673e+00
7.791530204715337860e-01
1.083422032752025421e+00
1.024433192931087699e+00
-2.861308810201543817e+00
-1.526708863714365982e+00
-9.569304306571658758e-01
-6.241637301866316268e-01
-2.810497690928525638e-01
5.380040920586805914e-02
5.431903090226413156e-01
9.070172408401464548e-01
1.051556042670142466e+00
-1.356840982380979499e+00
-6.086667373290053362e-01
-1.069118337987665507e-01
6.857245933072664279e-02
3.014160289287289296e-01
7.764260671372634759e-01
1.142600867742603166e+00
1.275576996364540916e+00
1.297195717747708033e+00
