-1.958359622276858225e+00
-1.208122940371114451e+00
-6.740846451952349216e-01
-3.923373693869158241e-01
-2.137789041707113535e-01
1.141283103017154132e-01
-2.259916770663697450e-01
-4.630829106614984397e-02
-2.334396758648993042e-01
-1.481251434310515647e+00
-8.100289830790659007e-01
-2.893932028487629093e-01
-7.188523974896851576e-02
1.001145230075253939e-01
4.156380504928902653e-01
2.620118747670057147e-01
5.290823892088299951e-01
-2.059855087880954616e-02
-4.174490711137541221e-01
7.211009038777893565e-02
4.668532935608531997e-01
5.700980429778628178e-01
7.009875816200412668e-01
8.963803935988930993e-01
8.085310441207659293e-01
9.578482131928424126e-01
4.791983781551130694e-01
-1.904526337347229203e+00
-1.201569333110159343e+00
-6.723463756143923664e-01
-3.911793976205426571e-01
-2.141032180977494037e-01
1.167811785551891857e-01
4.519056516772642501e-02
2.822378236068628365e-01
3.278054801021901832e-01
-1.446913072571226033e+00
-8.102176587729880142e-01
-2.895815275226036323e-01
-7.442409595530648236e-02
9.837061971003048522e-02
4.107354333878487362e-01
3.050968937997992625e-01
5.735688942437520144e-01
3.792952553586109166e-01
-4.044837282772020259e-01
8.409810285263223661e-02
4.720208713271839551e-01
5.729218370657628290e-01
7.030775465003281655e-01
8.933348590448637605e-01
7.956263337193203444e-01
9.402821816618436301e-01
6.424352184087419593e-01
-7.966204228844077084e-01
-3.682451330116162103e-01
4.880962352355495970e-02
2.401747684830133345e-01
4.214441466645909573e-01
6.973886460553255784e-01
9.304536869627410001e-01
9.864663855956676830e-01
9.876640260877869171e-01
-7.520596616755611530e-01
-2.888917596375226160e-01
1.187179062584906436e-01
2.995751885275487747e-01
4.687481848616057989e-01
7.381500110313568008e-01
9.469969093080414790e-01
1.010914565016499900e+00
9.897765349816938230e-01
-2.237347153526624000e-01
2.210065322093560380e-01
5.800320420739406568e-01
6.787601542754692074e-01
7.966873794977441525e-01
9.739248252760818181e-01
1.008817715726704423e+00
1.072807139063652215e+00
9.986644721478318276e-01
-1.283697397522544748e+00
-5.012678893849595863e-01
-2.272650454446405177e-02
2.266860775981483778e-01
4.521360344934610698e-01
7.852976548004788615e-01
5.088267611949426339e-01
7.238138493551453667e-01
5.643403016436344261e-02
-1.589007858555128161e+00
-6.298112149294740059e-01
-1.518432876643018292e-01
1.167338597583274934e-01
3.220980675427611017e-01
6.263191541627101122e-01
4.207310112475087793e-01
8.040656384416246250e-02
-2.219747089390697870e-01
-1.204160383183699556e+00
-3.756484166076752840e-01
1.052485179615626903e-01
3.647695979196526883e-01
5.493847257693385000e-01
8.934030402287477246e-01
6.324422812069397937e-01
7.706214340738579693e-01
1.078647255141737260e-01
-1.242475708582248206e+00
-4.690044504036072204e-01
1.192276540759390664e-02
2.101216960268358358e-01
3.983948156238709126e-01
7.367481502522706949e-01
8.752824870093971477e-01
9.776656391642680743e-01
5.615473211224297767e-01
-1.208514037474906155e+00
-3.940788737828132549e-01
7.135699912884643781e-02
3.109712274443887092e-01
5.168833852973041543e-01
8.473253930632123065e-01
7.031865854332650656e-01
9.114351212203409824e-01
2.134034284076288257e-01
-1.731921742794595875e+00
-8.245824274487341121e-01
-3.465983619778322811e-01
-9.438539252602248797e-02
1.135063357984643084e-01
4.190962400752086259e-01
4.743227962111280088e-02
-2.438301807670985866e-01
-2.100293429593997896e-01
-1.440973623375864543e+00
-5.246923268768767246e-01
-2.691064057902704462e-02
2.554045134698692543e-01
4.527694637470076611e-01
8.064174576316235354e-01
4.468021040461583882e-01
5.620856178065040121e-01
4.279141817943820508e-02
-1.407715889297120659e+00
-4.608567469497450997e-01
3.968529747238731115e-02
3.194141418703249635e-01
5.031092322462208388e-01
8.450257272091444838e-01
6.444533721934483372e-01
4.932966737644898236e-01
4.039462767629376644e-02
-1.294462374155691986e+00
-4.406796860678299232e-01
4.945970671392190682e-02
3.170725375423738557e-01
5.026230967713943842e-01
8.489837294187599914e-01
6.156761582762123597e-01
6.439147115710501801e-01
1.787940825616856147e-02
-1.523432131565463532e+00
-7.032998834974822921e-01
-1.974695540701338903e-01
9.345396960702045952e-02
3.038147724865616905e-01
6.532226029398016109e-01
1.462601401082555264e-01
3.404210530271986057e-01
-2.377092584131013098e-02
-1.279055014950566838e+00
-4.048100683198682104e-01
8.889748174537921710e-02
3.593293787083152724e-01
5.372995240911742076e-01
8.862817115864043416e-01
6.947045665677649140e-01
6.657056840085170402e-01
3.873597052260505103e-02
-1.544684209359135751e+00
-6.607068426962090513e-01
-1.823769606656419073e-01
8.682885808339542433e-02
2.959793819501106982e-01
6.004504876918026479e-01
3.746822205571255782e-01
5.263124310867894461e-04
-1.213988116304723086e-01
-1.488928876106430543e+00
-6.106202370460900308e-01
-1.236401716362254405e-01
1.469770540901829681e-01
3.417562026230841488e-01
6.546727929146907154e-01
3.274425152524355620e-01
1.697282693989582425e-01
-1.794389697158219887e-01
-1.177638919056949618e+00
-4.315060170300907827e-01
5.029417749610473609e-02
2.802397503471671936e-01
4.913809401574731894e-01
8.027637741993198794e-01
6.532009423900092537e-01
8.959653831240592670e-01
2.536924362132499389e-01
-1.420786768166591552e+00
-6.452422390381687967e-01
-1.167611615421270121e-01
1.315311221040725009e-01
3.098559540827549585e-01
6.611485254868729733e-01
7.722145787577409104e-01
9.034873668210490205e-01
4.542848515491879624e-01
-2.204938552142344133e+00
-1.373802588503584277e+00
-1.064922083638705885e+00
-9.257090905743660114e-01
-7.509333411635389366e-01
-3.896361570462636426e-01
-6.464211629799092584e-01
-5.876631375541878644e-01
-6.073381152034548203e-01
-7.865840593274806558e-01
-2.686835857812502892e-01
1.387131889398726947e-01
2.684671708540317669e-01
4.493532762565278227e-01
7.257833110427845957e-01
8.691763250087850556e-01
1.001755689023640983e+00
5.226323891941386801e-01
-1.350750840316677248e+00
-5.107172460420733584e-01
-2.046413067318834239e-02
2.621682318095869824e-01
4.574057785020955724e-01
8.119704750008645000e-01
4.717892822961938792e-01
5.601749081717581902e-01
5.409721185625916001e-02
-2.137937670802513956e+00
-1.289297967221327612e+00
-7.502858712215478842e-01
-4.715457342448110545e-01
-2.644219315088862099e-01
5.864545985742267153e-02
-1.933818747114311454e-01
-4.659791585283717952e-02
-3.698404664334975500e-01
-1.742071910883091546e+00
-8.755521128853401835e-01
-3.154282966623220830e-01
-2.497330407126911733e-02
1.703785185022212434e-01
5.308385992161711586e-01
3.335172548455392350e-01
6.233594565633721052e-01
3.258993852727688767e-02
-2.125413404867720235e+00
-1.230817808400592961e+00
-7.900532456513381652e-01
-6.156564276092275634e-01
-4.092026030865982267e-01
-8.202928226224426300e-02
-7.002986050276810426e-01
-7.239930767498703457e-01
-4.064439994908972675e-01
-1.274054051951289956e+00
-4.841420535370210554e-01
7.413581593944656295e-04
2.549171051589844694e-01
4.590609265899164848e-01
7.867861210556506002e-01
4.387361025655903690e-01
6.866921155931436926e-01
6.632745855146462977e-02
-1.265883998991609527e+00
-4.612925084508167628e-01
2.459909294578598721e-02
2.855752056775273662e-01
4.808805761004760759e-01
8.229878359374450669e-01
5.599450519434056028e-01
6.989950410621209587e-01
4.027306157709306667e-02
-1.126513286565890226e+00
-4.902869560843299834e-01
6.251215941787541253e-03
1.980065545772772273e-01
3.816810219366149060e-01
6.781394300810213993e-01
7.541780653927089295e-01
9.182147293860494219e-01
4.064873990671035719e-01
-1.583125890918420486e+00
-6.718190165485539156e-01
-1.975920905304204001e-01
6.394872072135128482e-02
2.704067711920782879e-01
5.732480431683051325e-01
3.321288690989513959e-01
4.153558426590375774e-02
-2.854382750264413127e-01
-2.117958513786381225e+00
-1.273128165059995487e+00
-9.276747037197433654e-01
-7.664019862990810728e-01
-5.839409703911162541e-01
-2.344824921400608386e-01
-5.783262042990237051e-01
-7.223257588348906966e-01
-5.108265215166082340e-01
-2.085581980733387297e+00
-1.226806240613858456e+00
-8.107437456876337434e-01
-6.389234054562115128e-01
-4.546406503877198912e-01
-1.196897852501509762e-01
-5.176171219854109884e-01
-4.521913514246123644e-01
-4.810826308535463558e-01
-1.522211245991478279e+00
-6.659444345759997219e-01
-1.648462047208600345e-01
1.099291581607422658e-01
3.054869441941118202e-01
6.285057172952659421e-01
2.393969721095783043e-01
2.877478327658246071e-01
-1.803706962143729053e-01
-2.136141302173009127e+00
-1.258552956127202194e+00
-8.079819004329286125e-01
-6.418810468544144943e-01
-4.140038597723690317e-01
-1.067285326908941068e-01
-6.586692771493991572e-01
-6.473671802523718322e-01
-3.695535890863691497e-01
-1.208564713452475958e+00
-6.230321639500883135e-01
-1.452935337566827190e-01
3.462252740581202998e-02
2.563877851832208621e-01
5.710688863643865743e-01
7.697719485587620758e-01
9.067072738588066727e-01
4.475647259716509785e-01
-8.151180858055766532e-01
-2.731002334560754807e-01
1.694513574013364887e-01
3.171068864710337443e-01
4.633936806098435945e-01
7.308593465934235534e-01
7.885215204736861772e-01
9.370064802959130468e-01
4.876670068301638961e-01
-1.000710121033484556e+00
-4.374274194624351852e-01
1.023920679147583869e-02
1.650306802425322850e-01
3.863142945679067242e-01
6.947665149898565318e-01
8.732455928161897418e-01
9.946797730701890661e-01
5.437391444684179787e-01
-1.167787091523995402e+00
-3.981316408713155286e-01
7.239630490051553180e-02
3.253871947192323311e-01
5.257412379644372802e-01
8.710805896365133583e-01
6.693359270998000543e-01
8.356294468770438799e-01
1.608781399876128004e-01
-1.901915377764975323e+00
-1.176991998766980352e+00
-6.436260370144698539e-01
-3.672092840848791839e-01
-1.884512151283917192e-01
1.406355571435526364e-01
-1.798155010573291857e-01
7.473710682556876199e-03
-1.929422633534637610e-01
-2.149671976936033069e+00
-1.271726380841260662e+00
-8.918938908401304877e-01
-7.316404970249468231e-01
-5.566016519303480514e-01
-2.062195797285839571e-01
-3.570952459793829137e-01
-2.213750427368987306e-01
-2.681341109805884249e-01
-1.231313520474440759e+00
-4.667373879862392605e-01
4.205558213316417239e-04
2.412457820758849014e-01
4.543889557987717542e-01
7.762583000178432391e-01
5.948379536764364373e-01
8.288115192935514575e-01
1.371707727165692725e-01
-1.428224081223701036e+00
-6.953429241514780257e-01
-1.737488854232114577e-01
8.380033746952363083e-02
2.868977645108296004e-01
6.028926922076361938e-01
1.999325576876818666e-01
5.028303037289634236e-01
-1.898342924640959023e-02
-1.434245262963337986e+00
-5.604826020166079337e-01
-6.552018205906842696e-02
2.093972081844475142e-01
3.989155950723456412e-01
7.272869708250446763e-01
3.520866502121564046e-01
3.883493065251175658e-01
-7.928432465656082284e-02
-1.398640333642716227e+00
-4.891830214003869415e-01
-5.888134288733712883e-03
2.719460874107416104e-01
4.660199290548186490e-01
7.836531858387650873e-01
6.318658915849283408e-01
3.526606799558745231e-01
-8.298343914694353285e-02
-1.426967226912913000e+00
-5.098892799631421502e-01
-1.670329327946738426e-02
2.563692323585312072e-01
4.424055517806036453e-01
7.708696566658340688e-01
4.848678630415036439e-01
3.975030407664194021e-01
-7.126879566152953538e-02
-1.412428636632437007e+00
-5.222779275269904264e-01
-4.185574899135417054e-02
2.330332491570610287e-01
4.309408982389063003e-01
7.441081849066074616e-01
5.745775240405115447e-01
2.958341673514783832e-01
-1.349190887390255000e-01
-1.334987795634531293e+00
-4.576100376207264953e-01
3.632435633815693510e-02
3.162336191488604453e-01
5.067141368156772296e-01
8.357696885010326149e-01
6.875167199250533656e-01
4.137412634715991189e-01
5.379175878113131443e-02
-1.107605791591680378e+00
-4.043410334589950805e-01
7.269998483590092708e-02
2.849760481177467386e-01
4.939888285426695669e-01
7.970028953630328150e-01
7.886022642971004526e-01
9.823203923007481908e-01
3.982688590919332694e-01
-2.132007279788312282e+00
-1.265026363871556869e+00
-8.092408566809182746e-01
-6.386623194341798371e-01
-4.127092244785578457e-01
-1.004906455902455503e-01
-7.043892327463359138e-01
-6.831308775839579628e-01
-3.558452866680839044e-01
-1.640417205652815236e+00
-7.376718642867160503e-01
-2.635663020145941893e-01
-8.939563455636055991e-03
2.048116851371624136e-01
5.073113018584582967e-01
2.591168669106533318e-01
-9.711348723194891674e-02
-1.667888894243817199e-01
-1.460775778080101173e+00
-6.703039171099385296e-01
-1.566774673178838728e-01
1.139379008157258011e-01
3.344715013729830932e-01
6.885905926488314899e-01
5.096716827565395125e-01
7.908761232959684584e-01
1.745510243923460436e-01
-1.553462279984814565e+00
-6.582402484875684578e-01
-1.830845967892091586e-01
7.618139337193884086e-02
2.822817562317981310e-01
5.841115752813498263e-01
3.393942810022843037e-01
-2.292426026700830274e-02
-2.229150541044832845e-01
-2.215231447814415944e+00
-1.386447356153343025e+00
-1.083852668667537822e+00
-9.467059595404768713e-01
-7.726638970089992897e-01
-4.080459172146985170e-01
-5.581905728953476808e-01
-4.150975761037077327e-01
-5.046400122904121099e-01
-1.305144261272560335e+00
-4.283563124515129550e-01
7.073459913541073341e-02
3.455356662310185012e-01
5.314155005302834134e-01
8.611628751146825911e-01
7.245953158125468807e-01
5.154214919822533991e-01
-3.242130246532651250e-03
-2.020954954063929332e+00
-1.145003649104671561e+00
-6.808533401182766953e-01
-4.920373974167102649e-01
-2.928810391876194297e-01
9.865737420197666016e-03
-2.990814169624386731e-01
-1.548455866466378061e-01
-2.169896953853055199e-01
-1.614744221863351870e+00
-7.396835005578276112e-01
-2.679952222704293785e-01
-1.041676056226765665e-02
2.022673049984100302e-01
5.101111099273056837e-01
2.573146439428317112e-01
-1.526998845094948432e-01
-1.256246554211311872e-01
-1.311761693355971925e+00
-5.633270180386068526e-01
-6.323649315831587903e-02
1.850866588052231809e-01
3.953803805368142910e-01
7.131886907554683130e-01
3.583662427560678210e-01
6.494608870364726450e-01
7.414978621128968939e-02
-8.540844142412780116e-01
-3.478773138489988370e-01
6.618017745537892182e-02
2.059162881014996171e-01
3.822628921939433266e-01
6.684137472786736422e-01
8.378084318278329334e-01
9.766100130157999715e-01
5.091219982195708260e-01
-1.476675953526594087e+00
-8.441698908780359556e-01
-3.228480623649461756e-01
-1.176607198233199647e-01
8.090746773773316303e-02
3.874250091305943000e-01
4.447047015085714428e-01
6.824624497933167167e-01
8.657332764373626421e-02
-2.193863696472242886e+00
-1.284695204091867549e+00
-7.702516251729519814e-01
-5.463483436839988716e-01
-2.942698076980031496e-01
-2.502409472001244223e-02
-3.807859265199941001e-01
-3.185740618751449760e-01
-2.757419839951614216e-01
-1.588297476786967977e+00
-7.523693399629560741e-01
-2.485207304489996105e-01
1.995833961625213121e-02
2.380629362053163778e-01
5.590405042698092242e-01
1.943044830593200212e-01
3.771503439372921873e-01
-1.328689333489479762e-01
-2.165768538432818247e+00
-1.326678542522343962e+00
-9.544242905468653948e-01
-7.949838820161075903e-01
-6.095184859045623682e-01
-2.547456295413766392e-01
-7.785397996514968888e-01
-8.267007284523735233e-01
-4.024308239192284642e-01
-1.632056692282812360e+00
-8.136779838084442495e-01
-2.917051375252345813e-01
1.701509828224943626e-03
2.162826590349577749e-01
5.777755422657366857e-01
7.556111734048504003e-02
2.997375973738655719e-01
-5.229684237534401939e-03
-1.474116622599414894e+00
-6.507684686206411939e-01
-1.524469013858918143e-01
1.209309631916818950e-01
3.139375336016271278e-01
6.325131902732072930e-01
2.057569911479424640e-01
2.251647115687258061e-01
-1.002345247860049748e-01
-2.095200361060918670e+00
-1.278037178294983756e+00
-9.494941430307353158e-01
-7.954757710024566997e-01
-6.146923177771217439e-01
-2.571725689945902893e-01
-3.469005676981314901e-01
-2.283218310296410147e-01
-2.504105259657917193e-01
-1.241996071490080178e+00
-6.027356476018778109e-01
-1.142583691489221509e-01
7.655060335838324848e-02
2.391540458853077811e-01
5.440668781310132873e-01
6.329098018091207090e-01
8.011593871800465338e-01
3.387487618454004257e-01
-9.986005511951199232e-01
-3.742924736899889138e-01
9.534143370537695450e-02
2.878393213301081999e-01
4.861607994941032351e-01
7.805066820168004016e-01
8.938741236571760007e-01
1.044995744489159772e+00
5.253871010015893628e-01
-1.573497050287339993e+00
-6.620139554294572903e-01
-1.625925827408429003e-01
1.204118984350648208e-01
3.175636896657186847e-01
6.529752737537123375e-01
2.761768591422704699e-01
2.213296505913737167e-01
5.664157879200154913e-03
-1.651284710064026440e+00
-8.084680332994625962e-01
-3.437106199950726304e-01
-1.054625280064442755e-01
1.017510612268099912e-01
4.116116949045880435e-01
1.202745448890144564e-01
-9.923981024782860261e-02
-3.181474286741024504e-01
-1.317370536305613848e+00
-6.736768259180681007e-01
-1.987910978883787039e-01
-1.787365843358773576e-02
2.201830984698392168e-01
5.395293640012005509e-01
7.443319407260565734e-01
8.821181020783068760e-01
4.354014203154937812e-01
-1.179119895130635420e+00
-4.180525149045821731e-01
6.733231482139791224e-02
3.191120278491991757e-01
5.156906467050700327e-01
8.496465714305375672e-01
5.637689567802232071e-01
7.731837522562392540e-01
1.595076588856933208e-01
-2.140920164671670012e+00
-1.322177002135188406e+00
-9.932850375918660379e-01
-8.339855211651419076e-01
-6.518378968628498749e-01
-2.951848421846234305e-01
-6.654969710705275210e-01
-8.855284881680981490e-01
-4.103507521979482542e-01
-2.211412836119952541e+00
-1.332357285246927647e+00
-7.928437890961000933e-01
-5.074404827442607901e-01
-2.928801948945429778e-01
2.934549856372056439e-02
-2.267749840144943352e-01
-1.005344074151099526e-01
-2.917395470605197993e-01
-1.385739227810322438e+00
-4.726387410574705017e-01
1.695125364123548431e-02
2.991325713980803602e-01
4.905702019290867910e-01
8.168002541853446319e-01
6.646285198613572920e-01
4.022151170403300835e-01
7.164882449758072647e-02
-1.296883526518318730e+00
-4.248376129034041049e-01
5.487765514955427609e-02
3.286724671088322447e-01
5.162549796726778606e-01
8.385680707691278712e-01
6.733781289535939463e-01
4.203909518868458872e-01
-3.264021795539840537e-02
-8.934332605690519236e-01
-3.353570958476410624e-01
1.243968804964567104e-01
2.827982443222424869e-01
4.435651245430953238e-01
7.267136253320000128e-01
8.234775765746132903e-01
9.671522263052840795e-01
5.236103665827960274e-01
-1.335639293386411852e+00
-4.261028031899429247e-01
6.022306418091016161e-02
3.368481684282561006e-01
5.267661172444452200e-01
8.545575402395996223e-01
7.248187997041806163e-01
4.911588955238535004e-01
5.029059143799083365e-02
-2.043216652740914352e+00
-1.170868671165325781e+00
-6.603039751520680678e-01
-4.302386063806171723e-01
-2.088302744377038001e-01
6.558529097085534498e-02
-2.398383728265439663e-01
-6.656004104826677981e-02
-1.253135133843346904e-01
-1.293925124957118200e+00
-4.438705435766103768e-01
4.089067106674876273e-02
3.147772911363264092e-01
5.102271444804372669e-01
8.830202334942948150e-01
6.034820904124571506e-01
7.779648426462684174e-01
2.065262484505351326e-01
-1.452345356827378531e+00
-5.849039312587616113e-01
-1.049085455903622788e-01
1.643948117771119877e-01
3.660653928816972047e-01
6.708784156932975362e-01
4.590791606917231649e-01
1.208099226720710517e-01
-1.337427936599768219e-01
-2.149476312102315934e+00
-1.276033678094105728e+00
-8.650695249049762392e-01
-7.028165974770853586e-01
-5.150266963277797538e-01
-1.856593967040112425e-01
-4.598321019411127919e-01
-3.321274006570210102e-01
-3.550183811535654321e-01
-8.397372678614586361e-01
-2.664077000713183652e-01
1.672996896485576535e-01
3.137426590731550724e-01
4.642941915964597932e-01
7.305271758975097063e-01
7.915211447661205657e-01
9.493578704179034267e-01
5.045390755297863850e-01
-6.104431779823054072e-01
-1.009741372283126104e-01
3.060963837721561442e-01
4.267736455786133587e-01
5.705398946568775997e-01
7.994593001528685905e-01
7.945793936830266579e-01
9.663329172597641126e-01
5.055101537014128343e-01
-1.974452805267078892e+00
-1.126884189738709185e+00
-6.413846602329424940e-01
-4.409307427815974401e-01
-2.263697599659923176e-01
5.775108132965179469e-02
-2.401049692778896849e-01
-1.006297799397410653e-01
-2.019106803429524533e-01
-1.269936434908221390e+00
-4.293310443809564836e-01
6.128509657546831607e-02
3.382097205230898962e-01
5.239752172276879172e-01
8.888300217009934556e-01
6.459410638478504385e-01
7.087743335641353282e-01
1.779123003589028196e-01
-8.815989542142930180e-01
-3.296257718839379347e-01
8.336129348083420876e-02
2.216853764044209862e-01
4.357455168969410764e-01
7.402014346304548464e-01
9.076689711787476744e-01
1.038643517168106767e+00
5.782907827306766890e-01
-1.456810908758576106e+00
-5.383355842386867707e-01
-5.770191670553666274e-02
2.135985251403156315e-01
4.105826829009410761e-01
7.197164313648108935e-01
5.155330906733838203e-01
2.055277719037943707e-01
-1.031831396917224780e-01
-1.956494135889779162e+00
-1.235577196294074920e+00
-6.993425371658457124e-01
-4.228870207727610797e-01
-2.291659714446154794e-01
9.101166349686516666e-02
-1.145522288835161551e-01
5.907294196223341481e-02
-2.510944681910804444e-01
-1.055089488700217570e+00
-4.903220677680574235e-01
-1.352304289137371343e-02
1.588287942393663832e-01
3.184345821532750809e-01
6.141602190112905868e-01
7.329586834033456899e-01
8.801808360614741256e-01
4.581731963478509750e-01
-1.212136151612970059e+00
-3.838350664269012391e-01
1.063845112517232544e-01
3.689592861331331131e-01
5.500805471737085783e-01
8.946252979211637424e-01
6.387555973912699692e-01
7.557486928460398490e-01
1.581902664469591047e-01
-1.350972206108433049e+00
-4.577672774837261982e-01
3.508701969398549114e-02
3.085548166169654327e-01
4.950682294875238254e-01
8.187674768281058002e-01
6.268126313115660597e-01
4.110249938441391526e-01
-1.926469372356709106e-02
-2.053612045622463356e+00
-1.180055624274773951e+00
-7.436691917226097015e-01
-5.675313725397532760e-01
-3.779032242162946309e-01
-5.639459371100999374e-02
-2.620469376461901367e-01
-1.112168181022780283e-01
-1.559065102986954554e-01
-1.409811015687280733e+00
-5.572753506131101764e-01
-6.445603727951720874e-02
2.051694150557468177e-01
4.020799678918780540e-01
7.368304806086263259e-01
4.301218528809920838e-01
5.058575437127776908e-01
-1.045503769712869367e-02
-1.401628001565320636e+00
-5.821797346709733922e-01
-9.667017155913475157e-02
1.829878970913196845e-01
3.918138235569855188e-01
7.626575440374163684e-01
3.711334647315137625e-01
5.874803519737877844e-01
1.383863042273195398e-01
-6.298061626236969301e-01
-9.052647094665693117e-02
3.252121842261988527e-01
4.527237106789437360e-01
6.026624678774460397e-01
8.438120197698624203e-01
8.416794767551146750e-01
9.956795892141725446e-01
5.523945659236321193e-01
-2.687408909145868829e+00
-1.456562875085722686e+00
-8.682123346428375354e-01
-4.955323705540457535e-01
-3.031439214885397471e-01
9.629895223642678803e-02
-4.351289482499078876e-01
-2.696640059285103086e-01
-1.912823837255699932e-01
-1.358272719570082110e+00
-4.386990041178327471e-01
4.610077573389032707e-02
3.200490093650995571e-01
5.088019139111324973e-01
8.303818025519162926e-01
6.601492285713342900e-01
4.088820475288397205e-01
-1.052474114725537348e-02
-1.801491689527917828e+00
-9.225098705613149486e-01
-3.578991925366175608e-01
-5.978278812575295309e-02
1.357626962171550045e-01
5.348447899372751335e-01
4.770952374079422409e-01
7.131559730164754862e-01
1.839000713199597792e-01
-1.330443709682706643e+00
-5.306658237608748996e-01
-4.104934992320831422e-02
2.201568529299542387e-01
4.237097287051329042e-01
7.521728104012431748e-01
3.633683003584369797e-01
6.081313603636588905e-01
1.015222045039861770e-01
-1.275530957892662798e+00
-4.379893538398675901e-01
2.530704993180550588e-02
2.774906761530968602e-01
4.958524883606379441e-01
8.585920542418052914e-01
6.380989098203773136e-01
8.518169593028073194e-01
2.662234372283436845e-01
-1.556352464791302292e+00
-6.292939182482806260e-01
-1.534232291524427472e-01
1.193188680080476127e-01
3.254443420928508357e-01
6.360137488478598833e-01
4.347133563774056575e-01
7.416373500717234057e-02
2.411199539816114359e-02
-1.410751624106819868e+00
-4.591373918742021609e-01
3.019076467092720456e-02
3.131199534987009758e-01
5.019263937338397374e-01
8.352305063026868037e-01
6.909427857771991421e-01
4.346020535992913270e-01
1.408409912658107610e-01
-1.584233477833245196e+00
-7.225979228034363766e-01
-2.577635755527389327e-01
-8.670951116500954375e-03
2.002213996273559116e-01
5.040826735936081437e-01
2.356774641810011339e-01
-4.679084529541732013e-02
-1.094770856043733726e-01
-1.951342516034957786e+00
-1.082448266184354191e+00
-6.285517464234464668e-01
-4.338717774147247686e-01
-2.419230842725701713e-01
7.638395054777048776e-02
-2.144064020381070690e-01
-5.707025280420915947e-02
-7.341053316093651415e-02
-1.440062566901727292e+00
-8.333160159266139733e-01
-3.232674120187847833e-01
-1.205198812957577470e-01
8.545573556123124692e-02
3.931048288864895102e-01
4.607184026678467492e-01
7.030888716852253806e-01
1.395042445269832621e-01
-1.434193116257637124e+00
-5.339282977197271629e-01
-4.251603675148423606e-02
2.357798439351907749e-01
4.330559293711430113e-01
7.552491318571140644e-01
5.852737558090206349e-01
3.023462643923772175e-01
1.000524114388788854e-01
-1.615339396380463866e+00
-7.540910819980899404e-01
-2.290630227455818235e-01
5.164639600909077394e-02
2.359143414664959526e-01
6.296937828940841753e-01
7.712007030861572909e-01
8.989495461374014118e-01
4.758866300928064619e-01
-1.230021316828770139e+00
-5.076400635421691732e-01
-4.635200255369335137e-02
2.001116044395986060e-01
4.342509816652470600e-01
8.000555080932079122e-01
7.035582835792956180e-01
9.435076468398919669e-01
3.595414692325283323e-01
-1.489619421225137685e+00
-5.607282902632542143e-01
-7.893728425695845097e-02
1.915003475093744190e-01
3.916158605075255594e-01
6.999914981817363380e-01
5.075541142963501118e-01
2.172930118579923520e-01
-8.034609307712065052e-02
-1.400297600422748534e+00
-6.050574995204812678e-01
-1.099359872343621813e-01
1.392869696430243942e-01
3.509030991889659501e-01
7.265823984880894759e-01
7.999391004553578766e-01
9.690848461590011453e-01
4.679412021871073857e-01
-1.304055969747715871e+00
-4.388326339824477618e-01
5.057726639347522035e-02
3.281745948060130202e-01
5.160590733431051902e-01
8.412180525217608507e-01
7.084381516809465928e-01
4.873491453906760862e-01
4.010909074680599901e-02
-1.530994970767417529e+00
-5.981246130516825188e-01
-1.039500334424027644e-01
1.319017764477381227e-01
3.210098256714980502e-01
7.113908599111815612e-01
8.783604389773864707e-01
9.789407113285023554e-01
5.831826357246003845e-01
-1.337265610320620191e+00
-7.080650720753925986e-01
-2.131517556607057939e-01
-2.190937595684766537e-02
1.817359649358370743e-01
4.870938789326045293e-01
6.280488297058304248e-01
8.365151090304203674e-01
3.217736484925132201e-01
-7.956649436322201785e-01
-2.863038448014998960e-01
1.353813447050663255e-01
2.644662961936927736e-01
4.452799099286471884e-01
7.242575089488594298e-01
8.781661926474770841e-01
1.036760150100641820e+00
5.717532088626515741e-01
-1.450278056836121765e+00
-5.873788704323921195e-01
-8.661491291090776812e-02
1.852913964706746075e-01
3.800580909215316439e-01
7.123906723654710449e-01
4.166449332718233367e-01
4.422332411762281978e-01
2.289134151686079977e-02
-1.329094341086250131e+00
-4.860389633986958446e-01
-1.261668153448509619e-02
2.582348814777009616e-01
4.608776090892240940e-01
8.405256633729344395e-01
5.430032267172395510e-01
7.323735579504180304e-01
2.497246037738788671e-01
-1.724778890375881391e+00
-8.881292379718465080e-01
-3.168764860728867649e-01
-2.846963470698463811e-02
1.651400883016758969e-01
5.728972409173491709e-01
6.114455228126401964e-01
8.081336383249536626e-01
3.124267300544088521e-01
-1.518863940811253643e+00
-6.013619755843990777e-01
-1.226651439780066105e-01
1.529917021065274052e-01
3.571353335740710677e-01
6.712769239138790534e-01
4.867547553200629040e-01
1.579494005479589180e-01
8.972708953306614277e-02
-1.400689312444894696e+00
-4.843473660541154358e-01
2.290579840784867996e-03
2.776802344595481475e-01
4.710071484214354842e-01
7.863318130396462768e-01
6.163297180031565015e-01
3.297135111787315442e-01
2.029610854574509168e-02
-1.201384953014582146e+00
-3.802058094477909211e-01
9.667465483355386358e-02
3.478181038891510757e-01
5.416289751558408527e-01
8.767648476902590859e-01
6.353546652318389221e-01
8.443397249500365076e-01
2.758538858757885182e-01
-1.278573226281749076e+00
-4.477780196976328675e-01
3.876794360005680201e-02
3.092168344728140617e-01
4.969337163138017877e-01
8.754068727235624348e-01
6.196898558984135219e-01
7.269061628234576578e-01
2.627811523615827261e-01
-1.794250103308337563e+00
-9.269577256534845544e-01
-3.789532843609190738e-01
-6.827388912426790579e-02
1.234481156464383722e-01
5.461939723097751775e-01
5.248729126017575020e-01
7.497658473187966965e-01
2.505938875982803293e-01
-1.296885035570279898e+00
-5.023683924461490591e-01
-3.036520169682823192e-02
2.301805834298862874e-01
4.407404232499915198e-01
8.222269464190216093e-01
5.362410628305945837e-01
7.679807336301520682e-01
2.738090440096865308e-01
-1.420978606725372018e+00
-5.303186892965493504e-01
-4.958791714926285427e-02
2.264477342289069051e-01
4.242301709382818031e-01
7.362198243623702121e-01
5.775675549281590326e-01
3.254149046434027803e-01
1.431226936597688147e-03
-1.055049241033394702e+00
-4.233676526588985856e-01
5.551259852259265298e-02
2.362923042549371355e-01
4.169074434572447863e-01
7.087463606182227149e-01
8.212358391431974214e-01
9.689901059128799288e-01
5.360842141244321901e-01
-1.511488812223678480e+00
-6.328451142015850683e-01
-1.393911442625839769e-01
1.339512996438129988e-01
3.419455074139713391e-01
7.189000060835205597e-01
3.313578846785322773e-01
5.152767071468659088e-01
1.884818943585427620e-01
-5.311002577263438384e-01
-1.241628352991796733e-02
3.870714319763287059e-01
4.968208636489407359e-01
6.347728798775099657e-01
8.477899949438617577e-01
7.973224374230735156e-01
9.514987289289397188e-01
5.578770031604350921e-01
-1.437181895857947644e+00
-5.088354484844826997e-01
-1.907884912486457196e-02
2.656569433821800996e-01
4.569954757940744572e-01
7.860721872082934158e-01
6.339185546753216549e-01
3.630135333023142841e-01
1.835692289625858176e-01
-1.461045126228257107e+00
-5.441889709823897192e-01
-5.007511251080945525e-02
2.261379690760158545e-01
4.177670187132743185e-01
7.521670785370063728e-01
5.554807959556736785e-01
3.646027688356661134e-01
1.887160581030091211e-01
-1.327086437150682086e+00
-4.721852359419163037e-01
2.119590018284480543e-02
2.930324936662542790e-01
4.758133794236878433e-01
8.121611761474795133e-01
5.267967187581871213e-01
5.254857085264647010e-01
1.583696934259661848e-01
-1.334700472119769943e+00
-4.486019026386634523e-01
4.383163573427140136e-02
3.203976565607526417e-01
5.072219460061704321e-01
8.335386416626547890e-01
6.970684026624387464e-01
5.026314170426774419e-01
1.107213028534773935e-01
-1.324755525006838353e+00
-4.066908148387803901e-01
7.799682354332426737e-02
3.501273015945770006e-01
5.359949460539487065e-01
8.605711202605764720e-01
7.118652970969535643e-01
4.740196710504553934e-01
1.395779720292596726e-01
-1.633476641115730654e+00
-9.042786245458114269e-01
-3.894963441034071105e-01
-1.795383818528336339e-01
5.902907074442645396e-02
3.772881627629700030e-01
4.351667704531931302e-01
6.968318133736397524e-01
2.269768282787567593e-01
-1.427582777431061878e+00
-5.377828944389965171e-01
-4.934897825913392433e-02
2.304652886022292291e-01
4.254880127620545016e-01
7.500828448160549167e-01
6.028476608718046359e-01
3.346251323772843067e-01
2.527785264382042540e-01
-1.181774150116600808e+00
-4.007020353424338155e-01
7.853188896393484275e-02
3.313024567163063705e-01
5.239801848923844041e-01
8.612836192347306241e-01
5.934046851615372153e-01
7.946423086231414468e-01
3.641652204991533970e-01
-1.588726936001339851e+00
-6.970878965800851867e-01
-2.200102358883348763e-01
4.803693531971105907e-02
2.463973494968339228e-01
6.935827304083688194e-01
9.042205147332587067e-01
1.015605211015897957e+00
6.479333334387670229e-01
-2.048190416556582516e+00
-9.018578794840103052e-01
-3.738584149599524786e-01
-6.636734387229062393e-02
1.375751230332817598e-01
6.075390311433289670e-01
8.084896262095601083e-01
9.362024543640916630e-01
5.641407163290013127e-01
-1.439925092749366309e+00
-7.315879880795012058e-01
-2.163489490924842829e-01
2.334607362504413294e-02
2.530062129974543494e-01
6.493692804894496406e-01
7.377832098140995054e-01
9.412220898504127797e-01
5.090126788153541693e-01
-1.172563184192745522e+00
-5.726170697012623600e-01
-7.419749123732377605e-02
1.137912249562878925e-01
2.842733228378216404e-01
5.836969320631952840e-01
6.817215848651569932e-01
8.607195012835895387e-01
5.424390041858675460e-01
-1.378479183779542927e+00
-5.123078092124101479e-01
-3.285277715353039640e-02
2.500374641166220324e-01
4.419393915541712237e-01
7.697998597245671037e-01
6.324575288479894475e-01
4.078157570839957557e-01
3.517725494375610884e-01
-1.401205933442384977e+00
-4.884629121420132614e-01
-2.298766854790258805e-03
2.721888023385159450e-01
4.653200456365407245e-01
7.804158846297035712e-01
6.125938161070618726e-01
3.892106781335974430e-01
3.283998189514953370e-01
-1.137745284383081312e+00
-5.471221712441429741e-01
-6.313982765404109465e-02
1.162503422110071349e-01
2.765730778784141197e-01
5.732672996073521210e-01
6.941286036503141466e-01
8.542048157365619288e-01
6.036829581445324333e-01
-1.479228928895736539e+00
-5.435900556549982943e-01
-4.868773234861251825e-02
2.242099049405786582e-01
4.145341242430425899e-01
7.445719318330801251e-01
5.636506117720565534e-01
4.888275577306964159e-01
4.020484972225174536e-01
-1.359764151596879245e+00
-4.475113627366806845e-01
4.370849933343119720e-02
3.200596915595815273e-01
5.055531847099486997e-01
8.437691697561882087e-01
7.352009621005440865e-01
5.591720553807641991e-01
4.812216191045552982e-01
-1.306534301051133218e+00
-4.350691069906857944e-01
5.512824497516573968e-02
3.312638157197512201e-01
5.180412900178710256e-01
8.405547137058971829e-01
6.869111760748720652e-01
4.998773841851957833e-01
4.254497970566225029e-01
-1.266291373630565431e+00
-6.245485707011312337e-01
-1.423514651668702780e-01
8.354923197080092734e-02
3.182944962423665536e-01
7.001947738587998016e-01
7.690413399494262503e-01
9.987527020391189225e-01
6.289138656027474239e-01
-1.100963310124227768e+00
-5.406092997550751011e-01
-8.387346760503691656e-02
7.199664007492997952e-02
2.527951586361807945e-01
5.468869928195853047e-01
7.212590246757348833e-01
9.481702285956546961e-01
6.446938500623409229e-01
-1.319704515331480810e+00
-5.539495688388872408e-01
-5.782849717354353325e-02
2.046873410315724340e-01
4.101717773676619716e-01
7.343908744232117147e-01
4.230572023022527994e-01
6.717186222207994772e-01
6.211662787027821819e-01
-1.558568525498569945e+00
-8.898553384416176826e-01
-3.901196719001411295e-01
-1.976449986552202831e-01
9.511025534278121085e-03
3.289311276917524229e-01
4.887739404516854291e-01
7.671549254713471155e-01
5.140439324451897551e-01
-2.130940325125508128e+00
-1.297636493808024705e+00
-9.317137398532503445e-01
-7.723124900404725324e-01
-5.791800563075338859e-01
-1.775700122358970234e-01
1.521789955669314021e-01
3.688583049773901945e-01
4.001720212418461986e-01
-1.498585010053745670e+00
-6.190663992792212467e-01
-1.434728971250473495e-01
1.222272680791168797e-01
3.251254867878585197e-01
6.279719115331797719e-01
4.375976063922824011e-01
4.021953165986692502e-01
4.890270027576049117e-01
-6.500905734089036381e-01
-1.691169110348073046e-01
2.143483706052297655e-01
3.254737750669813301e-01
4.701119725061428944e-01
6.928607161640496503e-01
7.429346160128378340e-01
9.826541503755424900e-01
7.027725022005010258e-01
-1.541371454231493132e+00
-6.842839170157510864e-01
-2.034855359515098661e-01
4.727207850269449924e-02
2.821681169194686367e-01
6.506962559901945387e-01
4.573672400461096799e-01
7.319824895398019393e-01
5.526903154426917597e-01
-2.080107793519442527e+00
-1.231285021592840367e+00
-7.597225259250719454e-01
-5.818357865848334809e-01
-3.548014519529089084e-01
-3.063845221189246890e-02
2.112730184474163331e-01
4.021825034689967548e-01
4.289973308115416772e-01
-1.470485113326076121e+00
-5.986474217158004318e-01
-1.146833502101213403e-01
1.564332231471169121e-01
3.588025060034102931e-01
6.650985134282074718e-01
5.026667742069990119e-01
4.205954828468923545e-01
3.744672755267550723e-01
-2.946772732694600716e+00
-1.521201973274705965e+00
-8.998733281530725270e-01
-4.490780554488205123e-01
-2.386968111641630530e-01
3.520262857806164547e-01
3.654692776976761204e-01
6.486642154511030878e-01
5.194448355755914015e-01
-1.857559094572566849e+00
-1.109899727314913820e+00
-5.967924911311970337e-01
-3.446129015477721325e-01
-1.306374622165565325e-01
1.765437015550358757e-01
3.334856976909740256e-01
5.626188617383820478e-01
6.680458842339588310e-01
-1.307826579401563327e+00
-5.035253046675516320e-01
-4.105739731022452210e-02
2.098953881127106902e-01
4.229400368451612380e-01
7.942276142190741739e-01
5.993063348163946147e-01
8.323363852716161304e-01
6.086874083102298272e-01
-1.140286124299689341e+00
-4.238137793470991843e-01
5.324651801602878209e-02
2.802839200376442408e-01
4.912045016250959351e-01
8.009129736778831665e-01
7.024346188247285738e-01
9.365153232069916012e-01
7.223312387164347870e-01
-8.151794983164915021e-01
-3.083414022383119679e-01
7.894675608581286363e-02
2.022970723809304205e-01
3.615160841886861931e-01
6.203534317277816790e-01
7.384105027921297193e-01
9.825809356807650996e-01
7.014482062083591263e-01
-1.746972301254313242e+00
-8.206434915296956234e-01
-3.590299995176601811e-01
-1.216653627404358923e-01
9.032233019955852871e-02
4.023234012765534717e-01
2.612501424029070041e-01
3.322843696151442372e-01
4.135963581278337964e-01
-1.150433012642583686e+00
-3.628378858854028888e-01
1.129622802112573987e-01
3.636030293472711783e-01
5.566136303119921802e-01
8.949591337289267701e-01
6.867906967030111831e-01
8.798857022524043670e-01
7.079206558627630930e-01
-2.073773808527442863e+00
-9.429591987310382839e-01
-4.173229879401541553e-01
-1.016033866851047407e-01
9.803070757197093754e-02
6.215084003567329374e-01
8.911524016102581047e-01
1.040646143696326131e+00
7.589149781726324262e-01
-9.190633803594967510e-01
-2.921428459724954574e-01
1.665080068110466327e-01
3.395633737375862715e-01
5.301493338368272745e-01
8.135590429339697449e-01
9.326571710143524152e-01
1.068927349518051573e+00
8.172567411344662247e-01
-1.912270929731040070e+00
-1.104898212033072591e+00
-5.339297639096293180e-01
-2.238806786737004284e-01
1.033356370859746069e-02
5.151526124670450235e-01
7.885690209185919342e-01
9.647590298821513422e-01
7.066479052072612843e-01
-2.159035810372477826e+00
-1.338835410280739380e+00
-1.021722114528730518e+00
-8.610501108830789230e-01
-6.670202528931965524e-01
-2.358797176142353458e-01
1.099541348423185329e-02
2.131778343659779529e-01
4.840613807208357100e-01
-1.358548506386482613e+00
-4.277334908605456842e-01
6.776268669142757051e-02
3.427024647838503024e-01
5.275961502763287791e-01
8.593547001567429788e-01
7.336720040495603445e-01
6.277961912842513481e-01
4.774690657376060576e-01
-2.056398615801968699e+00
-1.197532663124328378e+00
-8.239432986611860965e-01
-6.476059911209650632e-01
-4.524876413063024794e-01
-7.242928487279197414e-02
1.379234490135234636e-01
3.080307665915894555e-01
4.499230505043307904e-01
-1.401873119528902256e+00
-4.768484980085732627e-01
3.130580012907801125e-03
2.781406086638462116e-01
4.676191264913325818e-01
7.987396159944786245e-01
6.879037450266025644e-01
5.388525816787068656e-01
5.753353256347338851e-01
-2.155641541732185917e+00
-1.221838441693088750e+00
-8.673028421278830002e-01
-6.665598269674249954e-01
-4.750531844679053983e-01
-5.346262886092297689e-02
3.084716687216456088e-01
5.431770656893216698e-01
6.521849567409880866e-01
-1.513436210729839804e+00
-7.089610010174348664e-01
-2.160986379185196593e-01
5.076194679596870291e-02
2.474555607859018069e-01
5.859751234146032273e-01
3.369395634098734105e-01
4.462620228388536892e-01
5.628724898129980891e-01
-1.370108819817613011e+00
-4.506766039699498516e-01
3.437351117324331101e-02
3.090661462678388482e-01
4.976749069164966843e-01
8.227106501369073621e-01
6.704860779475454446e-01
5.552331426153075400e-01
5.120769424680312598e-01
-1.604633773376784367e+00
-7.517369285525570266e-01
-2.650830565800499916e-01
-4.201272541787056552e-04
1.993103999778554347e-01
5.328929789808628525e-01
2.832778399569026995e-01
4.073558373871485894e-01
5.576767524012994359e-01
-1.470729427516427101e+00
-6.792372753501019211e-01
-1.746485205142802033e-01
9.916570677851306581e-02
2.987704346997976379e-01
6.196944009003771958e-01
4.361505898824156180e-01
6.472450211126947739e-01
7.210111939453091034e-01
-1.204397959606810398e+00
-4.120057687270404223e-01
6.019580824599573415e-02
3.196515691829969197e-01
5.042635759552271946e-01
8.570376830563811721e-01
6.924176790839383644e-01
8.429902673542494229e-01
6.177140718769170702e-01
-1.417565522819174584e+00
-5.323876198455935738e-01
-5.346753182995449966e-02
2.185355749504686862e-01
4.156097953139367696e-01
7.267802945962039685e-01
5.560919714194403340e-01
5.300386307119412388e-01
6.130180698989813326e-01
-2.172544995310363714e+00
-1.303284686803620307e+00
-8.808953842611314533e-01
-7.552755314437944456e-01
-5.254233992975745338e-01
-1.661797449223133827e-01
6.947337135082852499e-02
2.669907125350209909e-01
5.381982370240527835e-01
-1.378754236969698344e+00
-4.668918506182581085e-01
1.533595954324798102e-02
2.898699249969772795e-01
4.798889201783536063e-01
7.984284246565149790e-01
6.430367664428839891e-01
5.597861576955187601e-01
6.116805430159670820e-01
-1.226893473245354471e+00
-4.530390998577579764e-01
2.878847976994623747e-02
2.797429130785239471e-01
4.847082041899890559e-01
8.112677486143626826e-01
6.051089567574648997e-01
8.325509464439720952e-01
7.531637783239560902e-01
-1.491752610450728156e+00
-5.688631927127456578e-01
-9.193129776795835872e-02
1.606981854310796931e-01
3.762241520145639395e-01
7.412301718373752735e-01
5.190675168338296785e-01
7.470429452853566410e-01
6.271737168019545505e-01
-1.306998019386301779e+00
-5.247902032772971959e-01
-5.479959961409251040e-02
1.813361676513687293e-01
4.065443533200202575e-01
7.652106575935143651e-01
6.275599521444605866e-01
8.976859016445549733e-01
6.694074261065366960e-01
-1.565916789533186915e+00
-6.628162885751935907e-01
-1.805946390186942418e-01
8.658046330240351529e-02
2.929950292840785564e-01
6.003747556325857992e-01
4.515971134245114205e-01
3.761268908643932152e-01
5.544102886590119850e-01
-1.344456284298988669e+00
-4.344401339084985603e-01
5.758400362627792007e-02
3.334989855409006276e-01
5.178952480550168547e-01
8.439226717620623708e-01
6.868605838703076838e-01
5.980922956328882378e-01
6.075970958696780277e-01
-1.432658030570331142e+00
-4.941007797091616638e-01
-1.290872107554142355e-02
2.658930662080232765e-01
4.549822589724080157e-01
7.835004821206791314e-01
6.718123968322384787e-01
5.341337262411144371e-01
5.948052228660384300e-01
-2.199122126936618571e+00
-1.427714724259573797e+00
-8.948647998042531526e-01
-6.138231225409175318e-01
-3.878512359127506692e-01
-2.107701623583352335e-02
2.466365631645989209e-01
4.547994880414102936e-01
5.461956332173940609e-01
-5.668732278147343706e-01
-5.300597177888490691e-02
3.453779606621505405e-01
4.637576083919352499e-01
6.038819737815190880e-01
8.229798839808031286e-01
8.198426727866792163e-01
9.719505334710016875e-01
8.384469733747276221e-01
-1.419517417953964022e+00
-5.352568099492711617e-01
-4.941858829582429502e-02
2.275986450024373442e-01
4.236242424828983166e-01
7.407253040542491895e-01
6.224822525818086705e-01
5.006760608278677527e-01
5.856723973337747413e-01
-2.183037942011403665e+00
-1.331321497796712494e+00
-9.578839196313360116e-01
-8.070265010696678898e-01
-5.929176504594334540e-01
-1.549047770575267546e-01
1.112182865710101970e-01
2.975525973239221411e-01
5.612407327737807261e-01
-1.180515882959985996e+00
-4.643020418986132380e-01
-3.443661851582961470e-03
2.304709445024343273e-01
4.422843823034344202e-01
7.734338490668690724e-01
6.406369541236781595e-01
8.995947954273205704e-01
6.513756438634485946e-01
-1.541696903876168978e+00
-6.378573399544137379e-01
-1.488968699751228308e-01
1.162044242630714125e-01
3.177475509497161843e-01
6.248558404770784280e-01
4.931248862677582445e-01
6.332413399341804139e-01
7.252941926650224858e-01
-1.283637495053333133e+00
-4.360951243215884232e-01
4.586169984227855129e-02
3.189867536549020333e-01
4.907568030274905291e-01
8.530905921831412053e-01
7.056084340390285092e-01
7.140716144664626119e-01
6.586755412138964871e-01
-1.307682122987801732e+00
-6.676844234422032454e-01
-1.835263566473219754e-01
2.893669437371964095e-02
2.003350976706859410e-01
5.084469885628335462e-01
6.438033885208830354e-01
8.143768718587781619e-01
8.236942551785128019e-01
-1.084077321905795088e+01
-1.355288176828574942e+00
-7.625481120662429557e-01
-3.371565325802161062e-01
-1.406177531265789538e-01
4.350095236021387923e-01
6.571637113087069881e-01
8.783365422514055609e-01
6.800813559605725089e-01
-1.955851316586465494e+00
-1.317844166961363861e+00
-6.912966450937642060e-01
-2.994121009030000224e-01
-8.394375655813669790e-02
4.988605970515156418e-01
7.967222935676981921e-01
9.713380386676917499e-01
7.475194910764453304e-01
-1.419725078628070847e+00
-5.049957552203067079e-01
-2.461180587259343550e-02
2.477806405790533018e-01
4.446476478274648536e-01
7.584124314723638127e-01
6.181116087745828214e-01
6.144736965333407186e-01
7.002387513281588260e-01
-1.435116962577530630e+00
-7.926646049531457239e-01
-3.655057383470966537e-01
-1.619576199213332568e-01
4.519940132032210234e-02
3.567910391186356889e-01
5.856593031151111628e-01
7.493300959553518270e-01
8.038187103464495831e-01
-1.306984505028858434e+00
-5.070419373216757952e-01
-3.876596196351156376e-02
2.089840259614135498e-01
4.176627375299724609e-01
7.471378777066164378e-01
5.450790626125083804e-01
7.851833016391732700e-01
6.277326167911102539e-01
-1.228439686717859969e+00
-3.858566192320787569e-01
1.064966718367633819e-01
3.669198043114110241e-01
5.516026078668977428e-01
8.965898311301582213e-01
7.071381928307319820e-01
8.435941003710123454e-01
7.901771406427835487e-01
-1.448962769036025167e+00
-6.822229526308090097e-01
-2.026157147458146901e-01
5.062882283470980516e-02
2.797348007062510633e-01
6.359395832555803096e-01
4.190247096940941662e-01
6.570928513672847915e-01
6.430360949890014943e-01
-1.550166046381043161e+00
-7.272185609785952742e-01
-2.629707247376874002e-01
-1.826569834961339067e-02
1.913643814699365620e-01
5.029528602876796040e-01
4.204418398809730006e-01
5.873402924427832961e-01
7.002342540909909374e-01
-1.301523160941050028e+00
-4.482851167832902495e-01
4.134864529912933573e-02
3.036623377199463292e-01
4.850949598813981134e-01
8.364718491199812922e-01
6.538639935163056416e-01
7.742793835135333147e-01
6.256261661451719691e-01
-1.275383029352106234e+00
-4.180670206931091926e-01
6.555612830645055067e-02
3.239460207641947087e-01
5.168962675559612974e-01
8.553070557536321949e-01
6.535513544868327696e-01
8.385228210109672009e-01
7.922758820304017791e-01
-3.348805786497635939e+00
-1.755898870422148095e+00
-1.097569247897813627e+00
-6.891336004704374796e-01
-4.689688062418533310e-01
6.778140278478228531e-03
1.259737174822077588e-01
3.196818960584045799e-01
6.033523211708263778e-01
-1.084077321905795088e+01
-1.549498903182300324e+00
-9.736264518378724420e-01
-4.936560908291112715e-01
-2.989615853692691450e-01
3.302581221643744458e-01
3.741524880738218983e-01
6.638232542196675912e-01
6.305923342947964416e-01
-8.788887073777240655e-01
-3.268891689453638505e-01
1.142767925733004925e-01
2.810766028757244461e-01
4.392446625359047729e-01
7.165178603735533613e-01
8.582952086708790507e-01
9.897972529390893781e-01
8.685876563356946800e-01
-1.253768302761003151e+00
-4.084971771791849338e-01
7.906486151697085518e-02
3.446220033009590455e-01
5.207764205216831588e-01
8.735908188722268930e-01
7.027175036801993624e-01
8.065531204028411061e-01
6.300455902040775769e-01
-1.409994982739843916e+00
-4.605614300140207784e-01
2.995270926982019147e-02
3.047465240913559414e-01
4.904498853341970332e-01
8.228061847973713316e-01
7.189108962816574966e-01
6.075773396882607758e-01
6.457186872384163001e-01
-1.349531890226387976e+00
-5.106119316446640077e-01
-2.026267519558576716e-02
2.522088940480301522e-01
4.428658718637202285e-01
7.784775551844818064e-01
5.358075242664288584e-01
7.084098905974890448e-01
7.454666374442452392e-01
-4.909504721580656428e-01
2.223418089672162673e-02
4.163398449326255468e-01
5.298471574698992992e-01
6.736772669214049492e-01
8.907036010321425223e-01
8.977219402912480772e-01
1.028801428126861595e+00
8.819627767124512685e-01
-8.566514486487940561e-01
-3.752461911141242723e-01
1.736148228045962874e-02
1.503855272008143285e-01
3.321071225146260963e-01
6.195902178009898842e-01
7.771789472003487464e-01
1.020572157075783304e+00
7.815305649451500525e-01
-2.079566599898071022e+00
-1.293651122072116744e+00
-7.310592156836425159e-01
-4.730536942189209060e-01
-2.443545009286244574e-01
1.078492760062190609e-01
2.860919048671803355e-01
5.022330296727536281e-01
5.996624305711194536e-01
-1.084077321905795088e+01
-1.718133350930830083e+00
-1.128050386997107024e+00
-6.969006793803201871e-01
-4.730708247982108872e-01
3.484403814999794541e-02
1.376212677189938283e-01
3.319565022074715821e-01
6.176302556347837980e-01
-1.409850229294806301e+00
-7.729176683272432902e-01
-2.994217070296126826e-01
-6.781000934862116414e-02
1.136682208134825872e-01
4.326891047692111858e-01
6.566089375530760330e-01
8.102300879388641963e-01
8.520383691103011747e-01
-7.757522913999521652e-01
-2.094117359898962638e-01
2.267013608036410610e-01
3.793280287597986522e-01
5.454112084560001072e-01
8.142063710123897957e-01
9.306521415446127321e-01
1.058362719348138192e+00
8.877631311482757637e-01
-8.055544697669180243e-01
-2.556574384232028763e-01
1.653500102848531328e-01
3.026172482134744102e-01
4.540595456466499646e-01
7.054744896166121881e-01
7.851494659257598485e-01
9.540416107313295369e-01
8.659518348853744163e-01
-2.041032163761285378e+00
-1.265710497749115815e+00
-8.979406260255177186e-01
-7.000837003083849597e-01
-4.904965502134843724e-01
-5.046213279689135134e-02
3.431438454996555421e-01
5.904803742425683843e-01
7.097456159639848883e-01
-1.395328865000437846e+00
-5.174702764839159697e-01
-3.778570073447289068e-02
2.407087359869684862e-01
4.339852824945368837e-01
7.498702818693894212e-01
6.222525178257733991e-01
5.428635924699921622e-01
5.489398307375492614e-01
-8.483452694355246848e-01
-3.021764063222209806e-01
1.379074844646300813e-01
3.034574173690364751e-01
4.629048231932486046e-01
7.402349673743211511e-01
8.909164678071607169e-01
1.010297058169465467e+00
8.881875648248817035e-01
-1.885564043932596023e+00
-9.993877313224530656e-01
-5.126043810380530585e-01
-2.811671420493340734e-01
-6.918106590891003049e-02
2.338920023864397013e-01
3.447709239435518547e-01
5.992057358360640684e-01
7.196405037485725797e-01
-1.308689974881466878e+00
-4.072440636094523114e-01
8.876229731819401669e-02
3.634394604131858664e-01
5.470287175481737263e-01
8.755443119279925357e-01
7.455811259386662115e-01
7.196807310161517091e-01
7.612443159024619987e-01
-7.961403896424664728e-01
-2.211379684749123775e-01
2.224815358364718998e-01
3.923305238025716624e-01
5.763168121436924585e-01
8.555155497094656392e-01
9.866616706209363485e-01
1.108566816066480110e+00
9.032782604322706632e-01
-1.448133692394203420e+00
-5.697785384900365679e-01
-7.528652336250424293e-02
1.910613146861698530e-01
3.812480113744596277e-01
7.354031638412479310e-01
5.222424422918106046e-01
6.205677096122736991e-01
6.712705403072382060e-01
-2.129946134245127354e+00
-1.305840009238525834e+00
-9.685585970610781636e-01
-8.066123154024995578e-01
-6.003830241197424256e-01
-1.615452475702428281e-01
2.225304506837213203e-01
4.433448780289799829e-01
5.184544783215567776e-01
-1.509397234315619896e+00
-6.183396714613359491e-01
-1.414790956603167171e-01
1.317619813530394313e-01
3.357398411330846377e-01
6.452280266136908304e-01
5.181641873342992533e-01
4.467317842909369618e-01
6.340652482852870975e-01
-1.477140592415777887e+00
-6.198705859893712811e-01
-1.323892490910770769e-01
1.379649506807300030e-01
3.370814665151086187e-01
6.665822668345841029e-01
4.406888725923037153e-01
6.320408009999977095e-01
6.300621047616499215e-01
-2.293399300778749872e+00
-1.334705975911988141e+00
-8.496050146983316065e-01
-6.633722955982590541e-01
-4.202756687159303062e-01
-1.045124445284690978e-01
1.436541208980002537e-01
3.399734137137483403e-01
6.415065372214900918e-01
-1.052419123000905898e+00
-4.886566136410665506e-01
-2.972007727205297836e-02
1.678682816665176825e-01
3.404162452018510976e-01
6.332833601872507323e-01
7.797161433800299246e-01
9.238083519256462539e-01
8.833174243342114540e-01
-1.734885071990620808e+00
-8.921138521851934566e-01
-4.310521710756730629e-01
-2.057767839920284780e-01
5.657835743420848267e-03
3.222002174834334709e-01
2.433540578239748453e-01
3.680249316348311872e-01
6.269801274158651738e-01
-1.081761788469703278e+00
-5.177222724991965563e-01
-5.171286769130736122e-02
1.331236190577855250e-01
2.964801411339544890e-01
5.896545622057631775e-01
7.581699298948157972e-01
9.192428202626947709e-01
8.830600796596702606e-01
-1.330368348020914970e+00
-4.409543243934804235e-01
5.351051318892992986e-02
3.288375732964460840e-01
5.138693288836323481e-01
8.443242945459659143e-01
7.433233967108877627e-01
6.458510850356339317e-01
6.395208655379357454e-01
-1.535035952970581263e+00
-6.919873471128582532e-01
-2.139209176938758339e-01
4.939703021110068704e-02
2.569408316336425635e-01
5.597458975400358971e-01
4.288106273789374923e-01
4.226761550252648436e-01
6.346021758967402837e-01
-1.461240770483865026e+00
-6.552581638818909537e-01
-1.696243493098340549e-01
4.804128896635128515e-02
2.853478634586600338e-01
6.385811564425311060e-01
7.027675702355237197e-01
9.790981751195376726e-01
7.610728653531888543e-01
-2.001885085304603074e+00
-1.060918307474304711e+00
-7.024773328129767513e-01
-4.814154690269267234e-01
-3.027650422991142731e-01
1.098574633621474256e-01
4.706746001014135428e-01
6.870933590596846052e-01
7.874369286375614285e-01
-6.992574523129152508e-01
-1.619737208965677522e-01
2.379438003342459196e-01
3.782172008539635977e-01
5.178356466600939623e-01
7.681444178269666301e-01
8.744816762567080293e-01
1.000544929743774958e+00
9.078751008020577995e-01
-1.373078752734758767e+00
-5.592905700537227354e-01
-7.944966738605446777e-02
1.796878709669448293e-01
3.800476435087378202e-01
7.384560374556451423e-01
5.174448995147600261e-01
6.828957746826778141e-01
7.000757847259729827e-01
-1.363825057458346590e+00
-5.962969178255757008e-01
-1.265843386294846218e-01
6.770697596441216382e-02
2.828086032035611042e-01
5.845303283985823217e-01
6.444803658930440271e-01
9.230573704344264829e-01
7.512650644995702010e-01
-1.342266323009743356e+00
-7.588959511143636982e-01
-2.945536150381524720e-01
-1.155580799778523626e-01
8.187920857792178875e-02
4.146302731185084189e-01
6.614164766356478431e-01
9.013454016030815197e-01
7.517405341186217393e-01
-1.721260003257923499e+00
-9.590084025615359664e-01
-4.764514879728021790e-01
-1.585650237887511194e-01
5.291000268321066624e-02
5.703381561087601526e-01
8.539124579875138066e-01
1.035856575889825049e+00
8.168016225204437486e-01
-1.000986486727632574e+00
-4.692961403005340149e-01
1.018155778407073796e-03
2.357517774539105992e-01
4.386184041490363006e-01
7.458136513961702851e-01
7.759070663433110804e-01
9.061612477131718579e-01
8.887243518202706527e-01
-1.084077321905795088e+01
-1.437146079480665861e+00
-9.049799910513788292e-01
-4.295130717335234882e-01
-2.247534325384276943e-01
3.928409589600230234e-01
5.916891097434713309e-01
8.424756442028090708e-01
7.206776359133698628e-01
-1.088382847030004541e+00
-5.097740609088015074e-01
-5.050920670573454119e-02
1.292969381657783634e-01
2.870827695926507772e-01
5.774262596486738897e-01
7.595523677781039762e-01
9.227868722621915820e-01
8.991490702163122961e-01
-1.248432300550675000e+00
-3.896939202169528715e-01
1.017494117858116637e-01
3.740986269915704265e-01
5.541198141104319852e-01
8.907026668902313649e-01
7.521919153898490862e-01
7.791103083426170750e-01
8.112071948627137541e-01
-1.524583456201310305e+00
-5.973528032008739164e-01
-1.224234650459848223e-01
1.516736707215276536e-01
3.547599423153794951e-01
6.610668748754303659e-01
5.267226547823322669e-01
5.206621194596068314e-01
5.727418753995257017e-01
-2.110470654151660241e+00
-1.335618094421453073e+00
-1.000499432516580356e+00
-8.298986111649715447e-01
-6.306220115889891176e-01
-1.462137763622658460e-01
1.702832234495919306e-01
3.598620689845988818e-01
6.452834539798679714e-01
-1.336094247609863395e+00
-5.027249735925354290e-01
-4.847891400761369408e-03
2.650514183155601167e-01
4.451390672004449933e-01
7.959512018784390408e-01
6.416999998645350756e-01
6.610154815538062945e-01
7.236089103101798203e-01
-1.426194644883288287e+00
-8.011629656784451381e-01
-4.686713287216754953e-01
-2.841733643493407624e-01
-9.855783292410193186e-02
2.756331944537861456e-01
6.094644000361523206e-01
7.856161988011614028e-01
8.552655543612187605e-01
-1.084077321905795088e+01
-1.603190826685187309e+00
-9.578747509636466040e-01
-5.052876494896125781e-01
-2.729032812247879636e-01
3.425693786363513405e-01
5.825086970721627955e-01
8.380329580477537954e-01
7.409293125392947266e-01
-1.404570360444082677e+00
-4.946314494739758039e-01
-6.078045810887737835e-03
2.467990805861083048e-01
4.403218937382513687e-01
7.567234370521410680e-01
7.519701815283884594e-01
8.732547932080437780e-01
8.921294395806468325e-01
-1.353406906484311278e+00
-4.670184152037839542e-01
2.965532621161887095e-02
3.020612248853678516e-01
4.950170343581136723e-01
8.137732063441339703e-01
7.550892255542479559e-01
8.178020194816277844e-01
8.668594425358976396e-01
-2.483789057045645787e+00
-1.129053296175258625e+00
-5.604355193330350371e-01
-2.469143654435284052e-01
-2.714909409807219828e-02
5.138065115674670391e-01
8.104578612168632512e-01
1.004408268147531258e+00
8.160200989840664665e-01
-1.343737957568695185e+00
-5.299046710954649075e-01
-7.636377990269531402e-02
1.470301500725088306e-01
3.801925510287853527e-01
7.267848690961240532e-01
6.637891762873060486e-01
9.620911773800197020e-01
7.832402835919830553e-01
-1.354450363332681206e+00
-4.584938191518614370e-01
2.197866048506055478e-02
2.988530869284120595e-01
4.888893481187993051e-01
8.103956392248410356e-01
6.829348466012896690e-01
6.125549156413930829e-01
6.312713704883073929e-01
-1.664296892158339203e+00
-7.771701259457818312e-01
-3.146161230436147482e-01
-6.712087064317692753e-02
1.444411600773721494e-01
4.511553061288339772e-01
3.428465382789601668e-01
4.139551299242378302e-01
6.689084337870060404e-01
-1.084077321905795088e+01
-2.352430076031445161e+00
-1.770140044321309558e+00
-9.595744240844056305e-01
-7.246053074403331351e-01
8.006391075074463211e-04
2.086104883901226115e-01
4.049019205914793917e-01
6.938005928771123765e-01
-1.084077321905795088e+01
-1.908526004091921635e+00
-1.235793360259133999e+00
-6.097267966894691638e-01
-4.320397395426069931e-01
2.555402116757179987e-01
3.263977692125047958e-01
6.025594603059496457e-01
7.041698337799778828e-01
-1.784462905645060937e+00
-8.756428817661247033e-01
-4.794778725476565029e-01
-2.980485117935839368e-01
-1.068819155942895005e-01
2.795858673226326307e-01
5.831529054641231280e-01
7.710014497590741422e-01
8.501309869104042294e-01
-1.084077321905795088e+01
-1.235204289953979462e+00
-6.704552210739840312e-01
-4.058998403071831795e-01
-1.190953444870564010e-01
3.171285773917197903e-01
4.864293605465578874e-01
7.767772284561024199e-01
7.361303843173104822e-01
-9.510936820234292544e-01
-3.774668844273286195e-01
8.378947906634656717e-02
3.020981474905868880e-01
5.086043653135458031e-01
8.106670067341812391e-01
8.478622698462064955e-01
9.734550701200608280e-01
9.220621017515638895e-01
-1.361381886433961075e+00
-8.001761593793436100e-01
-3.372377345924447711e-01
-8.826863221020977979e-02
1.048961382862907549e-01
4.352934577951481088e-01
7.253591580432935393e-01
8.752642775169070521e-01
9.199565185612115226e-01
-1.568797281974719349e+00
-6.734069296207212396e-01
-1.880518757609996316e-01
6.011742605207710810e-02
2.675005452475089363e-01
5.800385499646968368e-01
5.817305949339326432e-01
7.515393689358872420e-01
8.434284128227186317e-01
-2.218513454691608988e+00
-1.351226790362999752e+00
-9.979888938098512297e-01
-8.251946295004466414e-01
-6.046058076731725128e-01
-8.851526874387996568e-02
2.524998506919524099e-01
4.248124464571050307e-01
6.945690334862649751e-01
-1.295216438096554068e+00
-4.388245597619908622e-01
5.477536611431440411e-02
3.271595473567443513e-01
5.176567323047379654e-01
8.397943394601752320e-01
7.383528512124417631e-01
7.720491287811614978e-01
8.430225353027178681e-01
-1.565861382500879584e+00
-7.488985633874046810e-01
-2.476415123863182632e-01
2.422034525634169863e-02
2.238699108641241109e-01
5.454779027136638092e-01
4.165205758620027510e-01
6.020572899394009969e-01
6.943813938022191934e-01
-1.431718561635581644e+00
-6.020044495260177264e-01
-1.060148841776650808e-01
1.588705511675570226e-01
3.600026172377978062e-01
6.956741861415493000e-01
4.977190037828880809e-01
6.950492723128661732e-01
7.144979933604560518e-01
-1.442651639685797127e+00
-5.871046680291128750e-01
-1.069723877409092944e-01
1.247897327495142705e-01
3.571720809941817398e-01
7.047513902836775035e-01
5.856168536968847649e-01
8.821981583045918063e-01
7.773551713112658579e-01
-1.836686737503156364e+00
-1.165561943432282366e+00
-6.484682635647519566e-01
-3.795270130975105238e-01
-1.797884303459613420e-01
1.641906211896510537e-01
3.746244775254320980e-01
6.447401127789574860e-01
7.838414628485602664e-01
-1.293273796725382452e+00
-4.506642055785399781e-01
2.728632879927863145e-02
2.863965609247502986e-01
4.675850613976887393e-01
8.380243744010329454e-01
6.609065315517123063e-01
8.103885672784206795e-01
7.698992605635958109e-01
-9.529770941694736264e-01
-4.415584477852095846e-01
-9.674833001037026758e-02
6.621585221812623101e-02
2.619529979988609592e-01
5.572437326644179567e-01
8.056725069706452969e-01
9.109031274937874345e-01
9.219635646719130939e-01
-1.654395940318926339e+00
-7.918505989032745829e-01
-2.962502167293058486e-01
-2.967562769222273356e-02
1.742695891192766189e-01
5.040523920474068165e-01
3.413722526835705207e-01
5.102844692212191724e-01
7.229314681132646969e-01
-1.392416354917853871e+00
-4.628168125691686230e-01
2.579685148049144089e-02
3.042062525771999093e-01
4.914514705720358090e-01
8.180088232391149461e-01
7.177775321889885429e-01
6.348485443693222541e-01
6.931343465897473743e-01
-1.669515302248640642e+00
-7.669469213319013434e-01
-3.023616314232055458e-01
-5.407646431504896378e-02
1.575228347809884133e-01
4.650575670670726858e-01
3.815890558010386902e-01
4.906830691462203964e-01
6.366917591054497283e-01
-1.385401626605780256e+00
-4.930687141014920560e-01
8.814752376874322032e-03
2.777132496151732965e-01
4.599497910624981145e-01
8.039986048572833610e-01
6.311525324579593255e-01
7.131872886800519895e-01
7.037377312636645676e-01
-1.065052589696067420e+00
-3.606095734199664671e-01
1.054066639974339664e-01
3.348726677155305920e-01
5.409242359858075222e-01
8.620552533629742831e-01
8.110747555523750707e-01
1.025228901348295363e+00
9.129166401661350516e-01
-2.068285150267244354e+00
-1.226260091712008338e+00
-8.653308393336553994e-01
-6.844219915359944784e-01
-4.806824197887017980e-01
-4.623624772212463901e-02
2.845594668899428803e-01
4.673921898198061808e-01
6.516773655696473933e-01
-1.521707879888787085e+00
-6.063264229337208544e-01
-1.268079960471812928e-01
1.444627684380653809e-01
3.476236496658077768e-01
6.541663026467617881e-01
5.159218855995112429e-01
5.616521356037220691e-01
6.503370769125260686e-01
-7.968409315481070898e-01
-4.686493502827110413e-01
-5.660750840140835183e-02
1.540533855689147080e-01
3.355542275803382601e-01
6.245203272998941513e-01
8.476896979694540368e-01
9.315627241218207288e-01
9.415212095522871305e-01
-1.298093783802553913e+00
-4.538905767554850534e-01
2.177184035448325936e-02
2.750513880951626078e-01
4.643710871554636577e-01
8.276829630246620439e-01
6.550022492717545441e-01
8.418538808032421938e-01
7.876565605334318043e-01
-5.711881585388690619e-01
-6.696309625424094747e-02
3.345227252547458008e-01
4.736238137513870128e-01
6.254751398312055066e-01
8.724865900242100292e-01
9.836779931767496432e-01
1.086829880811593485e+00
9.698994416012628461e-01
-1.134706735791562560e+00
-6.157691682606697414e-01
-2.228838806239294978e-01
-4.830423947377588539e-02
1.596071835109081627e-01
4.852702270598082124e-01
7.342102539326343935e-01
9.801309404098784706e-01
8.428073139894921573e-01
-1.284780241089614528e+00
-7.096146052152534356e-01
-2.506887014660300061e-01
-7.817263582636525820e-02
1.089049922523589731e-01
4.258512016360638253e-01
6.579007380991077625e-01
8.895436683027225788e-01
8.359854373263707616e-01
-1.397457042845429376e+00
-4.913230839211437107e-01
-5.070194166352640086e-03
2.709003547788904620e-01
4.589419286172330414e-01
7.879458395236847990e-01
6.864840733618569057e-01
6.139371658628449691e-01
7.478397942689691824e-01
-1.395933273885124448e+00
-6.860779256413427341e-01
-1.867591943673927724e-01
2.613272031772762363e-02
2.620779396142868256e-01
6.268093456252482598e-01
7.650265952363963784e-01
1.020994870757860218e+00
8.409682080104627921e-01
-1.322890251950344043e+00
-4.458139586803242516e-01
4.403471380580184502e-02
3.175077756400951356e-01
4.952959198000460028e-01
8.413699740795392845e-01
7.328493576975630974e-01
6.979833181181198665e-01
7.711851167418273256e-01
-2.166304137980092026e+00
-1.310377430701958446e+00
-9.752099971324155181e-01
-8.025296309744321954e-01
-5.940599997337813187e-01
-9.004317651354044882e-02
2.381094282642341187e-01
4.223227023969229887e-01
7.105690381600185956e-01
-2.033795234625591419e+00
-1.258114584249998114e+00
-8.275881243578594448e-01
-6.883836246538332926e-01
-4.579147440492007393e-01
-4.134732624700166587e-02
2.812156910228625906e-01
4.612875005337158663e-01
7.405458339352303243e-01
-6.872477336420064198e-01
-1.916151246767600902e-01
2.126967199758575955e-01
3.251237524430229398e-01
4.888409597306052623e-01
7.213163954292074465e-01
7.831019107545383884e-01
9.937460992363281731e-01
9.463308440450844961e-01
-1.315934909622769045e+00
-4.106266416814089992e-01
7.583662191056653179e-02
3.521862103943121936e-01
5.363098262757701740e-01
8.650879411291884091e-01
7.436155690563360787e-01
7.012024938423386811e-01
7.663095959180109551e-01
-1.162836950123838475e+00
-3.422495089291540116e-01
1.457986742972855465e-01
3.879547938894651327e-01
5.863340812743764729e-01
9.168957822565705351e-01
8.831552884985544027e-01
9.962961774702187023e-01
9.535689188036501340e-01
-1.219578604533200883e+00
-3.777552687687462107e-01
1.206504122188339495e-01
3.927834951460399959e-01
5.777708391394488219e-01
9.083191155795586891e-01
8.800051918738577283e-01
9.212436779834466405e-01
9.430947408033151236e-01
-1.117132848082296404e+00
-3.310981801659122481e-01
1.492768148186878474e-01
3.853954519431284087e-01
5.895970524069730212e-01
9.157533699769123681e-01
9.135245207174507165e-01
1.005482133526217403e+00
9.613824456606581137e-01
-1.431954896681170819e+00
-6.108836205316865442e-01
-1.370251554878527123e-01
7.675089803387032117e-02
3.121246332492033648e-01
6.243932046062163899e-01
5.514372529553279723e-01
8.581383257823085309e-01
8.059317567029662399e-01
-2.458305890896786750e+00
-1.303860318559622256e+00
-7.204081986474079047e-01
-3.191679033641323104e-01
-1.024745233404997374e-01
4.812131003472457369e-01
8.017193299865146283e-01
1.003810249779983899e+00
8.590656224894959170e-01
-1.121302481895498193e+00
-5.722968336761040664e-01
-1.574521358932484960e-01
1.213949976298017881e-02
2.287578760653785348e-01
5.504302306009123402e-01
7.838885035058218431e-01
1.034633220546763432e+00
8.804026304308798512e-01
-9.584387765818928040e-01
-2.843809162690060788e-01
1.835483298348698777e-01
4.126021543815012738e-01
6.153731439540336412e-01
9.336639245121354236e-01
9.317441766870228070e-01
1.069762313213149740e+00
9.692038290646064480e-01
-1.084077321905795088e+01
-1.648738034233479643e+00
-9.692296581346301343e-01
-4.812277583563278061e-01
-2.764344590583014405e-01
4.036157974252400638e-01
7.415285457549712911e-01
9.519533506579005433e-01
8.445117499957128793e-01
-1.288549939993919313e+00
-4.338962637788704169e-01
5.801038742072740784e-02
3.338143042287105011e-01
5.160694231909093155e-01
8.491215745443687624e-01
7.400251398005384118e-01
7.009567181505583777e-01
7.256729234490231217e-01
-2.115715738324801531e+00
-1.634917027989358784e+00
-9.615305897419279546e-01
-5.902956167705385448e-01
-2.805898407457432797e-01
2.488189920716462611e-01
4.921758570029223789e-01
7.781637425664016394e-01
8.091341692979104883e-01
-1.431097287485605607e+00
-5.203916427679997625e-01
-4.257628006475881743e-02
2.166155742521448102e-01
4.139299169363122033e-01
7.252164689476542359e-01
7.538430853801049158e-01
8.922249264043844441e-01
9.409225072869968898e-01
-5.499125046615429557e-01
-3.478862813864545822e-02
3.515336126201561440e-01
4.832561227815238003e-01
6.260580166399463131e-01
8.624231644158025789e-01
9.828956786594839068e-01
1.076839422037391580e+00
9.981256655095507302e-01
-1.359955310125108063e+00
-4.211302028242288609e-01
7.095582540638037394e-02
3.462973996159639523e-01
5.273534330764744205e-01
8.625917369594551243e-01
7.461028810331095107e-01
7.181416326235786629e-01
7.350651391099347620e-01
-6.918547107606238811e-01
-3.108032285193922384e-01
2.028857174866687332e-02
1.669627562518013475e-01
3.701298586326151052e-01
6.512250892290309956e-01
8.880417706766723374e-01
9.741325654821683111e-01
9.769172522681404125e-01
-1.185014907895359348e+00
-3.967796932671764365e-01
5.044759855620196271e-02
2.780716222842318230e-01
4.872583391341888115e-01
8.128425179798802747e-01
7.581162052504716309e-01
1.002329115685189898e+00
8.833310103933007529e-01
-1.200897193298498866e+00
-3.671485604891294718e-01
1.133515651267386487e-01
3.744027454551617784e-01
5.583736064817774736e-01
9.052500786900360419e-01
7.723678384735679359e-01
9.432236905155888529e-01
9.407061741060455118e-01
-1.361850962396253362e+00
-5.217815640997740534e-01
-4.939338177128568819e-02
2.065988796548539896e-01
4.054192566986989932e-01
7.655604295825522154e-01
5.734636059600943803e-01
7.820945112811357181e-01
8.206947958329429138e-01
-1.425284485386580924e+00
-4.972862104882489476e-01
-1.204381697050176982e-02
2.625970247073614594e-01
4.543729434035354009e-01
7.747611361166226729e-01
6.584772486456952345e-01
7.474903285158964739e-01
8.611519935674293302e-01
-2.548676073888131111e+00
-1.312642857975069077e+00
-7.772340006982094707e-01
-5.351018625704984100e-01
-3.027428306215355636e-01
4.849715400191483700e-02
2.997793150434513443e-01
4.931984241522188173e-01
7.903011355288201978e-01
-1.586740447350282412e+00
-6.761031116351813308e-01
-1.806783297001579580e-01
7.065520564591429298e-02
2.946118726766410179e-01
6.430119210981485312e-01
4.709785733381157136e-01
7.065137107661961791e-01
8.117023345164425807e-01
-2.337265187571198943e+00
-1.328771139983828009e+00
-7.813006721081202643e-01
-4.990903730887952805e-01
-2.799265848357284647e-01
1.106073621512338595e-01
4.068789058459684749e-01
6.597899394897016601e-01
8.303575639115683416e-01
-2.165394431454481516e+00
-1.371663573724995144e+00
-1.049167033192781373e+00
-8.727946247894944332e-01
-6.378523240450930665e-01
-1.172990311950318360e-01
3.247574577482600922e-01
5.431213866999786699e-01
6.920877965908860396e-01
-1.498357593633212748e+00
-5.553382003970617209e-01
-7.296266220702229965e-02
2.032055531443361374e-01
3.955769439795224218e-01
7.144079162930916382e-01
6.113023960149356339e-01
5.805167456816090477e-01
7.828101900059201146e-01
-7.855529981349104185e-01
-2.931809961317041191e-01
1.456076425727081680e-01
3.378089193510596111e-01
5.260529578812302987e-01
8.080191256306580305e-01
9.529474736563535719e-01
1.081843754573204031e+00
9.985060922334560995e-01
-2.147461460296905322e+00
-1.286488157136195021e+00
-8.514995510378283727e-01
-7.099054823227344269e-01
-4.759618015715723072e-01
-3.616699181523405637e-02
3.136249039400186844e-01
4.976670822297271091e-01
7.873509178514571660e-01
-1.484445903929261013e+00
-5.891391224011781613e-01
-9.769794284361678349e-02
1.754627798694806118e-01
3.754219543854694363e-01
6.892120745662067005e-01
5.869006623196466599e-01
5.633544323687759148e-01
7.769454130438983031e-01
-1.538199175296307342e+00
-6.062356613618158363e-01
-1.247139766689223245e-01
1.494642619165978126e-01
3.473578885427540675e-01
6.606004704224197610e-01
5.530663145597005670e-01
5.853520121388408048e-01
7.850672688512775332e-01
-1.084077321905795088e+01
-1.546886841128209511e+00
-8.731071577676866591e-01
-4.550206813220852853e-01
-2.358118012096134530e-01
3.607370225650970985e-01
5.822607062023957836e-01
8.560704383736758016e-01
8.315328266108634736e-01
-1.344887016182040096e+00
-4.701896788769441282e-01
1.729345467466525052e-02
2.919965881657621831e-01
4.843755390450480980e-01
8.056014786019191076e-01
7.039491236635634364e-01
7.808068355869752786e-01
8.860033968272037486e-01
-1.547267349210095899e+00
-7.472822042567440759e-01
-2.535581169231762022e-01
1.609908581592999280e-02
2.110836900672057037e-01
5.310117304236094959e-01
4.111951868447856762e-01
5.594312704325894448e-01
7.976716641267413976e-01
-1.669524093081066862e+00
-9.914272474779892708e-01
-5.531172602184503129e-01
-3.294467124016146609e-01
-8.781874339087208936e-02
2.818040222244715398e-01
5.562076666636640576e-01
8.282757916629976958e-01
8.485219868263562670e-01
-1.100194960703622549e+00
-3.844187268415325542e-01
7.900921871930070839e-02
2.996424632873151417e-01
5.092426473564842793e-01
8.181406813155021052e-01
8.302580261015359842e-01
1.047071971257047762e+00
9.810106321197620272e-01
-8.475887440835729869e-01
-3.080257061241393202e-01
1.149189030731561229e-01
2.469396455975936544e-01
4.045696843074230165e-01
6.520635509729427737e-01
7.773786557444942735e-01
9.849446315894671011e-01
9.949852755116395109e-01
-1.084077321905795088e+01
-1.473811538301340374e+00
-8.168734927677256952e-01
-4.067774646653658510e-01
-1.916589160559971639e-01
4.067515254236573896e-01
6.921091635438244571e-01
9.314083556146726117e-01
8.560391563334058818e-01
-1.463938157538331009e+00
-5.304784954894991023e-01
-3.414858685154180395e-02
2.413997905774073471e-01
4.347409259375115687e-01
7.557974530307511873e-01
6.592846388986519646e-01
6.129612165510073263e-01
7.870368133831798785e-01
-1.479605488473743735e+00
-8.465128855582471079e-01
-3.332661068622710943e-01
-9.222606861449025861e-02
1.348287621255523927e-01
5.500431017547626755e-01
7.217090181110581426e-01
9.810100462068861438e-01
8.659709416337665333e-01
-1.041473600738163308e+00
-4.348738715437736047e-01
1.509611170622347093e-02
2.097670294379629374e-01
3.897977065242044792e-01
6.806137925233914920e-01
8.645476473093994807e-01
1.025589926411053954e+00
1.001338876887111207e+00
-1.602906162665911127e+00
-6.808730706094225926e-01
-2.086269152393211701e-01
5.620530043539456039e-02
2.632680425106588840e-01
5.676288523033911071e-01
4.785611166104349889e-01
5.357613708205180014e-01
7.787242418201674177e-01
-1.398725861410885729e+00
-4.843382868671816111e-01
-6.908937661263134938e-03
2.561593379649605429e-01
4.396463272284756307e-01
8.012765462023362373e-01
6.271314426104369621e-01
7.579660677381981904e-01
8.313425216338027335e-01
-7.535542117651581329e-01
-3.013785992342393749e-01
1.499719502629599521e-01
3.640631252781154070e-01
5.691734475474992117e-01
8.669175453619414329e-01
9.313417272595667651e-01
1.023917036093634714e+00
9.945279336804682124e-01
-1.015000535253353098e+00
-3.988629806639521491e-01
6.114749021473577656e-02
2.613777078832137946e-01
4.517856360154799411e-01
7.438412908424060221e-01
8.907493684652608712e-01
1.046940721237983318e+00
1.000631777559400026e+00
-1.486837476668132263e+00
-8.084177914009146315e-01
-3.106587975398541479e-01
-9.622328259925064242e-02
1.117542055654570654e-01
4.279661873918304549e-01
5.237751628332224518e-01
8.115913195814842274e-01
8.952704994309405029e-01
-1.444708285496490108e+00
-5.530670792265879321e-01
-7.589664550004539267e-02
2.006873357571166694e-01
3.986939308820947048e-01
7.115554191753884483e-01
5.915976101962125977e-01
6.346554713273437898e-01
7.362806034076156969e-01
-1.302807205255033018e+00
-3.940874178569730435e-01
1.022809034679695028e-01
3.401275569687323697e-01
5.410004555781112723e-01
8.586262339811385758e-01
9.185968595771032419e-01
9.848935275954536772e-01
9.957746186169654790e-01
-1.591651146794171634e+00
-6.982818260695596857e-01
-2.321851135213691131e-01
2.822744237292592814e-02
2.385167755399169587e-01
5.445203076895768213e-01
4.536956532128909036e-01
6.056387190722007929e-01
7.341618223507377916e-01
-1.333294802147755087e+00
-4.403439424295697013e-01
4.139145449012430339e-02
3.169821164936262314e-01
5.067514712214861161e-01
8.294547489269422647e-01
7.259721818610636035e-01
7.626032401768267910e-01
8.696997072579931709e-01
-6.377159411276047685e-01
-3.383445156592607694e-01
6.446667766734279215e-02
2.772729540509439872e-01
4.754682508865722412e-01
7.651499184917567309e-01
9.047642159653771499e-01
9.977643724127053249e-01
9.970829008711161734e-01
-6.475870019952517653e-01
-1.296339098002120271e-01
2.556100119773188628e-01
3.733078395381995152e-01
5.307492772723692021e-01
7.542347842666723423e-01
8.270818257811957119e-01
1.024507165319198831e+00
1.010473761651585756e+00
-1.248126470662808130e+00
-3.926834296662805035e-01
4.956412248238347557e-02
2.590700330706283694e-01
4.598097150657636245e-01
7.565255178435636996e-01
8.882547446476988240e-01
9.849813721927961341e-01
9.911575353084595141e-01
-1.687216708366265250e+00
-7.545648174586291335e-01
-2.936440949665873323e-01
-4.689389865376011185e-02
1.629312743920636464e-01
4.740606587773149583e-01
4.228761936770325525e-01
6.342459120624838187e-01
7.789905769607887720e-01
-9.570030937831612849e-01
-4.270316157501782839e-01
-4.038123371964266045e-03
2.012209080781093840e-01
3.864583787088748945e-01
6.700298743986990990e-01
9.148195519665491826e-01
9.873892637695244057e-01
9.948134897106172270e-01
-8.039207955347160706e-01
-3.019426907870367827e-01
1.168493379962191603e-01
2.943908385447431830e-01
4.653150013261985185e-01
7.364553664624094997e-01
9.490436744848935735e-01
1.035825236262599702e+00
1.004092848653055148e+00
-1.563528749172680365e+00
-9.874313958702267691e-01
-5.684947571322808146e-01
-3.397494522958764418e-01
-1.298556640128085138e-01
2.561650338586587417e-01
6.210497216948044352e-01
8.499304475317539520e-01
9.531194328217728051e-01
-1.347155900923001415e+00
-4.617161262015689882e-01
2.743246904747645779e-02
3.044688584828074696e-01
4.913177348344497375e-01
8.183349063867366713e-01
6.916573499163349847e-01
7.195914513325555317e-01
8.175432037489021031e-01
-1.464627838907104129e+00
-4.886960736302967123e-01
-1.287890093187158899e-02
2.138673868795155641e-01
4.190140312508094933e-01
7.296002375491036362e-01
8.501344426649424246e-01
9.578600995886068503e-01
9.854388970826363225e-01
-1.483506665551659331e+00
-5.280595801517796728e-01
-4.315301489440945271e-02
2.239354419779533423e-01
4.250910281195575124e-01
7.368627412499937357e-01
7.250281779850989983e-01
8.585953622222531889e-01
9.379133496491601774e-01
-6.653995062404293170e-01
-3.410373963445669787e-01
2.040410374133485444e-02
1.958925648546230858e-01
4.023396968857068656e-01
6.758009134332266798e-01
8.953334421787710884e-01
9.888227925144560393e-01
9.965261491501515856e-01
-1.388823836095836928e+00
-4.724604135010521677e-01
2.044594614973507460e-02
2.925836729577474538e-01
4.847005981023473353e-01
8.057840703560427142e-01
7.655711269264325880e-01
8.817329793346152522e-01
9.461850116489350926e-01
-1.084077321905795088e+01
-1.924367534273322855e+00
-1.358008705787143056e+00
-8.515252598279792196e-01
-6.298973650024033422e-01
3.463108164717833282e-02
2.980734430463947149e-01
4.959092058604264164e-01
8.057246744777751823e-01
-1.465111182363602937e+00
-7.898865242622520322e-01
-2.848011425832416843e-01
-5.072178530065558910e-02
1.834448819708962009e-01
5.592398676841395799e-01
5.763888260626977011e-01
8.819090187906025724e-01
8.480137264545549725e-01
-1.479273442515716352e+00
-5.367729656538722249e-01
-5.745526001540513655e-02
1.976634716539926451e-01
3.990813809026018677e-01
7.108436030691013263e-01
7.510614828261960030e-01
8.965853002483933354e-01
9.554728579496504226e-01
-1.003152145858678956e+00
-4.193648422583311497e-01
1.706709085826625671e-02
1.737513591456730233e-01
3.703290740275625992e-01
6.597597633178357013e-01
8.189840766463801769e-01
1.027559703413095660e+00
9.517292403750187146e-01
-1.291265414702262193e+00
-4.153834978024250613e-01
6.850440377802842484e-02
3.294677659370687794e-01
5.069068407636593276e-01
8.625690530492696739e-01
7.207203454463856351e-01
8.551421192769874668e-01
8.419872840202358155e-01
-1.604647088478073025e+00
-8.839807100305485665e-01
-3.595654192907982716e-01
-8.922020643052977484e-02
1.343243238857452782e-01
4.882548730962688044e-01
3.826678749280605363e-01
5.901978495687094650e-01
8.151829818455372800e-01
-2.058614512990670331e+00
-1.239687973076681882e+00
-8.809050652348382471e-01
-7.044783726480394748e-01
-4.886809850376589992e-01
-3.614121112798977797e-02
3.469663083024490113e-01
5.853063287603803566e-01
7.250651035990980375e-01
-2.099677841295324310e+00
-1.263807087999194279e+00
-8.963556115400164170e-01
-7.229366233528544683e-01
-5.077873222637003803e-01
-9.758401947551571809e-03
3.131236440439340019e-01
4.926553332235090177e-01
7.853910199597085029e-01
-2.211517354884589892e+00
-1.373829532443558543e+00
-1.058219456686385396e+00
-8.848518331806005666e-01
-6.364664028929880590e-01
-1.105704046023839593e-01
3.370113434970188337e-01
5.604415291467221838e-01
7.144404231607758282e-01
-1.304272982420352944e+00
-4.974670865452823221e-01
-1.286001721627384395e-02
2.502880526021566965e-01
4.321590147304624208e-01
7.937380544479231137e-01
6.186024332515247526e-01
7.565423301671704293e-01
8.356468274599070378e-01
-1.084077321905795088e+01
-1.348306789347680112e+00
-7.729967881043888767e-01
-3.669194694802265233e-01
-1.453417964661957995e-01
4.668516254022915812e-01
8.072300119693939235e-01
1.020449846521372494e+00
9.003508032375474590e-01
-1.084077321905795088e+01
-1.541685414386337216e+00
-9.677643768003487690e-01
-5.373720219176032487e-01
-2.874427827149192427e-01
2.752422266321642996e-01
4.845111100993686470e-01
7.729316156259269377e-01
8.346473963899186943e-01
-7.736253503813632637e-01
-2.372158383959900863e-01
1.750761565553928811e-01
3.307877311202069848e-01
4.876902262396295429e-01
7.542839271866340622e-01
9.349258280299176382e-01
1.062075046727912531e+00
1.016400375840600612e+00
-2.102343980590891892e+00
-1.463078161335212624e+00
-9.240753713427419802e-01
-6.279203063553878694e-01
-3.807513628682824280e-01
5.875945587328103986e-02
4.301158028087301299e-01
6.922287228414367721e-01
8.689203747529274935e-01
-1.317785319995643523e+00
-5.134282387092390376e-01
-2.312536201618669435e-02
2.421496313071565265e-01
4.317734899071740684e-01
7.725192569772248996e-01
5.969583592270492067e-01
7.842449919033240846e-01
8.579768909980558522e-01
-8.652374722572561128e-01
-3.026526773771615608e-01
1.636546422949294033e-01
3.722937227672393212e-01
5.760085553274669756e-01
8.726353471901392433e-01
9.464324411104821921e-01
1.009156950432047228e+00
9.946541107452187003e-01
-2.138753111861112721e+00
-1.319870974603120306e+00
-1.001725944034181026e+00
-8.130552052561985654e-01
-5.928355447775345288e-01
-7.019137816279664988e-02
3.397596580829678747e-01
5.351252030076737443e-01
7.450813484452241120e-01
-6.529173315425003121e-01
-2.071044263200949864e-01
1.958631487679196037e-01
3.652861382673940893e-01
5.308475890754155158e-01
7.949351309978600622e-01
9.809860222521722406e-01
1.060810451201606996e+00
9.986152598337530994e-01
-1.789736280209227148e+00
-8.770682108356721018e-01
-3.662566344408593189e-01
-1.536250500313591227e-01
8.122255034504109739e-02
4.459825907430225445e-01
6.932260753298061795e-01
9.480827363364467963e-01
8.803996748433595698e-01
-1.346614713599492807e+00
-5.181623669202117810e-01
-4.890789680566726139e-02
1.953667974210661629e-01
4.084494693471635851e-01
7.650194436526167596e-01
6.283866173946850431e-01
9.085560756406643179e-01
8.629359899237455389e-01
-2.006660940445147645e+00
-1.114887942773142182e+00
-6.240290153025226383e-01
-3.889277001063182193e-01
-1.590725814850558750e-01
1.755901062030517934e-01
4.564188830045132206e-01
7.098547681436981893e-01
8.599140419345818742e-01
-1.669237820615949941e+00
-7.730396371479897333e-01
-2.891185111380116801e-01
-2.282169504790235171e-02
1.751021311391148250e-01
4.846876670675200338e-01
4.203400505133915166e-01
5.651583855320273519e-01
8.088706222927624090e-01
-1.388180720939563129e+00
-4.615042014624133326e-01
3.119944506703263565e-02
3.104293633406982611e-01
4.976770408670951884e-01
8.270454904721118439e-01
7.284832305430395394e-01
6.919290340438409848e-01
7.818438891251257017e-01
-1.339233143721237473e+00
-4.747278577570958058e-01
2.352074993694620517e-02
2.970225261644786618e-01
4.815991654731896499e-01
8.142590621013633401e-01
7.171201002723622819e-01
6.779707639998505675e-01
8.135799134234089625e-01
-1.037785571152435526e+00
-4.814736068526708213e-01
-4.222088386956709960e-02
1.123047857301543717e-01
2.796637481105411216e-01
5.629400340371305544e-01
7.541251127808582533e-01
9.647768711816272491e-01
9.925966472130106633e-01
-9.168562030214120195e-01
-2.712717717058502065e-01
1.975830521225162006e-01
4.134557402019791716e-01
6.213511220117625689e-01
9.321661517579830081e-01
9.668032297670822173e-01
1.037830426326926014e+00
9.938651110424330248e-01
-1.321346472612289658e+00
-4.593766655797699716e-01
1.772332728888413936e-02
2.759987875831038662e-01
4.586280138705245979e-01
8.261609611820355248e-01
6.540826042509961802e-01
8.213280940719210887e-01
8.469943558793149307e-01
-1.192597646166982717e+00
-4.413674682428515572e-01
1.700588002439984685e-03
2.002009004344948995e-01
4.219780683770830154e-01
7.264665746875882402e-01
7.955713725306819972e-01
1.044630378679540117e+00
9.315014454767013286e-01
-1.145560537317661609e+00
-2.868604038184502381e-01
2.001271515182538874e-01
4.459881647594450826e-01
6.373445854614111505e-01
9.770727820875249048e-01
9.737618787815794930e-01
1.042322015743580188e+00
1.003197317122639820e+00
-7.979679008294968678e-01
-2.437800543068606440e-01
2.113388962830899664e-01
4.167875755562296947e-01
6.275104871596467460e-01
9.280808735418228927e-01
9.760235289853491647e-01
1.076868707183121776e+00
9.996157659878426305e-01
-9.663826255110542496e-01
-4.710704045786574534e-01
-5.054301041831345265e-02
9.548232546488336081e-02
2.698777839115397703e-01
5.711788909999200303e-01
7.585862532493551358e-01
9.912131267831100212e-01
9.260011646430387211e-01
-1.076908566632731379e+00
-2.826197734615908952e-01
2.012179478458815118e-01
4.348757632867099043e-01
6.320340493006939564e-01
9.652414400776756498e-01
9.792957116187462896e-01
1.043424467289557178e+00
1.001635111274962187e+00
-1.525972617406394560e+00
-6.675452087382236499e-01
-1.661990534155811661e-01
1.087544518937847565e-01
3.068145124818650871e-01
6.356147307097465005e-01
5.634238346828730482e-01
8.178700714178389619e-01
9.272295473008567157e-01
-1.322813460045400902e+00
-3.958254088374363322e-01
9.562027728371705337e-02
3.368661244193835169e-01
5.378858377854611739e-01
8.553507908359535561e-01
9.114132987420727749e-01
9.829241080784845153e-01
9.989220976274058028e-01
-1.301968819772780783e+00
-4.174884387317975287e-01
7.286217843331514732e-02
3.464745516647553814e-01
5.252107148296349948e-01
8.636742285702085908e-01
7.377821808065726517e-01
7.486538072179261816e-01
7.956934873233892924e-01
-6.607274455775535849e-01
-1.412243405023047294e-01
2.616735097931264242e-01
4.129032664119961504e-01
5.678745204363799814e-01
8.230130149789380845e-01
9.895030742617119124e-01
1.087263231898196736e+00
1.018346095299136556e+00
-1.784430137157035690e+00
-1.099997549540419062e+00
-5.392647760836056792e-01
-2.291984769463808469e-01
-2.334765479845585245e-02
4.905008260258623132e-01
7.728560822607967173e-01
9.991676449728652543e-01
8.887941758842480278e-01
-1.635984716016013918e+00
-9.938693706560567387e-01
-4.581911751632353202e-01
-1.979415516512496309e-01
2.253655318950096784e-02
4.777121013639969993e-01
6.157117303759744864e-01
9.000635297075612051e-01
8.517598538555022358e-01
-7.596166589028388039e-01
-2.169195371160175800e-01
2.243319582970372816e-01
4.233811302960641676e-01
6.278542982718102738e-01
9.219969457513483846e-01
1.002793024863791738e+00
1.128655065306825911e+00
1.008480427612993502e+00
-1.511910815322327739e+00
-6.744796887691563159e-01
-1.830613741694330221e-01
8.020387233548138817e-02
2.771885514179038834e-01
6.185247165072859099e-01
4.517288279571153309e-01
6.156796384439687797e-01
8.182792393996097813e-01
-3.683386131325865898e-01
1.001001060264054832e-01
4.738306938394298284e-01
5.912531142062503742e-01
7.292682632533930009e-01
9.436633257171189726e-01
1.019367669469820381e+00
1.098812093768964271e+00
1.002571954842118584e+00
-1.423659808427252038e+00
-6.007089985864024761e-01
-1.324961526345856400e-01
1.182595205578336472e-01
3.325382524181659250e-01
6.826770449516181838e-01
5.048957490138188398e-01
7.376889300228623991e-01
8.361501868127488857e-01
-1.612015140967522520e+00
-8.544487270945362312e-01
-3.389069808648519921e-01
-8.184327158450878381e-02
1.580242408156902756e-01
5.258568849721899641e-01
4.493359288290303954e-01
7.218712962780641229e-01
8.294650027436053508e-01
-1.497395318358628380e+00
-6.130890727221622871e-01
-1.388893290165529315e-01
1.358738208051264995e-01
3.332480233924983160e-01
6.472157817326662510e-01
5.424023094424719194e-01
5.725723751844299381e-01
8.022747080945212828e-01
-2.005958275232067933e+00
-1.337312091906667888e+00
-8.010522302092790703e-01
-5.199546417080718186e-01
-2.946801220171064717e-01
1.103792793767604391e-01
4.385595280973290655e-01
7.043240100491426903e-01
8.777501491770440811e-01
-2.005123756559488601e+00
-1.157953156846017073e+00
-6.860743866143209635e-01
-4.933538567408544684e-01
-2.598195523934180295e-01
1.164028136936462038e-01
4.343723509843569475e-01
6.396353611373966075e-01
8.173113381307252068e-01
-1.122436665416930657e+00
-3.363173200885746783e-01
1.401198886960168533e-01
3.672633061133572241e-01
5.692530824646676590e-01
8.839423657174845239e-01
9.335583936701609131e-01
1.012978019274706432e+00
1.000114352228809400e+00
-1.267592590538648478e+00
-4.173334248306950212e-01
7.510233192680729197e-02
3.494952423838373901e-01
5.305897140939875856e-01
8.664712911998531109e-01
7.514243234859100395e-01
8.165044669212724315e-01
9.012923436409873146e-01
-1.557306796809517779e+00
-1.174481043976430605e+00
-6.086680630880244580e-01
-3.675082225524702872e-01
-8.888139824643817577e-02
3.146821305827340876e-01
5.758371420058413515e-01
8.533150836337798362e-01
8.584983046334774270e-01
-1.279335981306039871e+00
-7.193420378951704830e-01
-2.388455653698953463e-01
-6.818790156367772470e-02
1.672118845894057237e-01
5.109385013643504836e-01
7.601088259384445323e-01
9.969010931200557035e-01
9.028391901339227754e-01
-1.319120493289774876e+00
-4.746285313324000721e-01
-1.425958830207938268e-04
2.468674271561332456e-01
4.475923676496503245e-01
7.892596259853792429e-01
6.412224192604109030e-01
8.700679367390367069e-01
8.646769852437058423e-01
-8.891909737294821925e-01
-2.821690977687916768e-01
6.074631491182728299e-02
1.908181721416062071e-01
3.799614308348118752e-01
6.933449470743489051e-01
9.348975775081230788e-01
1.002236200306044767e+00
1.002841186726813660e+00
-1.387498764826274877e+00
-5.283029645653269935e-01
-3.033365575944142398e-02
2.485144601812982468e-01
4.353749259988284881e-01
7.636648292708465569e-01
6.382438476351860457e-01
6.809936040679691605e-01
7.860609609572472012e-01
-1.424684947545783231e+00
-4.897773837515403406e-01
-9.517954360218077933e-03
2.675860095431065733e-01
4.595474487080896120e-01
7.804158846297035712e-01
6.816770426845105701e-01
6.528859536343087910e-01
7.737827591990664722e-01
-1.412568474164182852e+00
-5.841308994902411067e-01
-9.274787975566434195e-02
1.705261910108912538e-01
3.659333935339962318e-01
7.050469984141847224e-01
5.583034097542640684e-01
7.218051497015300910e-01
8.334231466279202749e-01
-1.445046976394977145e+00
-5.587047935868111326e-01
-7.338335995307829207e-02
2.036786610205303105e-01
3.952150162730275196e-01
7.172066357575979101e-01
6.122568123593775669e-01
6.039633303413056709e-01
8.084010478389735965e-01
-1.266625377582831780e+00
-5.695175761175910178e-01
-9.934231436247500935e-02
1.038786436679024622e-01
3.255724294566266219e-01
6.291679359680619754e-01
6.629331520907100206e-01
9.502665090411724913e-01
9.164661228787903680e-01
-1.970926029421619097e+00
-1.132169933882882784e+00
-6.880495349853785747e-01
-5.083569223531569925e-01
-2.922484305249092862e-01
9.467421577892921880e-02
3.417593857460330398e-01
5.153708620647601268e-01
8.012543062705812513e-01
-5.288720542359713894e-01
-2.159408326898004660e-01
8.240548813867186462e-02
2.394139844371020731e-01
4.407146496369531152e-01
7.088264433171307388e-01
9.265367757771272306e-01
9.982286152330136497e-01
9.986307737611715973e-01
-6.459030785941660691e-01
-1.139130248451241112e-01
2.947494851788730053e-01
4.406764601984943241e-01
5.990739099488081587e-01
8.555592377233215418e-01
9.962555658603001740e-01
1.111926992458129426e+00
1.024512781416329732e+00
-1.607375196340019574e+00
-9.331746969431877758e-01
-4.211367530136916892e-01
-2.054755184989041916e-01
2.799966915000166433e-03
3.317655481112104510e-01
4.949492340580218253e-01
7.778711719300744898e-01
8.943587308607476860e-01
-1.563913476996224627e+00
-6.441787336664763775e-01
-1.615210429034411865e-01
1.083765254525294597e-01
3.142588317940300802e-01
6.196421269347768268e-01
5.255947346210452231e-01
5.880650006594179136e-01
7.467535458257019698e-01
-9.088108953572772153e-01
-2.675406320721005482e-01
1.208582483331863272e-01
2.628201582371200162e-01
4.709597931295227413e-01
7.477401229680449291e-01
9.356737092341576023e-01
1.002487546391555684e+00
1.002265077092213241e+00
-1.171437782958051343e+00
-2.885917636780668816e-01
1.989992351718895269e-01
4.392850588692653324e-01
6.307869965307301152e-01
9.699862952271824934e-01
9.624842288591928252e-01
1.040073916085176187e+00
1.001760426353761835e+00
-1.637889194080425437e+00
-7.881600987111452294e-01
-3.193367321241769030e-01
-6.730641999682714094e-02
1.438081567979897224e-01
4.500813777084112233e-01
4.142661852273378797e-01
5.365043294920798234e-01
7.875897424157046744e-01
-1.483749169690229630e+00
-5.324181680749311418e-01
-5.237845063369871851e-02
2.051516892855371754e-01
3.972283716119515140e-01
7.537180290747000910e-01
5.701768094307586576e-01
7.373701385398723218e-01
8.382902906442410984e-01
-2.211030930521985294e+00
-1.324551734913728351e+00
-9.320733613885209268e-01
-7.793574240757629168e-01
-5.542245455909963203e-01
-2.445663224576016120e-02
3.502293976526771879e-01
5.282975855531720777e-01
8.078285982427951817e-01
-1.836446543694454148e+00
-1.073766391620682992e+00
-5.463514703615778290e-01
-2.556978463341113561e-01
-4.527978943257055661e-02
3.099497645627344311e-01
3.297016547785041607e-01
5.242854515572020757e-01
8.138371313087822134e-01
-1.090971245878026075e+00
-5.304583324825238311e-01
-1.233427510075819356e-01
2.733074772559991941e-02
2.424284461835437554e-01
5.635696504450777855e-01
7.904642483097507055e-01
1.034498591672035284e+00
9.221280300140070052e-01
-1.221880435967927170e+00
-4.436331211599933155e-01
2.430566912334974211e-02
2.795430744002161960e-01
4.725569314055537706e-01
8.181406813155021052e-01
6.662049468008994779e-01
8.733355334459652619e-01
8.634947706448271587e-01
-1.936078770520662573e+00
-1.056636912725030353e+00
-6.024770533285201957e-01
-3.929125934036977186e-01
-1.906494815385796626e-01
1.776502014827636422e-01
4.470997547187325338e-01
7.179584140499009060e-01
8.627882195943261667e-01
-8.254416394946477720e-01
-3.415708334576935123e-01
-2.966695579325590720e-02
6.386582584731215206e-02
2.608405935566753264e-01
6.072234029876442118e-01
8.827712522886336233e-01
9.815565176851964724e-01
1.000373767902049238e+00
