-1.311037262367803891e+01
-5.802038417061265996e+00
1.301644597925230018e+00
-6.302854807740508214e+00
-4.630121936807129579e+00
2.018423043223939173e-01
-1.500066987310672140e+01
-1.959495386012413221e+01
-1.994051868387541404e+01
1.335021524972424878e+01
8.769538338972635572e+00
1.394844353044885388e+01
-8.015451896939380649e-01
7.338547445550402060e+00
9.469500345085814175e+00
9.892197246153983770e+00
1.780522806681492654e+01
-8.297460710086696167e+00
6.108123128949123348e+00
-1.431555102776748134e+00
8.902651825033363053e+00
-5.051579670312900561e+00
8.709870029610145892e+00
-1.423364523886901933e+00
-3.252413958554971174e+00
-2.510679714964513476e+00
-1.215856505838458368e+01
-1.963242461395929439e+01
-1.454660453151921296e+01
-5.749320419384384095e+00
-1.268827796670545638e+01
-1.183252970838805318e+01
-1.128698594814237310e+01
6.756404913077242114e+00
1.241877156922804026e+01
2.756696500570583197e+01
4.998811745756905900e+00
3.215754241644621203e+00
1.105337739941909270e+01
-3.333443786373081252e+00
3.939124588893172518e+00
6.678891537519345833e-01
-1.309322137645357209e+00
5.790371851518905544e+00
1.815040727084388905e+01
3.208981618784870093e+00
-2.807229244308096838e+00
7.970572515815433690e+00
-5.991228641019890944e+00
7.802589902546508860e+00
-3.770403310132259822e+00
-1.438153218504057751e+00
-3.749051599864673956e-01
1.000711253062862838e+01
1.379466122563500363e+01
-7.310260194117138788e+00
6.253734211450947100e+00
3.695650190134608382e-02
2.717204967158142193e+00
-1.923659055994425326e+00
-9.679078214386747092e-01
-1.424489755077932518e+00
-1.385505696302249179e+00
-4.228199317052985240e-01
-1.448678509555797866e+01
1.041930097894584684e+00
-3.538089215813087218e+00
-7.600087330828154686e-01
-5.539984433471484060e+00
-2.305358746159109629e+00
-3.428426086621829239e+00
-1.874176425174142846e+00
1.456155460938045376e+00
-3.876684589912941181e+00
5.638342292110331222e+00
-5.242528152187031054e+00
3.759559564437873647e+00
-5.024691504001460807e+00
-1.127409905602513973e+00
1.172753245280587844e-02
-4.547552484084689262e-01
3.139152127361374056e+00
5.511718670172994550e+00
5.061532543990465705e+00
1.310132048705924257e+00
4.978208732095795175e-01
2.719207073234649830e+00
-5.107478658837067087e+00
-2.043835015691821244e+00
-4.855342993034941657e+00
-3.212616385395338892e+00
-3.418051872973971061e+00
-4.656677102575167204e+00
-9.781972296689263047e+00
-6.945342738849487496e+00
4.081119599910144058e-01
-4.026560565165698158e+00
-2.076066948654526900e-01
-8.536577118651472729e-01
2.280643803992151719e-01
-1.622847444249718718e+00
2.044962195210547673e+00
-7.306271864639801272e+00
3.155441484890733062e+00
-2.760108518979715320e-01
1.646062242365225359e+00
1.885534702848154387e+00
-6.436551511513276758e+00
6.101529174202216410e+00
-2.164477656184319976e+00
6.370498615458433989e+00
-6.230610740044462581e+00
1.994863879371351789e+00
-1.949418268050503666e+00
-2.125515615117258950e+00
-7.001484169622684828e-01
-2.278866033370228195e+00
1.616686384812319410e+00
5.386278813893899731e+00
4.570679578394535092e+00
1.479924473359503168e+00
-3.213403861411586182e-01
1.265936354211286696e+00
1.166691200780947124e+00
-1.182905162577681857e+00
-8.095214400072503480e-01
9.361927132143343044e+00
1.648998163927406679e+01
1.469217140815047351e+01
2.088026218556913349e+01
1.613966907733954059e+01
1.100497663580640051e+01
2.258130802342399335e+01
7.784091289288584292e+00
3.730781305272983239e+00
-1.250494715465613471e-01
-4.457735835084349896e-01
3.344378061027808435e+00
-5.505686435339014473e+00
4.951131128947001692e+00
-1.663928299045460468e+00
2.875312664571868737e+00
2.841161764320451755e-01
-5.115956940727747870e+00
-4.674652076771995901e+00
-4.284277633022588461e+00
-2.949832214130251984e+00
-4.091566417405012035e-01
6.327673748599534242e+00
-5.072933473915563596e+00
2.386878630296517922e+00
-2.170520000705792096e+00
-1.895816991175682809e-01
-1.011835528113150140e+00
-3.338344589332101542e+00
-8.426540101713916875e-02
-3.871461365359802009e+00
4.395314926884809736e+00
-2.444297583317760481e+00
2.700734359780765814e+00
-2.038685764273317158e+00
1.884608769641924253e+00
-8.870449722770109346e+00
1.010467973359621685e-01
-2.254576296193999685e+00
-8.743610747626018309e+00
-4.217183023651392304e+00
-3.006473160057538063e+00
1.346463311718642863e+00
6.887651765071310273e+00
-1.867671191786090867e+00
-1.697525928558362596e+00
-4.567357979528772205e+00
-3.170572497502169185e+00
-1.735017863271107963e+00
6.602644166392750869e+00
-2.226837928703794489e+00
1.923396991651061594e+00
-1.906016382669362796e+00
1.912401647527800730e+00
-3.373182096487461479e+00
-3.725914199197351007e+00
-4.544782210462008365e+00
-9.215596181695682176e+00
-9.073440829059011392e+00
-3.198604550390084622e+00
-7.805702504467832981e+00
-4.222868039413439689e+00
-2.831921412581961395e+00
-3.669093752716837908e+00
-2.554026381359301379e+00
-5.883627193673380162e+00
-1.770269247451458750e+00
6.954070049108140417e+00
-7.258250587768876549e+00
5.113344902728030661e+00
-8.616305658927650768e+00
-7.271172944578961683e+00
-7.071269151310231038e+00
6.769040723116889424e+00
3.677401148659818375e+00
7.729593634545221192e+00
-4.978631302595998065e+00
4.555372953006870063e+00
-1.563362231817897241e+00
1.829809642239704104e+00
8.203888309012108415e-01
1.717061718517361335e+00
-9.764455561633379688e+00
5.487105541361820826e+00
-4.111758248062684196e+00
3.300538417495970656e+00
-1.360114404318992110e+00
2.712309065526257168e+00
-2.072354386261907155e+00
1.973394836076243664e+00
-4.391962381773263147e+00
-1.245555702992798075e+01
-3.253323756536683042e+00
5.826529412906974459e-01
-9.893871874746169581e+00
-6.105677060586941707e+00
-1.060086000104779380e+01
-8.013831276042511220e+00
-8.121559055834174146e+00
1.046106701662716132e+00
-5.211840724802328850e+00
2.756064716366151135e+00
-4.490649592915969102e+00
4.752691049649926391e+00
-1.797902163829450561e+00
-2.973368676920098874e+00
-8.106440697153058927e-01
-4.029805076204584502e+00
2.300173074926161743e-01
-1.350627771262390198e+00
2.377142286301237473e+00
-5.674386964515252707e+00
4.882863014222296627e+00
-2.510680500600631859e+00
3.527661550550989400e+00
4.975353456677332753e-01
-4.685099869031814634e+00
-8.014339049860261799e-01
2.081346272477211823e+00
7.776146235144948626e+00
-7.202381838227882582e-01
1.935023452935808186e-01
8.629815357626863914e+00
-3.408536902510701516e+00
-4.381160921831731558e-01
-1.016054618402019649e+01
9.008043495504271192e+00
-3.761145817417576254e+00
5.542366531332897139e+00
-4.776338281162536781e+00
3.640345208052954140e-01
-1.154405440107798553e+00
3.944871477033023321e+00
1.336484276810353045e+01
-1.352101435185347311e+00
6.415132231634188997e+00
1.578599519414772878e+01
-1.379358195493409767e+00
9.152859548756534513e-01
1.594371296944564165e+01
2.065456840542704953e+00
3.228270402847279730e+00
-8.594008995431476450e+00
-5.379170402898760805e+00
3.313595048452717684e+00
5.577845380553333676e+00
1.159233379658003438e+00
-2.141870955355848150e+00
6.892954156776642805e-01
7.104721643235768269e+00
-3.871688777460075670e+00
6.002847392115890024e+00
-6.884958155642846300e+00
2.878627423289028986e+00
1.369102691095285262e+00
4.528552972853598924e+00
-6.238547044098472938e+00
2.928068088223878540e+00
8.972457812357053086e-01
2.398938333657683497e+00
-9.667684199986829041e-01
-1.687793573183230755e+00
-8.880342772377781912e+00
-4.265288592680597013e+00
-2.648146128801802668e+00
-9.998211663971408925e+00
-7.702307843274309285e+00
-1.476766704241457395e+00
5.756831190143461896e+00
1.076194649292805533e-01
6.013516934631662814e+00
-3.596648670608876053e+00
-8.418321657869016761e-01
9.876040175045000188e-03
-1.069405011887659906e+00
1.784310705716250167e+00
-4.101017147769252524e+00
4.137709915289166318e+00
-4.898998762488039893e-01
-1.649312726432065279e+00
3.747386559774683601e+00
1.433131078058839547e+00
9.911658450729492031e+00
1.162635935807971954e+01
9.666595571786360530e-01
9.768691638546691536e+00
2.147068769985856829e+00
-1.119161983468251798e+01
-6.448173931703790274e+00
3.193292717314057505e+00
6.258203661518581207e+00
-7.519122940218720963e+00
1.293005131778645911e+01
1.389564112336993240e+01
6.212654563758808202e+00
-3.223131811214339670e+00
-2.767770874062966069e+00
-4.938851574196058358e+00
-4.021392977969060922e+00
-6.804207178436875170e-01
-3.110993811725321745e+00
-9.444044224562174961e+00
6.331541833357564819e+00
2.626150113388022178e-01
9.714234587652452291e+00
2.171820045797680232e-01
-1.636449525301010066e+00
-5.185736823911280879e+00
9.558743088927242226e+00
-9.204471898301859412e+00
-1.365997410164261971e+01
1.055023395758885307e+01
-3.519988970685048901e+00
-2.988455651688540549e+00
-8.521260467290467489e+00
-2.237717182591829168e+00
3.560294043456567969e+00
-4.962562049453681290e+00
5.345887403842549013e+00
-2.098351128152059708e+00
4.764400494628052485e+00
-1.553659126968349735e+00
-5.544473171552408708e-01
-2.455210574311048166e+00
2.083144469759942830e+00
8.614326823315767712e+00
1.903845055706926637e+00
1.188372631280329017e+01
-3.044586942283446174e+00
9.541649399802423659e+00
1.133401897947003523e+00
-1.956311027197982444e+00
5.045669654386001346e-01
-7.689196622529523850e+00
-1.072731748372589777e+00
-9.452353242138006095e+00
-1.496308863273419609e+00
-8.821836888035672786e+00
-7.546312545070622546e-01
-3.839149698268599753e+00
-1.176650564970040058e+00
1.034469508912270852e+00
3.998528624624148264e+00
1.349711868038960816e+00
1.432022252672063400e+00
5.079366622851438251e+00
-5.979709663075790438e+00
1.702845005055956706e+00
-5.206501359298576492e-01
-2.492651622652248378e+00
-1.522078635826997983e+00
-8.288622826590638093e-01
-4.940729802573317286e+00
1.967702834970426196e-01
6.634206538676943765e+00
-2.589494266601715999e+00
9.008039092803611647e-02
5.057943719194258669e+00
-8.380655513267841528e+00
-1.214453325879182088e+01
-1.360316939627436561e+01
-1.342427603890665067e+00
-1.002446696096018641e+01
-2.764041193732449031e+01
-3.702984926935430021e+00
-5.349964816177134708e+00
-2.135660921262379475e+01
-7.371302196040885768e+00
-6.058601444976548400e+00
-8.783649583326218035e+00
-3.862642698494195281e-01
6.645953310266319747e+00
3.206293884544509698e+00
5.584173809621042928e+00
-3.689926725102420590e+00
3.170334203584217470e+00
3.743276559828300876e+00
1.962024503567814659e-01
1.221858591615933125e-02
6.578615585150744849e+00
1.065041413584133423e+01
6.182602880173477367e+00
5.585963770203056455e+00
-2.533225544347369684e+00
1.719463336234738904e+01
-1.003334197678412032e+01
6.156028061651722894e+00
-1.089913491369677701e+01
-4.975145476770507891e+00
-2.928693441952708643e+00
-5.311227681225328290e+00
-1.149267139168091312e+01
3.259068369215798455e+00
-2.630948677655801315e+00
2.758258328923174574e+00
1.705570710181464111e+00
-3.442043186582727898e+00
2.529629075904682889e+00
2.285937583081152358e+00
1.076916911168616542e+00
-4.045465245555054601e+00
1.710928910179329021e+00
1.453350662839618668e+00
3.630563617395226039e-01
1.283649316845333788e+00
-6.955447972699994041e-01
-1.717758985016843987e-01
-9.403663094694032498e-01
-3.193828591386476567e+00
-2.459326734532149228e+00
6.980194597669201251e+00
-4.158653210746590112e+00
5.959321312362179768e+00
1.427271499701606272e+00
-3.005405334346889390e+00
3.662938532686828896e+00
4.348482750211445591e+00
3.082436774608468433e+00
-1.568926406186994971e+00
4.495734130422150088e+00
1.742224473274844199e+00
1.403624399373267551e+00
3.340296513725911964e+00
-4.375872475775416381e-01
-1.521782450257058494e+00
-4.549883381171196395e-02
3.128601884519668225e-02
-3.552310233921976312e+00
1.740627034732771472e+00
-3.561421689369958177e+00
-1.769767592453225236e-01
-3.194816329795835852e+00
-3.078078352412188856e+00
-8.642511904735179940e+00
3.791039057736221185e+00
4.146259190340225054e+00
7.216254697626430570e+00
-9.240036045766681028e+00
3.915539206124818872e+00
3.441067215518592626e+00
-1.622764285172306475e-01
6.063472625080132516e+00
-8.624544914193387868e+00
1.195721927219933356e+01
-6.489179535453621028e+00
-1.354646010310239745e+01
1.163057951632273301e+01
-2.854191107007142403e+00
-2.439848509148673017e+00
-1.260457950493557355e+01
-1.745108476655395924e+00
-5.059970441300105648e+00
-3.583346800807294397e+00
-3.545528637111138526e+00
-7.923522580956901429e+00
-9.624495160613538047e+00
2.360410202501602939e+00
1.035494162767443882e+00
3.979779759290018148e+00
4.918764482633458890e+00
-5.422739539754623195e+00
4.864114235789336327e+00
8.194486992932395353e+00
7.732353602826238514e+00
-1.226086429688349133e+00
3.029071134303765511e+00
-8.753654334962408967e+00
-1.768613974862034866e+00
-1.034736182431985263e+01
-4.080744630313978938e+00
-2.649682443841752555e+00
-1.221561750412270220e+00
-2.333924134649579152e+00
-5.684628917713048513e-02
-1.431612359062122586e+00
2.489532389832660453e+00
-7.147711270315485699e+00
-6.011648402898732257e+00
-3.764987708003336042e+00
-1.369074635994298816e+01
-4.221678278732506229e+00
1.668984485497078396e-01
-1.060307967773634630e+01
-6.912804049136036078e+00
-5.616266389384411362e+00
6.992055168782828289e+00
1.214866636040134562e+00
-1.133855216773992813e+00
6.988658972822002768e-01
-2.163574769235118989e-01
-2.457396705270222359e+00
5.783616329726181782e+00
-2.436327637403200796e+00
2.039064347777145958e+00
9.129558670129892528e-01
6.958082166947338054e-01
1.326430185948961116e+00
9.859799708728379741e+00
-7.934744731341073276e+00
-5.223253207498669504e+00
1.934152041854970605e+01
-1.421296948988020681e+01
8.872222153621021068e-01
-7.718836513253329201e+00
-4.281041092275851945e+00
3.406028933416035409e-01
3.400369500318708993e-01
1.309751746259166350e+00
-3.255330731892306595e+00
-6.124601834393442523e+00
4.593772880935974356e+00
4.119737556040298010e+00
5.628349353247923403e+00
1.221129553408200064e+00
-6.683803586450376422e-01
5.111591328680631818e+00
-3.424106431350343871e-01
1.552798793070607752e+00
-6.706435749010240421e+00
9.301148327081458334e+00
-1.326564528989707625e+01
3.024376878693068704e+00
-7.138115990959232882e+00
5.959997499057570813e+00
-1.475572968494502923e+00
6.834242386169394834e+00
-5.186370394547797913e-01
7.615123939715961576e+00
-3.426355391141177043e-01
-2.178624645792325509e+00
2.241691648694894567e+00
-4.081676157459277476e+00
8.001779563871067591e-01
-4.160305895425005396e+00
1.590148371114908032e+00
-9.073192745678825943e+00
-3.268719126494188387e+00
-4.023597950843888604e+00
4.215941280234507538e+00
5.153397329473198063e+00
5.824324978957855947e+00
2.782468228394218368e+00
5.795596288512150362e-01
-2.144322031200449619e+00
-4.131094749907141761e+00
-7.685103518025966807e+00
-1.121192825466021281e+00
-1.022766543605103529e+01
-6.781323281406317349e+00
2.112191298910051973e+00
-4.489094853957408482e+00
6.511672084381948444e+00
3.990561193343067803e+00
2.997310750036271010e+00
-9.519512509477895401e-01
1.643497848669956696e+01
9.644744948243301863e+00
1.030374010943467589e+01
1.142349286536861408e+00
-1.316753091757583816e+00
-4.590501142094202791e+00
-1.972855557556010808e+01
9.817490334787689621e-01
-5.500600170966734481e+00
-1.155514643244071848e+01
-1.414367624609711349e+01
-6.353283915690107087e+00
-4.081772429564054505e+00
-8.586327765226801745e+00
7.710608209898436982e+00
8.775661632492697706e+00
5.665691394741887876e+00
-1.359046509079166132e+00
1.033254677602961813e+01
1.223550136839562796e+01
1.905574684455887891e+01
5.773990445345670963e+00
-3.465939262923181108e+00
-7.679224555555761444e-01
-3.747345383331930346e+00
-6.741889758088908557e+00
8.963937275475528210e+00
-1.568223068723837876e+00
4.504955182774292410e+00
-4.673510270918560749e+00
-5.217400454665244158e-02
7.528184892684929075e+00
-2.565290515656273751e+00
5.367945403699138751e+00
7.994613622494502359e+00
-4.557638307497497543e+00
-2.668981841756616014e+00
-1.892441989167656727e-02
4.961304435797071477e+00
6.583925405099997352e-01
-3.092144164896150738e+00
-5.558679400861231912e+00
2.412670307464906738e+00
-1.093061020500164027e+01
-1.756348419061687816e+00
-3.707454486100154600e+00
4.974567844428041674e+00
-8.731180806812660622e-01
5.178728763166836835e+00
-1.514064819495255598e+01
-4.961396773912836622e+00
-3.162847943253546124e+00
-2.605940002227408403e+00
-1.307225232038652152e+01
8.313696561967107712e-01
1.374099105981324165e+01
2.049500243451018111e+00
7.057930656397220837e+00
-2.524792136929713493e+00
-8.110322087168270189e-01
-3.371876041539912272e+00
-8.503983855848336049e+00
-6.690306890824417874e-01
-1.268703148555445104e+01
2.291247408538910346e-01
1.811499211524590036e+00
3.443751846106570813e+00
7.739510974053590786e+00
1.307528631514255224e+01
1.725430316843911172e+01
1.794341295359068056e+01
1.542046597539952479e+01
9.425450055938121352e+00
1.707242486428311068e+01
5.563808655495291688e+00
4.967511220531842575e+00
4.987591422320035051e+00
-3.220097495925284825e+00
7.741991347323684991e+00
1.148509081193885839e-01
6.248311973594939062e+00
-1.371284731572996796e+00
-8.370309735700305342e-01
-3.686914852666938192e+00
2.382080562728150941e+00
2.313111260105005673e+00
1.004394980161357642e+00
2.200347094211095644e+00
-6.264698000615426920e+00
1.492417035310532158e+00
1.783485029064590055e+00
-3.471627299981748571e+00
1.366798481703199508e+00
-3.891181048515459651e+00
-2.033049481033849748e+00
-7.831084929109695558e+00
3.286612292121437462e-01
1.395559519151687189e+00
-1.072077126365416788e+01
-2.034122642583407359e+00
-3.242399446250217032e+00
-1.023114960139504248e+01
-5.353802207433700389e+00
2.371284702911982123e+00
-3.063271259128158008e-01
3.514046369378494017e+00
-4.286159279761251106e+00
-4.691847577382988632e+00
5.153348751909895498e+00
-2.030296809168121275e+00
-1.459405266553934211e-01
8.490368772595662250e-01
-1.185184514588692561e+00
-5.506178377162118665e-01
-3.976347638611457680e-01
-3.758654573568756430e+00
1.301062798893483530e+00
-3.271713114713859838e+00
-2.429121438178912129e+00
-3.396487055945061062e+00
-1.534614484744805774e+00
-4.098301306793843968e-01
1.237951406393695386e+00
-1.297896244155557766e-01
-2.461251079071077985e+00
5.064783457028602776e+00
-2.278975711824459349e+00
3.371231979671185819e+00
-4.577162473024334877e-01
-2.851132439611134828e+00
-5.753970690132399035e+00
-9.483418487593787916e+00
-9.123787300299446290e-01
-1.262973106467332585e+01
-1.281732713289782888e+00
-2.315161332307706488e+00
3.259467022951468618e+00
1.885519975247436752e+00
1.385350087688898002e+00
1.937431873126182688e-02
2.186681227306666031e+00
6.294720542566386579e-01
-3.161405692532011535e+00
3.722290948530995625e+00
-1.618322092300302328e+00
-6.248241612245157839e-01
-9.318802591617754150e-01
-4.787228688404115105e-03
-3.157415423980674429e+00
1.399337209294451823e+00
-3.192210648719028043e+00
-3.292842418109527713e+00
6.759886655979304715e-01
-9.324274253726567707e+00
-4.036483608286021152e+00
-1.112521144776473569e+01
-5.744901863775409012e-01
9.289416522369094986e-01
8.936746520707563590e-01
3.526915253281050600e+00
-6.813016322345847975e+00
3.651557898227430599e+00
1.866074874489729529e+00
-1.419845798888130561e+00
5.163460796157096633e-01
-6.275623699239678110e+00
-1.991783864147614658e+00
-8.379986890805782851e-01
-8.690523502839595515e-01
-3.337214030144970867e+00
1.410468784242921991e+00
-1.584009256683847955e+00
2.870048177517363630e-01
-9.014581211891347090e-01
-1.174855422970968233e+00
-3.157116894233371163e+00
-2.407551959877432868e+00
-2.017175014618356599e+01
-6.266128913858815430e+00
4.361240235125304565e+00
-5.674522332465220309e+00
-4.242151909617573047e+00
1.349202964592218201e+01
9.287801498745942297e+00
5.837402780223584386e+00
1.082361269967608397e+00
9.794284115074201935e+00
-2.982082216950648235e+00
8.930508549811960961e+00
1.182251593609373597e+00
3.623340820254164485e-01
1.924090562901430879e+00
-4.798544499624410875e+00
9.724932186405352397e+00
-2.136876388502586821e-01
8.704202831234344018e+00
-1.856278617411670773e+00
9.670839211755769327e+00
9.880009684629380562e-01
-1.545914603827144740e+00
-4.108278268645020326e-01
-5.813727205855657054e+00
-5.033073143726288556e+00
1.322437889535122757e+01
-2.234379328152175770e+00
-4.722788488470858859e+00
2.353480356258624084e+01
-8.143921940100687706e+00
8.764524845043073498e+00
-3.300868666513938177e+00
6.873575595613865552e-01
9.612739535594347906e-01
-2.162346796810211469e+00
-6.660859262450463669e-02
-4.844005397689166159e+00
4.553427789799576075e+00
-1.689465619334277857e+00
6.215981254591769201e-01
2.766177162205126772e-01
5.242020604919500615e-01
2.137779650447791280e+00
-5.328583920040445676e+00
4.785666697770863953e-01
-6.904265107880900310e+00
5.890657772739803510e-01
-1.624422046385141760e+00
-9.846818145485264351e-01
1.030040022821026961e-02
1.553575465685883561e+00
-4.570257374572743170e-01
1.379244524543672634e+00
5.414026294118339244e-01
-1.628737484096747901e+00
4.228768129047309365e+00
-1.310544835964540189e+00
1.241914109865674964e+00
-1.061174324015301540e+00
-1.700225481386926640e+00
8.596805953898050134e+00
1.096775212598950056e+01
1.429112127192758486e+01
5.041148991535445489e+00
6.912455408384115429e+00
1.470171287877366595e+01
7.287363960885666181e+00
8.238953145163339542e+00
1.658448725543268054e+00
1.741662048846575939e+00
3.853918283257710131e-01
9.492001794086759148e+00
-3.905149575810714424e+00
5.665395487044615486e+00
4.056491797454553905e-01
2.148737490492950375e+00
-1.266071453271182312e+00
-9.991146779625326158e-01
-8.072721798624590273e-01
-3.163471742048042046e+00
4.299566236508671202e-01
-7.210299033603633667e+00
3.157534084619402215e+00
-9.398859763948783641e-01
4.879842495105541911e-01
1.583098017561915150e+00
-1.675952092847605934e+00
-1.985416483848768898e+00
-8.775889924567791267e-01
-1.719851540086856811e+00
-2.007266569221132002e+00
5.772255630833167395e+00
-3.625094523070512498e+00
3.199600581636217633e+00
-2.354082280750831924e+00
-1.441847450790321838e+00
3.295492275808967975e+00
5.261429262029719389e+00
-1.314464903711427368e+01
-1.745204342254530028e+00
1.308246155599218596e+01
-1.787102280593822456e+01
3.515091458216673459e+00
3.527845004702768072e+00
5.326660533591233815e+00
8.463147134605982780e-01
-1.972434250446919168e-01
-6.269809975978843930e-01
-1.127568618467238792e+01
9.299868000290529846e-01
-2.450993704614326862e+00
-3.080507081348457188e+00
-2.286918708353078866e+00
2.734621107791615824e+00
3.636858545215473359e+00
3.166312367676123340e+00
2.926320295766854152e+00
-1.245308500721067801e+00
1.899983377113789063e+00
2.029205782322840879e+00
-3.527751831161300533e+00
-1.325432049892807385e+00
-3.223716721584447331e+00
-1.692252459288672961e+00
-6.052447311235833460e+00
3.510174917469921940e+00
-1.121577574697232649e+01
4.089510251159036436e+00
-1.751964710808469938e+00
-9.390391864678160339e-01
4.636533079225154119e-01
-2.872542742572133934e-01
-9.825072349491067669e+00
-7.256800378356889070e+00
3.004020051387237267e+00
-3.147655098767908832e+00
-5.971117738416665155e+00
3.977072504025513044e+00
-8.705772640760784498e+00
-2.764313731059308221e+00
-1.754223444164465739e+00
-5.735907797868542435e-01
5.098581271615352239e-01
-6.501477476375702169e-01
-2.869357990516288037e+00
4.535192067641064639e+00
-2.757814625205259329e+00
2.908189101694238943e+00
-1.085197895781530475e+00
-2.251764458440094430e+00
3.116217594001641777e-01
-9.332945095696986826e+00
5.041394051717560387e+00
-3.955577849118112610e+00
1.299359214775995586e+00
-4.156195524634775040e+00
2.340889825177034922e+00
-2.365613548114752496e-01
2.613287187032198311e+00
-4.754602320572415969e-03
3.407096555331744714e+00
-1.686433272652992033e+00
-5.596157228012305751e+00
1.370212079275205108e-01
7.122842133980277879e+00
-1.043090599438149724e+01
3.267145376197578610e+00
2.815294846258778461e-01
3.656787126920437281e+00
3.926394979978653055e+00
4.189265096536413324e+00
-1.494938113039424143e+00
1.632800891627459672e+00
1.696247324235277798e+00
-5.671981771369687841e+00
-6.504402794538456378e-01
-1.501703198565827346e+00
1.391383114826977740e+00
7.001965546968013099e-01
1.316049468703901271e+00
-2.807074860682683415e+00
-1.841275241187002809e+00
2.046045232377605494e+00
-3.630011660781257810e+00
-2.411837982448163387e-01
-4.569441673648055313e-01
-8.934926958822599907e-01
-5.773058504715091604e-02
-1.481941346199482090e-01
-3.137610664915945424e+00
2.410715160195518791e+00
-3.370631198952561025e+00
6.628718853934233435e-01
-1.500796427400494570e+00
-5.926570579226420055e-01
6.050075589299006573e-01
2.382459068404350511e+00
5.514237343563422655e+00
5.201391224948998193e+00
4.240731101216382193e+00
2.135021704460874581e+00
4.474938282027856928e+00
-3.547168123897660674e+00
5.664600796191835208e+00
1.366079101553182973e+01
1.811846173503512603e+01
4.700884521447775910e+00
2.067467299758984822e+01
2.568069601757763465e+01
-2.317591110426560075e+00
6.402300985153715374e+00
7.531439653217471886e+00
1.247955373536492374e+01
-3.112291724959492800e+00
-4.697021950478824870e+00
9.172042470706976980e-01
-9.482550953909251845e+00
-3.419911085851728760e+00
-4.789111475069456780e+00
2.139452140785868650e+00
2.651758643054933362e+00
5.930523454082371693e+00
1.884263064308139501e+00
2.997564334953010334e+00
4.185605732161883807e+00
1.826614250575566700e+00
5.701697460675984708e+00
1.255379755361847094e+00
-1.943155901233726723e+00
-2.920548353652234752e+00
-2.450736918563245936e+00
7.087226269041594584e+00
-5.254340931044586327e+00
8.880648077396585904e+00
-8.327081827579239093e-01
6.419215305340641997e+00
5.838563233589585399e-01
3.747751408431722719e+00
-1.120984783378854877e+00
1.657656208217914262e+00
-3.812047201453387046e+00
5.705172285090576167e+00
6.077806736437144863e+00
9.177924053957216444e+00
-6.388030785293136837e+00
4.607612486718408285e+00
-1.533563323874215900e+00
-8.282650795967539947e-01
2.144725666155109511e+00
7.100733308378601727e-01
1.826405405895624723e+00
1.141513206645061507e+00
-2.117213749988566818e+00
3.855932358041257224e+00
-2.574841944265044980e+00
-2.216232369658870383e+00
3.284957255587158897e+00
3.488927499045844094e+00
-8.848833708191470748e+00
-5.782465508762504314e+00
-1.730225431230746569e+00
-5.821938555054954278e+00
-6.615621168573952993e+00
-6.460025985114427050e-01
2.056213035328199545e+00
-1.782856050147681781e+00
6.992011239768351594e+00
1.637851911339277822e-01
1.213894795914217672e+00
4.631490317114760752e-02
-3.679096479944145681e+00
3.843131661800149423e+00
-2.290168944846914467e+00
1.239906947158403661e+00
3.929652654144262680e+00
2.975767279258319853e+00
6.292573212730571797e+00
-1.192735866028027836e+00
7.768895197899642113e+00
-4.110137513053427227e+00
3.374155194046084549e+00
5.425259749072200988e-01
-5.853495453293761086e-02
1.334920000080907831e+00
-2.260968255242945091e+00
-4.268532463973852664e+00
-4.487826667859490470e+00
2.348962588034663845e+00
-4.783182239322429474e+00
2.558790726838467977e-01
-3.225396362260753769e+00
-1.363820624360703171e-01
-5.564296401343033160e+00
4.132705302683882920e+00
-1.245911247981983161e+00
-4.762938177104312665e+00
3.376498352535892256e+00
-3.912611891462196123e+00
3.627851646678292852e+00
-6.337770733794974021e-01
1.563843958788771360e+00
1.503157358719817482e+00
7.701865946446913025e-01
-3.054951460895946269e+00
-2.369959010509365971e+00
-3.696665631963437448e+00
-1.163776255344514432e+01
7.122330174758537136e-02
-6.364801369348748850e+00
-4.262589846755473033e+00
-1.680194662215519941e+00
7.691765063971621075e+00
-1.254975229441085860e+00
-3.289206097538876161e+00
-2.450957803874093122e-01
-7.637411703370177385e+00
6.148914789996456909e-01
2.529447943532464257e-02
1.464860254200134992e+00
1.988379457509663828e+00
1.189138149460836624e+00
-1.681349341809190046e+00
-8.727788884321908469e+00
6.020424599329295745e+00
-1.857266612538486461e+00
4.292378413609744925e+00
-2.337775995777955362e+00
-6.236424341113259162e-01
-6.498483940136731363e+00
1.957672138667368333e+00
2.075239952021252332e+00
1.965054578584060518e+00
2.970201097227378462e+00
-1.006049577031948861e+00
1.072183594024264996e+00
2.975375959464156228e+00
-3.886706981274090200e+00
-9.307919611980829400e-01
-9.132006352808892391e-01
7.704043804169243836e-01
1.120446206240517384e+00
-2.392581294316284968e-01
-4.349186658733460220e+00
2.369559297537212839e+00
-1.671296711275673808e+00
5.706560315250752691e-01
1.512490405664596249e+00
8.992782529153864335e-01
3.929627603332388475e+00
4.064279391151035092e+00
5.855960960861757769e+00
-3.184198534839413064e+00
4.151196010613955600e+00
3.057289329077874207e+00
-7.522233348635719352e+00
1.310872176205438722e+00
-1.422637559103007376e+00
1.623050583904512845e+00
-2.430169098552580120e+00
7.993159047764436531e-01
-7.234389663414040328e+00
3.379049903123441112e+00
-9.201960788393149793e-01
2.053934540580224066e+00
1.408408785098295812e+00
2.704047343965990446e+00
8.729967679379976531e+00
-1.170087578286432084e+01
4.771453560504582470e+00
-3.911572614202295295e+00
2.552929750076843529e+00
-3.171681871749147064e+00
-6.600827985311538137e-01
-4.566553599093198912e+00
6.564232110856207392e-01
3.589002944899920972e-02
9.371180589748909773e-01
3.065660607571307206e-01
-1.549892944889063706e+00
-2.826943363981583857e-01
2.208055723413581362e+00
-4.803405316159835570e-01
1.787620670176544246e+00
8.818708240441167634e-01
3.641029996354594456e+00
3.592289285351360828e+00
2.353802840864213763e+00
-2.956581628133816864e+00
2.497152380053122123e+00
2.000626296466042398e+00
-8.792382569132752845e-01
5.375876682353654346e+00
3.377671893750368248e+00
-1.363378306092146097e+01
-1.089936433794939497e+01
-6.907236236686851605e+00
-1.366617705521824711e+01
-1.009296848133447710e+01
-3.048102688336015387e+00
6.467797222411408420e+00
-3.129764333442128926e-02
1.006588781083350526e+01
-4.477228806853739584e+00
1.032042914908366749e+00
-2.707754891180421120e-01
-5.692422870481121500e+00
-1.663072259502721417e+00
-1.480810039423883673e+00
-5.288974789184233138e+00
-2.225091186891003492e+00
2.630368066628728130e+00
5.009389030281116817e+00
-2.140054342492935469e+00
7.768098519873033680e+00
-6.500379794226009089e+00
8.013066366491532477e+00
-2.256996931227764236e+00
-3.086068483730204814e+00
-2.314281565663221851e+00
3.072761115533685139e+00
-2.468612683358993198e+00
-1.249974261274489962e+00
4.311705619459414995e-01
-1.794439319527346921e+00
2.901107094327758595e+00
-1.157299015962356625e+00
1.802476121531110698e+00
3.570096409836298057e-01
-2.676070488401943170e-01
1.583585886173136670e+00
2.963471455256497578e+00
3.796350650430318829e+00
5.074431210786285007e+00
1.010684499898009747e+01
-7.877588837886128070e-01
-1.671554353569425944e+00
-1.793836059658139526e+00
4.066059476060061684e+00
1.692459843328330882e+00
-2.031988313060856477e+00
-2.611194122785825300e+00
-4.579920798696790918e+00
5.729312515176020248e+00
-2.810331961572099413e+00
2.968917738645139970e+00
1.615729092337536699e+00
9.998891651680326120e+00
-9.107419706571334705e-01
8.089948315068824503e-01
-3.408169637288452902e-01
-3.297752145600193696e+00
4.264026833670498284e+00
-2.105983582929067843e+00
6.992421103813265537e-01
4.246190534667039884e+00
5.823045758198130528e+00
-3.518336312545199407e-01
1.863798514613251633e+00
4.686919868922302390e-01
-2.254540050411808938e+00
5.450180212271702018e+00
-3.589275032867861093e+00
6.000483046363153106e-01
-9.500258699358954395e-01
1.968281012951109687e+00
1.298673180673204142e+00
-3.619297989256731185e+00
1.181030189780330142e+00
-8.329202762792517589e+00
-3.059761525194795606e+00
-4.899238001308737545e+00
9.597176034434734548e-01
2.607900696969827070e+00
5.192372197200020523e+00
9.182161931704376778e-01
1.187082290454334554e+00
2.991681802151733738e+00
-1.980279543964192368e-01
3.808132381241374542e+00
2.635052059345061704e+00
1.176599619513186035e+00
1.631816962867846943e+00
9.396117854501951916e-01
3.414887585938769732e+00
3.951061598684533216e-01
3.087541493982431717e+00
-6.158878036870407691e+00
2.874425662936197057e+00
1.355870110429607367e+00
-1.019574134403481303e+01
-2.156566527954413282e+00
3.566405655730263913e+00
8.896736618180167255e+00
1.061317636568077205e+00
8.526305547461500822e+00
-2.259009367188181017e+00
5.542480572024473418e+00
2.505923161841510538e+00
-5.607186524653788862e-01
1.496792738828941038e+00
-2.104491091943616166e+00
3.371587040028476423e+00
-9.304078018713241249e+00
6.081817899043508113e+00
-2.874795213152417706e+00
3.895193254862021615e+00
3.202540058201148176e-01
3.868787084378507490e+00
2.655189953756685206e+00
3.677411925984166302e-02
-1.765825997353919519e+01
-6.530698541730314943e+00
-1.749361651925977812e+00
-4.949331339554579046e+00
-6.692119147346081931e+00
-2.017172610239633901e+00
2.524553791211599396e+00
1.854531808326595588e+00
5.701374400394665365e+00
-3.162554058679017732e+00
-2.640188942756206636e+00
4.258189665864825280e+00
-6.929268445345933891e+00
5.093394801940800409e-01
-2.271686181520497172e+00
-6.455543239019351232e-01
-6.200831689151223181e+00
1.349884445006445555e+00
-1.166165123026831063e+00
-5.819655471701566940e-01
8.276008072127336579e-01
-2.082942671242312915e+00
2.525706386276073356e+00
4.823002039232795329e-02
1.117450207571841769e+00
2.300548965562988268e+00
1.863332131885908183e+00
-1.576847034822972116e-01
1.611294282311123982e-01
-4.762790816564958507e-01
-3.957957733521519472e+00
2.002580646677436071e+00
-2.072551172901177186e+00
-1.659676401850129324e+00
-2.501364546822139268e+00
2.267888357723294224e+00
5.226667323331215531e-01
-2.324332252075644423e+00
8.054846247453703256e+00
-4.408223866405511338e+00
3.810565182891251013e+00
-2.862294399252780064e+00
-4.630601549640428694e+00
-8.085432110476745038e+00
6.404927854780285701e-01
-4.483528180554124942e-01
-3.044191507309170763e-01
-5.474019929266642492e-01
6.329931515998246105e-01
6.943184331331774040e+00
-2.503474534285837994e+00
-1.621361184190498683e+00
8.668407880081948624e-01
7.254897745993432068e+00
2.603907374565989752e+00
3.792457123176602440e+00
2.741697166433299859e+00
-1.015137146290994163e+00
4.806772148714119730e+00
-1.194728914005976028e+00
1.417889509172414408e+00
1.682738271882545655e+00
1.187292065736822222e+00
2.190798035415895961e-01
1.387941578469829018e+00
4.156109065593164287e-01
-2.995505424421300855e+00
3.203824240437174176e+00
-3.550066821804542361e+00
-1.808940601355757849e+00
-5.451012187911616458e+00
-1.383291926282383955e+00
-1.153753732561588485e+01
9.554400862024570174e-01
1.883234679335074935e+00
2.702566889459125932e+00
-8.235384848118201262e+00
2.428702595550859211e+00
1.997768424880106641e+00
-1.775347059605819622e-01
1.222045933129367157e+00
2.009597083480059165e+00
-4.896332891300349210e+00
4.214587678611777299e+00
-1.505888878962937438e+00
4.195207033730222967e+00
5.467897957384738605e-01
3.968567507780600412e+00
3.491526703995063041e+00
-4.868439132425601557e+00
1.023402977744580916e-01
7.844308013635633792e+00
3.609910240664712333e+00
3.429377634035067679e+00
4.883864829098605753e+00
3.822831870029709922e+00
-1.099974235453120741e+01
-6.051042656989331192e+00
1.132312299393061750e+01
-4.121302823913103097e+00
-4.292626097918883943e+00
6.089517797222610440e+00
-1.278868884241298742e+00
4.497363905835764619e+00
-8.515574043240408120e-01
-1.804300064705908868e+00
-9.181162936598834534e+00
-1.042613573323340326e+01
6.089708479906334126e+00
-4.669552687823321335e+00
-1.846852754660714524e+01
4.243374122491953671e+00
-8.786560406928190403e+00
-6.349253385826790108e+00
4.846208536028506764e+00
4.607308024894584797e+00
1.339425129219637078e+00
-7.055609146879074922e-01
-1.457794232782272104e-01
3.094609630640147380e+00
2.555691681904362689e+00
1.657212459682640526e+00
-1.243493832697578583e+01
-1.468248280934212602e+01
-4.952716006164116003e+00
-3.712331609588277903e+00
6.642821420962972567e+00
-2.246289978632086015e+00
5.249752647157582608e+00
-2.695885631326026544e-01
7.882917319215736462e+00
-3.224473168869324557e-01
-1.696633631639013373e+00
-1.443602760415462760e-01
-7.257401170443975591e-01
4.984142395875020282e-01
6.953778377236080388e+00
8.572145814461917368e+00
9.802544975883435541e+00
-4.917506915661331135e+00
5.821451625097576965e+00
-6.233251036626192843e+00
-2.344296870571096925e+00
-2.784718071692787067e+00
-4.234297763836496920e+00
8.822241653019442964e+00
-9.554753820323274027e+00
-1.269488960852100412e+01
1.247961242901526902e+01
-1.509688358334399361e+01
8.914360358098255332e+00
4.390760172366399594e+00
1.399916866084282896e+00
-4.727277668323546678e+00
-3.571644993607277385e+00
-2.106242887597268520e+00
-2.465505919679357838e+00
4.170609673837486042e+00
-1.591057238408978947e+00
-4.462421122250040395e-01
-1.242314334197087033e+00
-3.604398496183455425e+00
2.035055696424529259e+01
-5.763970680279631331e+00
5.345520443157621315e+00
-4.239472605265683036e+00
2.543924467137819168e+00
2.521030634448040431e-01
-1.702400880013798634e+00
-2.126040403919033928e+00
-4.115482003960036828e+00
-9.533305799612753262e+00
-1.281536113550746414e+01
-1.124921955425734410e+01
-1.242233047550617364e+01
-1.328964692853953444e+01
-9.374871686477684873e-01
1.369055162270347381e+01
1.243555381403880133e+01
1.520559955934857044e+01
4.090253193548484489e+00
1.468421034109203660e+00
4.740880592033613894e-01
-3.234618735085016183e+00
-5.380613529990209143e-01
9.111770186743898270e-01
-2.314322489020038454e+00
-6.288426311316650530e-01
1.110294878133075036e+00
-1.024539668642907131e+00
6.753548677670541345e+00
4.107119792116515455e+00
8.865441220412437318e+00
-4.970658474316178577e+00
2.767858142703476076e+00
-3.747239390444820906e+00
-6.186819817908240537e+00
1.842506371315630886e+00
4.910163636511955865e+00
-3.919022311464396502e+00
3.949028275234227614e+00
-1.790661189463216285e+00
6.266871194087449304e+00
-1.271403060478652147e+00
-1.854195394324807733e+00
4.716653400533351442e-02
-2.028415320222038520e+00
-8.032134210145743802e-01
1.846738672299111261e+00
7.763255486750376910e+00
7.523259254576633026e+00
3.185501503348558305e+00
-6.636470285815353476e-01
-1.310029690347780607e+00
2.597372016944398343e+00
4.559812911776944588e+00
4.262093919443523227e+00
2.915687035037517028e+00
6.901581650345019803e+00
-3.423078164882324970e+00
5.131876561334971498e+00
9.788195532536634325e-01
-5.075143080887030145e+00
-2.051716102970377598e-01
5.012162502539223574e+00
6.388035488354297797e+00
-4.039953052939059042e+00
4.230269227262525078e+00
-3.800795505368937732e+00
3.168630367712163221e+00
1.925374676868626178e+00
1.448998001446626660e-01
-6.989687057351344490e-02
-1.646837773734445953e+00
-7.054286353140773791e+00
-4.670342692401227680e+00
-2.171265265921512810e+00
-3.727830491597763363e+00
-9.082413143222305862e+00
4.136506665583270514e-01
1.348278579081036765e+00
-1.470222505915434130e+00
-1.290247748705829700e+00
4.864212185501834540e+00
-8.774386377211659038e+00
1.773659000786534712e+00
-5.723671115888049776e+00
3.300533862926644524e-01
-3.427646882977325671e+00
9.464009680959601933e-01
2.142463008134748215e+00
-2.830789396196973784e-01
-5.743023321783008228e+00
-1.143283393603540254e+01
-1.991585736603405099e+00
-2.570874993529534969e+00
-1.827832053297834491e+01
1.650931302331516193e+00
3.765964420433221438e+00
1.946496549757168637e+01
1.300119105519253182e+01
-5.333110249876550357e-01
5.512531159569727945e-01
-5.380404494512165403e-01
-2.377632361240515912e+00
6.366637944570534557e+00
-7.269757140248760408e-01
8.951606497152886366e-01
7.847875684844941579e-01
-2.616088994097121478e+00
1.125355466591033249e+01
1.127299501887889477e+01
2.065838740147248842e+01
2.231139107078069017e+01
6.109197402794942278e+00
1.032078246738570293e+01
9.840066263039707550e+00
1.240405867342874480e+01
1.093036909874629536e+01
-2.057800280331641751e+00
-5.781893257231861538e-01
-1.564762612367968098e-01
-4.390991583312131574e+00
2.216681657793159177e-01
-2.491552048233812044e+00
-1.774856249259919805e+00
5.945861612405933805e-01
-1.187365614322009710e+00
3.110960676152185300e+00
-1.182576989663411382e+01
-2.896607417029060105e+00
-4.774638517135923799e+00
-8.700191606724235527e+00
2.365322645208662422e+01
5.973037446322808641e+00
6.836310517517548924e+00
5.580749820728097887e+00
-4.943668398668018327e+00
-1.568517572273723459e+00
-3.829611635543101578e+00
-1.093158713491601119e+01
1.855901544251855606e+00
-5.450372815506349333e+00
-3.352607310096885396e+00
-7.942899577629896513e+00
-4.480404757908200697e-01
-2.915206155210070982e+00
-1.495628347974286898e+00
-1.201729119968191206e+00
-2.062835903287173256e+00
6.045283163204831389e+00
-4.248852406994834574e+00
-7.571320403396089027e+00
-8.299444928155962131e+00
-1.050529914712979185e+01
-4.343128263145193957e-01
4.395356948944359132e+00
1.999287219597571497e+00
-4.562318264738518536e+00
8.181930894706786361e+00
-3.165345200116289059e-01
-1.957654151750834126e+00
-7.713027644033656038e+00
3.141261543470849071e-01
2.882278003618440110e+00
6.929807818322370139e+00
2.715545268083787267e+00
-1.408861157263557429e+00
5.752448790378808852e+00
-7.479093146118743540e+00
-4.996856987525444715e+00
-2.972788110880529189e+00
1.893038813098932183e+00
1.857206830494237515e+00
-2.584855466247154343e+00
1.447507837843028611e+00
-7.632274597609617572e+00
1.914208445773871725e+00
-1.751957135752761352e-01
1.560508603610850642e+00
2.148089234956426008e+00
2.566536892587478746e+00
-3.283443152314120539e-01
1.654479977537416602e+00
3.986292116672572661e+00
3.831222986815386644e+00
5.268099697734285769e+00
-2.360248411154509895e+00
-3.090658174567929350e+00
2.316858703403193775e+00
2.854119364264875891e+00
2.429263162969051759e+00
1.097280821478137369e+01
-6.790369019875411638e+00
-9.826665054126476617e-01
1.359449651989122287e+01
-6.745176749651180970e+00
7.722940007410226571e+00
1.740228520098753862e+01
7.072810885206912701e+00
-1.359902308374893343e+00
-4.064299365817672927e-01
-1.957780365102521417e-02
-3.194867101613539706e+00
3.011410867501896904e-01
-3.049511184267203134e+00
-3.008289569983131351e+00
4.825878085573067633e-01
2.922876021693618043e+00
4.980576415775905375e+00
7.116936888269178141e+00
4.717135415116604946e+00
4.180805104524999649e+00
4.137368930422595348e+00
4.243663191178062455e+00
6.198575112128294151e+00
1.620805068426946161e+00
3.119214334973428926e+00
1.875328857827814444e+00
1.741440044701839218e+00
7.932575012373449530e-01
-2.645496835107919331e+00
-1.248080522755407040e+00
7.339747662058849764e-01
1.895481833499322866e-01
1.788175362997625584e+00
3.192496252436921811e+00
-1.865249172937409661e+00
6.475258035163673931e+00
3.462825603603073787e+00
4.945085656836582189e+00
-1.144591838217262625e+00
3.196227424347683144e+00
-2.479047618383040330e+00
-7.941169116990274279e-01
-1.818205841486261187e+00
-3.616808697168310882e+00
-4.286215986856444893e+00
-4.941201196143533814e+00
-8.229669054096927283e+00
-5.472363971037171204e+00
1.211906108875167032e+00
-3.662495689579075897e+00
-3.334743228599861276e+00
-4.617024158622674790e+00
-1.976016822479485624e+00
-8.370412217455425186e-01
-7.036482751357581167e-01
-1.663369859062354461e+00
4.277883923586565551e+00
-5.509094311752995132e+00
-6.196425357904153053e+00
-7.120019589879814426e+00
-2.788906749101646820e+00
-9.401463402714685946e-01
5.060167356999034638e-01
6.869517883479608900e-01
-3.804599808482302947e+00
5.940043632722662448e-01
-8.235396405214581161e-01
-1.466058950841698794e+00
9.331182414081006238e-01
-4.778411952248436401e-01
-3.976938693535382985e+00
-6.177287919588324350e+00
-1.579947405790903536e+00
-5.594415698121086855e+00
-6.413305553862026720e+00
-8.795038228187342710e+00
-1.376180574151469216e+00
-4.662245469288966326e+00
-2.443354433291514027e+00
4.074020612591422896e+00
-2.991213706647900317e+00
5.549253144138144300e+00
-5.105425269257974463e+00
6.742231036464483296e+00
-3.126460947955884251e+00
-3.196713237798425311e+00
8.511978774312356499e-01
2.077087517671963646e+00
2.053219105521721932e+00
2.494121027556604364e+00
2.050545055925510063e+00
-3.045188668392705189e+00
1.596681362889686762e+00
4.087917232396689471e+00
2.140452717883610578e+00
2.119056020353143222e+00
3.401574163826088237e-01
5.603998671716888813e-01
-1.394421384855494717e+00
-1.173447908144351537e+01
9.825781189919817749e+00
-1.673772979913211945e+00
-2.071588502323549186e+00
2.282972231834012433e+00
1.153399525688933380e+01
2.174033737698035651e+00
-7.375473693435168343e-01
1.845554617633564876e+00
-6.364903675433581931e-01
5.867766934400473477e-01
-3.182016402603104144e+00
9.043393600568244706e-01
2.499518383751897499e+00
4.495187506517419052e-01
-1.475497313081634232e+00
4.889058860768173531e+00
1.272428914071343842e+00
1.179445266378336798e+00
6.427156883318770220e+00
2.198941728343195123e+00
-2.705105504556347018e+00
-1.315283447026256658e+00
5.680499053445136504e+00
2.507406186781721669e+00
-8.832810696091966118e-01
-3.281552020661862912e+00
-2.706977981821900414e+00
-1.055224873728908719e+00
6.626380750633384942e+00
-2.332731449474132912e+00
1.897505285630493033e+00
-8.822852203658447523e-02
2.060840621298783315e+00
1.098646344514955508e+01
-6.451928699700053116e+00
6.760183714984298931e+00
1.467433979176349990e+00
5.951765251731533368e+00
1.377102696665124304e+00
3.950449994388005592e+00
8.715608012518194503e-01
-6.241431107677040124e-01
1.630520779436284373e+00
-9.942177230755641304e+00
5.292004424656095551e+00
-2.892915735966896218e+00
3.751376146851126414e+00
-1.763724204875904089e+00
1.744780146009943245e+00
7.323325778342291148e-01
-1.664393752917163072e+00
2.450596851714700541e+00
-8.635789247325226015e+00
4.315910651408213283e+00
-4.043096268825666861e+00
2.105902508977430809e+00
-3.023209713942282661e+00
-6.650244003054801567e-01
1.319193480117158090e+00
-1.038421813029309360e-01
-1.260844277633123289e-01
1.527027920965944086e+00
3.026347173760291387e+00
-6.065031637371712941e-02
4.531574134829652878e-01
5.679334635563441758e+00
4.683194952172274661e+00
7.860909717886190862e+00
4.328580553884011195e+00
-1.000245698530952332e+01
-1.340036852391159217e+00
1.456997820709027103e+01
2.533305315304703154e+00
-3.076137196501792737e+00
2.573950527174817893e+01
1.348019515243575839e+01
6.744297643797291464e+00
-4.387990227858876047e+00
5.070568261976825752e+00
3.677304291699784677e+00
4.104701728600528843e-01
-2.538943831033184106e-01
1.519104087154741434e+00
6.494107190738469981e+00
2.848818682454108409e+00
1.618651929007466350e+00
-4.862780097422765735e+00
2.821455681711558805e-01
-5.010780235050857456e+00
-1.076574082592571813e+00
-6.118785584954474110e+00
2.894589446314142833e+00
-1.030986153621811230e+00
6.341466964903813341e+00
3.087451423810195550e+00
1.394713393447692740e+00
-6.173543839919795495e+00
5.117056102567042686e+00
1.353761559666452285e+00
1.866996630427711468e+00
-5.075431351999114327e+00
5.119341389840533552e+00
-4.438769722880943291e+00
-2.938982017718380746e+00
-6.554141896361355135e-01
8.510435473719546451e+00
-5.896540128611283960e-01
2.100375770393565933e+00
-4.711475820078958598e-01
-1.330034638367913402e+01
-2.646368911049737260e+00
-5.543889787986241657e+00
3.049707638743446747e+00
2.255967078126823289e+00
-1.073541923485780814e+00
-7.173090861996185730e+00
-3.361601758009373331e+00
-8.883960719679118156e+00
1.534466450883331223e+00
-1.292502625635021385e+00
1.887113921153195095e+00
-8.185474742186590325e-01
1.931559737093706611e-02
-1.002852912284562636e+00
-2.500688587570917942e+00
4.540152981343895111e-01
-7.631786180153875776e+00
2.213290982512565730e+00
-2.089524618870161277e+00
3.583144105897874354e+00
1.496263897680934374e+00
-3.065853668032131329e-01
-1.782692174332797475e+00
2.142161753218817744e+00
5.346020412876929306e+00
2.086623221340601297e+00
-1.355595596764139099e+00
1.792354422117468316e+00
6.694341718912735217e+00
4.833966284901166865e+00
5.305737165145878897e+00
-2.001632583834707990e+00
-7.160549367875913340e+00
2.200962849980668601e+00
-6.947269492626868548e+00
7.279319478568186952e-01
3.020280038625945407e-01
-5.643661288266830667e+00
-3.827234113115371539e+00
-4.680042880375840042e+00
5.978149314952183602e-01
-4.309024203642306539e+00
4.957073427048622527e+00
-3.897479785652311790e+00
3.104041766401876234e+00
-1.644777324632338278e-01
3.428681398368068400e+00
1.854964168005451164e+00
-2.321717778835337587e+00
1.869894816732318388e+00
-4.463084505672529900e+00
-2.216851909535125564e+00
-5.107928289335460725e+00
4.255949960010685373e+00
-1.308249628536352696e-02
4.098968019370552995e-01
-3.077334911245095395e-01
-3.058574612512965807e+00
-1.591003913629488176e-01
2.061021516318133351e+00
1.284447036766581007e+00
-2.726974422072672599e+00
2.407576481417283087e+00
-2.051445255029514581e+00
-1.504162922131475177e+00
2.676934864268794012e-01
-4.754408793058437221e-02
2.321632567061477470e+00
2.322600704443951170e+00
4.471738958550360188e+00
-1.050532655603315435e+00
1.077510392587135435e+01
-6.406114032289575100e+00
-6.686612648253232649e+00
-1.098094627586659655e+00
1.889005046626316187e+00
2.661197016861401643e+00
-2.558324722408108265e+00
8.006325832352770178e+00
-3.461376344480651568e+00
8.560352205528928948e+00
-5.278653167151234893e-01
5.711187119357297171e+00
5.594652701971737585e+00
2.351934750799277829e+00
3.328957618761581472e+00
-3.826457340818145259e+00
2.236111669829533355e+00
-2.752356095619826970e+00
4.807624194052695366e+00
-9.464863396257636730e-01
-8.471840378435600005e-01
-1.225797320402351342e+00
-3.055319228724553415e+00
9.352078399404707199e+00
1.102261274964693705e+01
1.438580137284657923e+01
7.511553493849287833e+00
1.074096491720803748e+01
5.788213648108381015e+00
-5.268763872470434428e+00
-8.571984039042348513e+00
-6.651939375887343964e+00
-2.237773273085665038e-01
3.775494902162931599e+00
6.544453918706669704e+00
3.260836403815766449e+00
1.032854282775158339e+00
4.254439204120648910e+00
5.181562808301621637e+00
3.376405906909260679e+00
4.194337159699339956e+00
1.254661415533770530e+01
-2.185440990453559440e+00
1.466356931776696193e+01
9.686755635622921190e+00
1.237911909775940345e+01
7.806003404779895405e+00
7.684418584183013934e+00
6.245911462275326897e+00
1.148547569346175079e+00
-6.860628579045108921e+00
-1.134346925786249649e+01
-3.669729011021951592e+00
-1.001870144990450662e+01
-3.831917795484610423e+00
-1.266790876324125570e+00
4.280058794234229858e+00
-1.611384000833518737e+00
-1.547016758223916266e+00
5.139432566826307891e+00
-9.843861194108407542e-01
5.902900202934004525e+00
-3.993286437234449870e+00
4.379988519861269580e+00
-3.550731509686128717e+00
-8.229198639577752772e+00
1.857944399123723445e+00
1.529870837002679673e+00
-1.256857790235319516e+00
-2.609138060053274444e+01
-1.543506869718959607e+01
-1.972854144797064535e+01
-2.245570107101104895e+01
6.130326316556511834e+00
-8.859029961375945561e+00
-5.732642018056242961e+00
-1.454709887158060821e+00
1.130927264437210367e+00
1.010416792089481541e+00
1.894576910955634019e-01
-2.899587820564391016e+00
4.243018529061539645e+00
4.560961430927974014e+00
8.823730984723288984e+00
5.405297595548026468e-01
-9.885968705956357239e-01
5.088126270003936469e+00
-5.061965935522077409e+00
4.482853390747155053e+00
-3.740217623320166052e+00
2.114074580206553478e+00
-5.322926204513703796e-01
4.508271979133694707e+00
-6.697380923754395199e-02
-1.771150787826872630e+00
8.428406359154235972e+00
8.807952414828010390e+00
-3.557528105887388659e+00
-6.312281393008791319e+00
4.867219233192327188e+00
-2.362877456550977584e+01
-1.837765713162358594e+01
-1.268008685022318005e+01
-6.655191133287141625e+00
-2.415592626386884878e-01
1.864175969483109263e+00
1.003377208802852749e+00
-1.942041524482630122e+00
2.124096845230015518e+00
2.363841783203509017e+00
3.591600475146804250e+00
6.778034058998649414e+00
6.174939426716026247e+00
-2.939694807466249893e-01
-3.147618209968718883e+00
-7.153460825311892535e-01
-1.576947859837515065e+00
-7.572727709963420040e+00
5.078618164193346995e-01
5.023473684173757725e+00
-3.249817192845010805e+00
-4.671344791663058160e+00
4.475245854215058827e+00
1.638442677221673804e+00
1.845600010489937048e+00
-4.633111079301952095e+00
5.076838321944656229e+00
-1.942299875894371919e+00
5.488458660734381489e+00
2.134879647073663733e+00
1.264548641135103013e+00
6.345674841372378694e+00
-1.019175819499821856e+01
-3.385580338807709477e+00
-1.426202172830721426e-01
-2.158598846801603344e+01
-5.121284164109940029e+00
-5.247192311165557399e+00
-1.253672668304790605e+01
-9.097589615299806809e+00
2.505847654357279630e+00
1.700748946358394242e+00
3.350220535863374649e-01
-4.699029048977059198e+00
-1.075793493929139588e+00
6.207017195774318097e+00
2.795083366642986622e+00
2.745123328008138852e-01
-1.882069092143353828e+00
-1.905802561038562715e+00
-1.817905293477806383e+00
-3.395198943482329312e+00
-7.244784024131981859e+00
7.687206645804002036e+00
-4.156946600091152022e-02
-5.788899553590101554e+00
-9.175531441454779724e+00
-1.037039932536173836e+01
-7.627891390207678590e+00
3.240970673844666639e+00
-7.155698686929862440e+00
-7.610987953225933467e+00
5.084260336484820897e+00
-1.153565571738069728e+01
2.693246310176800051e+00
1.186535786342020948e+00
-6.149182991343264855e-03
1.644668132649515968e+01
-1.203618450972076914e+01
-4.612807540042224708e-01
-5.158205831299635058e+00
-5.534619661124307033e-01
-4.832119748752168320e+00
-2.100188251671277762e+00
-5.685512128328990222e+00
-4.588142578127016868e+00
7.019355347986412141e+00
1.397919664002555429e+01
1.738986468264296192e+01
1.913596201243978001e+01
1.050813926039858615e+01
7.584611185322563287e+00
-7.924844310363518218e+00
-5.999078379314390475e+00
-4.419035287551856150e+00
-6.097708173717003355e+00
-9.941855209916429459e+00
3.005221171826623738e+00
-2.287268422470357887e+00
3.193304239662020372e+00
-2.012285261204785680e+00
-2.914654614722076431e+00
-1.325033711570071882e+00
-4.001517356059524744e+00
6.950735103382297275e-01
3.006713124536091186e+00
8.466926163226080604e-01
-3.803853952802136451e+00
2.859318446341170716e+00
-9.954407569439885917e-01
2.745920012438010094e+00
9.834207670526683431e-01
3.736439294256113652e-01
-6.102336268913789219e+00
-6.374917279371040912e+00
-7.092923060983850725e+00
-9.909984250117055637e+00
-8.268867223995361115e+00
-5.493164231385730956e-01
-1.016073948218344514e+00
-1.952059044838780899e+00
-2.628802963909222523e+00
-5.539565047165091016e+00
1.299520397886485545e+00
1.626160130539376913e+00
3.098771537625502059e+00
-7.779040359821889794e+00
-4.278129142827971632e-01
1.195701555518142029e-01
-1.785021155765637912e+00
-4.703071253113161321e-01
-5.941801414082404698e+00
-3.199385135750972164e+00
9.778576213441702691e+00
-2.594925209198569505e+00
-2.058835352228277404e+00
1.694110975083643567e+01
-1.244174881148588652e+00
-7.076340529085413389e-02
-5.893038268408024721e-02
6.226372128013466956e+00
1.279863680861978992e+00
1.027836609225421860e+01
-4.602764734564469551e-01
7.422099278982145165e+00
4.583905535129805808e-01
4.449564655564375304e-01
3.437083210063103689e+00
1.319959038745939672e+00
4.620344810632721178e+00
2.844775416869785634e+00
3.602987231502591037e+00
-7.040016181714512378e+00
3.069888219508503990e+00
-5.849013753087616285e-01
4.114845526025130873e+00
3.622507190528637011e+00
3.237544335702102760e+00
-9.939983770097303051e+00
-3.440271896379301531e+00
-3.702271323543975701e+00
-5.345865691406038067e+00
-8.722688833187005386e+00
-1.743112330333263627e+00
4.453017724612916339e+00
2.016699872086506140e+00
-1.144874481397553545e+00
3.001352304887195399e-01
2.552808022495432483e-01
9.560106596740720164e+00
1.781467887292165653e+00
7.209792517751980157e+00
2.199575453962080651e+00
2.447954022319890566e+00
2.021432739809411849e+00
-2.802156454758135240e+00
4.169684173871321953e+00
-6.129335940297381491e+00
1.041532605415710577e+00
-5.565989494949637795e+00
9.793378957010060448e-01
-5.632251496013752634e-01
9.341444278328979722e-01
-9.295547111155368913e-01
3.783636638807819086e-02
-2.395377462307500593e+01
-8.436206280266704383e+00
-7.584129583349884740e+00
-4.298623251549074986e+00
-1.604100367460074139e+01
-6.876887809661016426e+00
2.990108640135160201e+00
-2.778916431814046462e+00
-2.947554314787268037e+00
1.720839174424477758e+00
-9.648532374332271289e+00
4.505161291639467436e+00
-4.054134329751725829e+00
2.580929107566363623e+00
-2.090522187270678067e+00
1.191305053201263453e+00
1.793996038429207296e+00
1.211620622394715463e+00
-7.758061727695593213e+00
-8.225592814555042764e+00
3.876626528913777570e+00
-1.175897807355881231e+00
3.706419820306738000e+00
-1.989186418782364463e+00
-3.951997545883778606e+00
1.622445881837752291e+00
-2.258348954975741840e+00
-3.794160521532486285e+00
-2.650411167370526844e+00
-2.310926757950677590e+00
-1.407198044288773708e+00
4.133984763876577873e+00
-1.367296763699560325e+00
4.324351329919463027e-01
1.842577990279249400e+00
2.197241778677461177e+00
-3.965224486528192038e+00
-3.670428340218781837e+00
-1.619036082143738620e+00
-1.067448778406722587e+00
5.081892312554212587e+00
-2.332155394283873306e+00
7.684130894954801505e+00
-1.097649412204115604e+00
-2.344133282715224365e+00
-2.009606203018399206e+00
-7.225679015704193908e+00
2.037781500190915640e+00
1.965803826853454783e+00
-1.625473474488043735e+01
2.589585816405150620e+00
-2.897754342736155841e+00
-4.610272297709038902e+00
-2.747199913554943862e+00
-9.741956513665247508e-01
-2.413577765269171671e+00
-1.406857050286478117e+00
2.356242858258674952e-02
6.682180201334856129e+00
-3.251232837353302152e+00
-8.984031308133333393e-01
2.044305873991439718e-02
2.016409788704546013e+00
-1.478464165374896133e+01
1.751306847348963913e+01
2.378302774869317204e+01
4.878566035477968299e+00
4.022506984384444984e+00
1.738355329730064724e+01
1.527239756012686023e+00
1.917427628705918652e+00
3.499566908766429951e-01
4.255491921953668211e+00
-9.810602407742232245e+00
3.349165490700158010e+00
-5.699497904716654517e+00
2.154290653576896197e+00
-1.786354208588402992e+00
3.233201348178420975e+00
2.735842124836766587e+00
3.103066134187567826e+00
4.276030012669037816e+00
-4.729473428224072462e-01
-2.757713882083585144e+00
-3.628287840082240034e+00
5.239894850267742266e-01
-1.862909728639043028e+00
8.070837889378870145e+00
6.367656069601098423e+00
-3.816041079586260931e-01
-1.514528871758024364e-01
1.337375164679134532e+00
2.184734029462033877e+00
-2.047597426436961410e+00
-3.874403966800165744e+00
1.301348261732241696e+01
9.811340037590136731e+00
6.181606801136722673e+00
1.090949489001688644e+00
5.364576019993276823e+00
-6.738783352934465398e+00
2.154573111428790710e+00
-5.370744658195381049e+00
5.319574291383830644e-01
-2.815854077364496444e+00
-1.154364840948598037e+00
-1.744501512333338500e+00
1.268827231474259243e+00
-6.920941812789975778e+00
8.141250348571805517e+00
5.661591927249165046e+00
8.586723878569753055e+00
-4.318034844064804645e+00
3.692576362643801069e+00
-3.345824225751087289e-01
2.572936505266654739e-01
-2.719607715391468616e+00
1.099759085333549935e+00
1.599790257361576096e+00
5.806313272271432790e-01
-2.736740320814346372e+00
4.148518440845238686e+00
-5.259136260653715311e+00
-4.665226350546974210e+00
-7.097879236005255166e+00
-7.868471761156886402e+00
-1.626261616179143443e+00
1.195665350061164839e-01
1.354893455111940259e+00
-7.222400236591323130e-01
-3.859155765968552476e+00
6.301615869393915048e-01
-3.713140238802807414e+00
-3.141096971432198792e+00
-2.204964068506835684e+00
-9.985921020516849822e+00
-3.393063651414780946e+00
3.257249276803579452e+00
-2.549820132407769169e+00
-5.233125201362814893e-01
9.380268778974626409e-01
2.264949328209499235e+00
5.604748927616879373e-01
1.307487111476730357e+00
1.478418359122597181e+01
-8.515062671474528111e-01
5.938250205725803532e+00
-3.671873600453448017e+00
4.485166466452949585e+00
6.187631031126812786e+00
-4.577131212251492443e+00
-4.314368496231722472e-01
-1.830123742659855723e-01
8.438939080909259260e+00
-1.101663224333591651e-01
8.362906171564008062e+00
-5.810019667852227343e+00
-5.955534527770587339e+00
1.118257515822632264e+01
-1.596818691343512731e+00
4.851775933603906243e-01
-3.496990668034811178e-01
-1.003457227231045756e+01
-8.029433561886504478e+00
1.653300220021251432e+00
-8.361382135012512151e+00
1.164640537830253092e-01
-9.777914470619623044e-01
-1.297800929915247925e-01
1.488739301792294967e+00
6.112631280183894456e-01
-1.334870632256874323e+01
-5.001420753702964239e-01
-8.276818160107335398e-03
4.475148337640575846e+00
-8.753569199831517267e+00
-2.097919169316651011e+00
7.326891453545554711e+00
1.222194119097933934e-01
1.236485641520437939e+00
-5.203692848834937656e-01
-1.187404167486740825e+01
4.548932418865570426e+00
1.258541453415148004e+00
5.465594550585259448e+00
2.478430467139697502e+00
1.761417343807913649e-01
3.123674977879663750e+00
-1.082618341259256461e-01
4.877626411635880288e+00
-7.619871456498051643e+00
-5.429805328064788661e+00
-5.055953581035200983e+00
-1.669151287101789904e+01
1.634872298947382951e+00
7.740960043437903337e-01
3.174768836977634567e+00
1.160874745011546194e+00
-4.561621619250418647e+00
-9.294589007029825822e+00
-2.193153151334549378e+01
1.540387725165319521e+00
-9.643981524945676398e+00
-3.303735704194340261e+00
-1.889944651382279017e-01
-3.907880372346451470e+00
-3.850036123677258448e+00
6.549068873624924736e-01
2.104105996883855134e+00
1.725102889142888118e+00
-3.183431042212236939e+00
-2.711598100336500394e+00
7.056543654903517648e+00
4.095906627994715166e+00
4.028971754852800125e+00
-4.702159156443137811e-02
5.212178944314661777e+00
6.569406510058416693e+00
4.440471132756291794e+00
3.030276977461794363e+00
1.894036709656875317e+01
-1.976102107216673787e+00
-4.464319871082369495e+00
-7.162340498184697424e+00
-5.238517503253273588e+00
-2.893531853537099630e-01
-2.216934466995232889e+00
-4.526975360847311336e+00
-9.139756273125438923e+00
5.187341885242591211e+00
1.662167523321594675e+00
1.548810683274802091e+00
2.377408920928084868e+00
2.412678271512091466e-01
-1.734049706616394682e+00
7.682289657248128734e+00
5.201817558459640445e+00
8.228590362035948402e+00
-4.169534037826451822e+00
2.077939443611535264e+00
-4.324426637248541816e+00
4.586486283116380513e-01
8.980026209924548697e-01
-1.577834848939280477e+01
-1.220147526144659444e+01
-6.694503087841556344e+00
-1.251068152941792810e+01
-6.230738307491155759e+00
-8.168493328556738931e+00
-9.134815569822661629e+00
-2.830723793289681822e+00
2.455394383464862607e+00
2.082025314562055307e+00
-2.650032284734815669e+00
-2.632145628147126715e-01
-7.265465250727049629e+00
2.620491307651325208e+00
-2.179146319210744309e+00
1.812695833613850172e-01
-7.608095724400842919e-01
-6.113089209707284200e-01
-9.981355740023333922e+00
9.234441107489161027e+00
2.772040806396154622e+01
7.377273324159959067e+00
-7.142924494655762402e-01
8.907938282650075479e+00
-5.193343761242101841e+00
-3.646715463525821654e+00
-5.739541864772427004e+00
-7.733452168131054627e+00
4.801525806312920253e+00
1.381195484263532558e+00
-3.683367117741335406e+00
9.772939298052863322e+00
6.280457093739483909e+00
1.923062713750462560e+00
-3.382258287101014727e+00
7.622706740524146651e-01
1.812118625396238469e+00
3.103222831319189190e+00
1.119877643815703205e+00
-4.138189375451636565e+00
2.104759808582997938e+00
3.773038394318697364e-01
3.039979561874806890e+00
1.364406787620723538e+00
3.075745738653789640e+00
-2.034188528599196744e+00
-1.355255614790138896e+00
4.331881305974709662e+00
8.207001892759318906e+00
5.736777535787322080e+00
-6.826346635922657669e+00
2.054580207998702779e+00
-1.604497559571179455e+00
4.763885242011683396e-01
-1.515829577817331852e+00
-5.680097612599894319e+00
-5.656167574836247880e+00
-4.543121748908011348e+00
5.985049684362118150e+00
-1.751960533070449300e+00
2.417014373893171975e+00
-5.310062139776662582e-02
1.162952799635861290e+00
-1.785274755948536907e+00
6.840853963158760820e+00
4.008313351892668130e+00
5.889421151771822238e+00
8.811826402099427469e-01
1.867205912616570984e+00
-8.625593796390873536e+00
-1.193633373573417700e+00
-4.281169155242010582e+00
1.026208623997383285e+01
5.139091036955740321e+00
1.364769113266016554e+01
2.014367459332877885e+01
9.722522128986189616e-01
4.610425313262150659e+00
2.906894750521021864e-01
-5.561937831419949241e+00
-1.031770375615626900e+00
-1.862729463592705859e+00
-2.366227403567273235e+00
1.766742239742339571e+00
4.620001254286066228e+00
7.815924381599586468e+00
-1.601679392084780673e+01
-3.987319707931542556e+00
-5.656105620591773686e+00
-4.467608906014848280e+00
5.136225212358379366e+01
-9.583368216483560076e+00
4.835938102552724160e+00
-3.878989108431647459e+00
2.018926626212212416e-01
-3.762978468692925293e+00
-6.560279432834031255e+00
-3.984068391723923686e+00
-3.805449864407031146e+00
2.959233797446513048e+00
-4.658822902525461274e-01
2.646703921318325214e+00
-7.625593058252670531e+00
2.373051685374925501e+00
-8.076559511038295947e-01
-9.735696557245168137e-01
-3.176897205075931430e-01
1.738848064884110090e-01
1.901534504443635809e+00
-8.328362684152967432e+00
1.619447955429087482e+00
-6.908704335642095629e+00
1.606328934308379308e+00
-3.790381628447602735e-01
3.270626764210088910e-01
-3.125426734458399913e+00
-7.100733645462583565e-01
5.863045683551272980e+00
-1.061797508291985936e+00
5.332327198861125161e+00
-1.944742783767217542e+00
4.927636387908590265e+00
-6.524041148601054108e-01
-2.295786660440443328e+00
-3.202249227529031295e+00
1.300688353355292926e-01
2.384425504397438722e+00
-2.307540235643755100e+00
6.258255401881969604e+00
-2.417700662758438312e+00
3.484924618938887608e+00
2.194275093052852899e-01
1.046381820611709479e+00
1.479503835734343076e+00
3.737571503208420243e+00
-1.278076501416572475e+00
2.123263342937821818e+00
1.825944821400570905e+00
-1.870110718426310159e+00
3.218793549995969894e+00
-1.213631948382630554e+00
-3.557027972159755080e+00
-1.279341865187194616e-01
1.442902988805707665e+00
-1.438374320996748246e+01
-3.337596554237540314e+00
-2.281323405409177774e+00
-2.101912644732680135e+00
-8.281603145190022275e+00
-8.717926849330533967e-01
2.614915336192520368e+00
4.761700529238505619e-01
1.008241545873591605e+00
-3.184042177408066721e+00
2.570833245611905404e-01
-1.500425464001332587e-01
-5.646229789528814935e-01
6.215309155594005652e+00
-3.318491008825791511e+00
-8.346141980100736379e-01
-6.498223314639105519e-01
6.549094303693472341e-01
5.649466059553637232e-01
-2.658957898644455309e+00
5.423596472433849236e+00
6.925694625371291657e+00
-1.240607428505712662e+01
3.882296423940991836e+00
-2.158874577102590120e+00
-2.836671478773017174e+00
-3.266787270838044099e-01
2.951340459310408448e+00
7.393477908474149096e+00
-9.894132211701478496e+00
-2.086056217183672956e+00
1.299290922062753850e+01
-7.583259860437913780e+00
2.065972803147066994e+00
-1.706059664021357891e+00
-1.500890440130264736e+00
3.317849047678030683e+00
-3.912327654253833664e+00
2.916625675929004124e+00
-3.020735924560145946e+00
5.355120393055225136e+00
-3.992581676304979288e-01
-5.758293313150300463e+00
-1.748165145354579342e-01
6.150189778611855118e+00
4.232843334212427755e-01
1.603487519274466866e+00
2.287264379719226581e-01
-2.943864271713443337e+00
2.613189881908821288e+00
-1.113396718358957038e+01
-1.082940686058554824e+01
-6.639217364480672678e+00
-2.292373650167952359e+00
9.894819497482369719e-02
-1.749675800513463386e+00
1.407987867104512958e+00
-7.523841453750631736e+00
9.237760404082939747e-01
-2.850488569845242459e+00
3.709588028146500349e+00
1.387730353971552644e+00
-1.101039864910826616e+00
-8.118724372516070709e-01
2.632267526617707798e+00
1.495129573021020564e+00
-3.422347990139900098e+00
-2.819481862961304763e+00
1.024527665414155031e+01
6.686264999461949188e+00
1.903519691744909759e+00
-2.817183502382750171e-01
1.161400069525897916e+00
8.259186362937479542e-01
3.115148845248606690e+00
-5.759271230989880586e+00
1.574502183410049883e+00
-4.808971725470917669e+00
1.532631306287099537e+00
-3.517773807944623021e-01
-4.213733523649622614e-01
-1.314231491115567474e+00
6.032473860667666443e+00
2.842283347930442350e+00
3.755608985823336798e+00
-9.221186658716925777e+00
2.677641623759853040e+00
3.269294195951984450e-01
4.552879994129115815e+00
3.745396907824847244e+00
1.712789546986837053e+00
-5.394830219022169970e+00
4.328863679833087730e+00
-3.507655600652922256e+00
3.165270866882579970e+00
-1.158433639757194822e+00
-3.573560257653149996e-01
-1.716409816838784241e-01
1.895371786179301354e+00
6.004593981242119405e+00
-1.493899985113508855e+00
4.655975400274401821e+00
-1.714269363801131485e+00
5.586952129008531109e+00
-2.340075051168192255e-01
-9.718308420609143017e-01
-1.045373529453320405e+00
-1.385155149815311404e+00
4.384101218761858654e+00
6.606155455994009884e+00
5.517857292587837748e+00
9.135570598934766862e-01
2.239602494860963855e+00
1.332012484998038371e+00
1.497357887978870150e-01
-2.775597415434739812e+00
-2.443194033890289329e+00
4.465775577084485803e+00
-2.251962562316590422e+00
1.003811587350005929e+01
2.022628499184127016e+00
7.406033088699221167e+00
4.160321977248904179e-01
1.628748934255948466e+00
9.152225921321686108e-01
3.379896496743052481e+00
3.919325504488486711e-01
1.880825059021967283e+00
1.618443325769465535e-01
-1.581946218627811929e+00
6.823186658407871974e+00
-6.874642507336320429e-01
3.872053200005210361e+00
-1.217141661275693121e+00
-1.105746401633276310e+00
2.477297611395345811e+01
-6.260565555882402933e+00
2.172829798415307767e+00
-8.240667442577056079e+00
-3.132124193531009571e-01
-6.723122121724185440e-01
2.033012210837808809e+00
2.151766370544187179e+00
1.723805258910513949e+00
2.944326866224551420e+00
-4.656575474956446747e+00
-2.293265215624717523e+00
3.953197168171250997e+00
-1.833986865125893928e+00
9.429108713855555379e+00
4.952071109500496782e+00
4.014678322347563721e+00
2.223621012781245021e+00
-5.621201529844342959e-01
-4.972006636166259597e+00
3.454807204242900553e+00
-6.475042004858041267e+00
1.688242185737542478e+00
-1.743427513269044216e+00
-2.088519417307585613e+00
-1.856492254248520712e+00
6.433274442285652484e-01
-3.916709534100313306e-01
5.419034548295795783e-01
-1.352272131831910640e+00
-2.219832576803676627e+00
6.509895734561234271e+00
-3.744996780764762612e+00
5.240177073147066905e-02
-3.302617905760298456e+00
-3.218942335936252785e+00
-1.927563807727731771e+01
8.161767047179012025e+00
2.599956374730042086e+01
7.777030626981051853e+00
-3.705474596727307723e+00
4.162536244408042485e+00
-5.328202801130467847e+00
-1.434887535681340864e+00
-7.364202818732375547e-03
1.630714765697964808e+00
6.736066452187545295e+00
2.410406479073441854e+00
2.994045370360185032e+00
-6.231977376063969620e-01
4.450655240509868271e+00
-9.777034508996560458e-01
2.543860175526087897e+00
1.936083951688463367e+00
3.459562868025107263e-01
-1.517063342250755120e+00
8.660218882278331032e-01
-6.832722950520213168e+00
2.820513802567328199e+00
-2.972013746096137776e+00
-6.799914830708913449e+00
1.300564026473128187e+00
2.913199810141035684e+00
2.888186050911374814e+00
2.917836307421167508e+00
4.486512471751764153e+00
-5.203304321228122475e+00
4.498990506601031392e+00
8.491162340893104732e-01
-2.044705008834426962e+00
-3.966035556223642122e-01
4.939163742808816981e-01
-1.273270110135265032e+00
-3.048437966602321469e-01
1.238096400575698031e+00
2.524262031708089715e+00
3.742404289002426943e+00
-1.255144052636719110e+01
-8.523781084438223132e+00
-2.345409292627337550e+00
4.803304078033684199e+00
1.668387841547619876e+00
4.639407492624569862e+00
4.596096258053775085e-01
-1.199189588166888365e+00
1.004928691236303573e+00
-6.088756925207788662e+00
-1.646908205383327939e+00
-2.140085750408932785e+00
-1.008454815387968662e+00
-7.291343336690370158e+00
4.717679679337746457e+00
-3.444734174408740912e-02
-1.955849681352305636e+00
-3.336494202806855380e+00
4.772731518192707689e+00
-1.059172188610527365e-01
3.733285117776800277e+00
4.180629082255256534e+00
9.177568436469151214e-01
2.238891177917912145e+00
3.326900385733533305e+00
-3.677841964328886881e+00
-1.270281711359502852e+00
-1.087975198173421365e+00
-4.031220734426213710e-03
-7.997740359395563714e-02
1.569714024052885903e-01
3.367802932572130370e-01
-2.262715975438298344e+01
-1.283627731431395880e+01
-5.905599080373787224e+00
-2.394113927225814820e+01
7.554878114237559394e+00
2.017323079540513930e+00
3.961356179261822652e-02
9.106131410612827715e-02
3.148284606806815322e+00
5.845866357385161471e+00
3.224484728144547674e+00
-1.709684595156650389e+00
3.284520687998444100e+00
2.410628566828140862e+00
-7.065978861619323093e-01
4.948263700472507742e-01
1.295823757604463999e+00
2.489479679418539249e+01
-3.232546713447246756e+00
1.235484087258984287e+00
-2.157225402711191009e+00
-4.384460276086733721e+00
-5.649785908671379753e-01
1.547685471000319390e+00
-1.453982996468677458e+00
2.121917190513902263e+00
-2.738719991353747663e+00
1.400046091605815279e+00
-1.881351654596339529e+01
-1.246775488038954549e+01
5.047885543409168285e+00
-1.335741170362413577e+01
1.921587966366714584e+00
-2.474625437564494657e-01
3.517665324793976533e-01
3.145469785008097041e+00
5.595008659679035823e+00
2.388362073597379620e+00
-3.363744980191949008e+00
1.311774581304996135e+00
2.748855780552952766e+00
5.480903114571576973e-01
1.430290033381318437e+00
2.105220937387227931e+00
-2.617932059089532526e+00
-5.070009578798825300e-01
-3.772855300772388620e+00
-4.108569153198595281e+00
2.213808445866069174e+00
-2.990795130126690182e+00
3.458606280078473372e+00
2.612780034935462403e+00
3.569282574554212495e+00
-3.836642288628007602e+00
-6.499034688767447498e+00
3.729637188483182264e+00
-4.942891597648642055e+00
1.617427816350014869e+00
-8.277802097379236557e-01
1.839845306879052789e+00
1.793736043629454491e+00
1.917915499197453633e+00
-9.367114210531914953e-01
-1.554083149586302573e-02
3.940653363150696809e-01
-1.395169959657500902e+00
-4.001235913947106537e-01
-7.695546951566718086e+00
-4.785974744421880089e+00
-5.854707984814463972e-02
2.805688132107130528e+00
-6.079449893848167363e+00
2.060090642712712750e-01
-4.230214846754903668e+00
-6.495847352937449415e+00
6.477577549493820364e+00
-5.524934629265922048e+00
4.162440256280499185e+00
1.778021911354557671e+00
7.367900669818028270e-01
2.020774567634448182e+00
-1.555074749135647805e+00
6.898754404820095054e+00
-4.915971437622614459e+00
1.803987582614110519e+00
-2.726369629164071724e-03
2.379851194981188467e+00
-1.983889330935643791e+00
-2.232119495405411325e+00
-9.105529974786135128e+00
3.937314011294172911e+00
4.610514520201617894e-01
5.857544302889035492e+00
-4.366868605574175888e+00
5.655404479147285279e+00
-3.512103900811547330e-01
3.851725204977632711e+00
1.871730241170874998e-01
4.039932404219417350e+00
-1.943011692177802452e+00
2.582900616070194832e+00
-6.124816431421074903e+00
1.720667342555758372e+00
-2.232941554012072949e+00
-5.881580643403432340e+00
-2.232915032859726090e-01
3.324757338415231356e+00
7.220306159659638290e+00
-6.289809036825352528e+00
5.154460801620250443e+00
-3.174453597379033987e+00
3.327705642102650074e+00
-5.729373339174010926e-01
1.975095045362539770e+00
-3.183051611630036692e-01
1.263820031437347780e+00
-6.885959714444900293e-02
2.472342522941902931e+00
5.881517147482731023e-01
-4.504930452556412668e+00
1.136258361189756760e+00
8.451448962934139664e-02
-1.762296234823053753e+00
-1.690557341783065562e-02
1.201691023672473824e+00
-1.156171902244602911e+01
-5.107059282268338940e+00
-2.398513083011867830e-01
-3.924013067514139141e+00
-4.360964738431515997e+00
-1.355717500305207546e+00
8.108219716895542772e-01
1.620456366823731439e-02
-4.738188937373460224e-02
-5.211772988483121871e+00
-3.739192892515910138e+00
5.862093400762249829e+00
1.859395205236103576e+00
6.727374388193702259e+00
5.107804153738110031e+00
4.903012813858584451e+00
5.597333241517611135e+00
1.834480919329225745e+00
-3.625733287051181364e+00
-2.438340439412477245e+00
-4.076814046167037908e+00
-6.059314340097211371e+00
-4.017225374437868091e+00
-3.803220290060235431e+00
1.925087565411202073e+00
3.362818309881420387e+00
2.768943307122616826e+00
-3.416164217044745932e-01
-2.590205420842915718e+00
-5.236020238134850846e-01
-4.349488102258148636e+00
5.494299130276048437e+00
-1.705874889306866038e+00
-5.568335172548509737e-01
-1.562293866349134808e+00
-2.341950846883236625e+00
-1.450267779059615592e+01
1.456390867315873638e+00
6.184093902456735403e-01
5.052010588937513980e+00
-3.237834974942114807e-01
-2.054439466801904757e-01
2.195857841030013358e+00
4.037850861426979798e-01
1.479438185262396788e+00
9.677884016265728917e+00
-5.606855709747323724e-01
6.071766331250824322e+00
2.535771262930326397e+00
3.457329959750087500e+00
4.851775045882870785e+00
4.805988907311048663e+00
3.807828043390371064e+00
1.672489001996473768e+00
-2.385497989518028827e+00
5.323292667362231612e+00
3.799472242057954308e+00
-4.257693372417081790e+00
2.462019052917997219e-01
1.665897732197212378e+00
-2.531453862723424653e+00
1.641900693317429383e+00
3.690507293000159450e+00
-1.225662594209515399e+00
-2.857094102265727020e-01
2.076938602081373209e-01
2.635124418737715413e+00
9.359006741901689352e+00
-8.070815221462041222e+00
9.517955539470297488e-01
-1.722401039056140615e+00
-1.031509932706607513e+00
-4.265289598970555818e-01
5.205667747270615875e-01
2.485608165804753078e+00
5.721160663564869298e-01
-6.463507545266282683e+00
7.399632167051825249e+00
-3.885500637236420918e+00
-6.266758222965719938e+00
-3.299194638600165153e+00
3.112791711460411115e+00
-1.403898713364019502e+00
6.015751430041753167e+00
1.396142979019337638e+01
1.246678889164607362e+01
-1.750435847252514776e+01
-2.073773733487710658e+00
-8.129008884790893674e-01
-1.752220578285331065e+00
1.229676696034374128e+00
2.642666353477229446e+00
1.600043700513201106e+00
-2.378172154182498055e+00
1.469805922174258483e-01
-5.810012163575737354e+00
-1.055124356970262411e+00
2.168827961000972859e+00
2.716471447749412071e+00
2.906259900598741197e+01
-1.369086473194157350e+01
-1.024656435481193384e+01
-9.931578987961598770e+00
-1.350721576576234284e+01
-2.187875473910737334e+00
2.301346460998348498e+00
9.632825004002373293e-01
1.252951069313861021e+00
6.876834016569943309e+00
-9.082671250438589805e-01
5.069599096618764733e+00
-2.348604825472478286e+00
5.820041436560324577e+00
5.589756598850841307e-01
-1.845556692131115284e+00
3.492650869025821780e+00
1.149109097654161804e+00
9.639710680059215164e+00
-1.107037494540931810e+01
-1.496971729643902016e+01
-5.338982713834877103e+00
-1.152301037274834705e+01
5.032377985738786030e+00
3.057461315757418863e+00
4.555861829516963390e-01
-9.252772727967989441e-01
8.641291573849915864e+00
-8.600112661403421788e-01
6.320331158811423933e+00
1.600100437405595599e+01
8.395710415392272807e+00
-2.176220681088549469e+01
-6.055339963583310947e+00
-5.221249009297758148e-01
6.599999238554279390e-01
1.180923000667517719e+01
-5.756070438650495724e+00
7.247620021639286314e+00
1.107137287636342782e+00
4.991858428270888659e+00
4.586120342762571855e-01
1.149637070332533817e+00
8.582205690021391664e-01
8.591109355742468923e-01
-4.108201388357866080e+00
-8.603078843370196793e+00
6.817891318019013269e+00
1.706260369649598596e+00
5.185715727737080449e+00
-1.380212998920773374e-03
6.638598792784735636e-01
-3.584254615801957256e-01
9.343196267913668196e-01
-3.871618436799361795e+00
-1.420958088305532740e+01
-1.200121927569691138e+01
-1.031119087337909157e+01
-3.015472711254086224e+00
8.250406871269156284e+00
2.147008441223423603e+00
4.928556449557144781e+00
4.180981753910932852e+00
-9.439238467695126866e-01
-3.709733227240152864e-01
-1.014568153622428692e+00
-8.548072532312652738e-01
5.784674067415295440e+00
-1.003551387136660367e+01
-3.660540391611545541e+00
1.123707218730211510e+00
1.621076602620054929e+00
1.770812386205618649e+00
-1.283853564661749758e+01
-8.799107457077216310e+00
-5.599607560440052367e+00
-1.489079371739264523e+01
1.038371788155492581e+01
1.969842617052186107e+00
-1.905311797045863509e+00
9.564982461468657382e-02
2.095679097048832595e+00
-8.456423740445767612e-01
2.789975515241622350e+00
2.067919763669448852e+00
-4.422388647108213000e+00
1.064104506386956395e+01
2.061808168468066249e+00
1.672482970484970188e+00
1.055231063037210371e+00
-1.619947005067296786e+01
-7.502772419288118222e+00
8.684740231493826457e+00
-4.918044093763960234e+00
-1.099559734106206399e+01
9.789392773241811341e+00
1.921198368408725043e+00
2.100654110641180239e+00
9.940093736548079040e-01
-9.215885645843315821e-01
-1.642200821870034300e-01
1.580366959282135442e+00
2.406270539221478266e+00
1.364110835544890821e-01
6.126331710181797341e+00
1.032889553913779679e+00
2.675994704022317539e+00
-1.224491122568740709e+00
7.953134922312921073e-01
8.320370200456794763e-01
3.307978368798746960e+00
-3.738570789326076227e+00
-3.559399325529707614e+00
-5.517533436129784530e-01
-1.931161267344343457e+00
-1.209742037415598492e+00
-2.168350755800943830e+00
-6.815007090002402457e+00
6.529019593084423256e+00
7.342042009891827981e+00
6.315008056640650125e+00
-2.758481065127302845e+00
2.495489066290627722e+00
-3.861007412316566967e+00
8.644096133871957965e-01
-1.285726555784238778e+00
1.694518993787290428e+00
-5.878595758359521639e+00
-1.836314705076780074e+00
3.399996695266136459e+00
-3.526941318319789964e+00
1.230785462453838974e+01
4.293630274163145799e+00
2.370735505124574871e+00
1.613579087358966158e-01
-6.884967656139280301e+00
-7.707157270651138425e+00
-3.725064974005924956e+00
-7.556639817823290528e+00
-4.894082256735526215e+00
-1.023085767096503895e+00
1.981540814238016646e+00
5.328291515296537106e-01
2.754398663046552453e+00
5.246642487136942812e+00
-6.088554034445947671e-01
-3.785021917928744206e-01
-5.623723528323720799e+00
4.216156748816306532e+00
4.328933787878598838e-01
1.063834960148064557e+00
3.620640666825235554e-01
2.650528938977523730e+00
-3.885042238367847123e+00
9.774707652268291858e-01
-7.979262279590682017e-01
-2.157331612507627394e+00
-5.153723463500019975e+00
9.477587675972564796e+00
-3.119603794255742635e+00
-8.176561521655196785e-01
6.343163324700610284e-01
1.249981824209110748e+01
-8.112032151060569518e+00
-1.323960359958771482e+00
9.852588629065364145e+00
-8.635016792637804528e+00
3.656437243193317865e+00
-3.906948461356943847e-01
-3.867399126830496359e-01
-2.025237393486266857e+00
1.695905673566007632e+00
2.078351087837414291e+00
5.789660212726457367e+00
1.425547834061725361e+01
-4.315166613359580516e+00
2.830803842247858970e+00
-2.198759423499148546e+00
1.113947722622011360e+00
1.767434525784660870e+00
-7.867466686259684261e-01
-2.506825543510490917e+01
-1.490399361950114532e+01
-6.704755096797491376e+00
-2.348463003856531017e+01
1.013085726094976735e+01
2.529327415474329932e+00
8.985132462691721722e-01
-9.332754817258038793e-01
2.630904895933676158e-01
-1.334202866931352371e+00
3.137478440165503146e-01
-4.786310944143773227e+00
5.470953940169975382e+00
-1.332609826306281997e+00
-6.481775038573558412e-01
-2.014645285610418224e+00
-2.612955554138509662e+00
9.194909867945327164e+00
1.501224447581572585e+00
9.171886260287974935e+00
3.644122367142644259e-01
6.747585224666143411e+00
1.355230773778075104e+00
4.669734117347559832e-01
2.915270809730433843e+00
4.063474854155653682e-01
-1.192587254934754482e+00
-3.426620225909557949e+00
3.259475768839712462e+00
-8.833224188296405543e+00
-1.109950685498898526e+00
-4.902242723753584830e-01
-7.826457446825015873e-01
5.854324297987939518e-01
-1.377071132985723478e+00
-2.421392047810765558e+00
-3.362766749855138571e+00
5.026904094293024094e+00
-3.133680358395524834e+00
2.509785657120068070e+00
1.375183564471380793e+00
1.608381508587183317e+00
3.329697603138439543e+00
-3.549884846871763089e-01
-3.271235367570126584e+01
-4.936374371658648563e+00
-3.365566723287486184e+00
-8.029041326744025042e+00
-5.131620235957599085e+00
-1.960776426009205098e+00
4.294463742472268031e+00
2.835322251914687453e+00
1.433615228174415890e+00
-3.180863202003131884e-01
-1.318093653856261316e+00
-9.139285744554823676e-01
-5.396067662559127953e+00
9.406999270898518617e+00
-3.412363449815789540e+00
-2.882399287359095563e+00
3.020643047050237673e+00
3.706652281761182444e+00
3.797016440923051822e-03
-3.620258205088991432e-01
-9.997760942476837664e-01
-3.005675178869111175e+00
3.212257210217196679e+00
-3.645045942295640273e+00
-1.243014577506969420e+00
-2.458241619123755051e+00
-1.644910130877766719e+00
3.569663577128775245e+00
-8.655072896894163037e+00
1.495349379944749035e+00
8.997694346792865616e+00
-9.350978539968499703e+00
1.311417882253933520e+01
2.683744153993660397e+00
1.092591317782536375e+00
5.401851812901102834e-01
6.499121610793261894e+00
-9.144674872564047874e+00
6.087664883975646646e+00
-6.633385079364844117e-01
2.157589662208453163e+00
-3.464616978591999796e+00
-3.012144357416739471e+00
-4.931860920297165940e+00
-1.991390803527901765e+00
-7.218251550129201277e+00
-6.658310610540941532e+00
1.979066465103020978e+00
-4.889187731045064211e+00
-3.246866767807284337e-01
-1.942443196309643572e+00
6.201386876501857603e-01
-5.338043778320963995e+00
-3.992545064313063108e+00
8.506987282724398636e-01
6.940354618645740103e+00
4.016596046457901359e+00
2.204024703011552955e+00
6.047304870267079524e-01
3.373335429982453615e+00
-2.713015148162979617e+00
1.785445507055149594e+00
3.350002045289553476e-01
1.319229592881790980e+00
9.312603414665614920e+00
1.989393550439677028e-01
5.108625191016165079e-01
8.909659319388788745e+00
-1.544351454391368783e+00
2.676149703966330673e+00
1.766647665624775820e+00
-2.208450816338612399e-01
-1.010420563481441159e+00
4.265163896092695417e+00
-7.303483288495642156e-02
4.908412557974894064e+00
1.257078275638608389e+01
-5.602345797020533702e+00
1.619594809693231330e+00
4.458651796908058573e-01
-1.835109531074798073e-01
-9.374148690004112661e-01
1.508695561728864876e+00
-7.661201279413912824e-01
-3.297506306915481744e+00
4.819153698135882458e+00
-3.259675200708634368e-01
5.795345206952603689e+00
1.533420365403051155e+00
-7.886306302610361293e-03
-5.345360738279320678e+00
-7.452833051757041805e-01
-1.577644744710976488e+00
-3.762070153480583379e+00
3.209095236404796658e+00
-3.263067036005198318e+00
-4.503871292897685952e-01
4.232176552470893194e-01
-6.697702874585022004e-01
-5.466309432447256533e+00
-2.217370096455657080e+00
2.940139998141863220e+00
-6.392324672418181031e+00
-5.780684975940779680e-01
-3.365627945344721095e+00
-4.226220419293072794e+00
-1.955685554759867828e-01
2.501150308596149063e+00
-3.146369935789199990e-01
3.842702290465436210e+00
4.692027053912324774e+00
-5.320533593051872678e-01
2.942806356251432387e+00
-4.753767497283723387e+00
-5.826022928102594811e+00
-4.164975937211522705e+00
-3.236270648161630348e+00
2.603730213667756477e-01
-1.544410014620396954e+00
5.056315387071275147e-01
-7.457152946297379792e+00
3.057039182488483497e+00
-1.908859208342594149e+00
4.154139625067490571e-01
-1.182512665082765535e-01
-1.630067006863653301e-01
-7.104696902369914469e+00
-1.557055973987523691e-02
-7.089979468967620990e-01
1.201303625069967351e+00
-1.155946243213085189e+01
1.480826466831993260e+00
3.100473494833843269e+00
1.396287931353338729e+00
1.690189499284153296e+00
1.749236862785380264e+00
-2.715161488953359736e+00
-2.174875288690664377e+00
-4.953321232019530562e+00
8.519513263723056395e-01
-8.321367558145673637e-01
2.296388998606245568e+00
-1.354895653959377944e+00
-7.304899567696604423e-01
-8.619796126273000070e+00
2.865022277160984565e+00
-6.060444963963728116e-01
9.852612043292336974e-01
-3.279592269288174489e+00
-2.040177325651844953e+00
-2.509546798469041384e+00
-4.128993048331754068e+00
-2.085246344181428846e+00
3.521773164011005708e+00
6.981340061828791299e-01
5.656589594350995398e+00
-1.064201032828270943e+00
6.083372072599638081e+00
2.553996609648839122e+00
2.891958984346817418e-01
-2.474396452868997898e+00
-2.010762346182354499e+00
9.144142553544638563e-01
-8.086143476503357963e-01
1.399031736572380114e+00
-5.242557156591256096e+00
1.851398646385982838e+00
-3.005271088485551800e+00
-1.974553226211634760e+00
-1.196056627012881401e+00
-2.892301793638131890e+00
6.773838272537281213e+00
5.825711066124889648e+00
3.554344388233315666e+00
3.989985853111314373e+00
1.753677318469560475e+01
-5.164182246538335797e+00
-7.202217188614565835e-01
4.666620282638497486e+00
6.472900827578524030e+00
1.047134908502334039e-02
5.843085753373872260e-01
2.110216185167318237e+00
-1.914171635998954235e+00
-9.142561925904768572e+00
9.106881443703315426e+00
-2.052768651300042713e+00
-4.201602047402123397e+00
-3.222734519911188755e+00
-1.420023483752575144e+00
-5.227059072051951083e-02
-1.223808221379431238e+00
9.789683585244458863e-02
9.491574437370923434e+00
-2.538852748040486773e+00
1.298658317558996300e+00
1.723683905296058971e-01
-1.566558606388487984e+00
-1.930883651985684901e+00
-5.542640477187258163e+00
4.478163179783503089e+00
-5.023445446061822750e+00
7.963356985203315919e-01
-7.307584256754564578e-01
-6.990243938193466677e-01
-4.467550356608998019e-01
-1.324560115471438593e+00
-9.995710805874306049e-01
-7.848194955183497079e+00
4.597471837223012781e-01
-5.902632758425733428e+00
-3.592390785464852354e-02
-1.907921558421281194e+00
2.332258163552188623e+00
8.714790762101289889e-01
2.821799754234473045e-01
-9.974610480526240330e-01
1.528938899538568319e-01
4.754881143407371447e+00
-9.262022555868352214e-01
-6.596721042073340202e-01
-8.260790117053351533e-02
-1.855787422266414577e+00
-4.720113597490818158e-01
-1.616123403055451879e+00
-1.711403318823762021e+01
5.345412479047102039e+00
1.870464666560966549e+00
6.033744851986055480e+00
-5.858713748990303394e+00
2.653031854219298769e+00
1.084996895811403350e+00
-4.284283728109847367e+00
-2.387720018277857403e-01
-7.177432458333791843e+00
-2.809960063690012166e+00
-7.054837111629171709e+00
-1.605280868870996969e+01
-5.946446895318390213e-01
-4.609971638602455180e+00
3.485370634513393906e+00
4.521518137483055422e-01
-1.080449164320713473e+00
3.949255821407394063e+00
-3.245729755460989630e+00
6.199089945806461444e+00
-5.043341632758325588e+00
4.842513550241777764e+00
-4.477588183679951928e-01
2.506833530018541256e-01
-1.025652684071326481e+00
-2.447563138366582347e+00
8.156112362893913614e-01
6.743747570464180718e+00
2.356731580857467367e+00
-2.396564640732643081e+00
7.181270026916287685e-01
3.925618961919839833e+00
-1.928791531044769858e+00
-5.876774867498048005e-01
-9.761728407374483663e-01
-5.780620172832724002e+00
2.278107498958781729e+00
-5.226062553198717459e-02
-1.362707080813727378e+00
-1.094358981604476000e+01
4.458393925665681046e+00
-6.913711496529491463e+00
1.212254928591847358e+00
-1.335056280021402753e-01
-1.612457584829522839e+00
5.591818247998499025e-01
-3.446004583009870892e+00
-5.542334791637665958e+00
-1.843948505072957045e-01
-3.517540409132612567e+00
-1.171901980965650222e-02
1.067505968112706927e-01
-9.944148893732706052e-01
-7.538079453897172932e+00
-2.127636582444928093e-01
4.506244240389817968e+00
-2.991287348403112833e+00
1.827839355516670816e-01
1.616328483801158011e+00
3.903198758069882146e+00
2.667104092868027632e+00
1.885975788364328887e+00
1.356956555241891138e+01
1.689424599128258819e+01
-5.684301337058293990e-01
3.564708404844345147e+00
2.212951568844383488e+01
-3.663699641516487304e+00
3.263483938688098274e+00
-8.361438325628913759e-01
-2.416657469907520728e+00
6.688976071865254447e+00
5.824498112460682719e+00
7.938658457066300578e+00
4.397941583279290967e+00
1.108549036333313786e+01
5.173071768067878384e-01
4.333914216100747119e-01
-1.881040078815468253e-01
-1.390714129818634071e+00
-2.247038715115354357e+00
3.547592888799864230e-01
-1.992314662864295427e-01
9.685492106035115123e-01
7.161133862649178283e+00
-2.594261790328614481e+00
1.242206573290180360e+00
3.701686576302253950e+00
3.556201300360204876e+00
5.625970152598497975e+00
-6.721306657517774896e-01
5.023972869772192595e+00
-5.338300731693109036e+00
1.210030065488568951e+00
-1.006488679983569279e+00
1.407716216566014866e+00
-3.784870485328753364e+00
-4.433695710472695062e+00
8.952606787940557698e-02
-5.786509509467052226e+00
6.441497591872842321e-01
-4.857057965945631217e+00
3.983096982452131174e-01
-4.485515117798566376e-01
1.965667089956580682e+00
-4.062989419585373518e+00
-3.975693615648099755e+00
5.103620701280309646e+00
2.581501356410391246e+00
3.634338252244698753e-01
-6.989992626248103136e+00
2.509930167022843328e+00
3.758293781582752846e+00
-1.145770832784399174e+00
1.463978993267628592e+00
1.179996785294307182e+00
-1.907933846044064907e+01
2.563164232477689808e+01
2.840065118348019979e+01
9.721915184966032797e+00
4.258674965106529875e+00
-2.247047521734051034e-01
-2.888802807802832273e+00
-1.796966830105105384e+00
-1.403528611352848010e+00
-2.833885344551537067e+00
-1.984964187048085860e+00
-4.207204561838947754e+00
-1.434804868251859711e+00
8.202710688777486325e+00
-3.296600278999347378e+00
1.696865145331821090e+00
-2.618880068555947904e+00
-1.947725758733307888e+00
-7.096849805793173926e-01
7.632827488831495089e-01
-1.845288756661807250e+00
-5.410378631088556212e+00
2.109653959165299852e+00
-8.422082900131997452e-01
4.134962473976129260e+00
3.145841863415450024e-01
-4.930087456346839148e-02
-1.263625049001299905e+00
-2.183797213066811960e+00
-4.993159657337799651e+00
-1.159878736692109058e+01
4.399091459863115894e+00
-2.999264506804482089e+00
1.964035619904294760e+00
7.447403821769124077e-01
-3.400756215605524879e-01
1.546598963111533720e-01
3.708724579538398736e+00
9.887802018829908723e-01
-2.059225243639371428e+00
4.022624208778093013e+00
1.149019400047363720e-02
-2.206937445167944656e+00
-2.119190103091110444e+00
-1.876258817083380270e+00
-4.338440538119799683e+00
-1.677729621839371132e-01
-2.174107050554751730e+00
-2.795451576235855384e+00
-1.137129468475729865e+01
-5.757398634778000401e-01
1.509248388790048745e-01
-8.666852741356725343e-01
-7.475331102333780328e-03
8.904360440053922687e+00
1.615191942796936786e+01
5.273092747011760117e+00
2.372613127096037644e+01
1.986354343949225765e+01
-2.785361886916571383e-01
-1.227540553130622714e+00
-4.015452607947940233e-01
-2.005799159561020839e-01
-1.965796267549113452e+01
2.071171782016822061e+00
1.928429491463127476e+01
-6.342401682436454857e-01
-8.844633612341397111e+00
9.036887955389229177e+00
-9.173578544710380145e-01
-6.894716102628636323e-01
-1.167490464685426943e+00
4.659597931232999812e+00
-4.400339679791066771e+00
3.704999889905334687e+00
-3.415464001863604881e+00
3.372589805704055532e+00
5.390068117638214140e+00
6.619049122510878291e+00
4.337993987510946781e+00
-1.068744104564795377e-01
5.603272565337850258e-02
1.130024387265034846e+01
1.130919111613063421e+01
6.308901308980302547e-01
6.558731864216372998e+00
4.911773224314048392e+00
-1.206870755960584241e+00
9.609959554429574613e-01
1.579246174688642368e+00
-1.484550701888974755e+00
-2.279998391058204898e+00
-6.711712081705495381e-01
8.414536995784713813e-01
5.633232539630600222e+00
-3.793784532159094169e+00
5.763092052728252312e+00
6.832059086310913187e-01
5.034904207390866748e-01
6.985207865356758639e+00
-1.888953871816928043e+01
-1.435960150599479412e+01
-2.190133278213732027e+01
-2.462025835232156723e+01
-1.631277930496682460e+00
-5.603124604950555643e+00
-4.024483607440253685e+00
-2.637574590806265551e+00
3.162732975642279953e+00
-1.210606565666691337e+00
-7.888168254092047249e-01
-3.711360457173680238e+00
2.513162533662869347e+00
2.057077329983560965e+00
5.439533873043989942e+00
2.305272050386367955e+00
6.860551936042675880e-01
-2.362903064428621691e-01
6.392001701899891586e+00
8.200427518034384633e+00
1.177322317832332921e+01
8.317704857351403192e+00
-2.311964746469657772e+00
-1.501839239867142073e+00
1.622868788027587827e+00
6.927628887002243996e-01
1.698906764432527083e+00
3.881838121537442454e+00
3.813165019279459944e+00
-5.974301527425183167e+00
5.613884436502849518e+00
-2.042496808420879995e-01
-5.488529130421523350e-01
-2.497647107073586614e+00
-2.971970234263160204e+00
-7.057040785794245430e+00
-9.920210875662689887e+00
-3.098185520273152704e+01
-1.688668854694785892e+01
-8.144031292076173045e+00
-1.456841468713528265e+01
1.647141335283951458e+00
-7.977929803009013998e-01
-5.012475795228653608e-01
1.868701491850949914e+00
1.193297665604018754e+01
1.230474511537280158e+01
8.884912600463952259e+00
8.490387161531037563e+00
1.337707844461430540e+01
-3.556854554824192771e+00
-2.484358533365103483e+00
-1.231848088897873339e+00
6.567007893735308244e+00
-1.282103693492981922e+00
4.692037666232429238e+00
-2.730131512079198242e+00
3.252036840179328703e+00
-9.777901603097839400e-01
-7.668365018768082964e-01
-2.614151264657239015e-01
-1.373103022916996263e+00
4.556344172413759885e+00
1.177654952500472918e+00
2.276125290511415322e+00
-7.682291808618257889e+00
4.600650434855087845e+00
4.987897430536020416e+00
3.800450408424395077e-01
2.270587034094204260e+00
1.396501539983459717e+00
2.026220896474183775e+01
1.396204108787761244e+00
-1.346155636474173889e+01
8.015583549344736269e+00
4.377987100656213215e+00
-1.407261386489982558e+00
5.087122689930925201e-01
2.872311306222923299e+00
6.204357049320170070e+00
-1.899654674160218448e+01
3.044954574031451244e+01
1.882868996925267524e+01
-1.185820547269327063e+00
-3.848550611594824478e+00
-4.341596938571801623e+00
-2.306946199918896934e+00
3.592941128558942321e+00
2.559423197648530657e+00
