-3.237202994112871046e+00
-2.193720559481104893e+00
-1.416681548201008889e+00
-1.063456512428312850e+00
-7.938320296595333669e-01
-3.355899657501955624e-01
-5.926745465685195891e-01
-2.892799081351095647e-01
-6.330584402263564892e-01
-2.389692782233067803e+00
-1.486420264080842379e+00
-7.724766228394238654e-01
-5.286955779454681759e-01
-2.699256963354960126e-01
1.498813995139780531e-01
2.208407328155034266e-01
4.861931541976238780e-01
-1.698254696147387943e-01
-1.629146664922662413e-01
4.600958126822395355e-01
8.125416373527869496e-01
9.774115457019831865e-01
9.780488352335748869e-01
1.067154853011052174e+00
8.328927416677310847e-01
6.763801323613877203e-01
9.606315832321572767e-02
-3.053172844338467584e+00
-2.042140125698920450e+00
-1.289509967540958035e+00
-9.416490673609809736e-01
-6.671883362442357912e-01
-1.826070033759743250e-01
1.384024739796241577e-01
3.924242670310494341e-01
4.149972635562098056e-01
-2.224395775835996680e+00
-1.335579201426536633e+00
-6.609077977415750427e-01
-4.289258504500582658e-01
-1.799572484599460676e-01
2.280125564761211476e-01
4.080462116094036862e-01
6.112418301330271309e-01
4.470626157029042314e-01
-1.307707320225501846e-01
4.861025653833034310e-01
8.183423569565086986e-01
9.865157246757049192e-01
9.900891116662274838e-01
1.065650094537895942e+00
9.084962132537571788e-01
8.058173232374855610e-01
5.391345705831400714e-01
-1.089573027286168116e+00
-4.331104122178460747e-01
1.028918758410383855e-01
2.705916036572175720e-01
4.593299930557264155e-01
7.868469506946492720e-01
1.051995785145856788e+00
1.020589485757698922e+00
9.394948421492117507e-01
-9.767693972812229175e-01
-3.205333072771376357e-01
1.897833740644706280e-01
3.474861566404598978e-01
5.252633823146027892e-01
8.305201113038740424e-01
1.065856823937280096e+00
1.041574902292543570e+00
9.422911074771997963e-01
-4.768251221566584958e-02
5.583392132034975530e-01
8.684612925587992249e-01
1.038433384109877844e+00
1.064327297786499482e+00
1.158890146517316033e+00
1.164762930324736212e+00
1.085489273677100908e+00
9.568599191040942920e-01
-2.108353979579866255e+00
-9.204133564893803854e-01
-3.489304134315223682e-01
1.143665558345650186e-03
1.811753361162213305e-01
7.298951807032053596e-01
7.005866733601175955e-01
9.592813748580677480e-01
4.047481276176104897e-03
-2.182497285340022408e+00
-9.859387162400840010e-01
-3.585735560223894391e-01
1.345288965079170437e-02
2.804446238184132856e-01
5.872408886097800762e-01
4.514170707540201000e-01
1.370438424366719199e-01
-6.630021020106842133e-01
-1.989970748189891614e+00
-7.603041425671465126e-01
-1.520270214202037451e-01
2.337745818004792753e-01
3.804320372732920008e-01
9.312132529301556660e-01
9.038159954084498127e-01
1.075086494221449529e+00
1.169654248330332658e-01
-6.314916462691859689e-01
5.617894179327953541e-02
5.510923158356831886e-01
7.045946160819185344e-01
8.344439321853557301e-01
1.056599363525000168e+00
8.446869954218804155e-01
7.218694235041061003e-01
7.856080849001609301e-02
-1.806704052737412081e+00
-7.038657129756514808e-01
-1.459205400388441098e-01
1.864286003421136428e-01
3.455200327831414175e-01
9.249702230335278275e-01
9.204350702271518747e-01
1.145791973597380498e+00
2.031860923095469285e-01
-2.623676343880282147e+00
-1.327759809215045772e+00
-6.912487447664855678e-01
-3.036240043007968348e-01
-2.918320010893887817e-02
2.453661359171857015e-01
5.914928469769306640e-02
-3.318153693320066155e-01
-7.599533343522384410e-01
-2.173583536405509165e+00
-9.451678481777696650e-01
-3.158177583655280007e-01
7.263292212066360665e-02
2.359755485863972158e-01
7.763990789607674303e-01
5.719973399010123138e-01
7.656497105373369916e-01
-2.442018897585837012e-01
-1.995561603642709736e+00
-7.736443019535020893e-01
-1.634155117919837974e-01
2.073263720749927430e-01
4.340924099410505277e-01
8.863571972968059542e-01
6.955009211977299932e-01
7.211682690311322919e-01
-2.499231971917140194e-01
-2.047411937857992026e+00
-8.266065474844281891e-01
-2.174767314164409715e-01
1.768148339352010601e-01
3.377302486467410048e-01
8.561688852093590762e-01
7.354859112048869330e-01
8.983247274046393116e-01
-1.272655247466204231e-01
-2.452538548214788783e+00
-1.211070601839141947e+00
-5.659131155627916687e-01
-1.950280715692054856e-01
2.190045157740873674e-02
5.382725588478473044e-01
1.635277834902293670e-01
4.064518232153069843e-01
-4.808917974908907267e-01
-2.011760147656927344e+00
-7.372765148657509648e-01
-1.342079134228534865e-01
2.465235097037883627e-01
4.351504485936812383e-01
9.295301252067271758e-01
8.165956204104596328e-01
9.502005032941173157e-01
-6.715417135805486215e-02
-2.244738147078167323e+00
-1.023539281202024531e+00
-4.021230414221119154e-01
-2.710277210884192919e-02
2.418842780028463979e-01
5.416359175767865297e-01
4.006418388162101274e-01
5.040785912236507571e-02
-6.187738567872635986e-01
-2.298660895639499824e+00
-1.062963296250527989e+00
-4.076240090191120546e-01
-1.527420452678965312e-02
1.987336104165247364e-01
6.172472028148463519e-01
3.642942507518180939e-01
2.322355040393707104e-01
-5.281839014642988328e-01
-1.700795410069407154e+00
-7.026181292826593205e-01
-1.349727898462420028e-01
1.456078458199133452e-01
3.694286045350719250e-01
8.677764488042254420e-01
8.325609352939243868e-01
1.050205240855397237e+00
2.022880218246321526e-01
-9.251062566694484568e-01
-2.043526612413328059e-01
3.210272116922814889e-01
4.764999887973746517e-01
6.666860035315528288e-01
9.273757622599558825e-01
7.316244516411637422e-01
7.592383082727361954e-01
4.460952297044090686e-02
-3.202877575253980424e+00
-2.215737236863813742e+00
-1.798587849324967181e+00
-1.494671313255919509e+00
-1.089873566319619291e+00
-9.564418765371028863e-01
-9.017307731452219866e-01
-8.281644543507921119e-01
-1.146720015702912265e+00
-4.160341114408072083e-01
2.294863775214962820e-01
6.530717309107857416e-01
7.949064812011963355e-01
8.564145540392664735e-01
1.051507395046662019e+00
8.658241270162185810e-01
7.430528744304555344e-01
8.827225161391887009e-02
-2.221696539068269249e+00
-9.277116413621211422e-01
-2.993510548408888639e-01
9.131918152495212271e-02
2.507154014744370496e-01
7.883153528828751311e-01
5.853016639759354156e-01
7.669831475042657720e-01
-2.285121244717701339e-01
-3.186381689732593170e+00
-2.141459640512322515e+00
-1.378788254615566755e+00
-1.032123674966450633e+00
-7.462780091803944416e-01
-2.949253029032977702e-01
-5.513994427336367243e-01
-2.662189772568875901e-01
-8.950069274667005192e-01
-2.114085796239021153e+00
-1.272559141618508471e+00
-6.075669398488924289e-01
-3.620979519485489906e-01
-5.983612441101367196e-02
3.776072325952853359e-01
4.791754356557795247e-01
6.733130109143717901e-01
-7.831719944287394986e-02
-3.297499656536316159e+00
-2.044721628077174724e+00
-1.439453223450436248e+00
-1.058594000790779033e+00
-7.665572339911498334e-01
-5.255464513893787215e-01
-9.159129197247553034e-01
-1.028821208271534893e+00
-9.337791189624617960e-01
-2.129893516091780015e+00
-9.487578164341378129e-01
-3.381950006598489211e-01
2.141916406088177974e-02
2.005275209518849466e-01
7.293255054141062343e-01
6.889998046529088871e-01
9.091141160690345835e-01
1.024318000251945443e-02
-2.110810732384476474e+00
-8.830575462403468245e-01
-2.712333208336546453e-01
1.056050729201830907e-01
2.429041427389461716e-01
7.985989940916391472e-01
7.311061791825930190e-01
9.550939914886411586e-01
-3.256156146603869650e-02
-1.073620842361074468e+00
-3.243344378372325920e-01
2.224449123758054647e-01
3.608240151149872399e-01
5.936949351769790217e-01
8.403059500651620661e-01
5.249068441079949299e-01
7.379702200603535100e-01
3.776118866739300306e-02
-2.273071074319179097e+00
-1.063315013166862943e+00
-4.319186194512376620e-01
-5.425740438249653658e-02
2.163102615606496137e-01
5.097538028468251436e-01
3.693912050637453426e-01
3.769319976223249602e-02
-6.693533217805600621e-01
-3.060264447176813896e+00
-2.025917617064499243e+00
-1.571612136873930865e+00
-1.254875939544072061e+00
-8.568279867960689744e-01
-7.711182800360762979e-01
-8.312418925862964381e-01
-9.532409277198634623e-01
-1.112837317647239921e+00
-3.274250964060120062e+00
-2.029115001571867971e+00
-1.469882771763824980e+00
-1.109537622349110242e+00
-7.783879168672278581e-01
-6.100441441196072789e-01
-7.318087304260990633e-01
-7.075416433445427256e-01
-1.045852688071065240e+00
-2.481122809055923195e+00
-1.207197360717084500e+00
-5.216642077750248685e-01
-1.291259754996068321e-01
4.271146228387600469e-02
5.310645286882738070e-01
2.300191533778789543e-01
3.090609298828838614e-01
-5.584868015778216011e-01
-3.315066883877479942e+00
-2.103065693674027514e+00
-1.475713011817429310e+00
-1.095926564356979771e+00
-8.229863332897834338e-01
-5.614403395449327761e-01
-9.204480176853906404e-01
-9.390731632806313955e-01
-9.143183518590058956e-01
-8.612789931053534964e-01
-1.856765293819349072e-01
3.185415721020565805e-01
4.447765082993885288e-01
6.168095407221365623e-01
8.554848927887129806e-01
6.964045634217591596e-01
7.265694221424662258e-01
-1.502674941195114751e-02
-5.231687884699026680e-01
1.085570547998467861e-01
5.727239283022997896e-01
7.171414670442909367e-01
7.592107107343254446e-01
8.952179572029086430e-01
6.021532673719545148e-01
5.841181457561531731e-01
3.574362117331066069e-02
-5.949948664565540835e-01
6.729689399100244329e-02
5.448170179744314945e-01
6.737469280386292336e-01
7.983753257446459806e-01
1.024956104258827994e+00
8.479990595747812776e-01
7.666079732364405874e-01
7.807151855851145184e-02
-1.950796488696995068e+00
-7.575115920081580967e-01
-1.781817388993465201e-01
1.899796795969714014e-01
3.217160454275845294e-01
9.120773405854615268e-01
9.093467342218651828e-01
1.127181461025165587e+00
1.699693942575919159e-01
-3.181110456837772382e+00
-2.146509677541030836e+00
-1.381854629481960473e+00
-1.040626767963908739e+00
-7.651064036262715806e-01
-3.107139931237128949e-01
-5.274737041907833213e-01
-2.093891343779159531e-01
-5.630963121560901286e-01
-3.307179753289534396e+00
-2.108288650097965178e+00
-1.572480741793205627e+00
-1.233526465488578916e+00
-8.934486997527044672e-01
-6.586012021373459646e-01
-6.972991578034583027e-01
-5.221257340054047402e-01
-6.490379183895746973e-01
-1.945001714338082444e+00
-8.428687480873628957e-01
-2.854860933580296578e-01
3.098019345496992941e-02
2.400888655800994254e-01
7.774398830627198276e-01
7.703247323738332542e-01
1.034761795740922530e+00
1.180686153470397459e-01
-2.406116444104378083e+00
-1.305316867902486244e+00
-6.557745104330224839e-01
-3.470921442487943098e-01
-5.929457055693471146e-02
3.879702818589294555e-01
2.583374293734105320e-01
5.772715436134032707e-01
-2.184689073127556724e-01
-2.299959057327745526e+00
-1.037997832078135341e+00
-3.786810560415828086e-01
1.674382696434259174e-02
1.852709407047335721e-01
6.828304897775637761e-01
4.033986729981349773e-01
5.015238266784823873e-01
-3.607595878432844350e-01
-1.959198356488973003e+00
-7.838450744714661189e-01
-1.633285456848775352e-01
1.905656760081852752e-01
4.515340954100000581e-01
8.268401319459866006e-01
6.586782923604718176e-01
5.325128486451656817e-01
-3.687533524202561419e-01
-2.187245590340333834e+00
-9.138402696315510720e-01
-2.789200945015758437e-01
1.119098134448053283e-01
3.081852994115477085e-01
7.729448384849467724e-01
5.321927920536069223e-01
5.461215854367544864e-01
-3.433828762510958144e-01
-2.027327023870712619e+00
-8.438877584222360673e-01
-2.160592858775987890e-01
1.485255099858359407e-01
4.066060828231806701e-01
7.695790874108482393e-01
6.042889450592066058e-01
4.362366253030577345e-01
-4.270562182790221262e-01
-1.898475974659884491e+00
-7.220192230469001382e-01
-1.085820923628200846e-01
2.402722650797990411e-01
4.998220564214023720e-01
8.998132746543373583e-01
7.138105072669377327e-01
6.423022542565391957e-01
-2.371653335369249549e-01
-1.333671995144664724e+00
-4.351785887385899443e-01
1.040176977753444199e-01
3.176875209995524418e-01
5.497534715493883617e-01
9.553967832698626594e-01
7.747062172123477808e-01
1.007523187341449411e+00
1.937652032876191199e-01
-3.365448401462041161e+00
-2.124465621457305886e+00
-1.482480667875436975e+00
-1.095582673992350209e+00
-8.322299383360504121e-01
-5.171713291646864441e-01
-9.752562164536114908e-01
-9.686390173562757777e-01
-8.691189951381012024e-01
-2.348480277920884429e+00
-1.135701529695422263e+00
-5.164188290267563985e-01
-1.383908049681503161e-01
1.466433367866879778e-01
3.869964926131572724e-01
2.796446961947143817e-01
-1.283795426057089684e-01
-6.846484960899384964e-01
-1.890445080608820883e+00
-9.510051650247676180e-01
-3.610809803553436947e-01
-1.110987487474494467e-01
2.096178394533469713e-01
6.581493570776167923e-01
7.363402390893404315e-01
9.318273759525179667e-01
1.281704529793181446e-01
-2.244589240882570724e+00
-1.035792679862001631e+00
-4.103571044606099116e-01
-3.270626328185693987e-02
2.395736538606285659e-01
5.349546769395644441e-01
3.771557296040582430e-01
5.008555524156048898e-03
-5.567590070126544610e-01
-3.224957898057670302e+00
-2.242568588142467956e+00
-1.829829295270927192e+00
-1.527450271892862865e+00
-1.121213921702674865e+00
-9.630092590740249037e-01
-7.950401624427332337e-01
-6.606885754083634543e-01
-9.885592422065264673e-01
-1.885155000168455830e+00
-6.832456426716773112e-01
-7.611963689479567252e-02
2.710686999099203853e-01
5.265241401417933842e-01
9.359408912131299552e-01
7.688252991535338143e-01
7.536644565314416511e-01
-1.661522141028441146e-01
-3.213723088286963847e+00
-1.971994294514881396e+00
-1.317311135141449263e+00
-9.157546174989577015e-01
-6.511888560541944093e-01
-3.322768768357051150e-01
-6.023493848435337306e-01
-4.234634505849024233e-01
-5.656094793056030134e-01
-2.344827965214315579e+00
-1.128012043472010228e+00
-5.115045724321771736e-01
-1.350204606513512595e-01
1.504131925019433214e-01
3.928380530210210941e-01
2.774916891552651754e-01
-1.652859455254593046e-01
-6.067340193171504303e-01
-2.184562907112433283e+00
-1.066391381600949151e+00
-4.589332554643471007e-01
-1.364458080234327852e-01
1.092658641245864565e-01
5.950825219888998818e-01
5.663996732066111095e-01
8.156753795287752240e-01
-2.890316593803211875e-03
-4.992773157408491036e-01
1.429580216300435913e-01
5.823370104044127693e-01
7.248325859363865531e-01
7.937537912541914320e-01
9.890576784001321453e-01
8.112854902838588789e-01
7.383480626726800500e-01
8.887203886452695045e-02
-1.783666304045984585e+00
-9.828461226485234459e-01
-3.806128718326814986e-01
-1.970640233220685988e-01
6.311999779112803521e-02
4.162597060521426307e-01
4.247702449408102265e-01
6.662749418703433069e-01
-1.084278623834703942e-01
-3.348553578691052746e+00
-2.156643983322691582e+00
-1.436528422181960751e+00
-1.069189561551689316e+00
-7.726567863190400010e-01
-3.615437958381952921e-01
-7.002841791419245343e-01
-5.711196993500744501e-01
-8.462427434781094604e-01
-2.529263935684908482e+00
-1.331829578114773094e+00
-7.124169606096656393e-01
-3.776570896954973278e-01
-1.161424243322108640e-01
3.542178059251833711e-01
5.012126970374340684e-02
4.005797645059118173e-01
-4.979086603155407631e-01
-3.356885912681493611e+00
-2.150715942327479091e+00
-1.646330385495289317e+00
-1.335565412420392839e+00
-9.613098591447903907e-01
-8.298311080642752913e-01
-1.017988725525714955e+00
-1.083187896338747125e+00
-8.918551656162764241e-01
-2.587063815466206229e+00
-1.341446559865918209e+00
-7.076227522637004164e-01
-3.590412290977324505e-01
-7.926885503163795532e-02
4.111173610029656977e-01
-2.988636259417280436e-03
3.205086755650397023e-01
-4.788481776259849165e-01
-2.426828531981737314e+00
-1.170840036699655418e+00
-4.914421553138905718e-01
-9.613502915886422417e-02
8.541711208795664534e-02
5.579554795354511043e-01
2.367988509067185943e-01
2.593039239138363872e-01
-4.092797167742983633e-01
-3.083873035954912467e+00
-2.055156236456794794e+00
-1.602795552861207895e+00
-1.285361167986639241e+00
-8.940549085128146611e-01
-7.511136904327967434e-01
-6.565210173126871940e-01
-5.071829251220913992e-01
-6.094290864967240040e-01
-1.166285791468665067e+00
-4.552804574069945764e-01
1.016041721541429688e-01
2.265925767521782819e-01
4.151568886291826521e-01
6.439312792805176322e-01
3.639921840524878438e-01
5.690427400144734138e-01
-5.825029370847626710e-03
-8.830900706116573406e-01
-1.126791049224633023e-01
3.778543758625131366e-01
5.128498843328581636e-01
7.561364491787878617e-01
1.009374071568555076e+00
6.945603366392766320e-01
8.993705394356718008e-01
1.271370039571760591e-01
-2.444960249536137997e+00
-1.136839398016542324e+00
-4.637140366609323050e-01
-7.295393696372962089e-02
1.148132893295313456e-01
5.844957531374886939e-01
2.935969213387708554e-01
2.813689583521341575e-01
-4.575558108815525604e-01
-2.427154930101072861e+00
-1.255813088771049912e+00
-6.498612138487112055e-01
-2.612598088027690002e-01
3.744974498823760989e-02
2.450772170820961493e-01
1.422498828922198755e-01
-2.214364227067183166e-01
-7.111269798084005611e-01
-9.121352192052546437e-01
-2.286140750683330336e-01
2.791353424955458906e-01
4.102930563309537537e-01
5.776905074725425804e-01
8.244870083273242445e-01
6.827844395563560376e-01
7.201125372752038567e-01
6.752999058515381757e-03
-2.028831253266923262e+00
-8.261100340585594282e-01
-2.207449426660132996e-01
1.485304605884841256e-01
2.986337046710019205e-01
8.570542310517541562e-01
8.530827481137471802e-01
1.041481589924289297e+00
1.641464677297801433e-01
-3.130768268006410171e+00
-2.103174184668487712e+00
-1.671361184474980055e+00
-1.366973546324121047e+00
-9.563705789907200883e-01
-8.932293544807474728e-01
-9.633593903991417573e-01
-1.110035402223368051e+00
-8.779755601689546163e-01
-3.247209879727654513e+00
-2.176483125747201708e+00
-1.415557210216540351e+00
-1.061208781245339239e+00
-7.659579178661697352e-01
-3.141130090729253865e-01
-5.461237713076614320e-01
-3.194636697734163922e-01
-7.919158401481181109e-01
-1.952390852150221123e+00
-7.517755728496269274e-01
-1.368024039363474331e-01
2.173703115436543543e-01
4.710351037116534134e-01
8.677006358935080987e-01
6.851365161315123853e-01
6.136014824792932476e-01
-2.319247142713577181e-01
-1.882862491421697815e+00
-7.191374792445387465e-01
-1.009261761442033639e-01
2.534246181204210524e-01
5.069671923618643827e-01
9.102734466571797967e-01
7.117320993604520085e-01
6.457149648994194857e-01
-2.123152060181442979e-01
-5.990763323944537921e-01
5.110003750291097074e-02
5.475190154053476421e-01
6.822941956555327314e-01
7.711044259628915265e-01
9.204455157738058446e-01
6.032216388235361881e-01
6.350003053785955309e-01
1.005273404503385648e-01
-1.845370364468033264e+00
-6.862467479900412615e-01
-7.586629926631489884e-02
2.680999211998671972e-01
5.253379613290214412e-01
9.271799031287386583e-01
7.566444646923485839e-01
7.313200080438443385e-01
-1.588089766942906989e-01
-3.309090652811352840e+00
-2.091166575817167583e+00
-1.358346667492637661e+00
-9.615005255418600516e-01
-6.889770084507259584e-01
-2.596563564936446578e-01
-5.706875461330107591e-01
-3.066135962449014762e-01
-4.463572819917641654e-01
-2.041966643208158683e+00
-8.032746760077688064e-01
-2.004554217633779667e-01
1.774731233311764023e-01
3.238159635807642545e-01
9.002076247449634083e-01
8.726503687885583949e-01
1.079064857318242643e+00
1.512361077643762652e-01
-2.118036098966134428e+00
-9.300730414442414107e-01
-3.021546906055972426e-01
6.954249009837340512e-02
3.321976304006093450e-01
6.678278348530503061e-01
4.918929215184347781e-01
2.177392188446213572e-01
-4.226350028541421833e-01
-3.391679008665322570e+00
-2.141839683151641527e+00
-1.576758376350962720e+00
-1.220926006915542761e+00
-9.049636622604125824e-01
-7.140721536127022651e-01
-6.598460586861202293e-01
-5.508033144575303908e-01
-8.546659425065352700e-01
-5.146676637876756999e-01
1.191800538811208093e-01
5.713748386048480565e-01
7.045595704087180833e-01
7.573934491468510277e-01
8.938911151782890085e-01
6.198469757499979194e-01
6.386079879983836971e-01
1.196463713090959585e-01
-3.322952538657232835e-01
2.903573746621818108e-01
6.815110819800036523e-01
8.201890341496510528e-01
8.399214155761671741e-01
9.604798411152636328e-01
7.231295920759458484e-01
7.052810763258653415e-01
1.486034725101062215e-01
-3.219071804288852423e+00
-1.975640792154333525e+00
-1.287870043309507384e+00
-8.803975203738908517e-01
-6.323463063426982833e-01
-2.628242075761321739e-01
-5.415282361618045659e-01
-3.450566121411237086e-01
-5.325748781363841555e-01
-2.056859902534112106e+00
-7.708283796279380429e-01
-1.753843640217604971e-01
2.145626538067280931e-01
3.738901169020277804e-01
9.139995342345598184e-01
8.170848198375503246e-01
1.007894702838232126e+00
4.555407851563437333e-02
-4.613494289010278138e-01
1.964871435160772395e-01
6.482780774299116144e-01
7.797776980721826678e-01
8.811810878426231675e-01
1.087153520352856395e+00
9.139374377153132167e-01
8.268816147255609872e-01
1.966411576865190192e-01
-2.075279974859430610e+00
-8.727417124261265258e-01
-2.505279169225204661e-01
1.186446702442397194e-01
3.759179956691486302e-01
7.389669067992337137e-01
5.482419935396806165e-01
3.394790565741768740e-01
-3.632799547704181342e-01
-3.130847997345850509e+00
-2.079825015414796585e+00
-1.312958398912034585e+00
-9.836978311245161422e-01
-6.963497653742608540e-01
-2.486900249912623317e-01
-4.184752561563661599e-01
-1.243514380501380551e-01
-6.546054160649363851e-01
-8.340070891622191063e-01
-1.701946682801328548e-01
3.453245765247328625e-01
4.708381708232441398e-01
5.889446713905424069e-01
7.626232623035159586e-01
4.567327414227820293e-01
5.662056937653909827e-01
6.430154833195692032e-02
-1.989537954315708124e+00
-7.538870087054372338e-01
-1.481470673856830345e-01
2.383873248728040350e-01
3.896066407987194280e-01
9.332757919075719277e-01
8.942622270442597276e-01
1.062621935360404279e+00
1.561799442598616749e-01
-1.968128529341108823e+00
-7.696400781197274554e-01
-1.501594897288798525e-01
2.146550436980233512e-01
4.563373210850050210e-01
8.718980185013148754e-01
6.689258906546127204e-01
6.126487408719674121e-01
-2.169253110732210221e-01
-3.248548329966000736e+00
-2.009990951712791407e+00
-1.394400862205323888e+00
-1.004345950313281222e+00
-7.168350790840407605e-01
-4.326216674655568584e-01
-5.565096670892750730e-01
-3.548224770228348146e-01
-4.662838643404780825e-01
-2.320532456312329295e+00
-1.030959988588053822e+00
-3.886853656355230835e-01
-1.931339659587330516e-03
1.483125569176394210e-01
6.705131621985692680e-01
4.497130292102419213e-01
6.487965263123860460e-01
-2.670550784391979571e-01
-2.264262315898853739e+00
-1.027608320219962401e+00
-4.105962543388871344e-01
-4.518987479573650934e-02
1.471410978887285059e-01
6.862994827304244039e-01
5.116587001789300038e-01
7.749620644517708490e-01
-1.288014012239532546e-01
-2.914892041507619602e-01
3.412340503844842887e-01
7.617922596728199380e-01
9.149807014251812864e-01
9.395536607714274346e-01
1.045100735663378577e+00
7.845621795745733040e-01
6.823843431834857309e-01
2.021606901253530097e-01
-3.387689358376781978e+00
-2.216667369528535048e+00
-1.427073848440952419e+00
-1.029996589776836391e+00
-7.233883958964774097e-01
-2.440049887940711482e-01
-7.813850002136174533e-01
-5.051034008575204792e-01
-6.733513491740799051e-01
-1.916654837057674143e+00
-7.296142473760252045e-01
-1.134354304518058326e-01
2.413694100131714981e-01
4.951751342661277477e-01
8.979841816085707418e-01
6.994421327674141819e-01
6.278937216485434014e-01
-1.876124401462576363e-01
-1.687075462176844010e+00
-9.026069865147620108e-01
-3.282229186588885295e-01
-1.465889815726657275e-01
1.265743453836035148e-01
5.390930478777136159e-01
5.813354154253429495e-01
7.502400881786250864e-01
3.945593347124027456e-02
-2.241998061770261064e+00
-1.026806758385126805e+00
-4.056957238176504554e-01
-4.083679457035439830e-02
1.441044164893456880e-01
6.653158252547766160e-01
5.560725070929671832e-01
7.992277923991522037e-01
-3.679829057742077959e-03
-1.940211541343652257e+00
-7.754846167070097440e-01
-2.063498037679538100e-01
1.504033530272859409e-01
3.073618451526055617e-01
8.942197486261159733e-01
9.077066894523536655e-01
1.134777215086019586e+00
2.519226102908514453e-01
-2.156530246357662772e+00
-9.703364841101754790e-01
-3.497706648917470185e-01
1.992510503741373382e-02
2.886390016645608569e-01
5.982992310943954228e-01
4.488154376755529862e-01
1.541205694560758566e-01
-3.907869269958912373e-01
-1.892333647330154855e+00
-7.209484392444787115e-01
-1.100293000630023638e-01
2.404318502061157103e-01
4.960058019973133114e-01
8.952386104473214479e-01
7.105605861573091042e-01
6.611944117345420757e-01
-1.437715643461745518e-01
-2.332204936840758691e+00
-1.136380534825293775e+00
-5.125738390247212006e-01
-1.318038039856315180e-01
1.525786336914795316e-01
4.056419747714529733e-01
2.710497623330561656e-01
-9.813003494610229860e-02
-3.937430410744476306e-01
-3.067946995842179891e+00
-1.816802689093381495e+00
-1.195328385597872467e+00
-8.002818789718977310e-01
-5.065041885365165752e-01
-2.477794373483745705e-01
-4.223075675119075112e-01
-2.702584238151802265e-01
-3.514367008259432490e-01
-1.754615894579945046e+00
-9.406492337256004976e-01
-3.502183305942231928e-01
-1.727947152103143369e-01
9.377181031595673011e-02
4.419076199477274258e-01
4.529874536123818518e-01
6.992142864761896615e-01
-3.347162706578139801e-02
-2.008616682626455763e+00
-8.382649679997608017e-01
-2.128380526110393578e-01
1.460898551654655764e-01
3.997528477428264337e-01
7.757190822415946929e-01
5.945467849863025345e-01
4.654112427485512793e-01
-2.512437746435564612e-01
-9.183078352142489686e-01
-2.085761784433257660e-01
3.009080221251376752e-01
4.442905395135021140e-01
6.340934256497817723e-01
9.111081870595477694e-01
7.609863912616395831e-01
7.813985935815006556e-01
1.365290654190471353e-01
-1.622329604031907069e+00
-6.296907274585427094e-01
-1.050115185357316655e-01
1.466371095548590631e-01
4.152659764996354252e-01
9.087618894141386017e-01
9.327740145721142850e-01
1.133513523018852220e+00
3.214480823579224933e-01
-2.069550523737758052e+00
-8.893973440584707069e-01
-2.633945727738916109e-01
1.040750979985459179e-01
3.649547186065620341e-01
7.106598177966133578e-01
5.412785132737913951e-01
3.183636395626668336e-01
-3.344420520806268837e-01
-1.061638827898060411e+00
-2.953719467896074868e-01
2.095440953408883589e-01
3.564250934662074877e-01
6.390199037544468386e-01
9.702825692570367089e-01
8.696869459394203083e-01
9.864654128544103617e-01
2.568865839832902287e-01
-1.882270311151346354e+00
-7.071364266514195140e-01
-9.172711070331575345e-02
2.570600204179209203e-01
5.152810477837419523e-01
9.119757798554524175e-01
7.407157143819764755e-01
7.061635846280351902e-01
-1.307046183243115167e-01
-6.663627894051886713e-01
1.649815635598517183e-02
5.021959688000089406e-01
6.493421598147193219e-01
7.919887689000253417e-01
1.039277492329327757e+00
8.867355959719687153e-01
8.046080930438397338e-01
2.110155517111077239e-01
-1.262775353857911842e+00
-4.985661153871450146e-01
3.160350457991255302e-02
1.626174408375208047e-01
4.141513163487071658e-01
6.832613454036700062e-01
5.597009775765636741e-01
7.664701334759700391e-01
5.227343665567259212e-02
-3.967383774320126788e-01
2.482143936744005686e-01
6.770679172038104321e-01
8.121144279743307548e-01
8.885075067276595462e-01
1.062037885597516329e+00
8.644705099450112895e-01
8.487991119576602239e-01
2.583434420444575830e-01
-2.377965729904872649e+00
-1.047976175773943197e+00
-4.004915737807950848e-01
-9.870404876572569028e-03
1.503553809762872562e-01
6.507240524283031124e-01
4.046045410478867899e-01
5.509456525402950389e-01
-2.541716101422061835e-01
-2.121767960942191333e+00
-8.775345944495728245e-01
-2.692742590573732886e-01
1.061299657834995358e-01
2.572359432123406120e-01
8.262275951625218662e-01
7.698879085063671246e-01
1.007326944229308019e+00
1.383794323097513046e-01
-1.379039109139898800e+00
-6.098559478032525849e-01
-5.513332560464552501e-02
9.227577509546390500e-02
3.611603997929119791e-01
7.160433639212604451e-01
6.754420411207004982e-01
8.167739688346455917e-01
1.237975592873525876e-01
-2.094814385000560275e+00
-9.346127683085647675e-01
-3.026588362297237822e-01
6.092181183372673975e-02
3.247299564935565153e-01
6.520323843937383401e-01
4.929217047670814700e-01
2.611978640665242324e-01
-2.853555800996704916e-01
-1.946668178705004859e+00
-7.768601890108166597e-01
-1.578538299568134351e-01
2.040907475520613024e-01
4.616294874480665889e-01
8.394754843716831783e-01
6.480525900349881629e-01
5.143968623701246079e-01
-1.676091215730743933e-01
-1.926394516030165871e+00
-7.523522019196019484e-01
-1.543556670358287308e-01
2.062179856333625216e-01
3.525554071504068410e-01
9.263532915179907290e-01
9.468516160318110053e-01
1.121493106019396890e+00
3.195235791231754163e-01
-2.072907786673763297e+00
-8.065881808481030202e-01
-1.993113840081394972e-01
1.899289975861775948e-01
3.350755032394651112e-01
8.909506567235048191e-01
8.008576704310820249e-01
1.023225290522390640e+00
1.401344946139612968e-01
-1.560152262525117850e+00
-8.177378947912999907e-01
-2.502372944928716314e-01
-8.513714790562652845e-02
1.909840072454088711e-01
5.957207930399203155e-01
6.292650161701343059e-01
7.940156287737319962e-01
1.088693062630039787e-01
-2.071047300957473247e+00
-8.898353287430204039e-01
-2.958040629136086674e-01
6.064010250201046920e-02
2.404819880415249300e-01
8.033491257451537138e-01
7.954581489372917202e-01
1.035985690214970001e+00
1.992777173327685558e-01
-1.997920994421672258e+00
-8.412645930577320463e-01
-2.196492000750589202e-01
1.429895398271747164e-01
4.011454509526812817e-01
7.577460355267178205e-01
5.992736000328982016e-01
4.570908364534045365e-01
-2.526049525711104304e-01
-8.567007269175299644e-01
-1.386457940634861219e-01
3.866418587693049580e-01
5.123410617117648558e-01
7.062410440393994682e-01
9.068366066437151263e-01
5.868292726026844708e-01
7.250272766096326205e-01
2.483707072355357814e-01
-2.285052967472432250e+00
-1.087653636609144048e+00
-4.653583681451754495e-01
-9.303994961054980195e-02
9.802256935602673971e-02
6.289622151030200836e-01
3.926743651650006495e-01
6.647695568962489476e-01
-1.032563066336152496e-01
-2.409257744173911864e-01
3.787741790138028919e-01
7.534940785643376993e-01
9.122393760847009592e-01
9.162785071216142940e-01
1.012610412379840730e+00
7.975847434406786451e-01
7.014141918209849669e-01
3.194478842923139106e-01
-1.935974844176921783e+00
-7.776136522960492847e-01
-1.655644561347670851e-01
1.854439436391762397e-01
4.417284523132116170e-01
8.237269060485657990e-01
6.353534689234703325e-01
5.518167943366493189e-01
-1.135833726391210080e-01
-2.093638573543989967e+00
-8.787202403083753666e-01
-2.563359104937579791e-01
1.137772671777932953e-01
3.439883464507583199e-01
7.573575143574761137e-01
5.466349833437786909e-01
5.178735491033684690e-01
-1.247262126377455121e-01
-2.132914685192852211e+00
-8.809031043689418139e-01
-2.467397614983264376e-01
1.455841000041635802e-01
3.255072479142267494e-01
8.175919420897614920e-01
6.155084290923749091e-01
7.271226637551774230e-01
4.833725531892299476e-02
-1.916673890555884885e+00
-7.295269840418502350e-01
-1.084133164687197115e-01
2.429827984416166320e-01
4.962305342136639208e-01
8.975284948823540887e-01
7.238298450234250669e-01
7.080248237409358936e-01
-3.882441961754070497e-02
-1.862033718078151656e+00
-6.792390540799928544e-01
-6.440752006086064574e-02
2.854685380748242518e-01
5.413569307287839916e-01
9.443020839896878460e-01
7.556817853806939711e-01
7.205245660401489172e-01
4.354443550348385122e-02
-1.833959451681268504e+00
-1.021004746629400550e+00
-4.249137483614387478e-01
-2.349964092012309658e-01
3.479297947215134745e-02
4.126368804498439791e-01
4.856242066950583469e-01
7.335454681003865662e-01
9.825672579774877291e-02
-1.991802961471199618e+00
-8.237405049026762516e-01
-2.020054803908363228e-01
1.552494641062295844e-01
4.129169564766014267e-01
7.749297102617072053e-01
5.808774370234495166e-01
4.997316348021706989e-01
4.902713921216059331e-04
-2.006359894377629960e+00
-8.053564758563885873e-01
-1.951511061757859045e-01
1.753230139754314854e-01
3.207893404660286385e-01
8.855371179885351829e-01
8.969489293868001534e-01
1.082895577918577379e+00
4.489079606343246431e-01
-5.919573719088672137e-01
8.058762689528248258e-02
5.468880642698169536e-01
6.863367227826794315e-01
8.120572392613485402e-01
1.058645708259019047e+00
9.557414929998948594e-01
9.037266633157968743e-01
4.193928127888976176e-01
-8.735958527190901268e-01
-1.728549048983742398e-01
3.306449878812714460e-01
4.665246935396389349e-01
6.492438784120403428e-01
9.233871163325704234e-01
8.347559902198289361e-01
8.672056851244558384e-01
3.463281544466464412e-01
-1.183703191727770498e+00
-4.149305791919833397e-01
8.630284057308146295e-02
2.366391716312158666e-01
5.256989307985991955e-01
8.679280172971204355e-01
8.434125001531155297e-01
1.018005885518303177e+00
4.259840306603987492e-01
-1.098197707564774417e+00
-3.814716094956406844e-01
1.573336006978633961e-01
2.717299431709476742e-01
4.873165999627165901e-01
7.097387591702178922e-01
5.300885977877095590e-01
7.135063701838414429e-01
4.905493060096152713e-01
-1.941996657025590434e+00
-7.988732000806360034e-01
-1.781410161121044222e-01
1.770355496157753339e-01
4.319255592495191420e-01
8.050349437754815707e-01
5.845305853053068823e-01
5.918621836879643938e-01
1.741933050020789131e-01
-1.985803952059733257e+00
-7.797443046716491244e-01
-1.615462282766520208e-01
1.985827603879795900e-01
4.577907068701332349e-01
8.389018823233138633e-01
6.687395038792859348e-01
6.075785575646812653e-01
4.044857036485562940e-01
-9.397280085263703953e-01
-2.612162812005267565e-01
2.565731092274321501e-01
3.704886935776376400e-01
5.224130850686756755e-01
7.148810370230768152e-01
6.118864878167311616e-01
7.325838335050330885e-01
5.653638731460857159e-01
-2.128635165378962135e+00
-9.002026063787772481e-01
-2.729451489792355523e-01
1.013682658921495339e-01
3.151818205015782248e-01
7.469944565817197013e-01
4.784807188879144357e-01
6.363371938226338731e-01
2.761403129951804369e-01
-1.892702891756684380e+00
-6.886140762866173048e-01
-8.058397705854605797e-02
2.607346570309555522e-01
5.177746261511055881e-01
9.188956135106753909e-01
6.659541002679653099e-01
8.032117193679215728e-01
3.996175808540339824e-01
-1.877531528374313252e+00
-7.011646012203469613e-01
-8.174244182492865218e-02
2.715877834776186939e-01
5.248898555469980742e-01
9.407853136100466918e-01
8.190390181786985080e-01
8.424318381314875870e-01
6.313686759003572790e-01
-1.259498817388390091e+00
-4.123811756031676157e-01
8.451498483810730711e-02
2.628879538988618814e-01
5.429603307620199937e-01
9.311701898135382738e-01
9.142855946860040106e-01
1.136409474737507308e+00
6.327910004441927860e-01
-6.795694462110991596e-01
-1.880115755878454531e-02
4.548867034978521517e-01
5.751649272687863190e-01
7.080017254716386432e-01
8.844077172997447667e-01
7.237567877844992559e-01
8.880351007156560561e-01
6.632163845181966444e-01
-2.048554663207354576e+00
-9.259435272084260982e-01
-2.898192764528246257e-01
3.674691733773338687e-02
2.716740733903035832e-01
7.621123953188224665e-01
9.076512063405495212e-01
1.008130302598166494e+00
7.614798391423640567e-01
-1.415557210216540351e+00
-6.645556364606293176e-01
-1.229852174130105086e-01
2.595779249277307965e-02
2.573841903298179079e-01
5.502750226311049486e-01
5.366129186385346639e-01
8.047867187213938456e-01
5.822024870150284137e-01
-3.306107764839318008e+00
-2.134304073230222087e+00
-1.602850897050429380e+00
-1.253851064983762864e+00
-8.764711219993314151e-01
-4.562595809102415467e-01
1.245866546173902967e-01
4.755877050480812329e-01
5.362494892363504073e-01
-2.181711224283353179e+00
-9.579852594873952132e-01
-3.088967136669671376e-01
6.228684313223749325e-02
3.265558097730317244e-01
6.995708391130380788e-01
7.530304265585739953e-01
8.008873514250788306e-01
7.369317572791036497e-01
-2.453965639141954258e-01
3.722915419476801602e-01
7.263250209367182464e-01
8.742767988876914975e-01
9.006339163487671051e-01
1.036665778670871285e+00
9.046027770975868521e-01
9.911312806478426163e-01
7.949324308263098215e-01
-2.186064593548631141e+00
-1.078910069336247668e+00
-4.906351067396400589e-01
-1.871554531986907854e-01
9.760649199282361854e-02
5.917148530560201181e-01
6.089973239042963948e-01
9.393165335978186370e-01
5.518404174066088297e-01
-3.379163909992399795e+00
-2.123561339183197116e+00
-1.451879197680645550e+00
-1.055230129660775784e+00
-7.795056134434306117e-01
-3.260155146532623394e-01
1.790069046278267018e-01
5.241066324666511234e-01
5.746614544149840631e-01
-2.094599084827973634e+00
-9.376764123725890299e-01
-3.064449143269311060e-01
6.245662511575384573e-02
3.243246934799995929e-01
6.565112578259555409e-01
5.517585377386222678e-01
5.467251822547476436e-01
4.475029247955397138e-01
-2.111447418082558425e+00
-1.321329735801441307e+00
-6.795733353390636111e-01
-4.583615810774195332e-01
-1.594946631679480531e-01
3.023301513685833775e-01
5.344092639065473049e-01
7.548626420680343285e-01
5.170129535569403245e-01
-1.543246781192801009e+00
-1.059802447889106158e+00
-4.386932618322042510e-01
-1.829352115184967043e-01
8.307054314084676150e-02
4.960003471345965087e-01
8.287965419887053375e-01
8.622212108669512487e-01
7.871474189911685793e-01
-2.024883228565303117e+00
-8.479098349956735170e-01
-2.620424454561476879e-01
9.321445849265319605e-02
2.574376103251599934e-01
8.297186349377242420e-01
7.697280508922350606e-01
1.115908747090437414e+00
6.339407814027191446e-01
-1.497647061447457961e+00
-5.774837468534385065e-01
-9.591324115715690532e-04
2.489889474603065311e-01
4.872103016397730246e-01
9.478449484285299542e-01
1.052849786035033208e+00
1.155778665989663834e+00
8.273466077772724248e-01
-3.663254182609583798e-01
2.593621401963259743e-01
6.488105893894052789e-01
7.947550637314282351e-01
8.389392433153834983e-01
9.920493916608418283e-01
8.609982364707473579e-01
9.771269979183008214e-01
7.959886955304894540e-01
-2.468060832066994337e+00
-1.253707939704436836e+00
-6.549653425782888672e-01
-2.686103518450040362e-01
3.451461435711915965e-02
2.255732257421692033e-01
2.944962201988925443e-01
3.871403557626769687e-01
4.085057873353907798e-01
-1.823386432038989868e+00
-6.815026990958300557e-01
-7.287121359722099900e-02
2.769027739532712307e-01
4.508249239330778813e-01
1.014836430802440015e+00
1.142431388380335644e+00
1.242374676735932937e+00
8.530304688199319418e-01
-6.234291831065754685e-01
5.717343848817823398e-02
5.324089625501015055e-01
6.643647673624627492e-01
8.112540875340042978e-01
1.039763794887355486e+00
9.603701041676541150e-01
1.010192417101089646e+00
7.219043464430853208e-01
-6.254315220777675322e-01
6.688148130399956814e-02
5.765242807063684083e-01
7.140898155486510301e-01
8.896784471015537488e-01
1.100880435619770115e+00
1.019543684195987954e+00
1.031976738103113078e+00
8.514267891168711966e-01
-8.475679238630976498e-01
-1.519711962425610852e-01
3.376715375879421610e-01
4.695317644863086781e-01
6.584264263751024027e-01
9.039384075212035796e-01
8.427049751987412129e-01
9.588253874295394885e-01
6.876722421680557806e-01
-3.115481929312506004e+00
-2.123220270225738560e+00
-1.681889534506829875e+00
-1.336999403432928224e+00
-9.278590475608462507e-01
-4.543072699504967504e-01
9.915069506300999702e-02
2.587623149878646722e-01
4.411365339414283215e-01
-1.889637446527707265e+00
-6.840794626947251933e-01
-8.132211530079637429e-02
2.706724089468228178e-01
5.188400475666145040e-01
9.358434727346849336e-01
7.843427496191819337e-01
8.875640698992685040e-01
6.095720410660089295e-01
-2.956786469575917842e+00
-1.883067953758665647e+00
-1.391997817759336842e+00
-1.050464449178855730e+00
-6.541565597612560845e-01
-3.878839163433425719e-01
1.233134155157216832e-01
3.575146610452083484e-01
4.363953420481185286e-01
-1.927401121411783880e+00
-7.447090053535314613e-01
-1.295804071403613145e-01
2.176153164808001250e-01
4.738219127062303082e-01
8.607759736734948985e-01
5.855042511533766758e-01
7.531480631460072406e-01
5.608214571371780144e-01
-2.097679589918958865e+00
-8.739430891672473889e-01
-2.730603224096320725e-01
-8.251279071114789310e-02
1.539188382238488029e-01
5.840629172398117408e-01
9.022372368545519272e-01
9.184399783069255863e-01
8.525369322806755079e-01
-2.463358019420620604e+00
-1.200835776136407684e+00
-5.195737912785216572e-01
-1.330159262744578241e-01
3.964621803078956230e-02
5.271848584020686346e-01
3.190831606746225013e-01
5.544446912177779518e-01
5.499492406566438563e-01
-1.928580802402741101e+00
-7.435616597947268813e-01
-1.270360970637844922e-01
2.325267293368193100e-01
4.822179112547813062e-01
8.925313014773421649e-01
7.725615059948196528e-01
8.486701373851158747e-01
7.480560834111459334e-01
-2.534936993300335395e+00
-1.270032936709686755e+00
-5.903214147476103513e-01
-2.062563376183595698e-01
-2.066825565990127594e-02
4.598977307185820318e-01
2.834462801536959953e-01
5.034468304247883275e-01
5.487485169769803495e-01
-1.866572942908519828e+00
-9.369898475280266092e-01
-2.698102243878955919e-01
1.692603091988113123e-02
2.760723010578963188e-01
7.392689127350442480e-01
9.294840559586577955e-01
9.541617130483278642e-01
8.456323310534578086e-01
-2.026085506343124010e+00
-7.647860929223535553e-01
-1.790083921514727117e-01
2.036696693585216822e-01
3.355662125300890031e-01
9.070829060445221304e-01
7.888968873881075927e-01
1.143386929344754499e+00
7.260006563742628094e-01
-2.066054129794475891e+00
-8.334164570016512341e-01
-1.717952393761628671e-01
1.781838063197849209e-01
4.337053491093810220e-01
8.780780208654808128e-01
9.729378078788724071e-01
9.678097785096705374e-01
8.748840345462677304e-01
-3.269563424962481424e+00
-2.120747285240945246e+00
-1.527631423643440067e+00
-1.145722895797890217e+00
-8.361000151960373827e-01
-3.690086480239199163e-01
1.499984254418148255e-01
3.238746805705984277e-01
5.299807385313974883e-01
-1.916239532775248833e+00
-7.430952972088790132e-01
-1.012753987598339345e-01
2.473665768995743364e-01
5.021826093804828695e-01
9.500525297962835181e-01
9.992826398430114665e-01
1.002270288789037345e+00
8.791235657564582251e-01
-1.753651871829892128e+00
-7.371752229012374924e-01
-1.303504839828181494e-01
1.725364519004593256e-01
3.968722936999967699e-01
8.982633962848527442e-01
1.071318197241329040e+00
1.156541699842625226e+00
8.696003680338578734e-01
-2.110204860403290361e+00
-9.527156381709872557e-01
-3.553160892777938451e-01
1.027846607143245716e-02
1.824151939238131681e-01
7.301116607485390597e-01
6.242865988676048472e-01
9.973441100031257278e-01
6.603046584935682306e-01
-1.908465104413518576e+00
-7.871475327862289539e-01
-2.406167354925556057e-01
8.403683122959994256e-02
2.862531393074744246e-01
8.446039078216814877e-01
8.381337084116484704e-01
1.162090500126418569e+00
7.383271805494773243e-01
-2.213874999068143890e+00
-1.003758300510686041e+00
-3.753798000586912043e-01
-6.607781929284169652e-03
2.579325860066815634e-01
5.608974518542811927e-01
3.872914219211192610e-01
4.905433544670563251e-01
5.429109995920603504e-01
-1.917324815935525395e+00
-7.076590449183127740e-01
-7.692808700821758550e-02
2.814373735798338938e-01
5.262568384790712317e-01
9.786667821119896526e-01
9.830682563910480010e-01
1.034468202014660720e+00
8.651537868762557704e-01
-1.936904534325415428e+00
-7.578923614193932012e-01
-1.522235008540207823e-01
2.011556743861418473e-01
4.570846277821684622e-01
8.382423196068768956e-01
5.688113151809078838e-01
7.386715502465858174e-01
5.960366276231783278e-01
-3.251648962427299949e+00
-2.206802693557918804e+00
-1.412380508783147803e+00
-1.039279831705742563e+00
-7.191884994016539689e-01
-1.560729000610554806e-01
3.005178446278248261e-01
6.639260009416395603e-01
7.644348073106635999e-01
-2.178377908871153290e-01
3.877603621920432397e-01
7.488368273716273782e-01
8.953821113131270604e-01
9.188832049286268511e-01
1.043834732441166757e+00
1.061998157447299862e+00
1.037727717104318881e+00
9.088507249598654081e-01
-2.022235732916038309e+00
-8.229966730989591861e-01
-2.008116277698177576e-01
1.549806601040253917e-01
4.119924865601790609e-01
7.752761812337691794e-01
5.407961649747041744e-01
6.785173559293218304e-01
5.933089815611286566e-01
-3.280200913106294358e+00
-2.111399619856954235e+00
-1.597411183578327343e+00
-1.224891970017347731e+00
-8.495109240756444358e-01
-3.446918797744669694e-01
1.966749036781397508e-01
3.657561859592252107e-01
5.645286852399247213e-01
-1.901881538261477322e+00
-7.774951257995932341e-01
-2.329455696919705832e-01
8.919183885357877262e-02
2.695863201837713219e-01
8.361807648382343361e-01
8.016566208503418389e-01
1.139945212267150731e+00
8.094504454207390731e-01
-2.232346478656229927e+00
-9.228144034413222618e-01
-2.106503065854255230e-01
1.007189303279989040e-01
3.566964623888744246e-01
8.239521280341939313e-01
1.005027209273437805e+00
9.809062508782386836e-01
9.029416085446986262e-01
-2.000201551011753676e+00
-7.325476642423165430e-01
-1.417840825786506609e-01
2.327035742002269425e-01
4.333019501403170826e-01
9.161224879170357660e-01
6.485573533017743308e-01
9.913181279310776528e-01
6.975029029461108365e-01
-1.378716620322202768e+00
-6.893986397438209845e-01
-1.185236076535008398e-01
7.843582609447218024e-02
2.976660870773774059e-01
6.578856771134451442e-01
9.542016059412689044e-01
9.580077239150717183e-01
8.578258986164493116e-01
-1.202935099926086382e+00
-4.552140664157053873e-01
7.674345865263253186e-02
2.073385853961101088e-01
4.464296594720984501e-01
7.445003776202056001e-01
7.567279592708806568e-01
9.428116426295356511e-01
7.313449448407517428e-01
-8.139296859690939856e-01
-1.159305731593381489e-01
3.696119726973962627e-01
5.013370874657935294e-01
6.698211278087587983e-01
9.127210621135356527e-01
8.614549797698167755e-01
9.724182189939031273e-01
7.725941160337768121e-01
-2.009064898435684032e+00
-7.795951004479654278e-01
-1.218127916593338550e-01
2.240357639526919797e-01
4.792504218381096193e-01
9.262834508119992538e-01
1.022772952874662078e+00
1.006577055251015596e+00
9.116787131638417474e-01
-1.466402978591862860e+00
-7.957004155872766660e-01
-1.505916444169653756e-01
5.114452910388224416e-02
2.874819619769764523e-01
6.797970866048483884e-01
9.454961292645770454e-01
9.298514921025288205e-01
8.689665786410181170e-01
-2.118744256032464524e+00
-9.351173454078640646e-01
-3.554272141932863782e-01
-7.608860270610244558e-03
1.691546560244664710e-01
7.156176364194959394e-01
7.118062367440682880e-01
1.056106306386638494e+00
8.626807043540493103e-01
-1.961885375832232326e+00
-7.180525801190349444e-01
-9.548782027598740063e-02
2.717537668314580213e-01
4.552135358984655822e-01
1.006798014622755533e+00
1.120526766406391372e+00
1.192363803689286961e+00
9.111414893395987091e-01
-2.266212192391106939e+00
-1.126425248953462965e+00
-5.198971756321432158e-01
-1.788097879778610122e-01
5.765606080091803531e-02
5.698100271312716014e-01
4.966736638938417658e-01
8.578130342152946453e-01
7.008647371835302620e-01
-2.305883117498558121e+00
-9.404148425241881659e-01
-2.309873369094568030e-01
6.523366040064448867e-02
3.390511806239879800e-01
7.507114001231540712e-01
9.853740159505716134e-01
9.850900161536092492e-01
9.284484010689052491e-01
-2.074274535773376282e+00
-8.231906887768202230e-01
-2.165253291917866862e-01
1.704967571776737356e-01
3.170112918348859110e-01
8.569310963291483230e-01
7.420387253684286311e-01
1.070367543040559921e+00
7.977133189057440399e-01
-1.921133306568576726e+00
-7.203977681604858407e-01
-9.873225409915786788e-02
2.369399995158672501e-01
4.340426181631438229e-01
9.642077874456893571e-01
1.115316852980925422e+00
1.193382923851557864e+00
9.199246958127255125e-01
-3.665924538856429216e+00
-2.178277333675136429e+00
-1.400319589953486155e+00
-1.004338504525792208e+00
-6.917424150714163167e-01
-1.352920105518009009e-01
2.038427019493091186e-01
4.217657932428161560e-01
6.509242730013202749e-01
-2.164836748439026071e+00
-1.346058636042569701e+00
-6.993689408442973487e-01
-4.713502514931834364e-01
-1.582618259712241238e-01
3.021646319970196504e-01
5.582429297284865477e-01
8.036503586729379922e-01
7.038324252177343698e-01
-6.353745219213812190e-01
1.464340406384428799e-02
5.050965107642250151e-01
6.399772423032367152e-01
7.632213826002121060e-01
9.587250776422054921e-01
1.022703354006539112e+00
1.013541955930629346e+00
8.958482742853318692e-01
-2.050020749229967354e+00
-7.496076685178226784e-01
-1.560176819024992612e-01
2.267023380096659380e-01
3.842674471912397860e-01
9.223783291320729605e-01
8.534674341391345065e-01
1.134593752052169613e+00
8.362913400303249034e-01
-1.923408161007676531e+00
-7.159427345818992761e-01
-1.046809165007101389e-01
2.426001756390212816e-01
4.963710525243265614e-01
8.951683836268276018e-01
6.305777919765479522e-01
8.468307612733108058e-01
6.909476264991967209e-01
-2.042735425198840549e+00
-8.467462074159897156e-01
-1.947705217752662421e-01
1.627909958838906213e-01
3.553440046048210177e-01
8.712556391591670391e-01
1.013868533376928394e+00
1.096817519992893786e+00
9.322951341850039819e-01
-1.503651205681716951e-01
4.658099927194180312e-01
8.340404299790328269e-01
9.906151592497691727e-01
1.018368791762624292e+00
1.129264807804525317e+00
1.105323837424078803e+00
1.038833958516818479e+00
9.072337640684879911e-01
-3.777546977093337865e-01
2.585375008393079876e-01
6.667147126449776140e-01
8.087449490457430112e-01
8.694496405170365483e-01
1.034694917964216865e+00
9.222311081056561166e-01
1.054153343262263398e+00
9.253460166640099516e-01
-2.977432032066265499e+00
-1.972338042875657838e+00
-1.195500325263468167e+00
-8.671394725085861399e-01
-5.510149948938765085e-01
-1.887458256085376707e-02
3.783843555062090247e-01
7.403926916774956624e-01
8.364169443119788827e-01
-3.224659547780399649e+00
-2.092097864629161919e+00
-1.348794661318846178e+00
-9.739099966031963262e-01
-6.586683110369061511e-01
-1.046062220535821513e-01
2.214832379555461972e-01
4.422931213638380266e-01
6.782093232822483664e-01
-1.507801800196233888e+00
-7.649565383964228582e-01
-1.807677103550010822e-01
2.498311412986481753e-02
2.563362752596242689e-01
6.275165857600669694e-01
9.626422795737733518e-01
9.529726847897408426e-01
8.811962362559037087e-01
-4.560468585326173385e-01
1.919132199864740651e-01
6.780796427620841005e-01
8.124777306191395265e-01
9.181004299744156549e-01
1.085168272938143552e+00
1.069960105297580455e+00
1.041964343175356467e+00
9.086127841187892074e-01
-4.011756043335972799e-01
2.122516408424191536e-01
6.152097905608655548e-01
7.492784624846438035e-01
8.012799953465958858e-01
9.585176646307697057e-01
1.051146729086843923e+00
1.078133926791618791e+00
9.681948370407511550e-01
-1.980652172006961864e+00
-8.346835677533300801e-01
-2.281453883158022222e-01
-3.012792189451930433e-02
2.271686150121534631e-01
6.554860467396206314e-01
9.836490496481282708e-01
1.013796145954667161e+00
9.523900645954428423e-01
-2.016257422941234001e+00
-8.193280851605937443e-01
-2.001900243012110781e-01
1.573900859482923742e-01
4.141323881419900488e-01
7.846129092843540098e-01
6.587168478047413789e-01
7.634567764331117168e-01
7.060376705045925405e-01
-6.588697276612310860e-01
-1.294850480151882310e-02
4.912907394120153981e-01
6.307097505286810568e-01
7.636024041176056043e-01
9.665367968187580372e-01
1.020837108947475924e+00
1.005571423154894894e+00
8.812081380451881607e-01
-1.988864945933653594e+00
-1.278771421474785841e+00
-6.315430231623468948e-01
-2.824326141518931355e-01
-1.864357031737422232e-02
4.464420651774839155e-01
8.209343246804282623e-01
9.798240661253817541e-01
9.283929178352081646e-01
-1.852678033617821685e+00
-6.663292936192479754e-01
-2.935982990712338730e-02
3.160451359775834912e-01
5.647314997084400545e-01
1.039941887648859309e+00
1.101485814901922211e+00
1.094674605714568205e+00
9.559727675998395124e-01
-5.792056834856738057e-01
9.474284651839966209e-02
6.082150143362778927e-01
7.462326391884224197e-01
9.164479177538920052e-01
1.132098466135124548e+00
1.072230894596917450e+00
1.062348414357627391e+00
8.957658201908333950e-01
-2.288899863508159882e+00
-9.606177244118235814e-01
-3.226199961882033063e-01
6.562689633807906875e-02
2.248040371743939281e-01
7.394700816166654977e-01
5.085536269762387374e-01
8.278057137250314224e-01
7.373336052670258489e-01
-3.095540583615098651e+00
-2.085054261748574778e+00
-1.601509576946883895e+00
-1.239397010376018349e+00
-8.215322804846713067e-01
-3.196597887841505781e-01
2.998369930980303022e-01
6.679268242677347533e-01
7.654367012234375434e-01
-2.138807722687039004e+00
-9.338144499719419622e-01
-3.114801153398041311e-01
5.419526935508998250e-02
3.139914131206789638e-01
6.356352116093381133e-01
4.525375509505481508e-01
6.023448151341320722e-01
6.844898620949885215e-01
-2.378909539479799218e+00
-1.114666135748862530e+00
-4.781856374926950481e-01
-1.011163527950968005e-01
6.540015498975282338e-02
5.948245898275097421e-01
5.844493039685921820e-01
9.221442516425424341e-01
8.965759810184116274e-01
-3.372220408160807370e+00
-2.179333913790651334e+00
-1.485102265817798139e+00
-1.073476641126524189e+00
-8.030400169667013532e-01
-2.386035771603643441e-01
2.413857685874316317e-01
4.707085058660979704e-01
7.254144635291954746e-01
-1.152345597357038454e+00
-4.748424952651686404e-01
7.350147613034797855e-02
2.447251146431442537e-01
4.575658628964920371e-01
7.857178841268052105e-01
1.011885512341482052e+00
1.019059092807866662e+00
8.918313270306020835e-01
-2.570253985986324707e+00
-1.356990607011932415e+00
-7.619620272523990323e-01
-3.735767724126786149e-01
-6.797443754627513490e-02
1.245129324207656651e-01
3.056941979055039504e-01
4.849127176980230214e-01
6.855786002240241706e-01
-1.015889358571174572e+00
-3.250003598427496088e-01
1.968888916260395916e-01
3.444402222053800644e-01
5.404935477511920716e-01
8.191840083754023949e-01
1.028988987181092662e+00
1.038639826696576840e+00
9.424067617900071525e-01
-1.868871056691731480e+00
-6.891977891904417231e-01
-8.170251215197055217e-02
2.633824910826889076e-01
5.199157408885958231e-01
9.233495006594090171e-01
7.320832049207947057e-01
9.085564801069653251e-01
7.596584518835781674e-01
-2.231317112974295469e+00
-1.053133106242830186e+00
-4.243940303262427327e-01
-5.128137762634324415e-02
2.181184752363972690e-01
5.014978125947427978e-01
4.076753265364038703e-01
5.632397603842289602e-01
6.963845564244705022e-01
-1.327630522220356379e+00
-4.825765397675673696e-01
1.840450528582866438e-02
1.975457153437114310e-01
4.843619961011000341e-01
8.738347037344866841e-01
8.745556822979589917e-01
1.147207596460259049e+00
8.896910696599680257e-01
-2.123596889461491166e+00
-7.475893582298962503e-01
-1.615451868378796896e-01
2.723332337292168337e-02
2.236571558400573534e-01
6.645116221636538922e-01
9.973117563179977330e-01
9.996389349660498302e-01
9.748258117642419895e-01
-3.932482074511223225e-01
2.169388539038776542e-01
6.350739153361542044e-01
7.730084213024309703e-01
8.297224871320499906e-01
9.938653440428226737e-01
1.068184841325567902e+00
1.040683125639487949e+00
9.301918215341270502e-01
-2.170972352457356536e+00
-9.578203586444008488e-01
-3.415610573019932650e-01
4.662250498745146299e-02
1.925970263919442316e-01
7.367096369134688016e-01
5.619712550695405984e-01
9.182429913293551627e-01
7.961811286517138653e-01
-1.290932960061845325e+00
-4.745345987843238023e-01
3.497540375818238012e-02
1.931331376764345020e-01
4.797390218418075003e-01
7.988836811303025032e-01
8.009057239054088173e-01
1.083923835271474845e+00
9.866742280867696335e-01
-8.127541965394186052e-01
-1.542316396259969524e-01
3.300832559136279709e-01
4.587894048781950285e-01
6.057611503975331990e-01
8.114206212097344606e-01
7.681342383814395713e-01
9.977944938902876260e-01
9.549560270937611506e-01
-6.838979148783338458e-01
4.031470670705918427e-03
4.853720266926122573e-01
6.092273426221775923e-01
7.831397604406344914e-01
1.008906049952502215e+00
9.377840770620166078e-01
1.053895154863806916e+00
8.935974256737360122e-01
-1.307923220102556794e+00
-6.444389101531975417e-01
-4.393130859956448364e-02
1.541715884390659763e-01
4.163490976127398602e-01
8.231946072838511874e-01
1.040269710905462830e+00
1.070903411453469012e+00
9.051168304809877885e-01
-1.389347813757294769e+00
-6.192985319439040515e-01
-7.960172228941365946e-02
6.142987793570161420e-02
3.206232073174788422e-01
6.595864326059334148e-01
7.324064010167006256e-01
9.589966725966376782e-01
8.382161067036951740e-01
-8.649350481494800791e-01
-2.039574580977409068e-01
2.884137009468408785e-01
4.215118153853931182e-01
5.907781834707546142e-01
8.396457367278733486e-01
1.052565388524801859e+00
1.069960682795537910e+00
9.831754100934072538e-01
-1.897786269752995025e+00
-6.511729320058419201e-01
-2.224545415030996023e-02
3.292593788672367183e-01
5.609338722644579001e-01
1.065970376762191307e+00
1.162311457453138352e+00
1.175062921476406341e+00
1.003637868709763348e+00
-2.111994223901473067e+00
-9.320831404917635510e-01
-3.071742998789422918e-01
6.172571615030568448e-02
3.264989835775544691e-01
6.597808391236898995e-01
6.277479518640163292e-01
7.809352928401152028e-01
8.246215593666680332e-01
-3.125531091923645199e+00
-2.098173583614222348e+00
-1.642672986906651200e+00
-1.258679560205899328e+00
-8.580162382619985761e-01
-2.871758154898820803e-01
2.816965737521790469e-01
4.905064522732983656e-01
7.264807365243611814e-01
-2.061387180202051361e+00
-8.190218037904801740e-01
-2.049664952767455695e-01
1.708152597710032028e-01
3.719985854140820947e-01
8.415319311190223583e-01
5.891876909091037229e-01
9.088211160277926970e-01
8.348797130243024167e-01
-1.710618588087215119e+00
-6.596567263674096848e-01
-8.823312234921604214e-02
1.025920968562939323e-01
2.966121655635254317e-01
7.162513197820064015e-01
1.052707315104500774e+00
1.033090594811229224e+00
9.998927566041760917e-01
-1.329841071547686493e+00
-5.748697724150325650e-01
-5.553808389639774273e-02
8.906969127518446494e-02
3.297887894599624281e-01
6.524379023150310708e-01
7.193980021311725537e-01
9.529982498533753343e-01
8.798917616207110326e-01
-2.112560303322404742e+00
-8.317830930338699913e-01
-1.515672771319642731e-01
1.442224568973783927e-01
3.790341641205263734e-01
8.787943603764235556e-01
1.032899250200593588e+00
1.021865553061877652e+00
9.488306895527021112e-01
-1.924270421501419692e+00
-7.553145904147001710e-01
-8.525294274840983233e-02
2.508827480426193413e-01
5.052820635190475862e-01
9.826153223327348529e-01
1.121609364120468300e+00
1.082514196356915814e+00
1.000468166738589071e+00
-7.557602243814833809e-01
-6.250867591762890307e-02
4.179556377963938862e-01
5.501621291918346035e-01
7.217039439152251878e-01
9.555691875389651369e-01
9.001832469583123109e-01
1.041506349089616812e+00
9.255309365369257524e-01
-1.700232565914994609e+00
-6.718882604020753879e-01
-1.512605001093390023e-01
1.247327052144579784e-01
3.593089856198271037e-01
8.801166258934987052e-01
8.988588011545869394e-01
1.205861519411536742e+00
9.407950755220790828e-01
-1.928795224480129189e+00
-7.410270415541665434e-01
-1.239164753589745149e-01
2.304388519771931321e-01
4.879736114853005513e-01
8.874252661772058515e-01
8.222443561408944168e-01
9.716175251887392283e-01
9.531873637896981499e-01
-2.390003082338216789e+00
-1.186833393854833663e+00
-5.696118963386018752e-01
-1.889662862338020166e-01
9.967240822300790781e-02
3.312730728660180368e-01
3.795293540734537285e-01
5.638286383706058169e-01
7.638039260676697806e-01
-3.023532906767483652e+00
-2.164467241907053197e+00
-1.381424694350591453e+00
-1.002725405667485470e+00
-6.917140677941404636e-01
-8.926587023349372152e-02
3.123171714073131877e-01
5.736640098187935077e-01
8.264418653953369276e-01
-2.539522787574202134e+00
-1.580627337291290457e+00
-9.003387417092014733e-01
-6.365974344622936654e-01
-3.158577752161166319e-01
1.887382109090589566e-01
4.850469068574601583e-01
7.681058693868454412e-01
8.415776077062255833e-01
-2.056006862726345474e+00
-7.261342391616461001e-01
-1.031905421602413719e-01
8.362089387866795953e-02
2.986337046710019205e-01
7.263521864396323968e-01
1.034341452424613061e+00
1.025244388730472522e+00
9.992804481977530795e-01
-1.743890905384337664e+00
-9.229616120325114803e-01
-3.507031325472495520e-01
-1.792711925841853349e-01
1.093984038217313826e-01
4.996538889461024091e-01
6.627468499666118174e-01
9.490915125720345014e-01
9.028842322676046139e-01
-1.309787305791921153e+00
-5.686301497512884495e-01
2.137949425914997120e-02
2.251226931308808465e-01
4.798060549073134839e-01
8.919566284747305618e-01
1.092457904490570675e+00
1.137905799244448568e+00
9.286055479822136194e-01
-1.458358947194478228e+00
-7.251414864209069222e-01
-1.419580409828434808e-01
6.912050027860598689e-02
3.109682926440559547e-01
6.860386731256671311e-01
1.036999124995293675e+00
1.028684398913457310e+00
9.652019492233649967e-01
-2.239820902830602201e+00
-8.117972388973183628e-01
-1.059651115315422415e-01
1.502495693955162581e-01
4.197329588782335863e-01
8.708549937735767799e-01
1.109825453289219999e+00
1.086832108651447415e+00
1.028746665955040829e+00
-3.304935869468811571e+00
-2.168314887734710705e+00
-1.636387764264598532e+00
-1.224524817836852408e+00
-8.494702025027214276e-01
-2.141427515049603436e-01
3.524191277855017179e-01
5.852466524643827883e-01
8.183676941509488989e-01
-1.909783234061287027e+00
-6.827480305986088904e-01
-2.847994672850880093e-02
3.040607807012546404e-01
5.573819771061768735e-01
1.039999952443330544e+00
1.165794217486099571e+00
1.141522418640993575e+00
1.034894857741869956e+00
-2.530405422978815544e+00
-1.278548908367318715e+00
-6.097187313272263154e-01
-2.273700408288473751e-01
-3.673602269442299839e-02
4.682149556253412670e-01
5.797972542657012784e-01
9.136918367701727384e-01
9.639005968110411215e-01
-2.277796154419159613e+00
-1.063686678079015069e+00
-4.318785192683822771e-01
-5.747184618747080975e-02
1.079726552992955890e-01
6.477869557068077766e-01
6.772939870443086541e-01
1.020292613450834107e+00
9.947098899545661066e-01
-1.922605447690779457e+00
-8.470169220000868249e-01
-3.006533715559808195e-01
9.687859478433320792e-03
2.430957734975292550e-01
7.769796185983361969e-01
8.172120152714598129e-01
1.143147536414383270e+00
9.425153127607585057e-01
-2.746602929665755255e+00
-1.712222687317367598e+00
-9.920499687448591786e-01
-6.195755479651258169e-01
-3.114503931446331308e-01
2.278871142291629404e-01
7.132397611564016415e-01
1.019812640325043596e+00
1.056767760229995634e+00
-2.011915407919265597e+00
-7.800239228276176773e-01
-1.800967892924722202e-01
2.081151472588772811e-01
3.471903626806571164e-01
8.990597266049451530e-01
7.383689433455566942e-01
1.119672851231068966e+00
9.165104600504145882e-01
-1.439433743886927797e+00
-6.005050314888962237e-01
1.505152656381934318e-03
1.510238392933239693e-01
3.855872540467045195e-01
7.651917129418859265e-01
1.033035097821365378e+00
1.000298571643202239e+00
9.502323252859671276e-01
-2.574795930316323922e+00
-1.301343839942584735e+00
-6.363379700106023273e-01
-2.612278879449480562e-01
-6.141440897616935041e-02
4.427065079839589967e-01
4.223179158907185982e-01
6.961683959741766792e-01
8.691389485081467692e-01
-1.874134089977405937e+00
-7.275976009342176587e-01
-1.121837983118237903e-01
2.397509717107232097e-01
4.942849580749831828e-01
8.884578703087939733e-01
7.103429251932333877e-01
9.043975103729722242e-01
8.579919169408597446e-01
-2.335135144261241358e+00
-1.188646489591838051e+00
-5.704466770878793280e-01
-1.866346245468986087e-01
1.039028644413218377e-01
3.485881867750807994e-01
4.791700787841595699e-01
7.178557904420567182e-01
8.379800876719576408e-01
-2.116138838855349924e+00
-8.569279393394334532e-01
-2.435139837544416930e-01
1.512729020826975301e-01
3.259047464810683747e-01
8.274475418752104128e-01
7.562774685748769876e-01
1.042190545334004570e+00
9.725851280605090077e-01
-1.288950031109507677e+00
-4.522059431367483340e-01
8.871956160235258682e-02
3.675702300741618411e-01
5.661103543443628539e-01
1.066206125274242744e+00
1.219250186652664159e+00
1.308655773561445024e+00
1.061737719148351022e+00
-3.034002052400675442e+00
-1.939972094227927490e+00
-1.446434515012584798e+00
-1.087359081921560611e+00
-6.777954259762870581e-01
-2.296568215252470513e-01
3.614141180580495161e-01
6.809387289956312372e-01
8.368398447581103516e-01
-2.115107108808548020e+00
-9.475282579952686302e-01
-3.135219611100373838e-01
5.964371904403488467e-02
3.241101241016050571e-01
6.755685757271477909e-01
7.365573809479273315e-01
9.400504861091761866e-01
9.932413685208321130e-01
-1.089262912199938871e+00
-5.465844632768694922e-01
1.262157820090313055e-02
1.893255491390837264e-01
3.952059248631107913e-01
7.450811766288092386e-01
1.016629177070003998e+00
9.908120961067731214e-01
9.115124622848044256e-01
-2.011033941439195782e+00
-7.941990847929941699e-01
-2.015816194533608108e-01
1.881529774937776567e-01
3.221352588490259405e-01
8.899581228953273859e-01
7.811360938494519290e-01
1.155202072565310045e+00
9.605712579843236343e-01
-3.065995358030489393e-01
3.107576815587617114e-01
7.500644107456121423e-01
8.909318018499834402e-01
9.586113527425144110e-01
1.104995587675030366e+00
1.116956707705156759e+00
1.070128110414079403e+00
9.490103534995757428e-01
-5.630026077990071265e-01
8.452417265110497013e-02
5.311102953176112251e-01
6.717622072562279278e-01
7.609863912616395831e-01
9.486872268274710862e-01
8.991310891131065741e-01
1.090962354846177540e+00
1.062103099536024553e+00
-8.555302220952358816e-01
-1.893944248262143804e-01
2.992160828734899414e-01
4.288352862380416797e-01
5.841355842326851899e-01
8.026909684541246870e-01
8.494792299967413030e-01
1.101087224080962379e+00
1.095565321823256832e+00
-1.912935238824416073e+00
-7.562893328964725992e-01
-1.411557449707811496e-01
2.084185182052746554e-01
4.604218584963002403e-01
8.537568113874003384e-01
6.137463723449090303e-01
8.665940836323687835e-01
8.922508814701090030e-01
-1.075152917974441680e+00
-2.832713938145508537e-01
1.874198300624386748e-01
3.412223147359464970e-01
6.188853736791033455e-01
9.487062438953554055e-01
9.251965033277684824e-01
1.172794856093074545e+00
1.022173740011271814e+00
-1.920979843743066962e+00
-7.085570809910078927e-01
-1.039147437898785831e-01
2.485038649012410172e-01
4.872295584630981224e-01
9.232639074663063772e-01
6.756586187717495973e-01
9.844774706039780554e-01
9.291170927822536285e-01
-3.078659182037393638e+00
-2.058827306767235132e+00
-1.584398424683130413e+00
-1.194571507384178499e+00
-8.008460395369391138e-01
-2.106515328050818370e-01
3.610078218078343060e-01
6.041802096861205174e-01
8.539985361426538635e-01
-3.325484086250297899e+00
-2.043918661788433067e+00
-1.438252721481965368e+00
-1.021113131409752350e+00
-7.146856462905236684e-01
-1.597947767605519265e-01
3.956017560121155019e-01
6.685639754132115531e-01
9.133186831755766288e-01
-2.374645869581661350e-01
3.707529850665359783e-01
7.408106550467190576e-01
8.764907646108572870e-01
9.161985814709096010e-01
1.057168153361459861e+00
1.114305509241662717e+00
1.209774247906558298e+00
1.106438952552482702e+00
-1.817378170145923066e+00
-6.598606276504637158e-01
-3.739225802386150765e-02
3.155775778321343594e-01
5.652626960886157903e-01
1.006869969552188770e+00
1.046584973471787805e+00
1.163528905097850785e+00
1.059435602854114089e+00
-1.845670194273216991e+00
-6.602050249558324424e-01
-3.787502280014690831e-02
2.814652125297087970e-01
4.839465681668913000e-01
1.014932841335818292e+00
1.169029893066340753e+00
1.223271468283741781e+00
9.937031456403213614e-01
-1.852252886759023331e+00
-6.547665239183512176e-01
-2.474578202681495046e-02
3.177502668117736517e-01
5.717802923898787082e-01
1.051608083044058395e+00
1.137903495829700962e+00
1.120652180906528850e+00
1.034785166989766081e+00
-1.883174466178392237e+00
-7.110406017960836378e-01
-8.338681805532045799e-02
2.387808437230670711e-01
4.502592833215407486e-01
9.783285959158506406e-01
1.135074987683720726e+00
1.187508442885972348e+00
9.759679491106271199e-01
-1.905820785284440211e+00
-8.917578681124244122e-01
-3.427079915225441642e-01
-7.587152056776527709e-02
2.040537080960998506e-01
6.863780952091435017e-01
8.375738010915213527e-01
1.145910421381233002e+00
1.082937063419500801e+00
-7.606273499070204114e-01
-5.747921334608921407e-02
4.230602861853159369e-01
5.571468011228004613e-01
7.157602378779476249e-01
9.493538345667883460e-01
9.110327535502164009e-01
1.067365793223856496e+00
1.020211535426373439e+00
-4.131321063819026751e-01
2.304756066421275174e-01
6.447662499438538974e-01
7.929016038211997852e-01
8.600965912409608283e-01
1.044156452821262349e+00
9.736013512102374978e-01
1.128836852563819271e+00
1.089755777335392750e+00
-1.465713952992878877e+00
-4.934080567141254092e-01
8.124008334101109896e-02
3.623989048210115027e-01
5.663080959663674419e-01
1.085593456636004372e+00
1.237322409746699936e+00
1.300368726352752358e+00
1.011384198006945789e+00
-9.087988700136425679e-01
-1.831484966538812487e-01
3.070880757440100917e-01
4.471616383554201657e-01
6.172107552985314216e-01
8.667632779006335664e-01
8.559253692433250738e-01
1.032848944884428244e+00
1.019925202796521990e+00
-1.884073868924424078e+00
-6.994416419772893079e-01
-9.119918054712779221e-02
2.605735594546795819e-01
5.067935782476684636e-01
9.333940565719792692e-01
8.451801606069001549e-01
1.061999343438250420e+00
1.020742573611961523e+00
-1.673939520950186832e+00
-9.124223798439778932e-01
-3.430093755626382745e-01
-1.655637525001070753e-01
1.009756434646662121e-01
4.937433033678491623e-01
6.972177204501190939e-01
9.960863744418037014e-01
1.030677156552116225e+00
-2.117926762882420100e+00
-7.975660891126566954e-01
-9.630543204046637662e-02
1.977454250932797197e-01
4.477994605680093443e-01
9.262834508119992538e-01
1.124728570906649461e+00
1.106359657768610338e+00
1.067450244354126943e+00
-2.864002242981267266e-01
3.213861036465607834e-01
7.237111179933189975e-01
8.655347416692026341e-01
9.207833758627811394e-01
1.074814994389434286e+00
1.136310843877879284e+00
1.092441292351776561e+00
9.770200263551587216e-01
-1.920693669682063121e+00
-6.872604605361402053e-01
-8.104842104445379725e-02
2.746632653068880048e-01
5.191288150109748534e-01
9.538525759454142827e-01
9.044696200201639558e-01
1.114889946624125550e+00
1.066372149732166319e+00
-1.188370658155227355e+00
-5.067415720799062218e-01
6.728716432207791642e-02
2.226548692348853109e-01
4.445574340823310600e-01
8.046332186934741504e-01
1.061654022510331696e+00
1.031913170318232043e+00
9.858762909383423922e-01
-1.648160305136261661e+00
-5.900570782873728604e-01
-8.115202354231336457e-02
2.313093889592784669e-01
4.090557281201322448e-01
9.671942828839938944e-01
1.020355280637994300e+00
1.294969456420027809e+00
1.121108501709364935e+00
-1.531712137923267880e+00
-5.583971217422014632e-01
3.067080013849444314e-02
3.651595005297109675e-01
5.419002639692361845e-01
1.073708286162653902e+00
1.264481012574772967e+00
1.345762270362884649e+00
1.120562395300363834e+00
-2.119313854427436805e+00
-9.058212966182234149e-01
-2.899783489487082755e-01
9.490857275841178831e-02
2.327409883508236854e-01
7.956063361084998453e-01
7.135951873463821649e-01
1.080892499817666330e+00
1.025175359716025136e+00
-1.968945040832266402e+00
-7.181144690035144995e-01
-7.875179294569575883e-02
2.671721806954195366e-01
5.076932550391798360e-01
9.673421817881253659e-01
1.135086148420906937e+00
1.200094049466797763e+00
1.110134832876498390e+00
-3.393462309904217378e+00
-2.054763869931564013e+00
-1.326568111555067375e+00
-9.126114399000831989e-01
-6.201542836967052219e-01
-2.247488005096493630e-02
4.505744147963900437e-01
7.571172943341057948e-01
1.005265782146140374e+00
-2.287994319971982105e+00
-1.077399670983564706e+00
-4.839256864697535354e-01
-1.334939882460468297e-01
8.366850258621953695e-02
6.149606983136138849e-01
6.178063782698679507e-01
9.748963322676539311e-01
1.020572471183262664e+00
-2.972375862198983310e+00
-1.891924272513503924e+00
-1.146881923421863014e+00
-7.384733982763168614e-01
-3.790644234849446792e-01
2.270857106212957610e-01
7.301688856163107699e-01
1.059214833002534606e+00
1.134797696395936750e+00
-3.216291708070413868e+00
-2.155016096568200368e+00
-1.642005941992914941e+00
-1.217016328151237170e+00
-7.689220159536624966e-01
-9.237178151460445630e-02
5.271989079465301264e-01
8.895490353132774475e-01
1.006634805470848271e+00
-2.003997292408655539e+00
-8.540357741422425208e-01
-2.271022493553944976e-01
1.286812210306330917e-01
3.846152972002948034e-01
7.518515221391565140e-01
5.843738087600456321e-01
8.335311688519838613e-01
9.677911210462807334e-01
-8.647949487752830677e-01
-2.195165644580717446e-01
3.041493007743696353e-01
4.615796849996612883e-01
6.945704011869321404e-01
1.008735486399381376e+00
1.158392230785202148e+00
1.171388256788594484e+00
1.020906461295753243e+00
-3.464843361509996278e+00
-2.088917415834901092e+00
-1.462371141412457831e+00
-1.040838156895494082e+00
-7.310993043711858652e-01
-1.158321579151169317e-01
4.564902193762693239e-01
7.452121696533978712e-01
9.954692159392721784e-01
-2.091935693992777789e+00
-8.842045273107848047e-01
-2.561290008654061867e-01
1.066895070698066494e-01
3.613208282989429643e-01
7.147737790100633370e-01
5.668371321529142026e-01
8.081440416966116924e-01
9.646950342352910157e-01
-2.162141113802260595e+00
-9.584421536559377675e-01
-3.208969915626381786e-01
4.696276827184517333e-02
2.924227998013231300e-01
6.652714502420540299e-01
5.815289656985928035e-01
8.507438835760240403e-01
9.929363558488166763e-01
-1.413385814329042978e+00
-6.302348220373276133e-01
-1.007673147676386022e-01
5.072159282200530001e-02
3.137000397634482907e-01
6.579675335775776457e-01
7.738770722494087151e-01
1.041908558503648718e+00
1.047481222330479467e+00
-1.905393787880966805e+00
-6.662306888042002218e-01
-2.670569920391131433e-02
3.101321919655104509e-01
5.527247839461486567e-01
1.018787407450606253e+00
1.181963643830951538e+00
1.219623573192701427e+00
1.125873857859927440e+00
-2.514146706745346904e+00
-1.218079055949034872e+00
-5.494985013907179860e-01
-1.570990059497540670e-01
3.004187927757322532e-02
4.995992238819491615e-01
5.256304434932375091e-01
8.035481134241192480e-01
1.002590549769966533e+00
-1.329930712111998314e+00
-5.780436824743944157e-01
-5.342036780454439970e-02
9.845707742069390034e-02
3.231035389034872529e-01
6.375100236136918008e-01
8.063854288445901908e-01
1.102823935214032103e+00
1.131986194926138278e+00
-1.237609842695443163e+00
-4.171636428488658677e-01
1.095576561569217983e-01
3.692819482175156987e-01
5.864372820943738462e-01
1.034560468103068898e+00
1.222850151117125250e+00
1.308193336929950767e+00
1.135683108745745962e+00
-3.743557237646872871e-01
2.411221053685953519e-01
6.357502826588847800e-01
7.761843477551870762e-01
8.300305028663393925e-01
1.001294391962044728e+00
1.145807230854459124e+00
1.239379288358754438e+00
1.157672710529173754e+00
-1.060121523287776313e+00
-3.220019387233126196e-01
1.803214195309047196e-01
3.109033939962346782e-01
5.415723059085357782e-01
8.142119828589082786e-01
8.407469386435597603e-01
1.066630941595005488e+00
1.063597949409021082e+00
-1.952200475368872645e+00
-7.972092812151552188e-01
-1.781487200001512783e-01
1.782331436956282877e-01
4.337887434292372890e-01
8.103789537909826812e-01
6.349242228172375935e-01
8.856106969288470854e-01
9.865637417431728506e-01
-1.137606621985769229e+00
-3.615829586949405594e-01
1.360288881411842177e-01
2.816480900986016445e-01
5.647965946114734681e-01
8.793446503973333384e-01
8.987730865060407082e-01
1.150323279264775067e+00
1.079612863550901247e+00
-1.034395013895107462e+00
-2.969113106705646432e-01
2.214579913642526765e-01
3.866115862711903550e-01
6.188076909393890324e-01
9.243944043381445708e-01
1.166006176927621318e+00
1.182239251458993667e+00
1.086183328154637140e+00
-2.230757707443068227e+00
-1.050874707517230444e+00
-4.150870568252225112e-01
-4.396652380821383654e-02
2.226964561891333350e-01
5.284991569908752407e-01
5.311903701585217741e-01
7.828817783176711398e-01
9.807120401760289763e-01
-2.054159345888176613e+00
-8.357647287073808329e-01
-2.244292420681848754e-01
1.643167939474805272e-01
3.231076938424098377e-01
8.497424377650968363e-01
7.090470678044523689e-01
1.062354337361240297e+00
1.038169033284126241e+00
-1.276329957653911329e+00
-5.208063415797988815e-01
5.801417493617105903e-02
2.666704757662716196e-01
5.214741328348941884e-01
9.445388186785387274e-01
1.142553435405636142e+00
1.172940033880951027e+00
1.000804889630621197e+00
-1.023638201334852171e+00
-3.199107022537048817e-01
2.054395741732783776e-01
3.798013039411878289e-01
6.265085710418093479e-01
9.577662681181460247e-01
1.177383095366779209e+00
1.195488466525664428e+00
1.069530717418147425e+00
-1.987342604650730760e+00
-1.031880031660373787e+00
-4.247070861674329123e-01
-1.821166630484450655e-01
1.129090898481286132e-01
5.564643859140754323e-01
8.902301890387762651e-01
1.165721571259354716e+00
1.161587642212210003e+00
-2.066069788497891135e+00
-8.874067078217828808e-01
-2.585528112531821909e-01
1.133128815407857676e-01
3.662179240051594564e-01
7.531497196706833375e-01
7.999446098176805631e-01
1.034117072162476836e+00
1.083021676094964247e+00
-2.017612165611060160e+00
-7.833695722524433025e-01
-1.049971369721634795e-01
2.240280616694291793e-01
4.772245928815051497e-01
9.575103481183621090e-01
1.097677168215399846e+00
1.061909787961087037e+00
1.046325197983235977e+00
-2.248722775730334078e+00
-1.072960247396141042e+00
-4.473948516421900057e-01
-6.421408138172476909e-02
2.160088212767906357e-01
5.432028690230201740e-01
7.631156355927074530e-01
1.032911661906040113e+00
1.098003506763884474e+00
-1.863979280630972069e+00
-6.506037591415760879e-01
-1.521232165088800235e-02
3.273488851992769066e-01
5.770067903601702186e-01
1.031500636239717439e+00
1.167398032812748232e+00
1.231057519752545293e+00
1.131779393454116711e+00
-9.515207452899375751e-01
-4.605909960804313585e-01
8.470174853529445491e-02
2.403844394708051502e-01
5.048760416668358619e-01
8.739499992118112681e-01
1.120555074639406179e+00
1.114827276053965033e+00
1.007391661729967414e+00
-1.932996640883358486e-01
4.162282095115208969e-01
7.687057758464936885e-01
9.099137256522837891e-01
9.454856451175256415e-01
1.093931120996608719e+00
1.201829047257010341e+00
1.254539059031187120e+00
1.163041161539425605e+00
-2.238246033814361269e+00
-7.707309304658326310e-01
-8.351800769392629664e-02
1.715819602917514342e-01
4.140387527278430180e-01
8.862891200337119635e-01
1.094520840308491616e+00
1.066397279248330054e+00
1.036619325863695318e+00
-2.221537276699891095e+00
-1.117874155881064535e+00
-4.962047074460518292e-01
-1.065485521981376221e-01
1.748199330864270706e-01
5.329538783659136802e-01
8.485049209031998441e-01
1.091001126715032576e+00
1.117033750364467171e+00
-1.163189374761045114e+00
-4.699197051519686252e-01
7.395543354943981407e-02
2.436852660114880165e-01
4.482304714877881624e-01
7.869195050235747724e-01
1.073068250349026531e+00
1.044188543013778503e+00
9.674908200018984550e-01
-8.552859219638451194e-01
-2.092328762288633293e-01
2.943598585074255758e-01
4.389635208128947474e-01
6.206948695176173203e-01
8.987883944856767116e-01
1.102372162038365300e+00
1.083381981035320907e+00
9.817213431028612991e-01
-1.145257604241549876e+00
-7.106004595507425803e-01
-1.552579290306311532e-01
1.034013903416584335e-01
3.402414225477938259e-01
7.580949499166176331e-01
1.130496872576340461e+00
1.187064378023144684e+00
1.128093363497188806e+00
-1.904507296659162741e+00
-7.326914925090536324e-01
-1.112866611465717359e-01
2.513815923884125669e-01
4.951145684984971651e-01
9.345025701216370662e-01
1.011949256060493463e+00
1.176588604212834843e+00
1.124545612964218400e+00
-2.139739112494881468e+00
-7.784527541655736904e-01
-8.134338353840303570e-02
1.859579848781373890e-01
4.408642434738874183e-01
9.066775966547719889e-01
1.144978179258184792e+00
1.108768535591688975e+00
1.081044488564623984e+00
-1.993228265731589177e+00
-7.131444709934536830e-01
-4.227616007226238370e-02
2.594100745542362585e-01
5.154103832981216105e-01
9.857792651339188916e-01
1.193673139632714264e+00
1.179147397885314641e+00
1.121892281731625696e+00
-9.699459528293303823e-01
-4.696351847402246982e-01
9.272164263793052086e-02
2.468556659766763250e-01
4.828682387613865701e-01
8.505821990686951439e-01
1.105814772183738803e+00
1.078355838516228182e+00
1.014359472397434070e+00
-1.967453787971434442e+00
-6.626967683089447503e-01
-6.927266311403804284e-03
3.029365241323719871e-01
5.471478347206459869e-01
1.039676305684618773e+00
1.205587988708848091e+00
1.192552463256359774e+00
1.114796433358005379e+00
-3.357745643698153426e+00
-2.131833599738774954e+00
-1.357096126742853848e+00
-9.463476256810743337e-01
-6.317336915966574873e-01
1.573765917856996110e-03
4.596586288048803981e-01
7.664653792534275034e-01
1.027695009161007089e+00
-1.810475450843588741e+00
-8.470002921484666158e-01
-2.922346203309303947e-01
-7.248375094179973499e-02
2.401335852243441371e-01
6.872538535525681835e-01
8.261158543503850371e-01
1.128112401491360384e+00
1.076929943511192533e+00
-2.121617228561305968e+00
-7.671421342714701552e-01
-7.343521770646178892e-02
2.133560016377038515e-01
4.719929393057260003e-01
9.399908748079494059e-01
1.154439987150184699e+00
1.140133670688491474e+00
1.102559274343236861e+00
-5.428963270408190267e-01
1.144738895423196429e-01
5.746104607502625639e-01
6.824451250948845304e-01
8.493734012102391873e-01
1.032726739775916558e+00
1.042248177497820283e+00
1.232257510393605537e+00
1.171761826026923137e+00
-2.013720666456036312e+00
-7.393214142421399293e-01
-1.536863231430765642e-01
2.320396345377466196e-01
3.876039437650185548e-01
9.316618418415860692e-01
8.936752865267366674e-01
1.229559764772105268e+00
1.113451204662673666e+00
-2.524159096649071898e+00
-1.349326462485275879e+00
-7.131727382541148685e-01
-3.781375984657358025e-01
-9.511463513963205885e-02
4.139307543742322681e-01
5.266888401891445248e-01
8.495946371117433227e-01
1.036125967303795914e+00
-3.047784252880708422e+00
-1.924265536120051800e+00
-1.360101347205677103e+00
-9.359205040384612762e-01
-5.312576060852860493e-01
5.644636807576779852e-02
6.346000426510767234e-01
9.902607991733115567e-01
1.079710716614599386e+00
-3.089780755398441325e+00
-1.972184739843821477e+00
-1.463550752723993043e+00
-1.065666386956097611e+00
-6.842216201053301639e-01
-1.027477215416403578e-01
4.630610517459991526e-01
7.341072104939285747e-01
9.895123374811605199e-01
-3.203479269745856506e+00
-2.163080217435049857e+00
-1.644081743310553012e+00
-1.186951123667894459e+00
-7.318364944594082377e-01
-4.556021318495024480e-02
5.688110093499368913e-01
9.294241553804193368e-01
1.041256124232766256e+00
-2.156712775390616788e+00
-8.461442499214545387e-01
-2.407138406923307883e-01
1.540561759999581892e-01
3.078991679496784206e-01
8.392889660466258395e-01
7.096143338170248782e-01
1.061664114829711902e+00
1.047766737380692703e+00
-6.616909951181292326e-01
2.074595767372122701e-02
4.870192713483100788e-01
6.344673226757343576e-01
7.508366247602261678e-01
9.768059689775155929e-01
9.448462953539018550e-01
1.099578103034512422e+00
1.096882474966026422e+00
-1.887592665246390577e+00
-1.051013814586525319e+00
-4.373097338583883942e-01
-2.435810161650031613e-01
3.940967790811981258e-02
4.650689739238113019e-01
7.142293724426010959e-01
1.015217730604929480e+00
1.069294668626366684e+00
-4.927899798233492668e-01
1.347722010212794308e-01
5.788048984378767470e-01
7.038929252493729694e-01
8.191520899309097103e-01
1.018655924887356345e+00
1.177102997761133585e+00
1.167235110717413038e+00
1.072702802164644975e+00
-3.017677120075095587e+00
-1.921135723932616557e+00
-1.145647740926122093e+00
-7.119639711469949450e-01
-3.550648867242270912e-01
2.687021678156575333e-01
7.860179974159750005e-01
1.099583859487494486e+00
1.162066695033296293e+00
-2.077193325886140141e+00
-9.166770136274651204e-01
-2.798015867526489897e-01
1.078706581317741969e-01
2.697914495165890103e-01
8.075695770588391387e-01
9.342441916012552694e-01
1.196136319235846734e+00
1.134583970422293309e+00
-1.690766940658289030e+00
-7.149392685734164976e-01
-7.398471541879601820e-02
1.863554903625087855e-01
4.401167513815813503e-01
9.093920540960303001e-01
1.073726536599427517e+00
1.074646177398485225e+00
9.849620903582451126e-01
-3.064075500239221039e+00
-2.107890222426527238e+00
-1.622780452858429534e+00
-1.212030187951954607e+00
-7.593898482155908569e-01
-1.242781338659608714e-01
4.955843171810901948e-01
8.356209825401089697e-01
9.993863594473434420e-01
-7.670432712168171463e-01
-1.261426588172677998e-01
3.753009963951830508e-01
5.198012890625923754e-01
6.926864978791736904e-01
9.481585897930857598e-01
1.092775502038317637e+00
1.077540421625158951e+00
9.615095809309880392e-01
-9.603232079053850567e-01
-2.507179296317519346e-01
2.492440332428706440e-01
3.757268089661396915e-01
5.974968846338615247e-01
8.510813442828516484e-01
8.698633977094581970e-01
1.122706976267905388e+00
1.124169236312692499e+00
-1.956777267608684312e+00
-7.876485524802578908e-01
-2.340237961249466703e-01
1.130720641788998254e-01
2.873961934634463034e-01
8.618014103747528853e-01
8.833836420479161955e-01
1.216419829013011489e+00
1.087236954807287104e+00
-2.936081747783041873e+00
-1.697908820848539113e+00
-1.006111790174430087e+00
-5.756945240439249600e-01
-2.448849607994704192e-01
3.223186112519142443e-01
8.161378671813619423e-01
1.116444069131986128e+00
1.135449575942371725e+00
-2.584599076844836585e+00
-1.262531919762899024e+00
-5.901047283446934077e-01
-1.985974358732398026e-01
1.685508040191744869e-02
4.350698170653069519e-01
5.440302896257904752e-01
8.264133048527093628e-01
1.022579658007942482e+00
-1.901848662593619510e+00
-7.205581835390281187e-01
-1.109109537259563849e-01
2.385735996260827940e-01
4.912737200332909504e-01
9.033560030093803483e-01
7.867832661413753925e-01
1.029850755204565704e+00
1.041997301980339463e+00
-1.954360670546015255e+00
-7.261274283235997773e-01
-1.184339645710581201e-01
2.318248749318003732e-01
4.805157700831129142e-01
8.919012934424354055e-01
6.903868524625114134e-01
9.762788329366510753e-01
1.023068062214430807e+00
-6.176306968644630357e-01
2.531892422284277508e-02
4.764001930279078700e-01
6.103801306497770307e-01
7.202511750021854953e-01
9.224632315579394115e-01
1.105867050274378593e+00
1.236991588468552727e+00
1.168125925407150989e+00
-1.719096186837606011e+00
-6.776794616866352872e-01
-4.986538844054408393e-02
2.395169632102054635e-01
4.688523324322608765e-01
9.738359888333578684e-01
1.136570548527827462e+00
1.189304965201261721e+00
9.825017889981947361e-01
-2.050548213285419585e+00
-7.977302478216530268e-01
-1.916590211520522447e-01
1.936757502855745161e-01
3.382963207379466875e-01
8.912772867885504491e-01
7.784664374412608723e-01
1.146521659288661787e+00
1.062295102073438580e+00
-1.111487077639318199e+00
-2.852361236544470602e-01
1.901489171685010193e-01
3.717253727942606001e-01
6.231349639119987405e-01
9.877897675630636920e-01
1.018211746230488934e+00
1.266760481045382303e+00
1.159003545648722433e+00
-1.869716387602597285e+00
-6.564976046153244704e-01
-3.594402554636421526e-02
3.211784863588183492e-01
5.195780186293712521e-01
1.073822333220581848e+00
1.204366937744848487e+00
1.245698977326555212e+00
1.025334169751895397e+00
-1.399335662215926979e+00
-5.036224514625026183e-01
8.747269117477107780e-02
3.261982421533783927e-01
5.599773161383296838e-01
1.026687014376863605e+00
1.190193990278266778e+00
1.247010653795783242e+00
1.002217481649934072e+00
-4.812424685644602906e-01
1.675475716269676507e-01
5.953570326249344458e-01
7.316635974498257866e-01
8.193143068659469730e-01
9.951116456377038233e-01
1.000139079544398291e+00
1.200480761716550049e+00
1.180863471953629062e+00
-1.929377289445324495e+00
-6.755076170142306768e-01
-5.153407623879897870e-02
2.885861876820272620e-01
4.900235289065912880e-01
1.037583040298559078e+00
1.181615691458759221e+00
1.223340821419385493e+00
1.008768757427233709e+00
-1.807754156795393197e+00
-9.340537229711646239e-01
-3.123462059607929886e-01
4.667461107001538712e-02
2.553515024678941758e-01
7.492247620661981466e-01
1.053673935184662680e+00
1.210290694353847840e+00
1.135366890640813420e+00
-2.007388731307324203e+00
-7.674675712370133684e-01
-9.138330088766612180e-02
2.386524792629458880e-01
4.904655768147737627e-01
9.718841266331120776e-01
1.115823978790922100e+00
1.079692825862226258e+00
1.060151241498209052e+00
-1.922271615325892302e+00
-6.962613630050766833e-01
-8.906394662010477803e-02
2.715976464355087105e-01
5.087045648869847891e-01
9.607415516479883566e-01
9.693462553767039358e-01
1.182120369486814093e+00
1.130708804431286518e+00
-4.382903457140763237e-01
1.887945066331003507e-01
6.332035521397051392e-01
7.621541969191937271e-01
8.620206101348371064e-01
1.047607529313827834e+00
1.152934975905074655e+00
1.122431129882616174e+00
1.016863545576905059e+00
-8.717027672673270944e-01
-1.459937124057368862e-01
3.419458079498374214e-01
4.689516807079369687e-01
6.782390781340958963e-01
9.283892185888726889e-01
9.131017692293833532e-01
1.118003981390241819e+00
1.097102056141513460e+00
-1.415822706390726937e+00
-6.406087429607538741e-01
-1.088849624667752869e-01
5.299365117167640499e-02
3.469915125063531280e-01
7.208751769706058798e-01
8.284382597628719980e-01
1.109347615177210145e+00
1.078187874836553872e+00
-1.087239831601403361e+00
-2.952376131644327550e-01
2.503116248562691215e-01
4.555070249335909094e-01
6.818115517040724827e-01
1.103460548735281543e+00
1.213570452190444904e+00
1.259527921652418003e+00
1.021717104227624073e+00
-2.399197933034167729e+00
-1.112081518146274872e+00
-4.681222733875784470e-01
-7.987145645163344632e-02
8.163304314393485250e-02
6.056042417132899702e-01
5.724983419428273379e-01
8.785030074004982481e-01
1.035246377268793871e+00
-1.454391014728697862e-01
4.620358989413267947e-01
8.348431064777847022e-01
9.882630191578282153e-01
1.025366993431986451e+00
1.147416107911298555e+00
1.152855647984304843e+00
1.083849401982965865e+00
9.598899499198098040e-01
-2.178078394664308526e+00
-1.014744037809881538e+00
-4.114869917485068918e-01
-5.268714856410813135e-02
1.300543967197998196e-01
6.754420411207004982e-01
6.667036710027103297e-01
1.024745414782116226e+00
1.058845324116281406e+00
-2.278756421925433706e+00
-1.212729268570557961e+00
-6.158320272702505482e-01
-3.213567943445114206e-01
-5.075251826596295125e-03
4.819497919752272486e-01
6.439122215550417971e-01
9.906565116556905748e-01
1.057109695444605313e+00
-2.202814390406886425e+00
-9.596205047128598675e-01
-3.287067835448047592e-01
4.274137678628410486e-02
2.902461599058868691e-01
6.547768829411584335e-01
5.663164223227934446e-01
8.289793848429553025e-01
1.007040170577425897e+00
-2.899164712709783043e+00
-1.831513846836523074e+00
-1.078949706816377141e+00
-6.465884433949169452e-01
-3.007862860557437013e-01
2.958238424162359936e-01
8.014366272990002260e-01
1.109621553856693810e+00
1.165826125886646913e+00
-3.001287971664987175e+00
-1.897385043661219628e+00
-1.207187239442619742e+00
-7.732483752809562461e-01
-4.334361123030029406e-01
1.456265911918394051e-01
6.845023509026445518e-01
1.011858890084476936e+00
1.102074408293124419e+00
-1.862362572725888121e+00
-7.075117666262186189e-01
-6.141689709110548928e-02
2.292101718266421617e-01
4.612658271975687008e-01
9.717896822922079680e-01
1.135314387606997766e+00
1.130851267034985952e+00
1.027370476232003949e+00
-1.860458030543719277e+00
-6.224305804888559113e-01
2.629241801470852836e-03
3.503219490136894598e-01
5.753624897257694215e-01
1.056767760229995634e+00
1.197294410458600744e+00
1.263723193775649678e+00
1.140279964694348225e+00
-1.330619976131135695e+00
-5.755128844620670536e-01
-4.046062236315674243e-02
1.070932103081265324e-01
3.481189315371053250e-01
6.633459363604433667e-01
7.948343871549934381e-01
1.085030439272216984e+00
1.114061741073105960e+00
-7.302419112699458648e-01
-5.664541575328203848e-02
4.224647452966690531e-01
5.441209412605271245e-01
7.274728851180926048e-01
9.454244803052825885e-01
9.242237877620121944e-01
1.150684210316391676e+00
1.144854862029848874e+00
-2.021661059936879390e+00
-8.370972873406178349e-01
-2.556643302593230027e-01
1.086927332864806722e-01
2.596008802384828784e-01
8.369777548038429549e-01
9.165691417584375111e-01
1.237904353894335063e+00
1.146828601704263928e+00
-1.933743147170818188e+00
-7.244317990028110721e-01
-1.343946683533602526e-01
5.016418970246584036e-02
2.601298820384591037e-01
6.689039687952322844e-01
9.887725995193755724e-01
9.689141819073854300e-01
1.018437344872919814e+00
-2.077455460616564054e+00
-8.581528612182105498e-01
-2.326666107221604107e-01
1.393622531815114363e-01
3.666723642644126868e-01
8.037413697071850160e-01
7.671887406342150495e-01
1.036701258619260102e+00
1.073680338034108450e+00
-1.937844774778376689e+00
-7.751423728557887971e-01
-1.610332359827131299e-01
1.927797533532144281e-01
4.488692229590578453e-01
8.398357586809761521e-01
7.474472456826600775e-01
9.802913382303104495e-01
1.032152953734277956e+00
-2.221291488694182359e+00
-1.022680898901904722e+00
-3.819705433890038249e-01
7.782572833249111824e-03
1.652313795093420801e-01
7.007286955301624820e-01
7.408693306473943530e-01
1.072908171235271935e+00
1.103742998608631787e+00
-2.066590905317889248e+00
-8.600147139161234966e-01
-2.374681619335087257e-01
1.235972721154191961e-01
3.724385009276177660e-01
7.567426912015180474e-01
6.058125337160575885e-01
8.737149269986667077e-01
1.013688924864687424e+00
-1.473935378363670390e+00
-5.767438492257191962e-01
-5.755043852151870559e-02
1.426931382424675709e-01
4.219916482421603443e-01
8.234346517212716154e-01
9.687840344152580663e-01
1.233523461527436416e+00
1.163331701346825620e+00
-3.094234100008291133e+00
-1.807247265710438811e+00
-1.196194489850535447e+00
-7.769139452396751633e-01
-4.609497679408011139e-01
-1.926360220888194419e-02
4.936302211586378608e-01
7.720050376528586611e-01
1.015026447879584959e+00
-9.456249750774505802e-01
-4.298048822179526551e-01
1.174941990507712142e-01
2.606434642429760751e-01
4.855052040915252554e-01
8.391944192431556315e-01
1.080970452363054779e+00
1.053551981479435851e+00
9.910569596939329262e-01
-3.436054185896666446e-01
2.882053417893266634e-01
7.265241776468783774e-01
8.512881807403015477e-01
9.490517991675561094e-01
1.118197357293850391e+00
1.194110231488777041e+00
1.167749893804272077e+00
1.056791292042230213e+00
-2.163523802522643980e+00
-1.226327923421641319e+00
-5.806127550973366747e-01
-3.116493592111346800e-01
-1.090556024929825382e-02
4.726143632782728310e-01
8.684274260801747580e-01
1.152521452080169873e+00
1.170932095713873800e+00
-2.169372848531461617e+00
-9.852552884240025621e-01
-3.589408087435805306e-01
1.405357558579200215e-02
2.832723995151963936e-01
6.064284495216555326e-01
6.680257811002232593e-01
9.171927684849089379e-01
1.027690356451176346e+00
-1.872807610541294299e+00
-6.308791149881386451e-01
1.989852732818646330e-02
1.874437534449752418e-01
4.265912995166714627e-01
8.473289025303384348e-01
1.075984443983656114e+00
1.046567495626933741e+00
1.012012986267230019e+00
-1.821804009870295227e+00
-6.348914391629117970e-01
-1.540227851654893398e-02
3.336694292674345919e-01
5.367146818626054028e-01
1.083792599744454410e+00
1.226083356658399515e+00
1.262505113670938872e+00
1.041391423936943061e+00
-2.390696668165824157e+00
-1.208508129542700260e+00
-5.879177376514193032e-01
-2.034865331928245591e-01
7.819196088049189253e-02
3.517248404523392047e-01
5.227059295554521423e-01
7.989818356469891025e-01
1.003797674922273897e+00
-2.224525722623530655e+00
-9.252744049455094988e-01
-3.004632019723285641e-01
9.100163762090150710e-02
2.359477886975350769e-01
7.785912761701452300e-01
6.879707351039079377e-01
1.034614385171959805e+00
1.057988377745636699e+00
-3.451409202512750962e+00
-2.163423668211260864e+00
-1.560543962247920913e+00
-1.108897901488232973e+00
-7.676864629496344961e-01
-9.277195182251640748e-02
5.011969568990704005e-01
7.994039613826250390e-01
1.030267534866681656e+00
-3.042321858665207213e+00
-1.624639325332767115e+00
-9.503133546165154488e-01
-5.897468156936777062e-01
-2.834489079388836097e-01
2.296952550383698777e-01
4.878439254063418051e-01
7.923117757543206574e-01
1.039696743397839684e+00
-4.541629872583958782e-01
1.918692919412442466e-01
6.231094353177852874e-01
7.599598148191640812e-01
8.547237280798608561e-01
1.038030348658856683e+00
9.931451998840233886e-01
1.177603594681377874e+00
1.163980800685938011e+00
-2.071846378160945523e+00
-8.093062458449863383e-01
-2.191627348081683357e-01
1.546861529220505682e-01
2.960057718171266172e-01
8.732175651982356790e-01
9.381182352627017718e-01
1.253258947665031986e+00
1.148464062894417603e+00
-2.186365248938283656e+00
-1.392626473535778731e+00
-7.465597463839135361e-01
-3.427492157104765624e-01
-5.767082286310393213e-02
4.360007714699104531e-01
8.989536710190162427e-01
1.145411638281647271e+00
1.130058374561467627e+00
-1.411578233801813909e+00
-5.411586525887457366e-01
-6.526315613612111710e-02
9.048866539659489172e-02
2.860918401666591171e-01
7.132227355290859938e-01
1.047475621284848613e+00
1.035312484462970417e+00
1.059455936637094142e+00
