-2.985392710963586271e+00
-2.009781379278159988e-02
3.129792852600672859e+00
-6.261764010278967306e-03
-1.139951025691516850e+00
6.288306373658601345e+00
3.028302072680985280e+00
1.338676048588392842e+00
-7.541712744980429761e+00
-1.770306759031843757e+00
7.834049330354996288e-01
-5.095013266464017754e+00
-1.537490849620439359e+00
-1.377583682050846692e+00
-4.067033926024670593e-02
-3.889649491845919016e+00
-4.390727362532750866e-01
-2.877871527035762877e+00
-3.233383229474434017e+00
2.931362866866624284e+00
1.052875442536986617e+00
-4.045438479929865494e+00
3.022160332698670349e+00
-1.958970822892994734e+00
2.484606166109605052e+00
-3.208381018151535535e+00
-7.341878391104846635e+00
3.209234214943765817e+00
-6.228877163290880148e+00
5.163653321520627060e+00
-2.292878289597489516e+00
-2.142743285968494504e+00
-2.195531388211183987e+00
1.095607120775233145e+00
1.471326934472149350e+00
-6.375585762455810990e-01
-7.308540360433707583e+00
1.310160844088056109e+00
2.664248719898376194e+00
-4.528789203547217146e-01
-3.287932659057680951e+00
3.655852085747457014e+00
-2.159575069049611606e+00
4.186586963047555621e+00
-1.436156796511167455e+00
8.132606987011710586e+00
1.643345733753362126e+01
1.085962802743245703e+01
1.077122822427490334e+01
1.805930916918465812e+01
1.055287876840447581e+01
1.382952292547288309e+01
2.289663992197676379e+01
6.354721813525273433e+00
-1.305860713951258800e+00
3.518125185643803388e+00
1.615513324808830753e-01
-5.519889463834623200e+00
2.288211498497422447e+00
-2.946908173200405434e-01
3.511443324376794184e+00
-7.906116406371866745e+00
-1.469948313886914626e+01
3.502407946654156667e+00
4.022842105741632146e+00
-1.101537369708099900e+00
-2.893824153646408881e+00
4.173470868211541784e+00
-1.548121607903446773e+00
5.958120891247977724e-01
-2.474269532564998819e+00
-9.609919859479816751e+00
2.760268370225980483e+00
2.570915782504452185e+00
-9.276438972481896306e-01
-5.964944809989871644e+00
4.184421294315360917e+00
-3.630264760039278116e+00
1.862083029304895110e+00
-3.801111166572703759e+00
7.081769423545301034e-01
-3.040726999188434476e+00
-1.786680562088986290e+00
4.704538795930983119e-01
-3.491585176537475910e+00
-3.567189448029208787e+00
-4.401644347292798187e+00
-1.130918499868601490e+00
-9.545847771865860310e+00
1.762158112397401721e+00
5.114586558349661694e+00
3.732224454779619727e+00
-5.232923602536746488e-01
-4.061091731861497856e+00
6.513306941736514588e+00
-3.250558400231481571e+00
1.112244184796939761e+00
-4.163728578474374054e+00
-1.332154698524161685e+00
-3.285879361900357676e+00
-6.852923123163519037e-01
-6.831307864703926036e+00
-3.925750309362784130e+00
-3.239453740166234663e+00
-9.258957095220585742e-01
-5.565629111570055798e+00
-2.163972884507515904e+00
-6.189854119736351912e+00
-6.747777268198070777e-01
1.521584098452464895e+00
-4.756911692320315410e+00
-7.911535910526743542e+00
9.416396055521785158e-01
-5.517610094907738016e+00
1.579605969827033274e+00
-8.566480208813187502e+00
-1.157350528754489183e+01
2.888006578349580522e+00
-1.853880213707223890e+00
1.840508974447651047e+00
-1.828978935872146439e-01
-5.411571963373762451e+00
5.497992926434518424e+00
-6.437546185203776083e+00
6.825621450915217103e+00
-1.834239035484420910e+00
7.188256571368978776e+00
-6.683536752894312372e+00
4.696319282781949767e+00
-5.781745991017026576e-01
-8.515116461904533862e-01
1.791568666483097871e+00
2.094924561523593187e+00
4.016413485652178927e+00
-2.284427533135359845e+00
-5.803903046954261846e+00
-3.937699568271030959e+00
-1.280460151716042283e+01
-2.427338030238345823e+00
-1.761570954843719505e+00
-1.088679827958745960e+01
-6.043373177916116390e+00
-2.478512055459463070e+01
-1.259358129705903373e+01
-2.341723053098855978e+00
-3.097222288217595487e+00
7.873903543775456981e+00
1.912697519189980877e-01
1.996005463397292345e+00
-4.476692308371455487e-01
2.168949350165199075e-01
-3.463667410617962794e+00
-5.901633291864177844e-01
1.806597483858326969e+00
2.973708639869570902e+00
-3.478822285148699955e-01
-6.107419578566737783e+00
2.634017002455533607e+00
-7.034006679725970379e-01
3.737090258213663585e+00
-6.063048969857538495e+00
-1.227818996147292019e+01
-3.264506928076108538e-01
-1.513717131593515175e+00
9.957230158789114327e+00
1.642608383770645997e+00
1.827237066969177037e-01
6.866436951534661048e+00
8.089916174982430874e+00
2.180264805014962004e+00
-1.246801205520248201e+00
3.928813996763983685e+00
-6.657461409091489202e+00
4.156901953314291021e+00
-1.248511093883372843e-02
-4.993747499497068532e+00
2.375833890611827481e+00
3.680671981474432641e+00
1.711993577419679013e+01
-1.250834951300166420e+00
5.891224174702033300e-01
9.232671228285315834e+00
2.929331556637804201e+00
-4.516023978585616661e+00
1.178344423276842967e+01
6.214340595737607664e+00
1.369700831007040520e+01
4.479990139320438658e+00
-1.165350614316230349e+01
-3.225850459944775483e+00
-8.617618117982248638e-01
3.979861316190994813e+00
7.017822218416513991e-01
-1.033278693079014987e+00
2.777398124326962758e+00
2.389264443793601700e+00
2.875387845648293084e+00
-2.290430694203072104e+00
-5.024914598565319857e+00
1.615516543349898138e+00
1.334764481493871668e-01
-4.212767106827838504e+00
1.327499521902048230e+00
-1.030769681613770583e+00
3.196303469422413723e+00
1.345746473960070855e+00
8.498770183073153794e-02
3.510572059035805825e-01
-2.619876983403018333e-01
4.402676828914003693e+00
-9.277989053896598115e-01
2.076486171175651485e+00
6.303753702372707934e+00
-2.964991777370330706e+00
5.798186170210693824e+00
-9.720839069929799736e-01
-3.037300561025797485e-01
1.926205920178428954e+00
-4.604689064031295409e+00
-1.626002182224987491e+00
-1.162731498874681746e+00
-1.500210668396850577e+00
-1.380512478583358627e-01
1.734161791186996426e+00
-2.523313919245270931e+00
4.960649920014657432e+00
8.631370498431904181e+00
1.326682974943336646e+00
1.200820299664236934e+01
1.293333958938616668e+01
5.175418243679714259e+00
1.375211303416367237e+01
-1.337338337865411786e+00
-1.359398119653352133e+01
8.455747222363864779e+00
9.492865055924397666e+00
-6.662040335156792503e-01
-2.560461122792198729e+00
1.846087427270984449e+01
1.120665613164126162e+00
5.064529083744692350e+00
-1.370774833498439627e+01
-1.205462244435897645e+01
-6.640537759415201968e+00
1.503890291687056902e+00
-1.598476221925735130e+00
-6.376398601372121888e+00
5.442699503331037469e+00
-6.248628721773511252e+00
3.711165051398368497e+00
1.008249286766785957e+01
5.821883963974307186e+00
-2.757687893305249105e+00
3.701427441097379756e+00
-4.119196196699900225e-01
-7.207955552387820042e+00
5.115617153191903022e+00
5.069223721711039410e+00
9.308527453024991516e+00
-3.469522049635971328e+00
-1.197640535030598663e+01
-1.111607919597983329e+00
-5.050358144502085089e+00
7.513688066407254063e+00
2.777815097447779102e+00
2.840398450863085067e+00
2.523685051863221229e+00
-3.814011339055443539e+00
-6.911013994032078500e+00
-4.543315343272777973e+00
-3.456452728479329495e-01
-5.637436076319957579e+00
6.385745250854589550e+00
-3.017618328906106928e+00
5.084235842437789810e-01
1.537764547596011944e-01
3.436613870079375577e+00
-4.708084710204606949e-01
-6.606215780370791046e-01
-7.066764511408819560e-01
-6.498880612698857639e+00
4.472042263030140852e+00
-2.204601882683375980e+00
-6.431233532566861255e-01
-9.286358511552331718e-01
-2.854149108657352940e+00
-4.529162415393679919e-01
2.662663575922934456e-01
-5.199387722989753158e+00
2.714922801547910769e+00
1.329902917009288421e+00
-2.551273696116351353e+00
1.339734952275833502e+00
1.758878684346152355e+00
1.585087620541414166e+00
9.251186168162943702e-01
-2.468376721608860763e-02
-7.375484548710072197e+00
-5.373730673011445802e+00
5.019768211321360418e+00
-5.415887355223177657e+00
-6.659920398343116332e+00
-2.437170538026531830e+00
-1.805093133158475638e+00
-1.151164787829561220e+01
-9.510483756414981116e+00
-2.903139961235837507e+00
-3.418028369187422477e+00
-1.393271265380484003e+01
-1.778445461655627469e+01
-9.358920411251862026e-01
-1.169429625678123230e+01
-1.304251811112272108e+01
-1.192269537178781258e+00
-5.021371133710582413e+00
2.901086663698412504e+00
-1.155881150930805790e+00
1.713029682631366901e+00
-1.623706710998327640e+00
-6.250491114468672116e+00
3.558847093075886203e+00
-2.243926989118695481e+00
7.830403007542598992e+00
-3.433841656280114396e-01
7.311443413600102303e+00
1.266112898057859759e+00
7.305608590515223710e+00
4.905954923007559643e+00
-2.465660841428307215e+00
8.009647706057798189e+00
-4.625820913782607846e+00
3.308626943172640278e+00
-3.187448868902179822e+00
-4.082357836208954538e+00
8.237142908676972075e-01
-2.211637531940307877e+00
-7.663845446860215738e+00
2.175520203540162623e+00
-5.007269745297699970e+00
3.234654550203269530e+00
-6.383694957591533381e+00
-5.909624679036919126e+00
-1.342697922202968241e+00
-1.211722837817200554e-01
-4.390732152099050545e+00
-8.684078625479423330e-01
9.094491560944413244e-01
-1.262425393597051304e+00
3.185281028852054441e-01
-1.531097057962594876e+00
-3.175958391413761017e+00
3.203570425523922793e+00
4.338972250925489327e+00
4.944457251779015294e-01
-2.796327970809984187e+00
6.162918478712740900e+00
-2.540615050759573723e+00
1.854133318495081006e+00
-2.708610728635132414e+00
-4.770133936492237048e+00
-1.016806097615821747e+00
3.016234910217122422e+00
-1.338059484459011461e+00
2.338457970114509177e+00
3.544403469001699225e+00
1.303926077598989819e+00
-6.425866017817432052e-01
1.625492713050429083e+00
-2.253467964803257839e+00
-1.369445046624354179e+00
1.857198822171666874e+00
-3.265646762728648955e+00
-1.825912501669525179e-01
3.226747842437664104e+00
-2.261861606482853670e-01
-3.914100270537276272e-01
-3.601392079538614954e+00
-8.543974602477572233e+00
1.933424375866589218e-01
1.849916103635574682e+00
3.725172669055521801e+00
1.438399994845938279e+00
-2.179904861829333296e+00
7.259333264257987750e+00
-7.998389461584286764e+00
5.665616487155393344e+00
-2.171287676805803368e+00
-4.768353346418109595e+00
1.911019385314456143e+00
-1.348577830548647605e-01
-8.169200994797391147e+00
-1.399705693914921723e+00
1.257963032463099484e+00
6.335819711453774872e+00
-3.467004856538291602e+00
-1.028416347099940786e+01
-2.413800470090636807e+00
1.027314288867856140e+00
-5.307608275455314661e+00
-1.749481296807687380e+00
-1.579837391228787524e+00
-4.343084401211648182e-01
2.733562458858379340e+00
9.044398122635186610e+00
6.580891609957470578e+00
-2.866399995136201806e+00
-5.039444181227688002e-01
5.792173549138177613e+00
2.025067730387770659e+00
-1.065465468670384830e+00
7.544354238726794115e+00
-1.571339221616532100e+01
2.022195214025176657e+00
-8.076113389826584665e+00
-2.498350362352919074e+00
3.782861702744999555e-01
-5.455223107024486318e+00
-1.399098249140251271e+00
-2.100829136817464526e+00
-3.594886139372773570e+00
1.491606704870188427e+00
-7.622714376837671502e+00
-8.254866791133702364e+00
-6.800934845409779328e+00
-5.100555064029581587e+00
-1.453141097037513063e+01
-4.532850262663389529e+00
-4.303708635530494320e+00
-1.395255200204658408e+01
-1.191788320086961050e+01
-1.553099524247763519e+01
2.989155063995970751e-01
4.048306645081725663e-01
1.373848911485546775e+00
-4.096033440632806943e+00
-6.537684374520926767e-01
4.919336307080171444e+00
-2.361766074963875361e+00
-2.192588646182536682e-01
2.140450854155111493e+00
-2.622782179556421012e-01
-6.866058762077986710e-01
5.989116656089891855e+00
2.231603726644209584e-01
-5.974946845165210796e+00
1.008391468853193551e+01
6.788032239969310488e+00
-2.733291837717401584e+00
-4.742761995887002868e+00
-5.200555613767226859e+00
-3.646446277814292536e+00
1.144418080567850993e+00
-4.993187626009047086e+00
-1.660902125500361759e+00
-2.827497303417086716e+00
-2.010337016592504078e+00
-3.962574571003205093e-01
5.307834674990586699e+00
-3.557463411057975033e+00
3.274484153416011178e+00
-1.711079878411066790e+00
3.844818553144437434e+00
7.192632916080757832e-01
-5.917745358736290484e+00
2.385999265480929665e+00
-5.548172603139204462e+00
1.191294187123654424e+00
-2.550157357902069322e+00
8.902030211986437180e+00
-4.200572984229554940e+00
5.473719244800661521e+00
-1.687245996515893243e+00
-1.212621420629283603e-01
-1.696531594849886471e+00
1.421107682055470667e+00
-2.625472695739185180e+00
1.469928984120990600e+00
4.373016165239141273e+00
-1.003149054032834542e+01
1.695022362181621389e+00
-2.147677565156630219e+00
-5.141946058600266767e+00
-1.053679603786404018e+00
4.416971009049726504e+00
7.621165632879426610e+00
9.074409759507643392e-01
-4.830876971324342684e-01
-4.004977502213917240e-01
3.479866302677391499e+00
-4.154014263789913564e+00
-1.159770737628973514e+01
2.953140314452539439e+00
-3.722606721153884735e+01
-1.125121347645867154e+01
-4.195790295949464621e+00
-2.643809583552969134e+00
2.943073585700363815e+00
9.650483658574344759e+00
9.078483256328441442e+00
3.618974529909150917e+00
5.970497940218179700e+00
1.124164740648978800e+01
1.730820122935880079e+01
1.472909837407213196e+01
-7.679809546489098082e-01
-9.919714570983754198e-01
-1.118523944442584295e+01
-1.400093484406867184e+01
1.727607960899048667e+00
-1.075575241482595068e+01
-6.069736023287386928e+00
-7.743452543965577028e+00
1.890337976463322689e-01
2.072296356357185010e-01
5.231840136680141029e+00
1.114139882717315544e+01
8.861084986077289116e+00
1.496683837734506861e+00
6.507140710006318329e+00
6.464035702239057102e+00
6.373017846022977828e+00
1.926115622556447349e+01
-6.402023443308539008e+00
2.247406925577196901e+00
-2.758702652764496666e+00
-8.485593301844815528e+00
3.640175833096913394e+00
-2.355861818097826799e+00
6.720586632176266839e+00
-7.918651410019633019e+00
-4.772877960823751486e+00
2.812981848334712986e-01
5.684588243498173377e+00
-2.717932431017300865e-01
9.069770778212564721e+00
7.513460978965089687e+00
-3.562108422799422414e+00
-1.510351643887380746e+00
1.872908974657490333e+01
7.950499361492657791e+00
2.723717059149589392e+00
-7.294602660825425744e+00
3.484307492243296167e+00
-4.240209991344208618e+00
-3.571024899772255345e+00
-2.152087450923865664e+00
3.344715752343198734e+00
7.219033927339538970e+00
4.752055951176179516e-01
4.157623907610409120e+00
5.769158543854767673e-01
1.428260610446160594e+00
-3.933757813712137619e+00
-3.544653532490670500e+00
2.945698763387623043e+00
-7.120260952347253536e+00
5.211354251676205251e+00
-5.934851707925248299e-01
-4.611798880083955332e+00
7.905398927930999964e-01
-4.846090384907379978e+00
-1.148049153743330564e+01
-1.776198634122622411e-01
-7.626859136844605480e+00
-6.897144167445794061e+00
-7.406808977942440642e-01
5.064051388573961532e+00
4.812553374993894906e+00
1.172956163482463410e+01
6.452574869503676425e+00
1.126767413516058802e+01
1.144674653770622719e+01
9.533628923195406557e+00
1.606782517862673743e+01
7.827212410587558900e+00
4.717638278341619085e+00
4.527171644757992830e+00
-5.760670152635477770e+00
8.115938977892934503e+00
3.471331323735594498e+00
2.453002173463156854e+00
1.198293919688759646e+00
-3.191829249680500968e+00
-9.898410274093583539e+00
-3.558811976531190080e+00
-4.114775010256822796e+00
4.091778368107611419e-01
6.323500385221693110e-01
-2.597435595802715547e+00
-7.295446988622918960e-01
3.767693022822104498e-01
8.904246142125886720e-01
6.586456394021945604e-01
-1.786464376260613329e-01
-4.874625088628534719e+00
-2.133956161616100966e-01
-7.804435484705422255e+00
1.187366644625994505e+00
7.547608136350234531e-01
-9.087153488662318424e+00
-1.902661089567825592e-01
-6.095449171378490405e+00
5.784780618763726068e+00
-6.158528585035298875e+00
-2.772180356291607861e+00
7.211862010964979142e+00
-3.531526214362727956e+00
-4.524922472959469921e+00
3.015333230662422981e+00
-1.454342074681251207e+00
-1.323832681452483673e+00
6.544898013250692870e-01
-1.891390171790717334e+00
4.550199589017711044e-01
-4.359076935757320470e+00
-1.880778588015184161e+00
1.474295948121275845e+00
-1.304159475749596897e+00
1.497693129960123680e-02
-3.386462396606470637e+00
-2.117187684394000513e+00
3.274891125058255192e-01
2.208147677862469571e+00
-2.906943300118461249e+00
3.306280780704380362e-01
3.748533964346114189e+00
-2.491171681740969479e+00
1.215283168932409064e+00
-3.153370652962507847e+00
-1.127052797977139242e+01
7.987799671373379873e+00
-5.217408525263333097e+00
2.918592062462841863e+00
-5.381431317402364911e+00
-1.508101419276090538e-01
3.103634066787526180e-01
-1.160054285790388162e+00
7.086633365534870110e-01
-3.473406760379065678e-02
-7.255460984487775988e-01
4.999348010049814439e-01
-4.674801666921099219e+00
-6.182244673597507845e-01
4.653934242117327535e+00
-2.031089027798804736e+00
5.073081992685566505e-02
2.684074840766114689e-01
4.961953942945462881e-01
-1.039672253887431452e+01
-2.882544862801101448e+00
-3.970474855826408578e-01
-7.404896092876231073e+00
-1.308205477665801020e+01
-4.013391845160477089e+00
-1.603510773461597338e+01
-8.690569843610322920e+00
-3.575558774252428851e+00
-8.067913666268283990e+00
1.843719287136132756e+00
6.649382218231157937e-01
-4.370853354066374763e+00
9.549539667541806498e-01
-3.163361569950663976e-01
2.140121460705040501e+00
-4.126596102931776144e+00
-5.432541775099945625e+00
4.724425232963951338e-01
2.192282336605401394e+00
-2.720260950651698373e+00
1.319894061286991604e+00
1.332645289692072188e+00
-9.554155989760103607e-01
-8.952443973620400897e-01
-2.897646052690927121e+00
-3.004681376534963810e+00
1.030411587638559778e+00
1.118630395406663459e-02
-1.231701106406180557e+01
-1.776677431824555242e+01
6.196442347767284531e+00
-1.379294331162759413e+01
-6.582721267922679864e+00
-1.423458233944598739e+01
1.628019400572678022e+00
2.652900526370815637e+00
-6.500173493719606732e+00
5.126144321729000808e+00
-4.542139957802701744e+00
-5.766701568049088511e-01
-1.322558294918432908e+00
2.087311749482623213e+00
-9.363645204125263799e-01
5.424349320043955203e-01
2.761439306552990747e+00
-6.246139459986695286e+00
6.199579261213016501e+00
-3.947780760097205022e+00
2.357991193933540730e-01
-1.531752777107174834e+00
3.941453912398917847e+00
-3.507650003753432610e+00
-1.318584287017177337e+00
-1.873781704861477104e+00
4.375545970357097580e+00
3.234580322219508641e+00
-2.263631419964167169e+00
7.455337462306166785e+00
5.766330580784588378e+00
-7.603658859352380617e+00
-3.429858557243386397e+00
-2.546644481090904133e+00
3.728269686308531394e+00
3.451657495307443480e+00
-2.819982319786912273e-01
-5.688896126106097739e+00
4.455269765195930987e+00
-2.041463640992422501e+00
2.631037254339626763e+00
-5.886913833324079803e+00
-1.541177196085666834e+00
1.211017061371910453e+00
-4.294508208180666919e+00
3.016104233998336159e+00
-2.808908083225269081e+00
1.330385603612148360e-01
-2.794690902855033188e-01
-8.898298883498841905e-01
-1.312040255688625257e+00
8.335488304883735544e-02
-1.935233552454492800e-01
3.279460181361157911e+00
-1.406912098395628918e+00
2.367752631739777236e+00
3.576196844531049912e+00
-2.254808450921572116e-01
-3.730933569106637537e-01
-1.093147043322967749e+00
-2.616200547266847032e+00
4.514779771720120571e+00
1.806175853455334490e+00
1.273069971795258226e+01
6.575686577350732698e+00
3.936927625245747908e+00
1.102081437596021374e+01
1.704320687750256269e+01
1.120603517915060010e+01
7.017932315683964362e+00
-2.019861575360241357e+00
-4.712319666573119292e+00
7.722428892951730184e+00
-4.517327670652586669e-01
6.764020824391817621e-01
-1.360571819602675869e-01
2.376401217996243709e+00
1.709722966446192149e+00
1.948303428698046513e+00
-2.810785136778479298e+00
2.832772886307237670e+00
7.741167102689133772e-01
-4.596149430278504866e+00
3.344207305557228338e+00
-2.899382405563486476e+00
2.489086719430425809e+00
-4.351640378083180494e+00
-1.463993255637197344e-01
-5.834599736625909472e-01
9.469551906951194642e-01
-3.472480833498222008e+00
-1.553843380274654740e+00
2.947053378739106222e+00
-3.866096099100305050e+00
-9.314220790875539502e-02
-2.160435343413642517e+00
-5.106401947765297322e+00
-3.316159006894275896e-01
4.786466441017836360e+00
-3.538017499014688649e+00
-1.032235625740319307e+01
8.843004116181413465e+00
2.076817428622999007e+00
-2.692246654517672866e+00
6.648969585740884369e+00
5.816074237577713468e+00
-3.896933154299392577e+00
2.234217440217836526e+00
8.137539165274776387e-01
-3.685265788992897473e+00
4.841784083405041628e+00
-6.258962251676662092e+00
-9.214693490812657650e-01
4.379298908437708526e+00
6.388007210928241975e+00
-5.031171427207135949e+00
8.223930344719619923e-01
2.611095016316585138e+00
-1.652553972861638076e+00
-1.692323088393151487e+00
4.436150943756962950e-01
1.418218567379172235e-01
-9.794177113568318660e+00
-1.469220940897102423e+00
-1.187995457438818736e+00
-4.010839606131876067e+00
5.176464981379367281e+00
-3.400023118833199742e+00
2.005578535785066840e+00
9.112401755729423458e-01
1.815073308636139471e+00
-9.345509933370705902e-01
-1.372621331201975714e+00
-7.805856663140448681e+00
-1.979294022532334107e+00
8.740810313956661304e+00
-5.071235470207891893e+00
-6.326665994886425892e+00
5.382946910742644420e+00
-2.096974767862225519e+01
-3.226758843533167109e+00
3.556195378814831720e+00
-1.604357075290371165e-02
1.761891793972348630e+00
-3.321558125100104064e+00
-3.005649933290093223e-01
3.041908413801569733e+00
-2.918524004201906052e+00
8.655754332335251489e-01
-2.745893507363848407e+00
-6.539740399097729195e+00
6.004880223079237744e+00
-8.420704733350934390e+00
3.183607862917426701e+00
-1.173478421359956725e+00
-5.895280055910097516e+00
-1.776556991958090137e+00
2.006275836849887195e+00
3.887485934462748371e+00
-6.726572652345945702e-01
-6.693848576477953394e+00
-4.669769830094931962e-01
3.469192074475571541e+00
-2.267218958257795902e-01
-1.778481985768336715e+00
-1.174063968794134688e-01
1.459387920444714215e+00
-2.094283843002874068e+00
2.812304697871613079e+00
-7.998403379257448265e-01
7.083152244039159218e-01
1.884666410432793038e+00
-1.973757769022233433e+00
-2.070697567349838231e+00
3.008023914976873936e+00
1.301585792675815867e+00
2.513069008138333338e+00
1.580744790213846063e+00
-1.451067698213865276e+00
1.972450225505890220e+00
-4.206797960719214302e+00
-9.540339198846541358e-01
-1.004620035699803404e+00
-2.389947113687927727e-01
-5.489370876806439092e+00
-3.707064578427823776e+00
-4.395717689614786927e+00
-1.259432287784181259e+00
1.987406073829980580e+00
-3.037489068906982226e+00
-2.263472177823444564e-02
3.469610228106338567e+00
-1.195547489416265430e+00
-3.266500796358375314e-01
3.065559841803547000e-02
-5.609115829937134645e-01
-2.392895518332288862e+00
3.901183654420516067e+00
-2.070427634936663264e+00
2.600923641808727815e+00
1.427526902131356801e+00
-2.823667570569509122e-01
6.465385477458803543e+00
-6.674804251535771948e-01
8.068916402238684782e+00
1.040818130653127760e+01
1.789208055086921689e+01
1.122666879067462631e+01
7.115925224283505379e+00
2.501909416495773186e+01
1.570022783391685550e+01
9.691932009304409235e+00
1.392752281391413582e+01
1.335769327562826092e+01
1.109104965912746188e+01
-8.796517035283693886e+00
9.183056427081710549e-01
-3.006257427520810488e+00
-5.410172135327110610e+00
-2.094676502130811802e+00
2.609187300919564301e+00
2.969250918975250730e+00
2.044605872731414919e+00
1.253506298295693044e+00
3.056659517528120595e+00
-1.641025363607635290e+00
1.287207398502266065e+00
4.008054033689775864e+00
2.956606873879618735e+00
8.134455030967995270e-01
2.006655086019766554e-01
3.541140948018492440e-01
4.886001487602110310e-02
-8.180816745552995428e+00
5.594968527371128708e+00
5.153837607629485618e-01
-3.062797393175050731e-01
1.785167790006443989e+00
4.781557897161023085e+00
2.041917456077405824e+00
2.188651243559436299e+00
2.252640461514124226e+00
1.646028521367955744e+00
3.910760821809453169e+00
5.761707677326621813e-01
-4.096072747193941765e+00
6.135681423575618076e+00
-9.182911698660113586e+00
6.081860819735248391e+00
-1.683237130337965848e+00
1.704323784715930934e+00
3.605486895617370902e+00
-9.147884033115067925e-01
3.001296079010207674e+00
3.165881164083585997e+00
1.453883698644449218e+00
-1.721428082492326928e+00
6.352885475737682919e-01
1.408571192077452849e+00
-1.856933394653469405e+00
-1.604659056701184028e+00
5.001746607559386604e+00
-6.000982071100817716e-01
-4.181167573323599229e-02
4.240896490530702501e+00
-9.752902674829970309e+00
4.337503306770901013e+00
-1.536746084644147414e+00
2.352338098141258382e-01
2.043227920538839726e+00
-2.891811900816303460e+00
5.278169902568445870e-01
4.334559454324867112e+00
-3.100260918477679706e+00
4.533661811980724266e-01
3.121845446089993814e+00
4.616207726885391160e+00
-4.319805348389842869e+00
-7.273032198964212824e+00
4.923510668105282484e+00
-2.219046435488857050e+00
-2.007033127126272465e+00
-2.159859931011712142e+00
3.429535660418999932e+00
1.660260096061404456e+00
2.217707611353930020e+00
-4.625859377172608866e+00
-5.080631588603096382e+00
5.313805378578317473e+00
8.001867462883022197e-01
7.151600579611652186e-01
1.170760020522595202e+00
-5.589166509331460198e+00
-9.046919070757553527e+00
-2.646284723092262592e+00
-4.958750671418105327e+00
-4.318820037939074652e+00
3.798308912684164707e+00
-2.508926059880363546e+00
7.669040033102118015e-01
-2.394980705963116741e-01
1.631517423132945899e+00
-1.485004551438051656e+00
2.518596515279804215e+00
-7.617033479272895535e-01
2.216143412380328748e+00
-1.242529099864632336e+00
-6.203137983305285097e+00
4.858705099022917473e+00
-9.587305572652793373e+00
-2.804510538555945676e+00
7.714775179227165935e+00
1.199599188812300987e+01
-1.074260931678205022e+00
2.451099091967771759e+00
1.556900382489977419e+00
-4.010983745667037859e+00
-1.368799969660838167e+00
-9.790328680617552681e-01
2.260808899168869956e+00
-1.169422653657073985e+00
5.701616593148694179e+00
-2.219236290813434986e-01
-6.088261329337242067e+00
5.912768886169244453e+00
1.770331405119053292e+00
-4.121989433546403014e-01
2.038854129152602557e+00
-1.259866552921983240e+00
-4.060751582520023995e+00
-1.036854955909543241e+00
9.421265415977435331e-02
3.188966209396039364e+00
-2.262467212671618100e+00
1.079162004947262554e+00
1.801777373098065516e+00
1.916306931682092651e+00
-3.477170223105674030e+00
-2.586056775730248614e+00
-6.718679448701320167e-01
-2.434446437036927424e+00
-1.283084917321155316e-01
-3.984020380971752484e+00
1.304912454067723715e-01
1.477882029956095300e+00
-2.100046250641327994e+00
-5.371075182707855944e-02
-1.683809076781290215e-01
9.470962422023515570e-01
5.433387564413196813e-01
1.557932396297535549e+00
2.572546371813741128e+00
-1.039099058935780029e+00
3.406641468269570039e-01
1.635198616499572433e+00
1.093053159537070051e+00
2.808440037130086608e+00
4.937151702016301158e+00
-1.829033210934171372e+00
5.082295624575565718e+00
1.462222926130820611e+00
-4.475424264426142607e+00
3.853616396913273956e+00
-1.968861029631809423e+00
2.240504693790457136e+00
-3.714778331189099170e+00
5.896494484609275055e+00
9.564781922428972294e+00
-7.790058227441508443e+00
4.590911734434268254e+00
9.279637309111800347e-02
-3.816127219382075886e+00
-5.929287935513729568e-01
-5.286453253402646490e-01
-2.001282301089148064e+00
5.691106563057821699e-01
-6.207344380810238427e+00
1.741475742162133411e+00
2.510584479092420107e+00
-2.518335436213889889e+00
-4.015719613466575133e+00
1.112882142843432565e+00
1.531668282562982375e+00
3.058520133154183362e+00
6.657402509697298854e+00
7.840510469525130421e-01
2.546760900766025237e+00
-1.630215167700092005e+00
2.107743150714523228e+00
3.219171125037664005e+00
-1.747979521584907658e+00
-5.267214132123615444e-01
1.721191996354081821e+00
5.941347167445450772e+00
-2.170216370879937795e+00
-1.082983884694212584e+00
2.369013601113596046e+00
-5.030466465940817145e+00
-6.656196254731618911e-01
2.389440803346571496e+00
-5.334829713964275300e+00
3.108852730914820839e+00
3.917015888596270035e+00
-8.766862337025550289e+00
-1.020752505826753698e+00
8.445971614001988037e-01
-3.412585163029097313e+00
-3.294707478473637874e+00
-3.284212529236749223e+00
-2.804515196145655143e+00
-8.585408953073283556e+00
7.977196615736477092e+00
-3.116943451092616946e-01
-4.012072286025385459e+00
6.444801771041094085e+00
-3.229720946992518993e+00
1.138556479348580286e+00
-1.384618071711607445e+00
3.577091284150016204e+00
-4.124082301392092198e+00
2.495262735467241644e+00
-1.846451326213071342e-01
1.493967840975165329e+00
-3.165940484721731618e+00
-4.704398559350580489e-01
1.945069568964034490e+00
-9.317235508938758182e-01
5.446574177058155497e-01
2.997953688947791573e+00
4.064384596478965328e+00
4.966066189429139577e+00
5.532166547920992272e+00
4.562119751423395209e-01
3.034487126498583986e-01
6.440562129974939154e+00
1.641197522333057712e+00
-8.839660760066642142e-02
7.741975613638024889e+00
9.926313169344751941e+00
1.805042904701278372e+00
3.639421417873133890e+00
7.071287557952939951e-01
-3.317717595493853366e+00
6.099255630302341302e+00
-2.644162025996683596e+00
2.758849519353375968e+00
-1.698284909433215528e+00
1.090250188871191206e+01
1.216086269850136015e+00
1.575084480186847546e+00
-3.041673606633429117e+00
-2.412668319958804763e-01
3.578977998739355737e+00
-5.322134027694693792e+00
-1.582726716355355723e-01
3.906225120905326698e+00
8.275124259778051439e+00
4.941990808585197126e-01
1.838588633860037458e+00
-3.771743825962262431e+00
-2.483620302331108476e-01
3.785156745801855571e+00
-2.117074999256625567e+00
8.878130960330913313e-01
-5.168896144308787743e-01
3.202622535891329392e+00
8.141807706715184167e+00
-9.882569606266212503e+00
1.294009108973057876e+00
-1.889483519226788699e+00
-4.892777495231757534e+00
-1.129235160571101071e+00
5.203575091687579146e+00
8.443669550274496283e-01
4.271912037701348197e+00
-2.015493021023411657e+00
2.542178900583236700e+00
-1.826766602095973191e+00
1.548218823693543245e+00
3.306739756441088307e+00
3.356620839777754717e-01
1.253303950625427099e+00
3.842882922696511105e+00
6.420012866115210493e+00
-9.644155402777820907e-01
1.361424785597987297e+00
1.777806453669674491e+00
-2.006483704305089599e+00
7.087164156437010254e-01
3.828737965210271543e-01
5.201565375609469299e-01
-2.011618279532992659e+00
9.998628096232069495e+00
1.263671476570998742e+01
-5.720320760127414417e+00
5.907829268263502520e+00
-5.355763596494550471e-01
2.728792399421841597e-01
-8.701200652988470008e-01
3.735314538065078960e+00
-1.863293354956119030e+00
1.320501822775458134e+00
8.376166092167540711e+00
-8.342756520024090960e+00
4.717172455535065367e+00
-1.267158648645113850e+00
-9.965293728727904199e-01
4.705520412344308401e-01
5.488928687339092782e+00
2.556547935247066583e+00
6.193636191338317332e+00
-3.170732897831037622e+00
-2.337205916733205324e+00
2.219970056302249084e+00
-2.336971121558387487e+00
-1.736408799745617904e+00
3.939030367689473788e+00
-3.931550000932121147e+00
5.554084272403845723e+00
5.848863534977919443e+00
3.873903325009389498e+00
-2.636385896359934033e+00
5.488987951669507481e+00
-1.437992784514224187e+00
-1.459432216611843414e-01
-1.113224962685503305e+00
-2.822542571257844024e+00
-1.317862776452696227e+00
3.717373843531728284e+00
-2.445251175043965386e+00
1.381148837292649256e+00
-3.040834989862271076e+00
-1.211690846595024768e-01
2.375271203268879194e+00
-2.944711722128902753e+00
5.199852754986241665e-01
5.039718311813082607e+00
7.600932183188009006e+00
-2.896128610168646311e+00
1.792452368052502576e-01
-3.541988316899135736e+00
3.522231855294332692e-01
1.342941656565764141e+00
-7.611104190620950893e-01
-1.086004647141880719e+00
3.747623965380565192e+00
1.375221266710221002e+01
2.098931758896582789e+00
-6.055114176798746861e+00
7.087537036366187593e+00
-1.560352738757458946e+00
-6.105657312855954366e-01
-3.050032010484037936e+00
-7.744494428907314765e-01
-2.367842879497363384e+00
4.414214444779368307e+00
7.540811559750682846e+00
4.979424698963238249e+00
5.630739511756971405e-01
-5.594502271681061067e-01
8.098230626047721259e+00
-3.014084296196642754e+00
3.906073137909166770e-01
7.603482759258236356e+00
6.734752284904080177e+00
-1.908908550517275302e-02
1.046680294037396930e+00
-4.202534438226703806e+00
-3.677749165520992625e-01
5.278986108792373066e+00
-4.289066306161237740e+00
-1.213313556149906158e-01
6.250611475150303242e+00
6.593563761826673364e+00
4.474530786192051357e-01
2.357405452011026359e+00
-2.356344568268241790e+00
4.328976060489746480e-01
2.955697938732264607e+00
-9.762831973901080485e-01
1.268529404124347170e-04
5.147541161355892569e+00
1.010529802396346355e+01
7.249802990291227545e+00
-1.457169009138748583e+00
2.524914855739655462e+00
-1.709755641801987913e+00
-2.776451048865775650e+00
4.771483539276895058e+00
-6.028771137161207605e+00
2.118452717798710694e+00
5.184949851845473967e-01
3.399155729294385253e+00
-8.115520951216545598e+00
3.540117006892927964e+00
-2.693819567113491242e+00
-2.082245583080576390e-01
-1.969916600258603490e+00
2.661394942054830182e+00
-1.918789498048265596e+00
-1.899320848636189663e+00
-4.620795614800938811e-01
-6.964682210228224646e-01
3.334617199716430669e+00
-1.184876193718847059e-01
-2.809131860893918198e+00
1.305486447414964557e+00
-1.341595103401734379e+00
-8.068471245340687048e+00
2.334688495705560918e+00
4.816384240833949448e+00
-1.241039923358650654e+01
5.918154566119153415e-02
-3.167762299381709834e+00
-4.932341854646721480e+00
-4.855948085476154752e+00
-3.462425775494547331e+00
-1.311135436153947964e+01
-1.148234837166889477e+01
1.780095827503823114e-01
-2.878756510880854158e+00
-1.346287121686731325e+01
-1.239526663657349914e+01
3.417166398253964843e+00
-1.119857797375482278e+01
6.458587630217568432e+00
2.062292241160376349e+01
1.351316169887101637e+01
3.859283505610751619e-01
1.384590265573611756e+00
-4.213055667967632978e+00
-1.343799625151438137e+00
-2.169486810364397389e+00
6.149439453007740086e-01
-3.442025293910796258e+00
6.741713141192652081e+00
9.494713429712453134e+00
8.530681257625817082e+00
-5.787403383884474728e+00
6.516218417276807173e+00
-1.035243367802464398e+00
1.920134304253399815e+00
-3.884213533600216373e+00
9.027814570013404705e+00
-2.373377281460823607e+00
2.365556694856171815e-01
1.004970481260143700e+01
3.006811797726084645e+00
7.234113519242383994e+00
3.649268124717561790e+00
-3.411132056119260625e+00
6.387659162114278644e+00
-3.099477835269530246e+00
-2.526199380710601794e+00
-4.507820131776211353e-02
-3.429332950391615231e+00
-4.764240182424785530e+00
-9.488238571863282900e+00
-1.550104604532224428e+01
-6.801214687636059075e-01
-2.635595157639353658e+01
1.038031910286562187e+01
2.044440563943467737e+01
8.806192787257737464e+00
9.176652218082179679e-01
1.933081277269887321e+00
-2.962816886931256999e+00
-2.497697706530198902e-01
8.377887050055865537e-01
2.951746080560633700e+00
-1.868438410086583179e+00
-7.136512688695998641e+00
-4.873801020733929512e+00
-3.283144151134068656e-01
-7.008602735887485835e+00
3.936801342401718529e+00
3.992479130736132920e-01
-4.815454584641719826e+00
6.352134863181216895e-01
9.113875699611396541e+00
3.144339549461839578e+00
-2.478718323326869477e+00
2.086516760339809373e+00
-1.348010686859427931e+00
1.726485806004750101e+00
-3.604078292445252352e+00
-9.658215752369700979e+00
-8.772214859179110036e+00
1.738608403303156180e+01
1.225859543658253337e+01
1.130640154429613808e+01
-1.213618630323601977e+01
2.586710263852747271e+00
3.457955632525348655e+00
-1.157793574535987968e+00
-1.759954048140353722e+00
1.370840467112668826e+00
5.922770858354025059e-01
-2.220625232192461773e+00
2.614170480164073940e+00
5.066605486304736949e+00
-2.625154387180486104e+00
8.759660729983593797e-01
-8.940413285674807531e-01
-6.418806779738635448e+00
3.896299601087934494e+00
-7.029466850677868806e+00
7.374475858845491727e-01
-3.750377542284207277e-01
4.566849837376055987e+00
-5.348437626709591441e+00
6.282648917332450011e+00
-8.253673971818744626e-01
1.112647007994609138e+00
-4.318834014457349824e+00
5.200594556165269111e+00
-3.696207006538624995e+00
-1.834924271948255470e+00
-1.920812034518671441e+00
3.836361006184581868e+00
-2.115751780833910356e+00
2.240642924244859557e+00
2.552400436873171419e+00
-2.748164794492496732e+00
-2.711949326418895190e+00
-3.298085403621501044e+00
1.717260130259178563e+00
-8.029113695393389705e+00
9.959909958965087462e-01
9.147176895233125604e-01
-2.990640051654953613e+00
6.089386055774696771e-02
3.652329944558349584e-01
3.657364178636883345e+00
-3.381898756045542687e+00
2.809737387181638013e+00
2.041286916898616688e-01
-8.337602361936507833e+00
3.640671217593658859e+00
-1.260373645817532751e+00
1.902152593870963249e-01
-6.954664203040055170e-01
1.665288123669618203e+00
-1.316932648673937889e+00
-3.591468238947694847e+00
1.955991991891396609e+00
-1.093537924735587419e+00
2.240695875749574295e+00
-1.778448280939236126e+00
-3.394973186605672599e-01
3.461863964747706746e+00
-6.098614320478067619e+00
3.274673769214025310e+00
4.217303992258372713e-01
-2.771785874155487495e+00
-1.006808674555917271e+01
2.350509679046612899e+00
-1.714702460976389009e+00
-8.900790835592928829e-01
-1.257791553094962156e+00
7.244075513769454577e-01
-7.016487507556374847e-01
-5.486650936160686332e-01
-6.656918762255170208e+00
-2.444876147389922760e+00
-1.107625511762125470e+01
-1.236927834477261401e+00
-1.038198871335788809e+00
-8.743555680646068140e+00
-9.419897452413781735e+00
9.635197065688101858e+00
1.502086744183576705e+01
-8.393100556030155257e-01
1.083011899331756123e+00
-3.635994130491442267e+00
-9.833062324154854261e-01
5.236448213359680359e+00
-2.186742934334129806e+00
4.665909420826707676e-01
-8.451427911629501022e-01
-2.785024384288720345e+00
7.329036992433192843e+00
1.258706445679769992e+01
6.620532782382750447e+00
1.627167681394601573e+01
1.666731983695201080e+01
4.132477747396795742e+00
2.616774938044745813e+00
1.966741088487624722e+01
1.163581037990587852e+01
-1.106610799589825556e+00
1.211624742452804382e+00
-3.411014844938049073e+00
-6.342011575747631413e-01
2.959322502164717594e+00
-4.118600991218892560e+00
-1.655113540728077925e+00
-1.440840465031111073e+00
-1.858477059036169665e+00
-1.775142584092809006e+00
-4.502689289992983568e+00
-1.223572624148665966e+01
-1.121999791918357658e+01
-5.646547578813162716e+00
-7.707738534717182510e+00
1.071979192684080395e+01
6.584897058998950392e+00
3.724744782801790777e+00
-6.010951553021710581e+00
3.168336314568402035e+00
-1.390581096924018656e+00
-7.254948775727073418e+00
5.341019601583737675e+00
-3.629843843600354614e+00
-1.418234817908073042e+00
-4.123167399931867649e+00
-5.406291554858882797e+00
-1.120365257841118289e+00
7.887728398768018012e-01
-2.869867205109573050e+00
-1.287081391823145626e+00
1.853057984692508597e+00
-4.552917713454026488e-02
2.301777407651868501e-02
-7.565053638018524040e+00
-6.400177568515057480e+00
-3.960841671333075631e+00
6.372572486037617168e+00
2.885645034893159266e+00
-2.442142707888908859e+00
1.026115183243837770e+01
1.218417261118291517e+00
4.841236351745391575e-01
-4.763014005157061526e+00
-4.216983239976136666e+00
-8.414410974581974401e+00
1.943916171034980378e+00
3.903431719359669483e+00
2.107910029723411682e+00
7.309534951457055563e+00
6.171124784121416518e+00
-7.354208886189025129e+00
-7.868504502200974748e+00
-3.564447314742968498e+00
1.352143387639735295e+00
2.205322605281189841e+00
7.567222309998597463e-02
-4.538622964902659263e+00
3.897560398787570879e+00
-7.431830005026073271e-01
1.624390672574874017e+00
3.179600206675088359e+00
2.315702596439640715e+00
2.360310045574005589e+00
3.656797941106958216e+00
-3.016068067307788869e-01
2.219920615276811837e+00
2.826166584470432230e+00
3.642603517637172938e+00
-1.105731422691299537e-01
6.655635539866109340e+00
3.032756810508995038e+00
2.969810719247544917e+00
4.981335764163017821e+00
-3.658174793315886131e+00
-1.007161471485797932e+01
1.308433313506900575e+01
-2.741216382587400080e+00
-4.189317840888069355e+00
6.760993916943336401e+00
1.099324760015976743e+01
-3.978182363507401398e+00
3.076952994698523014e-01
-3.387074214127980820e+00
-6.723992724270161370e-01
1.783227980260584378e-01
-9.472251687033842460e-01
-2.642494832512473302e+00
4.201949577599876307e+00
3.213167547672665658e-01
-4.880073282632817477e-01
7.368828728995906463e-01
4.864896997827761638e+00
1.327812738439428042e+00
-2.014302833406166560e+00
3.923130180075977691e+00
3.096075270142622404e+00
-1.749337140537077229e+00
-4.970381690665064967e-01
-9.858845462481514943e+00
-3.678872946638732655e-01
1.545121951932578508e+00
-3.213132053329811555e+00
-3.610146762185133085e+00
7.875464496389961155e-01
3.059512784381447137e+00
2.556887558706343100e+00
1.539300907214038672e+00
-1.029074621122186173e+01
2.330917368327482198e+00
4.971441985098739025e+00
8.974770525972094459e-01
-3.351707752556129183e+00
4.536653758475424958e+00
-1.228614507467141181e-01
-2.043742035059105344e+00
-5.883441200672447913e-01
-2.008214612311680192e+00
6.793985529825854464e-01
-6.299564149477319575e+00
-4.087556178491593251e+00
-1.859306879443387350e+00
-2.424183945361095827e+00
1.165233160248468458e+00
-8.555707240098971766e+00
-5.962986462410855282e+00
1.192707992056369237e+00
2.396853390325139888e+00
-1.685489438480331170e+00
-6.939636973757802307e-01
2.809626496901159065e+00
-7.093089992896165485e-01
-2.872588772363254828e-01
-1.841844472264948795e-02
-1.218767955735375219e+00
-2.833394346542767561e+00
6.160477747053094699e-01
-3.583320150973159812e+00
-8.646874904934741535e-01
2.339226469847098144e+00
-3.461308416927876053e+00
-1.289127305809246060e+00
-1.592208260062408121e+00
-2.067162811935348898e+00
-5.036227354056435956e+00
-1.089635295477045673e+01
-2.553769090505739303e+00
-1.127304739644129228e+01
-9.010319335032574983e+00
-8.462167633662909694e+00
-2.663696648620702323e+00
-2.462943823492138584e+00
-1.872286909822415080e+00
8.289866240687647769e-01
-5.279242796295311457e+00
5.805419875457914713e+00
-3.408523811579729390e+00
1.156469902125254023e+00
-3.817058299446248970e+00
1.581454701189892953e+00
-3.096266711364153323e+00
-1.722176254162640197e+00
-1.609081020176867272e+00
1.730477469538565405e+00
-1.896787989992346102e+00
9.996015006714973339e-01
3.481813322332588001e+00
-6.983028671051663139e-01
1.477981343278783166e+00
-2.864717235557873387e+00
-2.286104751919840972e+00
6.145400019508499234e+00
3.974593478590621398e+00
-6.214234185257198284e+00
-5.189630622507178437e+00
1.209183427777549547e+01
-5.995001508728880601e+00
-7.589389472345759557e+00
6.103401049815701640e+00
7.223548597450752062e+00
1.166388080127568783e+00
-2.313994297954318657e+00
1.141465208422304034e+00
-1.758839054930193990e+00
-5.552519036343126047e+00
2.969711073062750284e+00
-1.375907288135071793e+00
3.720790914569247043e+00
-2.022031903408842979e-01
1.024039774821613236e+00
1.551483007694056226e+00
-5.042833712299752413e+00
-7.048132520764013975e+00
-2.003921200411379111e+00
-2.890741557726403954e+00
-6.157181598951292578e+00
3.923755430141451783e-01
-8.385830618182683605e-01
2.750841841991855663e+00
3.904839398134180684e+00
-1.321146918623174349e+00
-4.271369547032706215e+00
6.572652940105177422e+00
-3.919524728197357089e+00
1.081636772453554274e+00
3.531819587940377758e+00
1.144848007772696796e+00
8.154409837736052324e+00
-3.659480171329341225e+00
8.243792012686867565e+00
7.541656775918309741e+00
7.190868868855661233e+00
1.112505982833343232e+01
-2.440764488140359845e+00
-3.941123919104175588e+00
4.972745041372026442e-01
-1.401951326188555891e+00
-6.993048786688035534e+00
7.440387242368543319e+00
3.400717905804016894e+00
1.211433273135690492e+00
8.857091812438731004e-01
-4.003271849337016741e-01
-1.710799069249228088e+00
-7.622520931786072040e-01
1.749008955087336759e+01
-1.179288056135155394e+01
3.102316518635938714e+00
-2.003152334237591425e+00
-1.382383793449664555e+00
-2.599833087745106575e+00
5.657842735730179706e-01
-1.085722695350676448e+00
-8.755995592790166704e-01
1.901047115036904045e-01
2.378510080422485018e+00
-1.124891683986930069e+00
2.043511722091512883e+00
1.626865914885066378e+00
2.371578830511714919e+00
-8.846725663931457317e-01
5.671435179386942416e+00
-2.229922021094444748e-02
-1.475307149188550104e+00
4.012493689982975731e+00
2.996606106952714121e+00
-1.123444668302458371e+00
8.832967165623154315e+00
3.089897389992143584e+00
8.062403539687560183e+00
-6.627138543179128538e-02
-3.231403133242581660e+00
1.746988718501574001e+00
8.067448789688305144e-01
4.983248608167946792e+00
2.000906834558931369e+00
-1.987167663061869260e-01
4.548921606514135796e+00
-5.789204308296231005e+00
4.330861657106338747e+00
-3.245381157394133353e+00
-1.363604297604449345e+00
3.105488185848004346e+00
1.344474297465069856e+00
-3.860224150240723517e+00
3.799601170875162914e+00
-1.676104669380841239e+00
4.001466145199795932e+00
-6.929856168575778241e+00
-2.103278537135991222e+00
-1.247669516196407180e+01
6.667468578822023373e-01
6.320174990223978106e+00
1.743278534665241963e+00
-4.441587673664818325e+00
2.343037947868080728e+00
-1.213111925811479752e+00
-4.791123034885269583e+00
-2.984188094318978024e+00
-2.723573818157861037e+00
2.874749607928040351e+00
-1.474588159472963955e+00
1.628719914282980241e+00
-2.048814946091154887e+00
-2.111290822635808695e+00
-6.953027839369092078e+00
3.410160506947138570e-01
-5.593004975649140675e-01
3.612446760745613883e+00
6.304002252075354695e-01
-8.817820663451942931e-01
-5.791543825749396746e+00
3.979703958485606652e+00
-3.289412794693459929e+00
-2.800810652548417767e+00
1.026561477394479338e+00
-8.990542568754311681e-01
-1.757576280106391886e+00
-8.275844104277149116e-01
-7.483581380321240040e-02
-4.415405081202697701e+00
-7.207811643885434494e-01
-1.546096358394429826e+00
3.485464575939275278e+00
-5.101379613528119528e+00
-1.866047592045255055e+00
-7.948947921182347720e+00
4.825924326454596458e-01
9.590342100785434809e+00
-3.069542626794354856e-01
-2.272405573126119016e+00
4.269254852470131034e+00
1.994428764011088262e+00
-3.673207508191655091e+00
2.931545112521491525e+00
1.205125613541046903e+01
-8.744690521518757365e+00
1.370235653837275747e+00
-2.006974738270333347e+00
-6.854200270905711712e+00
-1.453963410585758398e+00
1.859877375369813901e+00
1.563683154259359220e+00
-4.676880903875553663e+00
-5.444579303332711007e+00
-3.078930244568833352e+00
6.855904722445250954e+00
8.584870641559888549e-01
3.299194551548712884e+00
8.391238442518819118e-01
9.759811142465933953e-01
2.645523690753617263e+00
-3.187767413461397581e-01
3.691776604038551346e-01
1.780082385106807275e+00
-5.503913248969763972e-01
-5.318407427156286005e+00
5.568459696636733014e+00
-3.224906481172262751e+00
-3.838439968023170668e+00
2.801024551826747366e-01
-8.803217208573360653e-01
5.928476768409807196e-01
2.284033790319235369e+00
-2.398250437890946163e+00
3.177838254330431211e-01
5.644595764431940665e+00
-2.283723051124990633e+00
1.733899551626278401e-01
-2.291151094051402826e+00
-1.954426970931520513e+00
1.303067915548389966e+00
4.457796605019398228e+00
2.671876612837451148e+00
-3.252612015543140167e+00
4.726295114183900914e+00
1.876202366404210897e+00
7.308488333930947434e+00
-2.524687762737980901e+00
-2.582982475610863027e+00
2.130365536301450646e+00
-6.501464474192168552e+00
3.922416224076108460e+00
-4.123781777229615919e+00
1.445283180094895981e+00
-2.227512221650495672e+00
1.555895519969282770e+00
4.814871153638889539e-02
1.468113502498066048e+00
-5.752276153128152103e+00
-4.939248594704536366e+00
5.438593438872230124e+00
-1.006045359062430755e+00
2.222284996322171580e+00
-2.703357865190058718e+00
4.989897138698346168e+00
-2.055885721276895062e+00
-1.220275205889206349e+00
6.610956237578958117e+00
-9.349636116985975409e-01
1.038039102778683542e+01
9.060945287231888301e+00
7.515108550574169932e+00
1.273052685152119423e+01
2.003762302468921952e+00
-3.451100686188859346e+00
-4.364970067284780875e+00
-6.286235202048242598e+00
2.029308289730670900e+00
1.285935934615869414e+01
3.049891146247185159e+00
4.926332889861748110e-01
7.036622911214792886e+00
1.718853738962477173e+00
-3.731754151525057850e+00
2.115227320888756424e+00
7.675471018030922465e+00
-1.352727621919890544e-01
1.103681326639080851e+01
1.014733404960964691e+01
7.771928411145229809e+00
6.471915810461613461e+00
2.544222334907819683e+00
2.049848044080905263e-01
2.198286228113449425e+00
2.571567483687568600e+00
-3.302440912887357527e+00
2.590336703600275570e+00
-3.159774345639442483e+00
1.835487874516323004e+00
1.132061962068860339e+00
-4.941765605751172963e+00
-5.157694485800013995e-01
-3.539328047162205948e+00
-1.072118100246155237e+01
-8.763847283646510888e+00
4.956427045481519578e+00
-2.832338470785602969e+00
-1.503356656986995325e-02
-4.651451606174981990e+00
1.516503805585822207e+00
1.032981691639063726e+00
-8.463940608573127244e-01
-4.155908189427781174e+00
-2.482938146460005768e+00
-6.567930225650887799e+00
-1.001227714503288180e+00
-7.026829402344204389e+00
-2.858061665412772623e+00
2.847787167831755895e+00
-3.586609898879333347e+00
-2.944121509561121286e+00
-2.542366998920310817e+00
1.232986848062819218e+00
-1.772815758247564544e+00
9.742599781110129475e-01
2.802051818203696421e+00
5.389958098841798328e-01
9.874397092560243117e-01
-4.062891459951437412e+00
-4.645231676094320861e+00
4.576471530159544443e+00
-7.263378580754907832e-01
8.106857528308353267e+00
1.820829578461996112e+00
4.190979218709335541e+00
2.634846179339766170e+00
8.349323243010613460e-01
3.680568097205918043e+00
1.755434458939482065e-02
7.608551027060061145e+00
1.487131034114765882e+01
1.255884509664193338e+01
9.594663859859160482e+00
2.575357552988895549e+01
1.194140071812279835e+01
-5.290592101484589804e+00
-1.014987453762170233e+01
-7.652294802131169860e+00
4.495454623082300594e-01
3.076725665951942190e+00
-1.423590515710339233e+00
-3.363868438361658497e-01
3.315202412986865799e+00
-9.777668755637595188e-01
-1.644035333279009470e-01
3.596769254189330134e+00
-2.071398257949009225e-01
3.468891599425768746e+00
-1.601404788469354079e+00
1.993260016719809125e+00
-1.804954239443829822e+00
-1.391059361858134613e-01
4.021595238025642338e+00
-4.425313238455821363e+00
3.570579713419584245e+00
-1.155556809958246944e+00
5.390067254321983192e+00
5.668135287780837750e+00
1.760856018406914636e+00
-4.925272852599149154e+00
6.239176402856081438e+00
-1.307624425522095235e+00
2.970440890047384208e+00
1.000534491778288171e+01
8.544470081483619417e-01
-3.935337627733861421e+00
-3.667205982569743949e-01
-7.689700794594440225e+00
1.317371701974032472e-01
-2.297387972654009847e+00
-2.591595405883358794e+00
2.047805109083513653e+00
2.297123588409522021e+00
-2.646712442854186165e+00
1.556811054908392444e+00
3.455953886710317224e+00
-2.665004748235871190e+00
-2.032376360467514353e-01
1.475943806986595330e+00
1.874996414211336004e+00
4.775903227854617406e+00
-6.984228031509136514e-01
-1.347597894374909178e+00
-3.914345068766683866e+00
-3.854235895633754350e+00
-4.556089616881994431e+00
-7.562758159140201109e+00
1.056738565231826854e+00
-5.494476134531443456e+00
-1.306750676543240175e+01
-6.218551212033483822e+00
-8.770709750448531850e+00
-1.777274678936746621e+00
-3.430518465971200026e+00
-2.553781239970826178e+00
-9.369563968009751775e+00
-8.094005931551286892e+00
-5.891541738389662441e+00
-2.086191779854868589e+00
-1.081828636969775381e+00
-9.133061183551600681e-01
3.733061486111880267e+00
-9.999502957145434578e+00
2.975618751886668911e-01
-3.305740652515491984e+00
-2.199988362458209945e+00
2.962082352179918221e+00
-6.312342634892251780e+00
-2.616712843937190947e+00
-1.505304171756516540e+00
7.996981533448902724e+00
1.514662354581602521e+01
9.399422990951260104e+00
1.371882805328641730e+01
1.647298567322845386e+01
6.929078016859605782e+00
1.970913539315938934e+00
-1.001942996819997944e+01
-5.726382120669716969e+00
4.435099050177711888e+00
-1.213961210916296807e+01
-2.205996342237499797e-02
-5.860892829181441499e+00
-4.293422459570051863e+00
-2.760027906321683933e+00
-2.378308713051080936e+00
6.176816554034976203e-01
-9.109669528825166118e-01
-2.163755909721883086e-01
7.498329197494696396e-01
-4.235973844835217328e+00
-1.035678023492758726e+00
5.229507232966123631e+00
-2.944453638754894520e+00
8.996974611461553417e-01
-2.395902630505974074e+00
-3.531525361769343174e+00
-2.894963197362319995e+00
-5.540873761571385447e-01
-8.132638374572673357e+00
-6.605581367546850657e+00
-4.576392047949012998e+00
-3.779132645582716332e+00
2.886335749721444799e+00
-5.818241911265727317e+00
-2.933871892432497130e+00
5.544107575115211795e+00
2.058992831197145712e+00
3.523683428713090482e+00
-1.126235152386667743e-01
-1.278954678954860258e+00
5.665362377232397328e+00
-5.849824585346774519e+00
-1.083929171185446183e+00
-2.255013875963257419e+00
-3.586563022371941134e+00
1.039402531246569117e+00
-1.316214535286937437e+00
4.407494252673551216e+00
-4.271556155589720127e+00
2.487845067399652166e+00
1.685596365532036511e+00
-5.295643873291108861e+00
-3.699151387757535492e+00
3.181269942701269837e+00
-6.206402656929740580e+00
7.156360884186792504e+00
-9.613188049787448897e-01
1.622113158951484113e+00
-3.134830215621640104e+00
3.151823342419362461e+00
1.678007492815083213e+00
1.162016338480606814e+00
-4.620637837786281565e+00
3.718359094734309256e+00
2.006449052768176866e+00
-3.965863521926745960e+00
3.104918970884341434e+00
-7.600745698682799256e-01
4.160234322578956423e+00
6.790902608005408680e+00
2.173955594944823932e+00
7.385052921807566673e-01
-2.723742871134515742e+00
2.104745494437255893e+00
-2.107784102681522498e+00
-2.047535695705007264e+00
2.692217063961599433e+00
1.196366678519664717e+00
4.321141802143658950e+00
5.371946269727075896e-01
2.069938662917073235e-01
-5.323348052005847819e+00
7.675995361584180721e+00
3.397031433248347554e+00
2.919440593189753130e+00
-1.050078049925168067e+00
3.493433526740855388e+00
-1.201576871483152065e+00
5.016030028401129437e-01
-5.956855765299064132e+00
-5.522416128401157032e+00
4.152049580904653148e+00
2.462371181186681912e-01
2.028850641111925146e+00
1.091915985374548814e+00
-1.010300276412690490e+00
-2.630379662226470239e-01
-2.560843444221987841e+00
5.909464836510280428e+00
-2.860216778623366096e+00
2.223481836825487168e+00
7.785687474454584533e-01
-5.499655560514341346e+00
4.839882050231128829e+00
-8.063769593460598628e+00
-3.752728943120418936e+00
-2.272247080528508434e+00
1.557173840031279122e+00
-7.735885586833955330e+00
6.577055029352591120e+00
2.289479531288695746e+00
-8.866986587485422566e-01
-1.508390968396773113e+00
-3.232744198072264208e+00
1.719762034331460132e-01
1.923478959599254301e+00
-8.607479694439298390e-01
-1.183192126793236554e+01
2.405604359887814958e+00
-3.793537411782163637e+00
-3.048438640807307198e+00
-3.286727615266836544e+00
7.467388937540442306e-01
3.047591315610195029e+00
5.131497900443341420e-01
2.709371170599126355e+00
3.635000516800551917e+00
-4.158072088633177343e-01
-1.772947314863494661e+00
4.297427421131532199e+00
-2.003315239633288503e+00
1.611734215182843544e+00
-2.038848112119785727e-02
-7.600569864221909944e-01
1.587040027728751523e+00
1.562523837978705865e+00
-3.845818014679794228e+00
-1.775332926590100335e+00
-8.735978952790164342e-01
3.137429245604470118e+00
4.573456197891639263e+00
-1.642227398694142471e+00
-1.420331073123648702e+00
-4.099760551720010859e+00
3.232613072289698963e-01
-8.925822570901962294e+00
-8.940616086275386953e-01
-1.542184485393106597e+00
-1.917449765302436493e+00
-1.613747566413918033e+00
-1.603373527642015128e+00
-4.941669676890865226e+00
4.930007119034988783e+00
3.144718798542950111e+00
-9.935888478322985051e-01
-4.531470295796649950e+00
5.104395727336077826e+00
-3.792747087257824390e+00
-1.449117968144849611e+00
4.906484575345763766e+00
2.095404746718876776e+00
-7.550890297917232985e+00
-1.874871467345763820e+00
-3.862549119296010414e+00
1.815964106266693578e+00
-8.391218082252539290e+00
4.069543639935815804e+00
4.256870526268711763e-01
-5.863530962116067613e+00
-3.456718072808256270e+00
8.616777644644121992e+00
-8.553218825129635050e+00
6.301365333418740278e+00
2.686685248700933837e+00
-1.683196259244591486e+00
-2.716311490169246223e+00
-2.712979844250683836e+00
4.679835018733607965e-01
2.684689187275556943e+00
-2.743484547962771192e+00
1.565119664668127297e-01
-4.756468181539054818e+00
-1.163835463210030596e+01
-3.658241526218315998e-01
-2.568207733496419731e+00
1.480587422536391973e+00
2.313056544347670052e+00
-3.012438850691241399e-01
-1.950586796310114363e-02
1.360812800709968018e+00
-2.046559562693096801e+00
2.400777869306938705e-01
5.014017139428303960e-01
-8.320609492643742389e-01
-2.942815365921305215e+00
3.027697462292747943e+00
-1.635493647150189744e+00
1.862708798247580333e+01
-7.245761798552835309e+00
3.875415330608128262e+00
-9.085403490533995319e-01
5.482851704923084046e-01
-3.181076995927982209e-01
-1.861998935475425831e+00
-1.633883186251599673e+00
-1.097275212569214231e+00
-1.274859328177468720e+00
6.700946066850986815e-01
3.012603888182806333e+00
-2.755505505176948366e-01
-5.335855888686501736e+00
5.047487842401920055e+00
-1.500040050055843066e+00
1.602503502497704402e-01
-4.797627783144385871e-01
-2.537158267895458952e+00
3.802796905449391529e-01
-3.036059496698289895e+00
-7.964595765685904549e-01
1.358361499306103060e+00
1.146128646145165852e+00
3.441420190633524001e+00
-4.801382459843261508e+00
-3.290783599366530421e+00
-2.202629460051632737e+00
3.342943381354202881e+00
-4.329276011713139916e+00
-2.105645021918951976e+00
-8.617190397134552038e-01
-3.250068943902842289e+00
2.849460077130816060e+00
-5.353364363220619815e+00
-2.563212496757818926e+00
1.610452249546365877e+01
-3.553375339704123448e+00
8.090957727759146678e+00
-8.761080050674225905e-01
-2.002334150953197778e+00
2.695165530486252958e+00
1.559376801255226708e+00
-1.649661086880112926e+00
6.771262685016455896e-01
-1.089613213112970236e+01
-7.348627200585636565e+00
3.980556315333165340e+00
1.502608238086179382e+00
-3.623781197946589039e+00
4.981617493675671859e+00
4.533748682818439235e+00
7.289407604576837230e+00
-7.132901474087651739e-01
9.306760445502998635e+00
2.109967854133892828e+01
2.140404773559235352e+01
2.742061277097595351e+01
1.892732428433998493e+01
4.429350435666272290e+00
-3.767557287521956955e+00
-6.137249940792177227e+00
-2.653372244889902198e+00
2.889272402391242167e+00
-9.016400943021990244e+00
1.860993164887811524e+00
-1.816070790026919513e+00
-4.543391774511867709e+00
-1.684141335655633842e+00
-2.102289815322896160e+00
1.419342524707541686e-01
2.335462802672381155e-01
6.420204585098651329e+00
7.592604429419745893e-01
6.168059073218556954e+00
3.141468365642425375e+00
-3.965291272721441995e+00
6.808360029114221668e+00
8.690142180412366857e-01
3.361763452168604616e+00
1.897123205687261338e+00
-5.376747264877919097e-01
-8.086858815083832752e+00
-1.699276564877358231e+00
-1.021236355322718126e+01
-8.788639683369430244e+00
-1.554515638641308151e+01
7.710712800366801289e-01
1.760266462544927357e+00
1.013024704703735290e+00
-2.797729354138000613e+00
2.057572082177390627e+00
-2.497195815354992465e+00
-3.200179550585409705e-01
-3.311153665437922555e+00
-3.583030857961230886e+00
-2.850940254561932896e+00
1.876826014029718159e+00
1.831704166419745761e+00
-3.383628015218069773e-01
-3.259836373532569276e+00
-1.541769922655815606e+01
-1.430680853123917728e+01
3.409026934482435767e+00
-5.562645363179162139e+00
1.997993153065446226e+00
1.932996895863041964e-01
-3.354185838805002096e+00
-5.101589594343309830e-01
1.730256040709774679e+00
-2.451597430546440304e+00
-4.091407639709943589e-01
6.655899798089821573e-01
-1.677849075144640656e+00
-2.608330387941860895e+00
1.986732276401333097e+00
-1.279322341929971740e+00
-6.358020311194759522e+00
1.991247814426173601e+00
3.654720842234929212e-02
-1.935446289949886989e+00
1.342709378795919051e+01
5.541123559524363529e-01
-6.549542691038588771e+00
-3.791468542213566550e+00
-2.805469858968330676e+00
-7.707756326267822367e+00
-7.468106852060696355e-01
-1.232366045406230848e+00
-4.595410320316065445e+00
2.019436169778755730e+00
-5.367392876782098865e-01
-2.088811782211772439e+00
3.054158334969029553e+00
1.708357762475482211e+00
3.767780501680062066e+00
-9.784259428888247845e-01
2.347757213758060235e+00
-1.741613964583408336e+00
-7.144916255967595831e+00
3.458749503119955993e+00
-2.224361462607371109e+00
-1.399202183491160545e+00
1.139833545664915793e+00
7.694170748846321573e+00
8.154381788388995744e-01
8.558319727547953448e+00
6.462079848607491073e+00
5.672043713016577726e+00
1.019603259869932366e+01
-8.521180453892965190e+00
-6.036828266670169363e+00
-2.253424139475179278e+00
-1.887044428780589866e+00
3.308857536022424828e+00
-3.566933498284858839e-01
-6.317986863750816973e+00
3.995187670478205000e+00
-2.605429686369712616e+00
2.979324357030560311e+00
-1.742701092237213256e+00
-2.456666943339484155e-01
-2.543288929363476392e+00
-8.129476962693503103e-03
-6.584644131926362220e+00
-1.272642293451163198e+01
3.309842114638073873e+00
-5.635141571886610024e+00
6.445490845083907683e-01
-5.809953772402139727e+00
-3.500389368116539668e+00
-5.751080109619625347e+00
4.813147394592188988e+00
4.190487494665858570e+00
1.072129593651373725e+00
9.794122136434204151e+00
4.468695350641339381e+00
1.016414833768421344e+00
-2.751767182668943601e+00
-1.884336705072574336e+00
-1.216751094060918748e+00
1.679487979471488091e+00
-2.307697768594130228e+00
3.268174981869743645e-01
4.873879566532778540e+00
-1.732364009897837009e+00
1.119611390378068894e+00
-1.690753439313596784e+00
-3.524189007754221503e-01
-3.989568395873397844e+00
4.098581558235454558e-01
-6.789305226458449916e+00
-4.496845599084148937e+00
-3.548335843270599366e+00
-7.961318171236846375e+00
-3.968302301652525177e+00
-1.587019886330420571e+00
-7.173447676754618474e-01
5.879059713186493674e+00
2.437667873155112463e+00
8.078609606702901944e-03
-4.364874723851388971e+00
6.348793620424118878e+00
-3.249676764803449469e+00
-4.730325810637068251e+00
3.586073071289144654e+00
3.450830924282316303e+00
-1.964548948718569221e+00
-2.859191758019425045e+00
1.891889781333457421e+00
1.853221520105976794e-01
-4.430232806699848425e+00
4.097131594694521262e+00
-4.017904450441250219e+00
6.800597659370969383e-01
-1.006394831039491899e+00
6.227934882282815110e+00
9.773182453579313034e+00
3.268475331672144879e+00
9.970837694567068255e+00
9.610331085829683317e+00
3.661437224596576723e+00
4.064105724428669575e+00
-1.758031450937651563e-01
-3.113328995450966641e+00
3.599285996638474927e-01
1.313228329362262636e+00
-4.158691338429443718e+00
-2.466052221596235494e+00
-2.020673734244831987e+00
4.603237671590393987e+00
7.703292879829798601e+00
-2.014294735355029342e+00
1.409276609681827885e+00
-1.136483107199267195e+01
-3.848105079893584524e+00
7.931629387372974849e-01
-6.969151419049616436e+00
-7.965091739393558967e+00
-1.113132584979061512e+01
3.214336880725778389e+00
3.581833554950333731e+00
1.019458118882141218e+00
-2.425601588185578805e+00
4.022382482793634750e+00
9.540160642766978283e-01
-4.505156822433836084e+00
3.632721664468798739e+00
-3.918042175748923800e-02
5.025876918589979425e+00
-1.268598935209401146e+00
7.718871244728207071e-01
2.293454880653408967e+00
-3.226357471678941380e+00
3.687447599109350271e+00
-3.509941616998156100e+00
2.141272738800595654e+00
-1.643134917269213902e-01
-1.604161445542221731e+00
5.665047021480030393e-02
-2.495186819942542267e-01
5.777374220046405107e-01
-8.101145732442116554e+00
4.822532940077103980e+00
-1.954248025469206063e+00
-7.430111647661920005e-01
-4.475426719300854117e+00
2.577239418978987118e+00
-1.678961417441532822e+00
2.496115881415771121e+00
9.167606759062117305e+00
-6.236402595678304905e+00
7.942205546953588602e+00
2.980543977678840939e+00
2.669168406424869300e+00
-6.530836609160072248e-01
4.498926332302112918e+00
1.659124263654118137e+00
4.066428726249855963e+00
-1.277414065746937943e+00
1.528374351216009286e+00
-3.378351348130882226e+00
-9.988055751506517144e-01
3.799863423166901288e+00
-2.488754954490161264e+00
-1.709133197787118696e+00
-1.309365218037285894e+00
1.662536126336239262e+00
-7.118409946909058483e+00
-5.548150525070459915e-01
2.343735427068088129e+00
-2.387642658107053784e+00
-2.322274286271430732e+00
3.577395004509702048e+00
-5.611127176365574343e+00
2.373288711413796825e+00
1.413605885315526223e+00
7.746757983860175223e-01
2.567952503332725289e+00
-2.593440780058786199e+00
-1.947233177208603783e+00
6.570074564202545098e+00
-2.816061174376318199e+00
5.692135328167594599e-01
7.993918979938405833e-01
7.565913256063848680e-01
-1.889530346092400004e+00
2.742275656920021731e+00
-5.624728297662399790e+00
2.112262523330208364e+00
5.623387652209349552e-01
2.353835781658426551e+00
-8.746183105263470592e-02
-1.481856859291136086e+00
-2.607831345630370112e+00
1.382643277450669395e+00
5.357902333474091172e+00
-4.402957276723778790e+00
-1.013993661301782545e+01
1.381061897200665634e+01
-4.598252542418955535e+00
4.086771196832836850e+00
1.443333335194597389e+00
-1.229810214194389184e+00
1.352776368392668793e+01
-2.471043846219286078e+00
6.605389247669510411e+00
-1.409118049778016690e+00
2.774703181529726503e+00
-1.226844131143457917e+00
3.158721801587981659e+00
2.302759103147107023e-01
1.669957410999385328e+00
-6.429866720237481514e-01
1.915443478013930001e+00
-3.013737824242939567e+00
-9.489924824668694026e-01
3.115947720293573919e+00
-6.498207382160964274e-01
2.227123118698480564e+00
-4.233462778433091600e+00
1.480582024776657679e-01
-2.626101299113924092e+00
9.210714519702282166e-01
3.400014917856841179e-01
-4.187775117935877311e+00
5.136105691005868890e-01
-1.998002679681251781e+00
3.790277677640484733e+00
-2.170471015435727402e+00
8.378324490132457170e-01
-6.700928545676905213e-01
2.950955960269476819e+00
-2.003268494638812847e+00
-6.121178203127370931e-01
2.291130584297067507e+00
-3.729555404177927969e+00
-4.708402763688705583e+00
4.107158747315973635e+00
1.015573547754029748e+00
3.030436031504329275e+00
1.997751769258331977e+00
2.351777038146842802e+00
-2.405996748487217562e+00
7.601540137329276803e-01
-9.838929627370721631e-01
5.124674658750405953e+00
-2.727491504700667035e-01
2.247320892270887160e+00
-3.105931015247059168e+00
2.961409923873374872e+00
6.697348060262366509e+00
3.591126366322210384e+00
-2.825182809421949326e+00
7.913242890493031645e+00
4.907927967507478506e+00
4.786322920699602079e+00
6.113877631244356792e+00
-1.322726205424727297e+00
-9.367424139249340698e+00
4.528488394628197966e+00
-1.449941428210333116e+00
4.399386191375174201e-04
-7.655959669867613560e-01
-5.631888989956156388e-01
2.602746137838610196e-01
5.428669420923231126e-01
3.343378525521983224e+00
-3.068947123086914530e+00
4.994850795120771458e+00
-1.669803663614275901e+00
5.255906400626408903e-01
-3.025008102448628833e+00
3.005419041717241502e+00
-7.399865032626188333e-01
2.041264672186376306e+00
-5.004110445335187229e+00
-2.089441210419023864e+00
2.467140457917478269e+00
-1.598740738440157239e-01
-1.795813225132798729e+00
3.883993050939471114e+00
2.937429614303100234e+00
-1.175665360893212164e+00
-7.295617563628448154e-01
-3.657666055010198480e+00
-8.392015499299512626e+00
5.201100004231006046e+00
1.280875726481461863e-01
-1.437168407904265921e+00
-2.664065421683683432e+00
-2.786695786835715061e-01
9.029971786970977243e-01
2.373955279303475052e+00
2.102651186771234970e-01
2.486022776480692364e+00
-2.401181347124519139e+00
-5.680426214329977741e-01
6.063000417630663108e+00
-2.628141863478722140e+00
4.374488573777633449e-01
1.866567262660704163e+00
1.004115723911846114e+00
1.470981331677378989e+01
-9.472972211821300448e+00
2.054555205950022501e+00
-2.618681585893271269e+00
-6.167277051343180716e+00
-1.783981739123842392e+00
-7.064686615402856473e-01
5.775580611325612956e+00
2.851304015003446324e+00
-1.147569824387725257e+00
2.496957134026747127e+00
-2.807728514789340490e+00
-3.063408826170283650e+00
-4.591757782438242175e-01
-2.299127269798795226e+00
4.063139406854409330e+00
4.459941631792874617e+00
4.077292010758316820e+00
-2.415143339547251244e+00
-7.005015029301765672e+00
4.838053653403228793e+00
-3.676070238487082698e+00
6.898905475749111949e-01
-3.157588518167413927e+00
3.303056918539638565e-01
-7.356421055559574373e-01
1.202353249410098135e+00
-8.321705187863756015e-01
7.261468033575362302e-01
-3.911858049247096680e+00
-2.313546239831907325e+00
4.745666826867609878e+00
-3.611423477899383006e+00
4.764318905794605041e-01
-5.339852432091727330e-01
1.723392262038784539e-01
-9.181593540625918592e+00
-6.136457523079831944e+00
-1.248790847715151031e+01
-1.898895580329273969e+01
-4.233557312542647111e+00
-9.158995996529018413e+00
2.098978531323618224e+00
-4.607559758518738335e-01
1.316023910009701758e+00
-1.147056581359822802e+00
-1.223033459729238936e+00
2.400926256249826363e+00
9.415738332026881569e-03
-4.459609520757465972e+00
5.643740924415689086e+00
-1.008349558113751243e+01
3.557461621616194059e+00
8.908754085445663717e-01
-5.030017335452991567e+00
1.524183795979372480e+00
2.964720330574185936e-01
-4.831648172466247004e+00
3.086014685936961488e+00
-1.420997108604044046e+00
4.145939766099745682e+00
-5.433206160003639873e+00
3.845429771362484650e-01
-8.563491515260809095e+00
1.694401998203128423e+00
4.279766849868751333e-01
-5.468993535035808762e+00
2.313344675971491793e-01
-1.617928686102065416e+00
2.597197613895696477e+00
-2.719602108112354255e+00
1.116937127945305308e+00
3.134310837048754905e+00
1.933084528741846331e+00
-1.929499310893754815e+00
-1.881627001358581186e-01
2.727431472867580808e+00
1.362097375990079628e+00
2.279327863879837768e+00
-3.446888203554354213e+00
1.747583898348384679e+00
6.724856291249838414e+00
1.928000354058039933e+00
3.519618469647264547e+00
-3.188828880146614697e+00
-5.096724278430124322e+00
-1.481982036568640249e+00
2.336399540230252037e-01
8.359012942047235883e-01
4.032801581255523460e-01
1.258883436004591516e+00
1.065169030774157033e+00
5.103013546065973571e+00
2.084798091308460166e-01
-3.932038960543096984e+00
1.576430222430491801e+00
2.615912515386683790e+00
-9.700291324865903952e-01
3.426995397887850014e+00
1.569904582710069008e+01
1.393120745864559806e+00
6.996853708315342146e+00
-1.372801203647000534e+00
-2.782278123425607208e-01
3.013030390451105767e+00
-2.435897898072513890e+00
4.985601644358877427e-01
9.322983323662755728e-01
-9.686348576712058289e+00
-3.160652521028153306e+00
-1.081912064501273463e+01
-4.047840808137316948e+00
-1.039283049998475938e+01
1.547390061247632342e+00
2.685344243952378029e+00
1.078628296544289711e+00
1.457482930723439596e+00
-5.498779679611415228e-01
3.218994185523503582e+00
-1.527813442503569430e+00
1.154913368244642413e+00
5.177657535077711870e+00
3.254663063923077249e-01
-8.698845102584896738e-01
1.371104747669267931e+00
2.013638052051013538e+00
7.209213970404507954e+00
3.120054280614624087e+00
6.352134317134889407e+00
2.077747549764499713e+00
2.294911795484903261e-01
4.922492675419113617e+00
-5.157141304761757361e+00
1.449197983098012621e+00
1.043857527277819885e+00
-1.260589243442250762e+00
-2.277006238852629316e+00
-1.149479163955581917e+01
-1.919530269939501110e+01
5.416241385545008669e+00
-1.168635616961045720e+01
3.392579069081588905e+00
1.198821913565868202e+00
1.827088775106519569e-01
7.535616802778075662e-01
3.787642865711971396e+00
-1.639228907487258358e+00
1.541840562948202153e+00
4.869140464677137459e+00
8.795638016736635478e-01
5.436104634751004472e-01
2.345835757191966575e+00
2.554153395095079215e+00
5.167283690352336478e+00
4.532866759813882318e+00
-1.998869971468521189e+00
-1.429563323268411068e+00
4.815224732077924230e+00
-7.712145026351792110e-01
1.750490859021866630e+00
3.838122680383985852e+00
4.248708428721017505e+00
-8.756974708736931845e+00
-6.262420818557401070e+00
6.455356640005036617e+00
1.910014889841438857e+00
-9.800284925851888707e-01
2.685061533573866455e-01
-2.376838259431428568e+00
1.850560311563353988e+00
9.887557398102886363e-01
-1.797680825863370302e+00
5.092297371385066107e-01
-3.631715186360918501e+00
-1.340443483906730737e+00
1.073141233282298934e+00
-1.294635463590869007e+00
-4.943069619876949150e-01
-1.413295308827803520e+00
1.918805506967931729e+00
-7.966040010090911672e+00
3.571166229161159222e+00
-3.624302865340918167e+00
-9.671721935687399352e+00
7.223540919275028394e+00
-4.151893934517548956e+00
8.421037177443479321e-03
1.728327733156810764e+00
1.507788125247818467e+00
6.100564325659260767e+00
-7.725664383731968066e+00
3.587400493464625306e+00
-1.399762517983086374e+00
-3.206239098956504829e+00
-2.582617706724795736e-01
2.657321706746413437e+00
1.654562421294156760e+00
4.317624963601954247e-01
5.680427636104246503e+00
-5.799259767392009879e-01
2.195824950566783951e+00
-3.306964206199665690e-01
-6.028552941009572841e+00
4.227794630402118337e+00
-1.165352514554010632e+01
2.880877538244647429e+00
9.145881228970723087e-02
-1.743336311716526410e+01
-6.897962125449771165e+00
5.053256361686576881e+00
-2.980540104779436650e+00
-2.684883450004620919e-01
-4.306484572194395177e+00
1.413263103051948466e+00
-2.067010283561893369e-01
1.131297998934036375e+00
7.176391098249414568e+00
-9.305809071297591828e+00
5.738964792529172243e+00
2.879190760577031716e-01
-5.050121094145358924e-01
1.390172206132467558e-01
-1.254259203925898181e+00
1.983446443433961592e-01
-2.218372870105395633e-01
-3.348144481767990843e+00
5.944430903628266094e-01
-4.073656031031791969e+00
-3.520528475207492236e-01
3.733049794457483195e+00
-1.878711662454437104e+00
-1.763830290683337854e+00
-1.726161613524042959e+00
1.092234882464262258e+00
-5.702352274642963792e+00
-1.528378640758157214e+00
3.623657442055407074e+00
-2.212265475623695909e+00
-1.132302377686951411e+00
4.394047518619629500e+00
-3.742309632113265838e+00
1.056407242521912648e+00
-6.155309025918832555e-01
8.554924980709037730e-01
-4.691465375439320518e+00
2.777525532340506587e+00
-3.359273926559119161e+00
-1.970930414799747288e+00
1.446471435747098688e+00
3.399742719756037590e-01
7.273936936345252180e-01
6.662789854914217269e-01
-3.005961177407522111e+00
9.183909488304151658e-01
-6.379536588293150956e+00
-4.236014895055483898e+00
-1.203475870012035820e+00
-5.427089354388292541e+00
1.598179579540362383e+00
3.278748207996389219e+00
3.653991076721842646e+00
-1.619660265567904878e-01
3.568438641547569290e+00
-5.569116516361279912e-01
-7.007306530787729137e+00
4.538856543029708313e+00
-3.514603943859031965e+00
1.696408184169485356e+00
-9.330189193515888713e-01
-1.450781871998563677e+00
-8.686529504588879291e+00
-3.109165411138703483e+00
2.405561686385574216e+00
-1.303876581692966496e+00
-5.665194730939144385e+00
1.631042691976157588e+00
3.365095394445649202e+00
3.424823756851255729e-01
9.341842119807959310e-01
-3.818424419916500057e+00
-1.031126434334368597e-01
4.648906487602133097e+00
-7.263796161779745297e-01
-2.175733196724685126e+00
3.190565135268816466e+00
-2.963078683251843870e+00
5.116399086994438683e-02
1.980298143035565117e-01
1.470557589609832050e+01
-7.355705175684217778e+00
-2.501802526843526664e+00
-6.206226468229166571e+00
-5.738286939272587261e+00
5.510584961961382255e+00
2.821615819877141274e+00
-6.717456715197063222e-01
7.132032488424077110e-01
1.047178115415390964e+00
3.050049387413694468e+00
-2.066954821318418567e+00
6.992387245499852577e-01
4.351139613502370551e+00
1.406872043580463583e+00
3.035176754705691149e+00
-1.322308173492173333e+00
-5.061616985158868820e-01
2.812234128317376292e-01
2.535193461131289627e+00
-1.203643257280071044e+00
1.633132846741907507e+00
2.733068215679741897e+00
-1.399664856664861290e+00
-3.292212337045974380e+00
-1.082666812052746508e+00
-1.825146460356098288e+00
-4.168717330838311419e+00
7.617743294838148493e-01
-4.866816323486321316e+00
-1.863770074728217097e+00
-2.291375532905740808e+00
-3.957903208757145297e+00
2.142684891231753319e+00
4.221357412059621450e-01
4.440745735179212894e-01
-2.103604582488253882e+00
4.453115633553013653e-01
-3.777548239481548720e+00
-8.556952718936482460e-01
1.547374263857314469e+00
-1.200007492484509886e+00
1.048831077969216929e+00
1.681028283506414978e+00
2.516478222023594391e+00
1.015656031261394077e+01
5.589158721349011039e+00
9.876910502682736848e+00
1.042368036020415900e+01
5.281355731443042600e+00
1.164098336167539749e+01
-4.627204770200616935e+00
2.271847109772323070e-01
4.953802320758722288e-01
-7.668204585393359807e+00
-3.447670435245365095e+00
5.891166620907597462e+00
-3.088004601010073014e+00
1.774947157491047589e+00
-1.206978019354071119e+00
1.904178814942354636e+00
-2.632541052249635638e-01
9.473391173324813286e-01
-3.959130099816634107e+00
6.163059112763983549e+00
2.288238021706144654e+00
2.279275732886990036e-01
6.865116942077214901e+00
-3.549367593370867713e+00
-2.535930319778525011e+00
3.580685403644288112e+00
8.244593620128854994e-01
-1.685446920023262463e+00
6.482041022359487314e+00
2.794973037036748043e+00
6.596459496044435156e+00
4.716572911405684465e+00
-2.119345035477691486e+00
-1.728111080072000538e+00
-9.908660858701471286e-01
4.478337268334264820e-01
3.536948889136224405e+00
3.316472679747498375e+00
1.208300377854834551e+01
6.050465652912093262e+00
5.774276001069604369e+00
3.495243332362202526e+00
2.045363749557983724e+00
1.335598727892740367e+00
1.603106797789272397e-01
4.166915783712750176e+00
-9.597569692147379428e+00
4.993715660151478164e-01
-5.263878638504838392e+00
-3.585149553586223004e+00
1.279967994089805883e+00
-3.111786437921542636e-01
1.475310253755791057e-01
1.514750958519332502e-01
-2.652204316196381306e+00
-2.738967329016126495e+00
-1.087424313763567518e+01
-1.716962722888264992e+01
2.838995573815471740e+00
-1.456709338546807153e+01
-1.556688959793245175e+00
-3.772049406044328368e+00
1.203914595937118692e+00
1.216060962589642136e+00
2.692874214992336257e-01
-3.851218336666920816e+00
-2.086068177508615840e+00
2.465299972439266352e+00
-7.897762931551336463e-01
4.271985327647157327e+00
-1.130302760673140172e+00
3.191209723577436153e-01
-3.929600474952115619e+00
4.251976311401977071e+00
1.251070523726716566e+00
4.713685292382653103e+00
2.055924301468814885e+00
-3.414505814447371002e+00
1.299626878253784090e+00
3.130995800420583119e+00
1.910790794137846582e-01
-1.201350437760462908e+00
2.917459948753628574e+00
-7.595989863835858058e-01
3.206976524477092916e+00
2.474893320274704767e+00
1.584877588467011433e+00
2.132986528963281003e+00
-1.920365815866743597e+00
-6.810508728975289694e-01
6.641435651843493604e-01
4.018254551538419150e+00
5.598970553757488311e+00
2.593947865474542702e+00
7.523027650296183033e+00
2.632904252751341101e+00
2.556679281122077985e+00
1.436265395615819118e+00
4.165423595703565685e-01
2.546372596912552133e+00
2.165334274525611669e+00
-1.831767729570508818e+00
-3.055959096851027651e-02
2.818886351054416650e+00
-5.100126626333081337e-01
-8.875468545724006786e-01
-1.828562494330616461e+00
-3.510345755976960191e-01
-1.031404055494418337e+01
-1.587541396594799092e+00
5.713429800934892278e+00
-4.918366965400253754e+00
-5.374308087426273417e+00
8.211255655003325549e-01
-1.336712099618666993e+00
6.120055076751736989e-01
1.904379010711513553e-01
1.197676612353699044e+00
3.331861569626073938e-01
5.644780040443456492e+00
2.302648821622161057e-01
-3.244346820300008538e+00
5.494389377973655897e+00
-4.314278378555963300e+00
-2.180363931995990434e+00
-1.093297197192222292e+00
-8.689050422304754884e-01
2.576429817009114220e+00
-2.022698173219813267e+00
5.589159612118191900e-01
7.678974970378721343e-01
-2.100427562614434862e+00
2.933105747663427909e+00
1.124744513699504678e+00
-1.529149878478844315e-02
-1.269273200059289008e+00
3.150811561425488350e-01
2.856833520392618286e+00
-3.832082223739298410e+00
2.335534153578256999e-01
1.268193652400157800e+00
3.088021449459792955e-01
-5.447960365971382668e-01
-7.268174095774156962e-01
1.576147496950634830e+00
3.050052722406966232e+00
1.537500275537579397e-01
-5.119183817495697397e+00
6.003322343965192154e+00
-9.730060036640142407e-01
-1.859722484017736877e+00
1.694429783820226687e+00
4.270492152019043086e-01
-5.890692446988164299e+00
-1.006953962446350159e+00
4.280774436294770169e+00
1.881755037060966584e+00
-2.748798432244989431e+00
5.484211885732331204e+00
-3.832874847240938188e+00
-3.145057882747690936e+00
9.230491944382963887e-02
4.013875134269677680e+00
1.312817206108202406e+01
7.850923203905507464e+00
1.496244441360222766e+01
1.005444967732376682e+01
-1.774224966918872104e+00
-2.284086187566057635e+00
-7.976789316724205436e-01
8.411554857673967378e-01
2.427015446337698334e-01
6.966785827959814270e+00
-8.516528962854964524e-01
5.619078483659534662e+00
7.845504493144651370e+00
-1.220708442003873712e-01
-2.774241207891573691e+00
-1.335704546146365024e+00
2.207119993089862731e-01
-1.168770564881161533e+01
-3.551158430700284363e+00
-1.087465285083843014e+01
-4.021340985270654755e+00
-1.050833827362684048e+01
3.954283959873877707e-01
1.592969362844149028e+00
6.979364421132852048e-01
6.764731133307197997e-01
2.394564228779596959e+00
2.743875202406397484e+00
-8.178433659219306318e-01
-7.236535497635730785e+00
4.263414068943831126e+00
-3.385971785552093216e+00
1.950683712002152070e+00
-1.417093335145026778e+00
-1.982599274140911083e+00
2.670894185222626760e+01
-6.249876213729696595e+00
6.044164087990234968e+00
-1.303901141062929092e+00
1.200107966412130300e-01
-6.660507383935070358e-01
2.702068846692768034e+00
2.776990637617377633e+00
1.235172807754572277e+00
1.601458755891623342e+00
-7.835663625925433529e+00
1.098377525594948168e+00
-3.556374360883400421e+00
-6.377500453463255781e+00
-3.184670606304196294e-01
-8.574482381640770035e-01
4.371815749406025020e+00
1.612387106271162898e-02
4.838154440644359511e+00
-4.489112781923406459e+00
6.743650598408461150e+00
-1.293261854484318407e+00
1.815092107283890366e+00
-1.899240126489725622e+00
-5.568624228619168948e-01
-1.428573941464851504e+00
-1.312861773648664521e+00
-1.194585654453641155e+01
6.461030176161630667e-02
1.094299265532810317e+00
-9.214265458238109829e+00
-7.130293007013781548e+00
-4.248515730122099932e+00
-3.930604075787158092e+00
-6.382934185607703759e-01
-3.123718702357333732e-01
2.446280465221817302e+00
2.220244778668526209e+00
-4.777617595717828514e-01
-5.497918806097517042e+00
4.997867113879602030e+00
-3.186381926584363367e+00
-7.760891049140009379e+00
-2.093484395352032124e+00
-6.237894532407932680e-01
-1.532994332255789161e+01
-3.798637233840223892e+00
-4.260511482485975776e+00
-8.279461862420868457e+00
-3.020583678394029192e+00
-3.275184779493181875e+00
3.511147323865603020e+00
3.088689688271426093e+00
5.120635088516192063e-02
-4.048601590493894342e+00
2.142989628363389798e+00
-7.834536881994769608e+00
-1.130106596917295342e-01
-3.791822304291349255e+00
3.688047166919887321e+00
2.915823697308013163e+00
-8.539303800729184379e-01
-1.305072041984559172e+00
5.057458386786373161e+00
-5.295048263472326155e+00
3.161484850956561843e+00
-2.613388869183989716e+00
-9.810815000695014554e-01
1.477957765042240412e+00
-4.410059642004292291e-02
-7.191316117160047039e-01
-5.063885853148678562e-01
4.850409209650844433e-01
-4.452973082877589306e+00
5.365294760006664276e+00
-8.169687458696153204e-01
3.125762083399484803e-01
1.044184736500792798e+00
6.258591596951195157e-01
-2.616550722745004443e+00
-2.145413686786674656e+00
-5.708441825394869440e+00
1.663372634022669327e+00
3.967982301741642015e+00
-6.312154277057752116e-01
-3.079997247317958653e+00
3.829807707196916322e+00
1.798833790347931894e+00
-1.966345129332498498e+00
4.466172568115580055e-01
1.258445388066492754e+01
2.793253891822033097e+00
3.101627371908018294e+00
-7.770195005697623225e-01
4.314322460921832025e+00
-9.095162450830185819e+00
7.088454793760106121e+00
3.682205896930299538e+00
-1.933577941248750820e-01
1.098791302025969419e+00
6.714527372413585660e+00
2.125654028721683797e-01
-4.357004747804840150e+00
1.289247323537335177e+01
-2.284263526568459213e+00
-1.563128822874294777e+00
-1.014025611663640219e-01
9.549672877391893744e-01
-5.562702233579723821e-01
1.615743126884180869e+00
-3.029228058013624825e+00
-6.949653601224042854e-01
5.590653970847742293e+00
-3.204312119086044408e+00
-3.879798925051397562e-01
2.804773496053387216e+00
1.154134724447869048e-01
-8.318269553811147299e-01
1.715367836622220921e+00
-4.193473441574429472e+00
-1.686329918529961391e+00
5.191121449921619835e+00
-3.342260382188713574e+00
3.861052839985767426e-01
-1.951713997402394485e-01
-2.706028813079660034e-01
8.174916077705683293e+00
-3.734112576610134848e+00
8.028653060736910874e+00
3.866690503873682072e-01
1.645356043927109990e+00
-2.065710678230954667e+00
1.340792990852214261e+00
-1.807518022020339954e+00
-9.903442980653894834e-01
-9.246107840392142618e-01
9.514007609533389198e-01
3.292706992855162884e+00
-7.661093002249140804e-01
-5.498931718670545532e-01
1.594485043630574639e-01
2.759657316547131423e+00
-2.758018818461946964e+00
-6.796562343963188368e-01
-1.687185556321538105e+00
4.009503368247767874e+00
8.517385170490556767e-01
-5.421457640960633206e+00
4.770763859093234416e+00
-2.348344062677343747e+00
3.457442488512973533e+00
-1.919905928381629767e+00
-2.705402837008941130e-01
9.771427596063027465e+00
8.729125935325212637e-01
1.078966967833360213e+00
-2.176162178179839035e+00
-5.117186887663722317e+00
4.809373264808352921e+00
-4.327664045284357108e+00
1.806260395020990783e+00
-1.185625176769508515e+00
-2.401395338665838430e+00
3.060953997927087222e+00
7.798990284094844405e-01
-4.468239664445847303e+00
4.316213790616616919e+00
-4.322375390993498989e+00
1.011677705241456948e+00
-1.096120726196787354e+00
-5.391954932055017524e-01
1.824886831142716437e+00
-2.073890989921638450e+00
2.128097079503137756e+00
-2.096797580401712768e-01
-4.308833123329137038e+00
3.133719674116321574e+00
-1.542286094018190390e+00
-1.023656530319688063e+00
-7.808485637746308550e-01
-8.903829870886534437e+00
-1.754045894355176438e+00
6.033761677134040546e+00
-1.727362238649652104e+00
8.993362317576352183e-01
-1.179107515611506063e+00
4.903540416263095558e+00
-1.245285247275724538e+00
-9.390649802234513066e-01
-3.672471727163976851e+00
1.445393093741538681e+00
6.699408279728654714e-01
-4.385330011393979710e+00
3.476908405348016373e+00
-2.517034210216304135e+00
2.487022322775516159e+00
7.243586940377421124e-01
-5.315970574210728827e-01
-1.231474760961384440e+01
-5.519577063004427409e+00
-8.420583589479068820e+00
-1.133555180371738480e+01
7.340575322262519187e-01
-6.609615438601087689e+00
-7.759371373561198659e+00
-3.612081514523495240e+00
-8.137744630378271893e-01
-1.391864412529100425e+00
8.769615481610086860e-01
-2.484065469063770681e+00
1.300742465018535299e+00
1.801638612928222027e+00
-2.109315037602198295e+00
-5.035588283683558153e+00
-1.337903774482596120e+00
-2.917434129797199738e+00
2.462130062259769936e+00
2.113388229561928622e+00
-2.271355619094464817e+00
-1.985249948321256896e+00
5.839103802309100644e+00
-2.872523162196565671e+00
2.516201702018022957e+00
3.589078446443547121e-01
-6.727178718078897779e-01
2.675708452226961409e+00
-4.009912420870476168e+00
5.274414322226232521e+00
-2.625779469661863708e+00
1.615110819713095225e+00
-1.972549764964762531e+00
-1.605936858858009630e+00
-2.264637110574784007e+00
-1.539671815428903301e+00
-4.229143889247659160e+00
-5.123446844856305304e+00
3.599344311109771155e+00
-2.187204636095108068e+00
-5.958580930788394125e-01
2.129258593171295288e+00
-1.071267100023599594e+00
2.058266623515971894e+00
-6.361413490382066271e-01
7.345749215408662103e+00
-2.167709041874005038e+00
4.940140448855471433e+00
-6.712671179050741510e-02
-8.768959509520454221e-01
3.979964784605325878e+00
-3.335659075505875482e+00
-1.362624471347762212e+00
-2.368087967846141950e+00
1.186489866075460364e+00
-1.472306183773708366e+00
3.702800216466340721e+00
2.341046251313144921e+00
-3.062939331429401779e+00
7.860564149838682901e+00
-2.740128436229074982e+00
3.001736780186140763e+00
-9.533121472103599503e-01
-1.284448099292393231e+01
-1.186360105168730694e+00
-5.368116002877408199e+00
-1.124604194911890609e+01
9.277255182073660400e-01
-5.731630073708810613e+00
2.867485136684855274e+00
1.565622622432707001e+00
-6.199266457522071283e-01
2.750958464917132140e+00
-4.802998638629784267e+00
5.165781295617365210e+00
-3.758130668722764245e+00
2.082443101534053209e+00
3.830545196733950442e-01
2.680157605527320630e+00
-3.553539340189276197e-01
1.673842694094503036e+00
-7.548038825737562796e+00
1.482222489576488833e+00
4.678037580799249362e+00
-7.984752117981377406e-01
-1.581228922948063165e+00
1.396985756739432816e+00
3.915604015579253083e+00
-4.056888775033915984e+00
-1.604319040863467105e+00
4.214147388941194450e+00
-1.610908818517390539e+00
2.996792243127125221e+00
-2.173764207956236039e+00
-9.216074720161454792e+00
3.129189415906109772e+00
-3.918774685885944908e+00
-4.322973996414693154e+00
-3.670412987365510027e-01
1.703380384194860542e-01
2.918722652709725640e+00
-3.851625590787646658e+00
-2.421525760640742764e+00
3.348852483484074050e+00
-2.298653606125067306e+00
8.449065206374068993e-01
2.683606127305715017e+00
-7.806299331562010536e-03
-5.043693144294270780e+01
3.304271475080121423e+00
6.436215417638140757e+00
-1.985608408586399642e+00
-1.066360197716998748e+00
2.654153171597983363e+00
-3.467302970919536875e+00
-1.374160949290316402e+00
-5.633272607962006573e-01
2.475355199613944457e+00
6.228648794237909847e+00
-4.011260977219859858e-01
-5.172372835095846888e+00
1.786185670463247277e+01
-6.165278524885603240e+00
1.127003969659478066e+01
3.873711364010554714e+00
7.441253627890130895e-01
-3.692250148333827475e+00
1.390733901966134889e+00
-1.864360253735075190e+00
-7.914869721164485838e+00
7.070162405264528438e-01
-3.479154309036136539e+00
6.845483101490211553e+00
2.033962400992699038e-01
-1.116688318407678349e+00
1.056867379847898469e+00
3.150168019380482409e+00
-1.514152890701398579e+00
-1.265788071825082239e+00
4.782830310706602361e+00
-1.755146927536549217e+00
3.352176842561334968e+00
9.461563513159365613e-01
1.809532853114503181e+00
-9.483592910284648347e-01
-5.241943366540025906e+00
6.996486965028145377e+00
1.557599431339809826e+00
-2.918493221233953161e-01
1.307805560502104170e+00
1.271778203326733525e+00
-9.632539800655506301e-01
-2.249356856502832791e+00
-1.178289439924583526e+01
-2.310433830478998640e+00
3.828178417028838432e+00
-3.098278228727489036e+00
-3.444719317375685153e-01
7.643018149062805744e-01
1.737324149845308030e+00
-8.341113394120112101e-01
-1.928117279402008277e+00
-1.896428069201654409e+00
1.255371278246700584e+00
1.529654599157861172e+00
-2.604747084625687492e+00
-1.808695513034215829e-01
2.987438442156071350e+00
-2.292699651744509737e+00
2.399278741022461858e+00
1.265072532286882989e+00
-1.904862869607046205e+00
1.942039857468551567e+00
6.857645928505310406e-01
2.544591397840362479e+00
2.706124874154721027e+00
2.900864793601994229e+00
-3.063617531130941263e+00
4.026303006448230248e-01
1.005727947845826309e+00
4.293046399911840005e+00
2.876046311687117107e+00
-9.439436338430274853e-01
-1.154865021793336499e+00
7.609240853676110028e+00
-2.065334217944193806e+00
-5.173251012954048100e+00
-9.595269414922759088e-01
-1.929679884025904846e+00
-3.372998915156481203e+00
-5.273437430600924625e-01
-4.425711357137842583e+00
-1.170284425396686867e+00
3.670260821632377990e+00
-3.365821303715256452e+00
-2.481878615179342606e+00
4.346601169042567381e-02
-1.495833153410442762e+00
3.285678777213293156e+00
2.339015459016062781e+00
-6.937180262940488840e-01
-6.066365672538315934e+00
6.266492028513744650e+00
-6.020843530662949722e-02
5.384233431593414387e+00
2.794726589761900915e+00
4.519637301221821613e-01
1.278405271079701366e+00
3.174173318323575188e+00
-2.505797238571427776e+00
5.931494511893577876e-02
5.765967653250817726e+00
-5.351180311650474142e-01
-1.684050285602540997e+00
-6.886795956944630204e-01
-1.907106113410550030e+00
1.552915318963829172e+00
2.133565707924645061e+00
3.022548018582118523e+00
-1.423031920275009687e+00
-4.433770233589662269e+00
4.415309248772652850e+00
6.760606720966633176e-02
1.808262391662772417e-01
-1.036504375419122326e+00
9.443380888768391657e+00
1.650499834619588668e+01
8.782687118799886505e+00
7.165094057372984437e+00
2.664918481245738491e+01
1.319165403532643221e+00
-2.026324101246524290e+00
-1.084921567760647854e+00
-1.745432575842399969e-01
-5.183288445563088764e+00
-5.977029921370164978e+00
-7.322167663286418104e+00
-1.201921373834130691e+01
-7.362267440605714697e+00
-7.610504497772375032e+00
4.075855564605089576e+00
1.683818161414552206e+00
-2.579015151046145093e-01
7.971644180429579229e+00
-3.400209439632762454e+00
1.867744485173191027e+00
-5.214695746755388051e+00
8.005152380212281482e-01
7.468694855123382270e-01
-2.333377348943425744e+00
1.320432776528617014e+00
-5.887418897358144276e-01
1.904128435745271020e+01
-4.941579577044955762e+00
1.220830486491336186e+00
-2.241972157919843944e+00
-1.022370646710606845e+00
1.139303336922085563e+01
1.963532250237972621e+00
-7.474782421995176396e-01
-6.463543242841924830e-01
-1.817495940407242605e+00
1.145191281787129922e+00
-5.167009820963119004e+00
-2.025783262051287892e+00
4.281402749573720024e-01
-4.155332783359991566e+00
1.729937537957371430e-01
3.581121655129034242e-01
-1.876091304331660714e+00
3.888753462333344402e+00
2.233719328169489415e+01
2.085816917522427971e+01
1.736787333108334863e+01
3.071990802949435917e+01
9.882262220963735189e+00
-4.525500019947215513e+00
1.015344523415519840e+00
-1.254405136071579940e-01
-2.085127819033631980e+00
3.145082962982848063e+00
1.239774000681958199e+00
-3.749425264466397678e+00
5.064951773042809968e+00
-3.040892219097210525e+00
2.465180834459705483e+00
-4.491940045346740767e-02
-7.694280490224225666e-02
-1.907443999319525380e-02
7.541364812708224896e+00
2.735047026037633611e-01
3.011435884654572348e+00
6.524416952275971404e+00
-5.943969710837951226e+00
-3.488587335599740769e+00
5.369460344892208747e-02
1.109201651744707418e+00
-1.677704101165602424e+00
3.739909093612912017e+00
8.218649292247195426e-01
-5.651209429652030991e+00
4.258024549817310600e+00
-1.778772727713120005e+00
3.240544783198739953e+00
-1.527466908339981222e+00
-2.207682022026526969e+00
-8.638807939498644117e+00
-9.695160059410561360e+00
-2.400420818012032953e+01
-2.956875267731981083e+01
-3.796241798772241882e+00
-1.592009249363834655e+01
5.560403119364439206e+00
1.229467038166074389e+00
1.735799026696639366e-02
8.829999989545465056e+00
1.093636520337573792e+01
1.591833598339828271e+01
1.433027283083004200e+01
1.129567789429216340e+01
1.613849821286498809e+01
-6.207874889003181629e+00
-3.166319748153678226e+00
-7.916429166100265036e-01
-1.803902923978494055e+00
-2.113172843405556556e+00
3.851666187486600723e+00
-3.113905649004709009e+00
-4.158592790940002781e-01
-2.108312736776774443e+00
7.251014064611247534e-01
-5.122138973090886171e-01
6.320684287034281645e-01
-2.225049139860520775e+00
1.554376110193260274e+00
1.067369177138549619e+00
-3.599975225552310309e+00
1.999880934897092732e+00
2.069898460638544879e+00
-4.803147989922872618e+00
2.755203539040012473e+00
1.105548528759926263e+00
9.041666072869608328e+00
1.482773450052391695e+01
9.088447762979830813e+00
7.476757479995270295e+00
2.495026003408874615e+01
-4.720953332161638372e+00
-4.845623662554450206e+00
-5.940470631271741020e+00
-6.624254632725501413e-01
2.317695151013065313e+01
-2.387430058216884632e+01
-2.204084151762862120e+01
-1.670183576068332698e+01
-2.738673900278813278e+01
1.421387157971019022e+01
-9.715870315087430376e-01
4.275033196873259556e+00
2.310854000449061640e+00
