-1.300681607915060134e+01
-3.724730380709228683e+00
3.099533921996350916e+00
-5.178526193155228441e+00
-2.483876107390704746e+00
-1.084921161186108929e+00
-1.336807060739550224e+01
-1.361474299552583567e+01
-1.762942424808760222e+01
3.231319608086556272e+00
4.282963103243420555e+00
9.387083775685386655e+00
-1.592713500652525926e+00
3.331324351800500683e+00
4.052150721349843110e+00
9.649549210195663917e+00
9.616581477912127696e+00
-2.119051370548654667e-01
-1.145891829412336360e+00
-1.843368631268202718e+00
2.315854933003637095e-01
7.083519068386583406e-01
7.516105541980936389e-01
-8.131638020766900343e-01
2.903341429027480380e+00
-1.837081920283043068e+00
-6.917014492574856455e+00
-2.290057608648104548e+01
-1.687067359044494452e+01
-7.703928730985099449e+00
-1.265688619196098230e+01
-8.822980133040674744e+00
-4.761098970604648706e+00
1.223235956694362336e+01
1.483784064973957584e+01
2.766554139238802890e+01
-4.450418094694974513e+00
-4.407127105931260225e+00
2.119678509425280577e+00
-6.449300432331019017e+00
-1.608043931094380374e+00
-2.259344449030498136e+00
4.843287088657920236e+00
4.744313025150070473e+00
1.776585449839139130e+01
-1.417015587875357197e+00
-2.441873564488103554e+00
-7.627755928301767074e-01
-3.542185285715614418e-01
-6.039661692464787235e-01
-3.024729081791474261e+00
3.776289384262941695e+00
3.310135000149816875e+00
9.616396618546710684e+00
1.474576841175388120e+00
-3.772839588730379834e+00
4.624813721242812647e+00
-5.488927257150580941e-01
4.064365712936110486e-02
-8.185512750155895523e-01
-1.765438108447783538e-01
-1.887275895723301844e-01
7.798193546354463546e-02
-2.486624393733155358e+00
-4.640585179040758845e+00
3.457671589697651537e+00
-1.022127525292184869e+00
-1.118619829389662229e-01
-1.701980607016932101e+00
-1.142315357617728067e+00
-1.155400552795748270e+00
-4.251476495172772097e-02
-3.600519356971343843e+00
-3.770723732195585765e+00
-2.337330843857184259e+00
-1.661396730287997725e+00
-1.233252337138596388e+00
-2.469667698473930084e+00
1.450249178914800874e-01
-9.006723001404335349e-01
-3.170604332411849913e-01
-7.339700022144362457e+00
1.342016938095634160e+00
-7.945580456332422825e-01
1.916310228329580978e+00
-2.468127212147062988e+00
5.539579228913614761e-01
3.774161404926685837e+00
-4.424732492517575565e-04
3.414676211313676379e-01
-2.414665203607544441e+00
1.852733804790718475e+00
-1.117818544277861426e+00
-3.483767823357823534e+00
9.609643891951789030e-01
-2.044953193296931815e+00
3.535229938264763838e+00
1.728255992282732745e+00
4.458380066693600763e-01
-1.085432122215023609e+00
1.731155893531536982e+00
1.994671712690093024e+00
-3.367373626269256626e+00
2.172004880369613478e+00
8.459642518977956716e-01
-5.847135531671356912e-01
6.145141040938779664e-01
-4.016442824384741428e+00
1.655594708691233929e+00
-2.421377035200584782e+00
1.637263141930221710e+00
-3.030071575885750157e+00
-4.466061619223913870e-01
-1.742374747403355961e+00
-2.011668117220630769e+00
-3.592213828588890934e+00
-3.181813458835005548e+00
-9.696611568780586055e+00
1.384832963931054151e-01
-3.675578294813792724e+00
-9.715209228027470445e-01
-5.080391623786530531e+00
1.346290490905401205e+00
1.944800508968366204e+00
1.102141920848288131e-01
5.706643144139559309e-01
5.975174307184296651e+00
1.430394887665592840e+01
1.110159495112508310e+01
8.638732997981561468e+00
1.273678038265665435e+01
8.924120341000689294e+00
1.487049505483589584e+01
7.439011558488207498e+00
1.928504745225154693e+00
-2.263708508427733790e+01
-1.292423965109566986e+01
-8.142171163181828319e+00
-8.322799414141861973e+00
-2.078212988184153787e+00
-1.844578354913374740e+00
-4.039119562422097687e+00
-2.747584218459162564e+00
-1.090961692783200476e+01
-1.737174890261647286e+00
-8.824636830696472867e-01
-8.918775785504635956e-02
-3.536316530115508061e-01
5.176353587437350079e+00
7.327959764266175902e-02
9.204737059855954140e-01
1.158736588275414148e-01
-4.490126447617062699e-01
1.180755001321630004e+01
7.843961644028373037e+00
6.460930106764234182e+00
-4.839162335029462136e-01
5.420888449262315056e+00
1.598901044100623059e+00
1.319106483343949421e+00
1.401246196640212993e+00
1.599299709491147858e+00
-3.904188776868866029e+01
-2.470212365996505000e+01
-2.176886230196694783e+01
-1.684167996334446826e+01
-1.574083025670005931e+01
-5.560229829492629783e+00
-8.743893212578882412e+00
1.455567595391553115e-01
-1.287504916065994642e+01
3.413966146346771424e+00
-2.552434819941193922e-01
-1.456421737523927007e+00
-4.624437817922522065e+00
2.001837006804620955e+00
-8.889387899512987135e-01
4.767037014436663056e-01
8.362494426871468212e-02
1.178393547080609727e+00
-5.177337083791112349e+00
6.435106767275767803e-01
-1.934772999881855027e+00
-4.670314513761174346e+00
-6.858211307293987646e-01
-1.784970052805378238e+00
1.745343909161194418e-01
-6.340020817213484206e-01
-1.017426482406064592e+00
2.023232605335600010e+00
1.955926460959264368e+00
-3.005049040225379886e-01
-3.353990087910191598e+00
4.315787737481168840e+00
-1.219354822044656839e+00
7.182613838073074186e-01
-1.645006369536246460e+00
-4.660723842873443878e+00
-6.538935590032951772e+00
1.274544900391328284e+00
-7.753628458866729245e-01
1.825554610505264908e+00
-6.333351588361872508e+00
4.365650984796086043e+00
2.374108737755689980e+00
2.267381776103857494e+00
2.547669438966253530e-01
2.571777065729479617e+00
-3.097120512400571846e-01
5.760292184255107806e+00
1.129689235070934113e-02
3.375680128179183725e+00
1.512472396829512289e-01
-1.731272349137391586e+00
-7.756616621036164227e-01
-2.915334787273974992e+00
-2.217670924777396912e+00
-7.736803428267622351e+00
-1.182743809960426340e+01
2.365401024896337301e+00
1.401224556956629730e+00
-1.012381717231685130e+01
-3.929385219144865271e+00
-3.874120747752902716e+00
-7.278901709348298610e+00
-4.738958861538971057e-01
-4.341423736316330384e+00
-3.670196524008899619e-01
-1.651555848621547806e+00
-1.441978777737861206e-01
-1.266092153401242815e+00
3.366260590981611234e-01
-2.209627689256087546e+00
-3.889332846019037948e+00
-1.620984061261759734e+01
-9.774119694840214478e+00
-5.308513461165369485e+00
-6.975603385162974845e+00
-1.585159934448739372e-01
-1.027582020905593696e+00
-2.887854376511491683e+00
-2.209995916129583016e+00
-8.870369984910006167e+00
7.009548433962531355e+00
5.237137079921176053e+00
7.149393543734411161e+00
-1.446602723724935258e+00
5.187649391535735788e-01
5.711712353736889902e+00
-3.988742272426866631e+00
-1.998088139754826020e+00
-1.072809938518302175e+01
6.337890803458711142e-01
-7.005835861378221452e+00
8.838813825066182961e-01
-4.617994194135625285e+00
-1.245554115047705190e+00
-2.766048794889428564e+00
6.371996077812212000e+00
6.461271012289678595e+00
9.311735984527185650e+00
-2.196100348208631203e+00
9.519803688741735215e+00
-1.007826705428601644e+00
-3.899482611600134430e+00
1.077180445590086677e+01
8.880708301100503910e-01
2.037307869076069089e+00
-6.273847630801355102e+00
-3.425910922988155694e+00
-2.984776203887251178e+00
4.403504155050603330e+00
7.925574183201095080e-01
2.146389078521318883e+00
-1.649068689194176152e+00
2.498812019028488596e+00
1.987218900667298671e+00
2.617559781758485027e+00
-6.745286355998569849e-01
1.008930840458426204e+01
7.581813559377009959e+00
5.024335260383343993e+00
8.908521394127056903e-01
2.937729553753229528e+00
1.115531609592418372e+00
2.120370826743410153e-01
9.236977788197232586e-01
7.627573899049022721e-01
-3.300362451263690655e+00
-2.917135774660032599e+00
2.255245619888034403e-01
-7.200158777454037207e+00
1.481339667940793081e-01
2.669697483024063622e+00
-1.800790057557740242e+00
3.385074719419713940e+00
-2.346171926462448099e+00
7.067980784130689642e-01
2.237224664018279352e+00
-3.136347088786792803e-01
-4.704002956585671691e-01
4.305124280340970166e+00
-2.176377425541240029e+00
3.695662347606102127e+00
1.081011843996254829e+00
3.895247581520971947e-01
5.479672415910950889e+00
5.858077789708779015e+00
1.920797728496819401e+00
1.278727619306548569e+01
1.140070700422414696e+01
-1.267714280163008411e-01
3.409658549681928275e+00
-4.816936697557532732e+00
-4.064503266848967122e+00
9.810248372781844139e+00
1.177245253716025353e+01
1.693164316269660796e+00
7.334689899260497192e+00
1.822067821969391943e+01
-1.501693101495495952e+00
3.978093002486378982e+00
-1.269055049153118064e+00
-3.809456383432940907e+00
-2.129914038872654736e+00
-6.382306101514081398e-01
-2.645274977850490483e+00
-6.129025845745053935e+00
1.901095843936249308e+00
3.279897608475613513e+00
-1.919818794809086127e+00
1.257641494266595328e-01
-2.688004638715637107e+00
-5.087228623692695351e+00
7.315964630674892000e+00
-3.095015773584278040e+00
-6.056156412049957360e+00
7.989947644009518513e+00
-4.747695028510264259e-01
8.387715778956185142e-01
-5.062021055209984688e+00
-1.368310498217816029e+00
1.412639335948626895e+00
-3.008081853267563499e+00
3.296847417034914685e+00
-5.913276641429942027e-01
3.663310027601532681e+00
1.615103760530640642e-01
8.752314945236756571e-01
-1.861519392888579538e-01
-4.226116195797146702e+00
1.047122830214632705e+00
-2.392538251648102410e+00
2.510652679784813657e+00
-2.249481969560549022e+00
1.043457576042350787e+00
-3.926827181378082510e-01
2.352365844322983346e+00
-4.974742919789428841e-01
-3.239506700745728995e+00
4.716140377730693167e+00
-5.166904407387401532e-01
3.363238974592412500e+00
-8.073135874353589703e-01
2.125404681402946583e+00
-3.871082149521205551e-01
2.368948823291249783e-01
-3.277966356290007988e-01
-1.467204172548730812e+00
-1.116079710072729325e+00
1.680606922129606273e+00
-7.634574328992527192e-01
-3.139126897654511694e+00
-1.076070931291230215e+00
2.904897662640845146e-01
1.543558467356475061e+00
2.436962588316571310e-01
4.148084833308280372e-01
-7.799480014718368714e+00
-1.338168085511107497e-01
5.190697845325069615e+00
-3.468963886412007369e+00
-4.948123278165530436e-01
9.198450497716532670e-01
-9.291042958840746380e+00
-8.775982842712178211e+00
-1.274019016227063616e+01
6.130788507662360970e-02
-6.586844964387957191e+00
-1.961953715204638016e+01
-1.049761020632414699e+01
-7.470332585151033822e-01
-1.456789014798959769e+01
-5.793550352938528825e+00
-4.722146505088329782e+00
-6.224924980324608725e+00
-2.162563103399133713e+00
4.243559656854162476e+00
6.344679512560218448e-01
2.994775768180212516e+00
-5.444868010268819170e+00
1.206062561993062499e+00
4.229397184455949699e+00
6.694963360445496114e-01
2.759392495975420800e+00
4.390272620101486334e-01
5.701969433083112548e+00
3.385945938863604621e+00
2.208761051849509549e+00
-2.059096361434733957e+00
5.559341897398045518e+00
-5.355110863740697447e+00
4.495607453089969674e+00
-5.625193681504740972e+00
2.254391006408855258e+00
2.344814063735572773e+00
9.394397271139185435e-01
-5.035513838067229742e+00
2.345831004720885016e+00
6.926999094489250108e-01
-1.769651824907077620e+00
-3.056185667313770504e-01
-3.684387389565634496e+00
-4.857842406060094653e+00
-7.640795642567338453e-01
-2.607880062760369988e+00
-3.348644016917251776e+00
1.731029311223641454e+00
-2.419479656108590504e+00
3.244248972739465220e+00
4.722771226639280728e-01
-1.452820007814353831e+00
3.396718204048412737e+00
2.425638507832318158e+00
1.377637020440514837e+00
-3.027243272906352090e+00
3.894620972589902141e+00
1.268716186309437888e-01
5.472438143650583120e-01
7.657056615829662682e-01
-2.320605732660392384e+00
-1.699416864471130273e+00
1.607196534485817674e+00
-2.995249344402021729e-01
-1.616238744203072342e+00
3.223133710489084702e+00
-1.246738370630105619e+00
3.104743152470419432e+00
1.533277938401542695e+00
-1.289686501898306137e+00
-6.686707657597691146e+00
-1.390589582656202250e+00
-2.052513300270870644e+00
-1.843422330847555690e+00
3.114540545189575571e+00
-3.477522193745100410e+00
-5.223362336115570104e-01
-2.673578780395450494e+00
-2.851186469584708671e+00
-4.783534036084043706e+00
4.635535865184201576e-01
-4.785428120507553285e-01
6.982767135928364954e-01
-6.250196608353935090e+00
4.935259876626550302e+00
-3.043689656563779877e+00
2.262972465892291840e+00
-1.697337135545616160e+00
-1.009070632538233347e+01
4.635475293948485564e+00
-4.545813870108624144e+00
-7.023766245422359056e+00
4.259000675393068924e+00
-2.020239882629953687e+00
-2.325363384908031072e+00
-6.101216432870881334e+00
-8.023735384400020321e-01
1.906386928164901295e+00
5.913379916555411064e+00
2.223891115252760287e+00
-2.588672169285549107e-01
2.833827550164006226e+00
5.859229898137870984e-01
7.759077428391941034e+00
4.141792767396697883e+00
6.104216094677578752e+00
-3.241389935329938510e+01
-2.293071129397108621e+01
-1.491350196049226540e+01
-1.218377748350598111e+01
-1.104536333779045343e+01
-5.803698453102471788e+00
6.717688579389635706e-02
-2.771014072618068536e+00
4.983773070524553095e-01
-1.204120346413957821e+00
-1.795240045180399729e-02
-1.483283398494948280e+00
-4.166323232238824392e-01
3.934764945853464368e+00
-4.410228913912535909e+00
2.211017316951909284e-01
-4.190741492220777076e+00
-4.659302695173267672e+00
-2.815843467308891679e+00
-1.096274941409810744e+01
-1.524763974334653760e+01
-3.783251515378855956e-01
-1.151406878864580152e+00
-8.003861831032651253e+00
2.171226335386875275e-02
2.627325813567410684e+00
-2.333851099513556626e+00
3.687784403303132619e-01
8.310951262642646276e-01
-2.188069435339918378e+00
-2.588094487259268384e+00
3.283938540449832022e+00
-2.404720998225962081e+00
1.831127207188789185e+00
5.874992274739145870e-01
1.110279708181585168e+00
-1.552967802129520791e+00
4.923346822819503643e+00
-3.245528485461024903e+00
-2.924494500797052421e+00
1.163335725930691389e+01
-5.381936470802188843e+00
-5.616090069509216409e-01
-4.911809740094581045e+00
-3.589487800373314830e+00
-9.635613259629959293e-01
5.889043043368319630e+00
2.417036977172890566e+00
-1.197482904684261662e+00
8.913177802151212026e-01
-5.152103905246065985e-01
2.392047454216542413e+00
1.256697584495282571e+00
6.597223724480144602e-01
-1.320667018002962401e+01
-1.620582441424278208e+00
-2.075158658959897373e+00
-3.475913771336367475e-01
-7.858595271308982610e+00
1.257565549761351376e+00
-3.590187918250312693e-01
2.045550231346670689e+00
1.532710046585321687e-02
8.342706712540864933e-01
-4.061044054896256306e+00
1.271973867803234959e-01
-1.645572372756286539e+00
3.372113131650056241e-03
-1.078330044442836755e+00
2.954413320028717038e+00
1.259354345866839253e+00
4.904727098872977420e-01
7.356594040905817700e+00
5.101810326494872483e-02
3.597951568390681754e+00
-3.238997123523863042e+00
9.066208153507002709e-01
3.555935410600689628e-01
6.783857763181133649e+00
3.614384546541260512e+00
4.354077350065459484e+00
1.801498834070772270e+00
6.480320430927469566e+00
3.240148351989138753e+00
-5.259044968079616966e-01
-2.854699467329869123e+00
4.408187428608605352e+00
-3.065809159975769749e+00
-3.157365214398752951e+00
5.194182954319762624e-01
-3.022737969255019586e+00
4.808199269256962616e+00
2.220701730166163568e+00
2.839994936345286103e+00
-3.056874763562523079e+00
8.068108928436053873e+00
2.928780156305225812e+00
5.036207343739413034e+00
-2.033757581005722237e+00
-8.937854218127465611e-01
1.821766734264843146e+00
-1.072206104550654260e+01
-5.161938560982154200e+00
1.568246367744179137e+00
-8.317500709950417459e+00
-9.483141249732495837e+00
-4.631344715139193546e+00
1.501458258215996600e-01
-1.895127608779055350e+01
-5.683276550279330763e+00
-3.592751089407753007e+00
-1.988025473759989614e+00
-7.031374668802955696e+00
4.701485106966085681e+00
-1.379444428957167013e+00
9.370935025023982234e+00
-5.139110762433949375e+00
3.339029646120594830e+00
4.382145171025914721e+00
2.204731303275504484e+00
-2.695394872101325223e+00
5.688116336690968389e+00
3.158634436758010811e+00
3.065473245814538394e-01
-1.533454664014406221e+00
-1.446095584961985647e+00
2.705064481152281708e+00
-7.453578607377005838e+00
-1.267966987165266346e+01
6.255235179384811550e-01
-1.018111282832127706e+00
-7.166913119693612444e+00
-2.593540464121902644e+00
-5.218272839892308668e-02
-9.273610360523536211e-02
7.526454921924167429e+00
3.793648353013162389e+00
8.404351794861385727e+00
-2.515865987563773665e+00
5.427690203996594853e+00
1.576233086419186247e+00
-3.176120878728809771e+00
-2.211826345311737274e+00
-5.425884869056210924e+00
3.923508748221324893e+00
3.471559537324545364e+00
2.447784848306904681e+00
-5.112795533209575360e-01
-1.360549670230753572e+00
2.296001868010872471e+00
-6.279959469705568509e+00
1.140301101810379109e-01
-5.317464365136684634e+00
-2.743372937366679665e+01
-1.923787589825705879e+01
-1.644685342607796130e+01
-1.949166249881550428e+01
-9.428549003668647899e+00
-5.729495963856405361e+00
-4.087588855834027868e+00
7.841719919859145849e-01
-5.204540835659104303e+00
8.669623070626615302e+00
1.048931865362042792e+01
8.745170715414204210e+00
1.163844518790565274e+01
1.475161235220811129e+01
4.422970898256457950e+00
1.053191334218123920e+01
1.859035611703230284e+00
4.775191190860748058e+00
3.682371002377800906e+00
-1.722979622085197393e+00
4.647024244311477759e+00
9.704535107605237743e-01
4.269140428637723694e+00
-1.888403902892782926e-01
-4.416196486250634212e-01
-1.673205404108107697e+00
-4.554263169314959114e+00
-3.521441625038954082e-01
3.205093953143144159e+00
-3.189405980919324812e-01
-1.166132862082567945e+00
-6.111875356969884709e-01
7.387483048892403703e-01
-1.168001471068994102e+00
3.928249160375854032e-01
-1.596359114265886392e+00
-1.696033963268415379e+00
3.795640132500990860e-01
-5.756631931121347634e+00
1.679528325867933658e+00
-2.205888744946997715e+00
-7.588920509300309369e+00
-7.084808440029751964e+00
-7.483602277908421918e+00
-2.270034233221970954e+00
3.132451752761516328e+00
4.425258138989850210e+00
4.785462917479298639e+00
-2.724489725269987783e+00
-9.702038960262028278e-01
4.838782137269315164e+00
-1.803065421970275750e+00
-1.364446815813316727e+00
-1.847318082408162088e+00
-9.412128336293205777e+00
-4.089620708746632971e+00
-4.014758583294079308e+00
-3.515323215152258651e+00
1.781157807900364487e+00
-3.300494429535363317e+00
6.162110970143945821e-01
-1.557088533109771467e+00
-2.494378685852669530e+00
3.893983648379178292e-02
1.799048082824211692e+00
-8.674691163912794378e-01
-1.103903917581340766e+00
4.555450643402463307e+00
-1.108931605562974987e+00
1.496763408299402798e+00
-5.768035025558644335e-01
-4.584295305285014166e+00
3.385962570572039088e+00
-1.170049802391197047e-01
4.312179076719090176e+00
-3.621306321093313851e+00
2.827165917005262319e+00
8.931762519189753724e-02
-2.493259858096151138e+00
-1.436018295139660728e+00
-7.742774588248517720e-01
1.920266452784942013e+00
3.525467021492162178e+00
2.309535699647680129e-01
-7.522881157768449567e-01
4.483701394909639149e+00
-1.768874412609891644e+00
2.586196297533400745e+00
7.173298405820638379e-01
1.623629266044259944e+00
-1.152696235273534953e+01
-1.401386676374759110e+00
-1.178191725266525047e+00
-2.260287524380458546e+00
-3.856149227444899186e+00
-3.907690001538613345e+00
-7.218542323053200427e+00
-7.475488507219202106e+00
-1.776762584322068905e+00
1.961996096473030304e+00
2.150263794406264140e+00
9.142394522447500060e-01
-2.313537588513584708e+00
5.347945096061543779e-01
8.237921229495194508e-02
-2.123525941424764696e+00
-7.961282940399034835e-01
-2.347656713658410332e+00
-2.217954907939396758e+00
6.392504053502777728e-01
-7.654131589181973894e-01
-7.509572821441782287e-01
3.891769955624764687e+00
-3.362842634734732439e+00
-1.083821649676953436e-01
-1.272783578790918080e+00
-2.704253160438344850e+00
2.566074368438332698e+00
5.579520580301897681e+00
-6.264545593693211956e+00
-4.308543075918929155e+00
1.117774304285176790e+01
-8.006951475630550874e+00
5.694983139683983175e+00
8.144714920674150704e+00
6.288068623457484740e+00
1.953938302089461621e+00
-1.896376226375457996e+00
2.746385999634574748e+00
-1.576705748687088571e+00
1.575283631239263515e+00
-3.976582882657232754e-02
2.536716571402292786e+00
7.741394424191784251e-01
8.161106201577424946e-01
9.407959936878174112e-01
-2.319947928156994799e+00
1.072230296091728263e+00
4.751225257876824370e-01
1.494477240647246852e+00
-2.692842157938596381e-02
1.966846561101481372e+00
6.214607049402959271e-01
-4.892609061914191537e-01
-5.833878922794822230e+00
5.694637989384561116e+00
7.726614250052029620e-01
8.048849434215948895e-01
9.912015917297035017e+00
-3.903831939173528109e+00
4.585937033044343858e-01
-2.787602369107717415e+00
3.838253115517064606e-01
2.815596313751075108e+00
3.123607727196994421e+00
2.487712229431220390e+00
-3.857572611015449127e+00
2.565247869741615894e+00
1.357516130607920590e-01
-3.509368054153217953e-01
1.831129344967510897e-01
-8.850263579890067511e-01
3.852107068295831382e+00
2.159113438959483211e-01
4.193134427454816127e+00
7.302969200381134174e-01
3.024765649811612001e+00
4.169057161818502388e-01
-2.187498232456066838e-01
-1.102609547539412649e+00
-2.768943674641723085e+00
-1.502001882843275959e+00
1.197485772955397154e+00
-2.769316581884522788e-01
-5.970930702434131820e-01
4.329287137322606505e+00
-2.181855489050442465e+00
6.430114460250213604e-01
-6.354137727946911340e-01
-3.094735216428182945e+00
8.896653117075413064e+00
7.451515067911747003e+00
9.505374539893439945e+00
5.341254728005951913e-01
2.964719120064156055e+00
7.576272349964050967e+00
2.301412125847502654e+00
2.836481474995938612e+00
-7.765079575995282868e-01
5.595626607888433135e+00
5.990804047938385057e-01
5.879949829568767328e+00
-2.460394709707534044e+00
3.863842463449537856e+00
5.608244890862096321e-01
-1.096663487653314561e+00
-2.480709671690383367e+00
-3.650532351865961367e+00
-1.999535579479287062e+00
1.144090914462699171e+00
1.743719418658682407e+00
-3.908690987563274266e+00
2.206400046515050395e+00
2.141588745700996610e-01
-1.699957912091810464e+00
-6.323706081614519081e-02
-1.635981922019339896e+00
2.916844970277172530e-02
-5.554936306330593432e-01
-2.606863452314269303e+00
-2.831499214912990059e+00
3.182789621693722815e+00
-1.315875323227041482e+00
1.075279812108388189e+00
-5.414465845000835387e-01
-2.854925435662847732e+00
1.602861969225461758e+00
2.806060169926119396e+00
-7.474055799177713233e+00
-5.716534604917162810e+00
9.408767287598875484e+00
-8.990522524336009624e+00
1.315553215768290540e+00
1.373971373577031141e+00
3.287543953295756438e+00
-8.433081778955788366e+00
-5.153537632537415369e+00
-4.952777882480957850e+00
-8.682545150635629483e+00
-2.486420097775695837e+00
-9.386802715514798168e-01
-4.597048000668681134e+00
-1.860698484125787644e+00
-4.811667053860573806e-01
-4.101260954218482624e+01
-2.667269692007574378e+01
-2.153510495012073989e+01
-1.412837063597458886e+01
-1.318122355498507403e+01
-6.802389852481092625e+00
-8.897691201060430544e+00
-5.558606039829516732e+00
-1.225248007749686252e+01
1.469627404363544665e+00
-3.880288202645536533e-01
3.778077539338923430e+00
-7.326493323046088246e-01
1.661115345244169150e+00
-1.496526278215107197e+00
-3.046102163151903408e+00
-3.686707433001892742e+00
-1.913335885425857086e+00
-3.076634840712292540e+00
1.858994440995647979e-01
3.139291578744817901e+00
-3.877269379909345837e+00
-3.025721400327439525e+00
4.139734399132559695e+00
-7.952663517029531448e+00
8.539012702075819972e-01
-1.653992048193161590e+00
3.376173907447357903e-01
1.070515052558903113e+00
-1.358561461149050631e+00
-1.634266455583316846e+00
4.122597310530322190e+00
-1.312840969731621454e+00
1.332842623360190881e+00
-7.430342036840646980e-01
-4.405843899470879066e+00
1.243790258981868568e+00
-2.105059078837259179e+00
5.517804016434538106e+00
-4.357164899490288401e-01
1.967903346870723214e+00
-1.886963461199417491e+00
1.226608716853351488e+00
-5.211428693578076254e-01
3.251169212002607889e+00
-5.860028795028366488e+00
1.825311641188608558e+00
-9.680075459950169270e-01
5.866742966411323534e-01
-2.637985793384182376e+00
1.209690882726959904e+00
-3.377313530571095068e+00
3.148813897555889363e-01
1.469587448128983453e+00
-3.759619644061734878e+00
2.445889958286338928e+00
-7.358508464467343746e-01
2.159135454033022372e-01
-1.694433620069697000e+00
1.071894253577833966e+00
1.096792526673245449e+00
-1.260319255687903095e-01
1.720594449540979731e+00
-1.752616248093259799e+01
-7.135849706146172977e+00
-7.016700717662444298e+00
-8.031507071583630974e+00
-3.254219121721273034e+00
-4.865938599345552618e+00
-6.645912118005382396e+00
-4.622755457253776790e+00
-5.472936647346033467e+00
-6.465296420285834067e+00
-1.858594989143060650e+00
-2.168596626060173449e+00
-1.790510302658483877e+00
3.125917505753457171e+00
-3.353539294951066729e+00
-6.028235553193936891e-01
-1.819128263698510661e+00
-1.832054955864212298e+00
2.014553303687154795e+00
1.935609553026869767e+00
5.439136878779401441e-01
2.884514101940617525e+00
6.249001598514191791e+00
-3.739831518992358550e+00
8.782315123199472273e-01
-4.148654847353456354e+00
3.773574363163106238e+00
1.039847474833347007e+01
1.011596164383369434e+01
2.861628651537852619e+00
5.984629173837521243e+00
1.662426566905061520e+01
-1.037913561590394940e+00
5.035532017382161385e+00
3.939216003207790529e+00
8.223158833444360383e+00
3.194075593626302556e+00
-3.250013870939365557e+00
1.045844285260649542e+00
-4.707759947197782679e+00
-4.481289781471556322e-01
-1.180886457601248773e+00
4.747058693077364389e+00
1.781159939214532306e+00
4.453566348547760789e+00
-2.361499101257204813e+01
-1.456594573371556578e+01
-1.133940522731677447e+01
-8.876469960741987464e+00
-2.520474179212230936e+00
-5.431711601556532543e+00
-4.658720763781266427e+00
-5.141395504256411009e+00
-7.326002324707846292e+00
4.044882771734221727e+00
1.841226421833596083e+00
7.648034929339710963e+00
2.029134075391530789e+00
4.648518826591324427e+00
9.385212634162969358e-01
-3.554207878807040255e-01
2.737796364360444712e-01
-9.949232135760384121e-01
-1.161517283310347359e+01
-2.249846269525096254e+00
-1.989571950720256721e+00
-2.298957305860191702e-01
-6.723137340549124374e+00
1.543236829396560594e+00
7.467603632613596387e-01
3.832189906419792291e-01
3.153821071607295856e+00
-1.209043653143830443e+00
1.631218477496970021e+00
-1.931687759622857381e-01
-9.631781110011033986e-01
3.760474596887768861e+00
-2.570577679975959651e+00
7.195354546443384625e-02
2.199276586779483900e-01
7.472272329442032346e-01
4.229960063076870114e+00
5.343378242219700702e-01
2.190736468185711772e+00
-2.617446241889744396e+00
-6.874099816011970676e-02
1.713771494915004467e+00
-1.144139322644888823e+00
1.942492044075923685e+00
2.493829253364286735e+00
1.903751297036863743e+00
3.439244794535380123e+00
7.205353521960929097e-02
-7.962047653025359217e-01
4.655979382004001188e+00
-1.362120842060358550e+00
1.740028794418841063e+00
1.433665740226094609e+00
1.536339876012629224e+00
1.642050807318399475e+00
-2.062511788557416459e+00
1.750876867100345846e+00
-2.650297119156189485e+00
-1.454827900762668651e-02
-9.824066746499913183e-01
5.203408954836976630e-01
6.729286538490844571e-02
8.220868258347169277e-01
-3.202664415753011085e+00
-7.538777642026428971e+00
-1.976154492221705805e+00
-5.989918783070908859e+00
6.408621182044969833e-02
-1.526271557335662887e+00
3.152360732476444660e-02
-1.442294863747507927e+00
-2.537255855071111288e+00
4.071136568221229268e+00
1.525981511272078706e-01
4.165370326453044392e+00
1.346486646931930542e+00
3.225211416208496384e+00
8.216329783370932560e-01
-7.926613992189703028e-02
-6.377532565868145042e-02
6.083076596494788602e-01
-8.747813437760653343e+00
-6.120066458361791639e+00
-5.296008942932277641e+00
-1.037207018828112659e+01
-2.230434429132220231e+00
-9.283196134101686647e-01
-4.256398386921341981e+00
-9.707806548318389517e-01
4.232936733704836030e+00
3.262387795205099916e+00
5.667133365304016124e+00
3.525438582436633439e+00
2.496589008265675425e+00
2.381246920782181586e+00
9.919391926444933727e-01
-4.171532557715656453e-01
4.957806331876408734e-01
1.656998718614141719e+00
-5.592588130287897030e+00
-6.992990553154270650e+00
2.689353001030293733e+00
-1.521999959255977197e+00
2.438242127681454097e+00
-1.208896130103865207e+00
-2.605076923784635401e+00
-2.939385356097166557e+00
-2.608362765867034305e+00
-2.149627987877956414e+01
-1.103206977129406852e+01
-9.565229013983630679e+00
-9.105702029155837707e+00
-3.617989071077682972e+00
-5.482514836426318539e+00
-7.200537629271444473e+00
-5.367109835598157019e+00
-6.665538797645220725e+00
-1.581530442471063003e+00
-3.523104305556276628e-02
-2.093612739324413052e+00
-2.591318538032936658e+00
2.586442876305433458e+00
-2.737833225188981867e+00
8.199141114781272055e-01
-1.073885263120431866e+00
-2.187118204984170422e+00
-3.387659310908599952e+00
1.624109572379110134e+00
-3.348307654362203678e-01
-7.031727748766880559e-01
-9.162477593673995502e-02
2.349555880372621086e+00
1.153921888613670260e-01
8.631605471880481328e-01
2.782180117853275458e+00
4.773989665595133935e+00
4.989732075969876668e+00
4.219466056963754319e+00
-1.800105261702212633e+00
3.471900083999484909e+00
7.090986119201625471e-01
-7.245393974212043231e-01
3.576567666186030725e-01
5.888926696514054093e-01
-1.390753189251518362e+00
-6.790403115599723094e+00
2.754411190045251256e+00
-1.709663115728245586e+00
1.228587487236009856e+00
-2.444109585003348073e+00
-1.202868799449456239e+00
-2.667985164159639488e+00
-2.175561274917485119e-02
-2.813998677775269908e+00
4.873719770376804483e+00
1.918806503328438717e+00
3.886291802591773425e+00
-1.940391155905800413e-01
9.039219874422762535e-01
7.208973295941070170e-01
4.619615232540132954e-01
3.240160964055817772e+00
-4.920610594343889588e+00
-1.940656055896568255e-01
-1.803648046516299619e+00
-2.850334542214523648e+00
2.046048961356421891e+00
-2.071129400930153963e+00
-6.690129881159417868e-02
1.522500707697757694e+00
1.384375824572754210e+00
2.813313395339357648e+00
8.108675296291517620e-01
3.292536816527101617e+00
-5.311794448959627601e+00
2.070490902463931526e+00
1.255807044657040628e+00
-6.028250570620858007e+00
-3.329417945868655138e-01
4.040921864780066208e+00
1.946478656759501575e+02
1.189280176361277910e+02
8.161818800501971793e+01
6.060395903768198167e+01
4.488258197110912562e+01
2.333442039359159637e+01
2.254469222823139773e+01
1.231418340947451462e+01
4.696481163816839199e+01
-8.255154019495279938e-01
-3.067027282402293942e+00
6.722285575372118072e-02
-8.071614434056596510e-01
-1.728197770488264784e-01
-2.425333983304799101e+00
8.694397560026965177e-01
-2.184738484386187507e-01
4.845616612529108913e+00
-2.777588384802119492e+01
-1.911688165009189078e+01
-1.568538289014686704e+01
-1.234721665283287528e+01
-5.692980141325978849e+00
-9.352092215678489140e+00
-6.176005473140691038e+00
-5.739010171130732196e+00
-7.406725738176048957e+00
-1.592916681591350958e+01
-8.855789804091793727e+00
-5.340209376922124385e+00
-4.066328037251714989e+00
2.450809738762515178e+00
-2.219407474031804828e-01
-2.351016488528332893e+00
-1.553860543927147120e+00
-1.541300483419304701e+00
3.922474245435287443e+00
1.682979254992353013e+00
1.257439328777401277e+00
-4.533432853382346472e+00
2.424748061250454167e+00
-9.133970351465049431e-01
-2.438759493551925228e+00
-1.002669701202259844e+00
5.839839878140600682e+00
2.591552592585344428e+00
3.110398296631136983e+00
1.911381565958140405e-01
-5.585672467932008001e-01
4.766033768957660399e+00
-7.243091372253622762e-01
5.080334823156292812e-01
1.674458217536926030e+00
2.884791279897329197e+00
-2.425670966301302300e+00
1.242184974459371816e+00
-1.429898567922144093e+00
-1.757013118528485629e+00
3.690441171758093830e+00
-3.261458699700423125e+00
-9.642786661192900288e-01
-1.576847746205609191e+00
-9.161740285264259320e-01
1.154191160646899306e+00
-4.500186248264634870e+00
5.528758600618312036e-01
-4.780007484156902464e+00
-8.263348467272468856e-01
-2.268945884508424271e+00
3.889687005006449816e+00
6.310189550682256954e-01
5.397326128423278746e+00
1.550213842620038918e+02
9.891085836296630873e+01
6.069210936651420241e+01
3.716781061980620393e+01
2.941964828325852110e+01
3.667770444999369772e+01
2.260412768515885062e+01
2.629618020811528467e+01
4.038816860135926134e+01
5.268716236176619605e-02
1.083924406698676179e+00
-1.201342219515265208e+00
-2.257591661749530854e+00
-7.855505710630318328e-01
-6.245116048726793156e-01
-4.864191148809831944e+00
-1.891899599500107110e+00
5.836931011927835478e+00
3.227758013336334275e-01
-4.000769781265986147e+00
3.737976603122514230e-01
-2.785480369862896044e+00
2.105344699724369661e-01
-6.278443948817231668e-01
7.681783458203068626e-01
1.101585564951077068e+00
1.930107849912604756e+00
4.292823565129843644e+00
2.455678604661323261e-01
5.491358382350512990e+00
3.201988775158857714e-01
3.355033129278492510e+00
7.445391473864945153e-01
1.998630376245364770e+00
3.272117738632890571e+00
3.280086521309624636e+00
3.134182565883273153e+00
-1.293696614007042445e-01
1.334846103172588005e+00
-2.305744010320963433e+00
-4.093392081362730028e-01
1.288343564497807847e+00
2.491190545509597953e+00
3.797621093927175284e+00
5.121212646697430593e+00
-3.500551022965443515e+00
-5.375249508967351098e+00
-1.340106547883204990e-01
-8.355341551673090450e+00
6.507846342265080075e-01
-2.949970053647909207e+00
-5.090204059789351199e+00
-3.096701333365217579e+00
6.747006604380292316e+00
-2.720143227665008467e+01
-1.806815557990844567e+01
-1.503926310944108380e+01
-1.216779904824237235e+01
-5.629481205417832257e+00
-8.659364374424782795e+00
-5.574887737794127496e+00
-3.879111175355638430e+00
-4.586150810504913800e+00
-2.812850414026257351e+00
-5.642328690632125721e-01
-2.185750684164842639e+00
-2.628682042504562943e+00
1.883001655907683647e+00
-5.109384645400503189e+00
-4.805864358598606501e+00
-3.893932040934885652e+00
6.207368489849096171e+00
3.084309746577869937e+00
-1.505172946828387204e+00
4.092643272828667911e+00
-3.897762897462397458e+00
2.695910606429648304e+00
-3.143148710657631462e+00
-3.809904613320710620e+00
-2.952670426007932836e+00
5.338409662739927342e+00
-3.100368830175333379e+00
1.027114519377549523e-01
1.023269121054349196e+00
-3.560492135701476824e-01
5.961982911860954637e+00
3.824719855774076471e+00
1.261236557340914111e+00
1.342812559810022011e+00
4.697208650839431954e+00
-7.594603338380068180e-01
3.287593019454865928e+00
1.089108220544976691e+00
6.666561828293074421e-02
4.722085846911321383e+00
-2.022097143030912481e+00
8.436551193035549678e-01
1.272994152985046368e+00
2.027602360608149024e+00
3.281948842181547366e-01
2.159113605948746795e+00
-1.095824527109382635e-01
-6.590169716110116926e-01
3.776066851090179810e+00
-2.223939690800829094e+00
-2.025064350802317392e+00
6.711602163624924566e-01
8.702394024194777700e+00
-6.053165584344949446e-01
-9.901478632789604273e-01
-4.894074550171173543e-01
-1.239929032327888203e+00
-2.415802184910243344e+00
1.951996907476627685e+00
-3.254621881217650281e-01
1.349464045054994177e+00
-2.509772987329956795e-01
5.300124972755252628e+00
-7.244490845459038431e-01
3.474768268869488086e+00
-2.721773503444750997e-01
3.575680371578167982e+00
4.533575356636625371e-03
-2.225588885070019174e+00
-7.874478036705338801e-02
3.169909941795849839e+00
-8.144446960140616198e+00
2.061462294624549330e+00
1.205641628767745832e+00
3.829556024538590009e+00
-1.671434560204037245e+00
-1.616061121167552683e-01
4.436656078650650592e+00
-7.222379503717387683e-01
6.754543196047423592e+00
8.594145830260096375e+00
2.256082293160914798e+00
6.500772237201286607e+00
1.663171621455983074e+00
5.689344581001681611e+00
-6.033496847544744801e-01
-6.757523329819814073e+00
-7.968884161800965593e+00
-7.332983323850943869e+00
1.335921414984290623e+00
-1.142930839881885419e+01
-2.453239628622687718e+01
-1.426047073544906318e+01
-1.131698174691666914e+01
-1.104477207401792427e+01
-3.543433944739761365e+00
1.469081312785449400e+00
5.855165485218595478e+00
2.407739967241873114e-01
-1.851948093131467576e+00
-2.689209583272077264e+00
-2.119131930987672163e+00
-3.426164789274604439e-01
-3.942113843643598514e+00
-5.102241998431312098e+00
5.164983851967373418e+00
9.214235534947054163e+00
-2.657652133947409290e+00
-5.732389643872716434e+00
-2.468972540595736564e+00
-8.561361322779025285e-01
-1.180195768219168828e-01
-1.941016590111370732e+00
-1.293409430870913479e-02
1.918807967425600225e+00
4.492320869922378890e+00
-2.216846676141547334e+01
-1.283875818857485562e+01
-8.572647281867526559e+00
-3.837390769698511228e+00
-1.020493304725919081e+01
-3.872544742908180293e+00
-1.514370051668015194e+00
-2.598758325448248030e+00
-6.836120393968443842e+00
-1.407755618143665366e+01
-3.147018915562181274e+00
-9.339548008442390525e+00
-8.230270473756629457e+00
-4.924246173624809986e-01
-1.417603238505418695e+01
1.148192727969468363e+00
2.366536275189098149e+00
6.458183975554796952e+00
-5.898526155155930928e-01
1.005129595425895861e+00
-2.593841076856560623e-01
-2.210544154688863228e-01
4.383410979877903735e+00
-3.307365290904167310e+00
-8.132728744508256113e+00
-5.427074802742161808e+00
-3.681928674244429711e+00
6.930398764517407884e+00
-3.110489271609510720e+00
4.174523805477360128e+00
-4.855618540900891733e-01
2.478477775545462336e+00
-2.573131805858204224e-01
1.125466095651264098e+00
-1.044534756646224416e+00
-2.731059228791533844e+00
4.856177590825691937e+01
6.643453016426698277e+00
1.099154674999463133e+01
4.982228050052524004e+00
8.709469903296216842e+00
1.203340909655552515e+01
1.794806274850508387e+01
1.325191703088896489e+01
1.039596118971208405e+01
1.526778772986117305e+00
4.930162374163360006e+00
1.031563429694038581e+00
2.318551325635910043e+00
-4.283905381830521719e-01
-1.910210502309460101e-01
-2.662619060564541118e-01
-4.180747160775882265e-01
3.856043717107439650e-01
-4.205334333038316608e+00
-2.798398711568822472e-01
-5.088012768517510276e-01
2.157022707406864637e+00
-5.326793296085226892e+00
2.040097850965382875e+00
1.382327831876614121e+00
-2.776256732888402023e+00
-1.964539504819571084e-02
-3.166189697022447902e+00
-7.402066539787826471e+00
-3.115113535953728086e+00
-2.155806287703460722e+00
-6.444031664040713592e-01
-2.348211406636526277e+00
-2.184014385615685505e+00
-2.919603846066713415e-01
1.938106759869909101e+00
6.019946719187986517e+00
5.906418275601790668e+00
4.391567155813230983e+00
6.641045465381428592e+00
7.341141093294866415e+00
-6.585911183929492374e+00
-6.709930187097384646e+00
-1.026441572582869277e+00
2.784975309247399444e+00
-2.095029097647457039e+00
6.473889497775374702e-01
6.452887713592955210e-01
-8.059711307268926372e-01
8.943764917311171070e-01
1.258874606100276905e+00
2.740412364592325734e+00
7.427191775541630570e-01
3.805251561424442208e+00
1.176324721036182019e+00
-2.178979111187251405e+00
2.757408990496874601e+00
-5.208523894055296921e-01
2.907060280843047018e+00
8.484087219524673040e-01
-4.003188032546384223e-01
-2.136758488473031459e-01
-2.074542712804524847e+00
4.644291550119175049e+00
2.274876787173311321e+00
3.884102911998422503e+00
-5.777990430898677365e-01
1.516968013929435477e+00
9.151378134058014702e-01
4.746583205085097568e-01
2.037558050124090719e-02
2.902664620366430359e+00
5.744921453673778267e+00
-8.252111351016533369e-02
3.545060212053013249e+00
-1.172822005289081648e+00
2.114495117401934188e+00
-4.196230248045670352e-01
1.146051706509788604e+00
9.480006484144837264e-01
2.983719593057907460e-01
-4.359657460743166624e+00
-5.536823604101537732e+00
-9.453774993670366555e+00
-1.130927747188394727e+00
-7.930546909107397013e+00
4.079551505848800552e+00
6.826071332563526717e+00
1.274865876937421483e+01
9.517160714595878090e+00
-5.216292003725225834e-01
-5.499971934125718054e-01
-2.798434156129529171e+00
-2.400831409889646828e+00
3.622024492621044534e+00
-1.984272498709543475e+00
-3.348682007096696722e+00
-2.281667743071802423e+00
-3.102296448898086645e+00
9.577768352682019426e+00
8.223123027587019962e+00
4.818231163719524979e+00
1.371520410161480363e+01
7.674942106623102056e+00
2.432907085807578529e+00
4.205182590646792562e+00
4.523325620560433968e+00
4.792131655923808964e+00
-7.715382065076149765e+00
-3.747415088633346603e+00
-4.438215509867684538e+00
-4.166535029224687214e+00
7.085905113628393481e-01
-4.257842933504004002e+00
-9.948912624285904949e-01
-7.842614031949902698e-01
-1.593055650162707115e+00
-5.253913766194576951e+00
1.872869410090105191e+01
2.071623413370082289e+01
7.734664373085357703e+00
6.917795027105963612e+00
2.307245613817194396e+01
1.007217112667346726e+01
9.836343415660191880e+00
6.586736318013390878e+00
-1.030637767041144137e+01
-7.045570444197856830e+00
-7.454647607795120479e+00
-9.640331403716460912e+00
-1.702558715720545957e+00
-6.891972948982958425e-01
-4.462430043082973086e+00
-4.769220330764800231e+00
-2.139156623053425577e+00
1.115184841148680439e+00
-3.881055243929137921e-01
-2.194291658528758404e+00
-2.059028452821678457e+00
2.721042383206725646e+00
-4.523585284560322606e+00
-6.018258811303847544e+00
-4.605098688396645379e+00
-6.798880749342488539e-01
-6.084860107102591620e+00
-1.989672402744624868e+00
-3.140156724781336894e+00
-4.510489312113977078e+00
1.922906883431313441e+00
1.855250665113357567e+00
-4.283350608187200592e+00
-4.293949441136241774e+00
-8.413761291467278802e-01
-8.050162090293374817e+00
-3.773990702611096371e+00
-2.459053402244527398e+00
-2.006864688129754715e+00
-3.241813900804977333e+00
-1.104771460529675231e+00
8.963960616066035669e-01
-7.339934019180329727e-01
1.609457754557733322e+00
1.549291213488436236e+00
-3.365060007341225679e-01
-4.703212188901683688e-01
-4.252042217695111148e+00
1.938791550599208602e+00
9.856555337776842229e-01
-1.480635053243642307e+00
5.250836883326476245e-01
-1.019733310614053590e+00
2.173087929548079000e-01
1.683565472080969183e+00
1.482654939286097706e+00
1.357767516038315803e+00
3.321094072708934419e+00
3.888562221413407016e+00
4.416837701870738542e+00
5.435940468648635893e+00
3.900078639127298796e+00
2.145361762685980445e+00
1.041175889596169846e+01
-1.161095721494795008e+00
-2.764142813876561355e+00
1.094742939709419893e+01
-4.946105573316842197e+00
7.109433049398516502e+00
1.001373569198023183e+01
6.011277172928310542e+00
-1.841938765484557372e+00
-8.839698709083295552e-03
-1.291612950887228939e+00
-1.761056878375024892e+00
1.034214959590144867e+00
8.848275669780981678e-01
4.134167184166029685e+00
4.473787699415038510e+00
2.749254670682265367e+00
-1.129184516482595990e+00
4.407191823979851542e+00
2.409891044703110108e+00
4.482142192079253462e+00
-8.307343189864436761e-01
9.559602439436127863e-01
4.385246404852830793e+00
-1.058891321832575949e+00
-1.239417805401420158e-02
-6.166932394547450791e+00
2.440496094093668411e+00
-7.955800040296444331e-02
1.897871346456642128e+00
-1.885906545419341995e+00
-1.312754366660096927e+00
5.560863456153002371e-01
5.998043056110071714e-01
-6.059827257523656696e-01
-4.399980117489755038e+00
2.875743910239480172e+00
-1.741935741673149851e-01
3.000264249517393900e+00
-3.331580043017154935e+00
6.237451172909616037e-01
9.828846010703449210e-01
-1.073954954484381830e+00
-1.550074359122393552e+00
-5.787902771201379970e+00
-2.027042891594208029e+00
-4.313658144488520918e+00
-5.494733014612010358e+00
-2.670780309775203087e-01
-1.120799723188370844e+00
-7.948522157726257698e-01
-1.126876085895859969e+00
-1.123143812406709685e+00
5.230725572537264778e-01
-1.016482914377329905e-02
-1.393220895775816759e+00
-1.427851820470664279e+00
2.669767758143098302e+00
-5.999928215500849316e-01
1.300592835357354815e+00
2.433377532984398073e+00
5.801934118574734178e-01
-9.781498561249023282e+00
-5.617610530622409115e+00
-5.700676716848098735e+00
-5.440082230840848965e+00
-3.232739032617762409e-01
-4.413976769070457884e+00
-1.141642962647137827e+00
-1.130884668159088058e+00
-2.359635968904883363e+00
-1.864149751162193880e+01
-9.513065880994602708e+00
-5.827840602262885916e+00
-1.024047620381361412e+01
-8.501062593340909856e+00
-8.432728986720746889e+00
-2.485972961529713476e+00
-1.497997608990528362e-01
4.215545878481945508e+00
2.189778015276283296e-01
-3.047743837920851018e+00
6.959344258987817389e-01
3.728205665337404606e-01
1.927334033806875624e+00
-1.054153980860936590e+00
3.081193740444893692e+00
2.490600624936524898e+00
1.068800515505809345e+00
-9.710736845999354827e+00
-4.835386433867901346e+00
-5.035420701129412535e+00
-4.895983746094130673e+00
5.272371167155278648e-01
-1.585992381011348984e+00
4.912347608252590203e-01
-1.175558866046310103e+00
-4.054780482033626399e+00
5.811780691026710244e+00
4.382658554206195767e+00
-6.153806687054919955e+00
2.079415857413480673e+00
3.012594402444081165e+00
5.284283275807320074e-02
3.361251690012785787e+00
6.058052456929584828e+00
2.942791979954028303e+00
2.428632992825823789e-01
3.216563082644629645e+00
-6.607016739788625914e-01
3.650853165343523887e+00
-2.048906422795440108e+00
1.515946580635815888e+00
-1.051907647165728266e+00
-1.641957826373886098e+00
-3.920659919699834628e+00
7.253216549879332398e+00
-1.972110454618668074e+00
-4.273295474511798808e+00
-5.516404435422282759e+00
-3.897973048863635270e+00
5.195079398551910588e-01
-5.853794786458289545e-01
1.406996423942292074e+00
1.378664273381499994e+00
3.817867621728391114e+00
-2.058066511885253691e-01
-1.190630039638051363e+00
-3.588906655492141606e+00
2.771199486080261565e+00
-2.793856676067344447e-01
1.584020064641769698e+00
1.472801723961046472e+00
2.513257870942177341e+00
1.106843295399410998e+01
-8.975973078150794038e-01
6.658627759059042361e+00
1.734441775734360869e+00
3.820595723966867752e+00
-3.042347238442098534e-01
-5.801631945926573053e-01
-3.520897709213038684e+00
-3.770345252656273516e+00
1.506332559613403177e+00
-1.377625613892371925e+00
4.796923262248565578e+00
-1.010405480639354203e-01
3.459272650616427747e+00
-1.593337086961751636e-01
3.644952306848303625e-01
1.038197587334494854e+00
-1.807749471078042625e+00
3.368697457176656140e+00
-2.118653673499129031e+00
2.133880568835195390e+00
-2.637091184442690750e+00
4.845336770929338233e-01
-1.777405562568602271e+00
8.663056378615934250e-01
1.185772728952413230e-01
5.015607151188503643e-01
-2.823333381813199483e-01
1.483923265825690452e+00
1.344404829535436052e+00
6.996626238631550310e-01
2.020187338011460998e+00
2.942580430214792209e+00
2.311781043241609268e+00
1.635279940034132240e+00
-6.055747110056438620e-01
-1.329599977035628022e+01
-7.942631567652572722e-01
9.055335206198178000e+00
-7.855589761868182475e-01
-1.677071871790577484e+00
6.923284381489272832e+00
1.380848548511598439e+00
9.851878112432897738e-02
-3.991393821180562629e+00
-1.075417622647690807e+00
3.350736373866403106e+00
8.578940293517065552e-01
4.099002632830237580e+00
-6.826579711595714972e-01
7.604991029787275814e-01
-1.450700434052836885e+00
-8.721493699125038024e-01
-1.951274971411258274e+00
-1.284193484075649039e+00
-2.230693398256814675e+00
-7.044024926819092425e-01
-4.823465387686804995e+00
7.745604209376081295e-01
-1.329125384125777298e+00
-1.285396449676008690e-01
-1.132219432905126055e+00
-2.206269843623076543e+00
-1.865941828199838781e+01
-5.968796827891448942e+00
-4.839113154331392330e+00
-7.425739870226163442e-01
-6.967875358164702604e+00
-8.390974513430234927e-01
-2.870319734588014704e+00
-2.082944682021182548e+00
-5.429927452743867455e+00
2.485487450146037780e+00
-9.371701566444189169e+00
-1.112507232573502769e+01
-1.094696098206756041e+01
-1.187690327757377240e+01
2.889272328091602837e+00
-1.953963431473894286e+00
2.360402844635762332e+00
3.126068743267770844e-01
5.317871426392219547e+00
4.208263000191128644e-01
9.030728600889174063e-01
-3.390607390700345558e+00
3.323940834737650007e+00
6.069100207897942800e-01
-2.186453543533131594e+00
1.473155181749122300e-01
-5.822980892620078786e-01
1.205573760934660399e+00
-6.128800955336621836e-01
-1.433830903688781522e+00
-2.775279312940551080e+00
-9.823988140571273675e-01
-1.696764726236123844e+00
8.967726160771174460e-01
-1.021271727682729002e+00
-2.357051305964979804e+00
-7.548377858752397529e+00
4.516963429324035495e+00
6.021902055580015123e+00
1.121124049042071968e+00
2.121874326527025900e+00
2.809732746970893924e+00
3.085605130817115516e+00
1.651553191407915566e+00
2.777305115775927646e+00
1.346697091358866505e+00
-7.224232547069716404e+00
1.882875886273192856e-01
-3.563524869960175145e+00
7.832509375769304283e-01
-5.934145835238935351e-01
-4.542329333943513348e-01
-1.955987594143654640e+00
-4.070430837711736416e+00
3.037973555171250561e-01
-2.676571207289387466e+00
3.246965071034605632e+00
-3.020538820080640896e+00
3.104417040115575066e+00
-9.133224424255743656e-01
3.448643083948558452e+00
1.974723445677414757e+00
-6.023425598569790568e-02
-3.108446800146983380e-01
-2.578797999017724774e+00
-1.242904886626007066e+00
-4.984569702783355538e+00
2.380974173157218488e+00
-2.057595109328740346e-01
-4.461770620543374477e+00
-9.544872877202863481e-01
-1.069713668560930753e+00
2.025229542273410566e+00
3.898003836856525073e+00
1.558738869212616729e+00
6.670937493847830524e-01
5.415854928601280704e+00
-1.198078509308112272e-01
2.658948390618621094e+00
1.016979071314442207e+00
1.742902862828055455e-01
5.214781358572026626e+00
4.697741178889875968e+00
5.277136051449604182e+00
1.078306099423062214e+00
4.314709991595748306e+00
3.258313134171020864e-01
4.607845562471160505e+00
2.690621100942975463e+00
-4.770287240316822830e-01
3.658667286913295236e-01
-2.539046860943714012e+00
1.591383136104248308e+00
-5.973289624118867103e-01
1.287145244698391755e+00
-2.412814000131003223e+00
2.106782702615319192e+00
1.279020621217878739e+00
-8.512058388583310098e-01
-1.382368831491328498e-01
-3.776537995671432668e+00
9.362355260903487686e-01
5.816976135627253131e-01
2.335752925189221951e+00
-2.163200237125242065e-01
-1.599551936443787348e+00
-1.225783412387258631e+00
-1.022443911087603796e+00
-2.688920754652948997e+00
2.075924035797773737e+00
5.652632921152949130e+00
-1.230618492043203949e+00
8.415377142556501600e-01
-1.917818828885051063e+00
-4.020932491191913982e+00
-2.159860006167702462e+00
7.163078427526232694e-01
5.809247805377144580e+00
3.909900861692592766e+00
6.934143845861005850e+00
1.676474103025073825e+00
3.550610468197742620e+00
4.092568664188747540e+00
2.314410466553175727e+00
1.033115070129320578e+00
2.029839124588336929e+00
1.453413804808222132e+01
4.476928802243621774e+00
1.127831502892480131e+01
5.897860287750318342e+00
7.267891069899784284e+00
3.706918110742563055e+00
2.127508799193451594e+00
1.737356185164974642e-01
-2.956440685117814660e+00
4.359616015005451928e+00
-6.888641105191269098e-02
4.787587735457102589e+00
-1.663453270031871822e+00
3.961934408957429543e+00
-5.186661712207369934e-01
-2.167889726315820997e+00
-2.740044774761101198e+00
-3.712924566483702282e+00
1.243969696378562473e+00
-3.052035442939833754e+00
1.042112935604451396e+00
-8.785880899115809939e-01
1.327786398542564861e+00
-9.485441682319107892e-01
4.401846572669294133e+00
4.352706415485946501e+00
2.202447888091119133e+00
-1.108191305611428490e+01
1.311728118874129834e+01
1.354435712930624369e+01
5.769816258210531679e-01
1.009728601033865525e+00
1.676658890627767562e+01
3.118485652644206407e+00
3.600860768242109877e+00
1.370504564628169275e+00
9.267587097270085783e-02
1.604915598815072952e+00
4.101416115710351251e-01
-7.227269359895602263e-02
4.719008694147013294e+00
-1.348700091568454107e-01
-8.706448215742578212e-01
-2.587023949041994619e+00
-5.572671372065518547e+00
-8.997005255058232454e-01
-3.818586614980653771e+00
2.730429513428926924e+00
-3.802312754884812573e+00
2.620969937532523719e+00
-1.531247112974539304e+00
1.484778944451244476e+00
4.030106366969458120e-01
-1.723146012932055493e+00
7.148119513642831713e+00
-6.921585137813382360e+00
-4.769166905536779133e+00
-4.755371174826111158e+00
-1.195579601694386485e+00
1.096561272774717599e+00
-2.969913146130952253e+00
-1.902540350426840776e+00
-5.693467578612732005e+00
2.751726564405648778e-01
1.901201245809369000e+00
1.751040541703557385e-01
-4.456079009592688878e-01
2.821702857667218733e+00
4.465229598782491371e-01
3.188543006566211702e+00
1.899482198523280374e+00
1.505131473502294481e+00
5.374092704737178039e+00
1.193029074031827674e+00
3.518834468526395032e+00
-6.771994394002848194e-01
8.993080897777420146e-01
4.024879050989471629e-02
-2.338460530327309161e+00
-2.086631670177088171e+00
-2.932762904208848997e+00
5.806224776849415736e-01
7.005856348298500347e-01
1.056872361487728673e+00
-4.506909487598897535e+00
2.459177700308075476e+00
1.358898640793031687e+00
2.649926399900010221e+00
1.976151142821382267e+00
8.485510890848816379e-01
7.251402904461529131e-01
-1.602851338059139508e+01
-2.336915816186680672e+01
-1.235357962994106273e+01
-1.877049015217048478e+01
-6.409294459182592441e+00
-7.974578731162344170e+00
-7.521687896728133538e+00
-4.614280031902930013e+00
-5.631187137497385642e+00
-8.722179485056721360e-01
-2.775974695335995612e+00
-3.841299940448383854e+00
1.579002382642035185e+00
1.013942791277120170e+00
2.827469275042166164e+00
-1.476586228513082633e-01
-2.096608693453508643e+00
7.469854167112689458e-01
2.548105769611219262e+00
9.138919838475674240e-01
1.737355085558679235e+00
3.542416863290712037e+00
-3.167239295591315340e-01
-6.181286651568908219e+00
-4.338935277972042037e+00
-2.387691328999527407e+00
2.393330135512315326e+00
4.300151667636114894e+00
4.470419277380262568e-01
3.734483107052635753e-01
1.077276873290337722e+00
-5.017130880231757573e+00
2.346774448447404460e+00
6.889379504168889889e-01
-2.314836568087602076e-01
1.226979927370341228e+00
-1.125508706407226356e+01
-1.711767449777659822e+00
-4.726740733075826206e+00
-1.064005335483286574e+00
-4.773175839678775567e+00
-4.374961103332251966e+00
-5.402947664266367411e+00
-5.723551529274156557e+00
8.134552713921308964e+00
1.226576147571600828e+01
1.048262422346535239e+01
1.265412181442285799e+01
1.111827034777336642e+01
-2.888299017299594595e+00
-2.129060862550292477e+00
-1.978932299970016739e+00
-3.952852697863076248e-01
-4.868819021334887864e+00
-7.251457058979914549e+00
1.140638154828362838e+00
-2.095288010299584336e+00
3.051961608515490809e+00
-9.628560895873016223e-01
3.721142629044636441e-01
1.381554922039811006e-01
-2.675234081671960418e+00
1.137378411736709394e+00
2.629331631687612969e+00
-1.814795016715177109e-02
-5.952972254474493408e-01
4.745590550135722729e+00
-4.945625734925566674e-01
1.605098251838899648e+00
-1.024733248045867628e-01
-2.343209537085830796e+00
-2.723986399967718963e+00
-5.677634153962188845e-01
-3.426029446912961962e+00
-4.060409437626497642e+00
8.210452992877759204e-01
-1.381495126769966442e+00
2.836802759214331449e+00
-1.359403029660026518e-01
-8.900033590664858663e-01
2.398108765294753919e+00
-2.074257066138316188e-02
-5.457224296799078056e-01
-1.202412493759442480e+00
-2.559358817903215844e+00
8.959767109731309187e-01
5.732078807144264099e-01
-4.890280054469778315e-01
-1.719686213617402926e+00
-1.366324291087706655e+01
1.465557944258353018e+01
1.163450496518383304e+01
-3.341528642773030633e+00
-5.071450244015723641e+00
8.927792069825178700e+00
-1.670995693937490367e+00
-7.264046546286848649e-01
-1.319878667231760005e-01
-1.034817651781933856e+00
-3.904166015948955515e+00
1.140668967097151265e+00
-1.957197466007607911e+00
5.932359773168949246e-01
-2.007619123875455269e+00
1.744690925147921678e+00
1.826379128558147880e+00
2.710178065337568443e-01
4.693286929940432728e+00
3.976271753303435741e+00
2.225760056992463820e+00
-1.254661900342442404e+00
1.969064728230851324e+00
7.745891415990238116e-01
1.724255140812382514e+00
2.325002968542874360e+00
1.778857720200403003e+00
9.782327526019117814e-01
-1.586958902038010155e+00
-2.548342782964798658e-01
-2.532238506295513503e+00
-8.264268950183626394e-01
2.758660904539105840e-01
-1.406040840020227112e+00
3.642126862095312334e-01
9.912805277914468194e-01
4.058683154134902438e+00
-5.133310391645290460e-01
4.083109357957249053e+00
7.302716987173936136e-01
4.106012883431424676e+00
2.834608224791848596e-01
-1.814967582742494256e+00
5.442048981765104099e-01
1.444414265371631867e+00
3.160155733770282360e+00
-1.099535060360031791e+00
2.879886504402696890e+00
-6.905477915665074740e-01
2.783589513956547190e+00
5.697978991333885190e-01
-7.112253345457582032e-01
-1.244202225300659270e+00
-2.115924445064703008e+00
6.280681775155518842e+00
-1.019845900066662026e+01
-2.731840992528628664e+00
-2.188052373001024176e+00
-4.376019805254920847e+00
-3.933682818076802867e+00
-3.114075322682747782e+00
-4.534561039398197657e+00
-3.832095237675872568e+00
7.138505533264671854e-01
-3.900560119880621901e+00
2.569069055882611696e+00
-2.041215741880678891e+00
1.793828059646831674e+00
-4.420869539969201623e-01
7.806997208179624614e-01
1.705858683071469484e+00
4.248898778179032720e-01
-1.552253842450450394e+00
-4.586779398489675863e+00
2.732326229847983345e+00
-6.313117856673270412e-01
3.958828986650622550e+00
3.115607664703780033e-01
2.837310547783432391e+00
3.348269263012036312e+00
-3.009219023947947158e-01
-7.414409661571122467e-02
-1.009100833372159750e-01
-9.146615296641797954e-01
-1.475183476614447597e+00
2.486392082570000994e+00
9.338760148168530062e-01
3.989336071065188172e+00
1.638686290397093126e+00
-3.168587450126152949e-01
-1.319393511913104500e-01
1.221532965382586600e+00
6.988209341145403819e-01
1.826307085406783992e+00
6.463925378193080995e+00
-2.078397479409601178e+00
-2.334235318106383239e-01
-1.739795316552271265e+00
-3.870758696931559051e+00
-5.213730855321836444e+00
-3.942527538676651844e+00
-7.084683465664376456e+00
1.477389902783210696e+00
-7.464071766806694264e+00
2.201598639794475343e+00
-3.266236492989771922e-01
-1.806170663377418384e+00
-2.489582178763730891e+00
2.914039415602986072e+00
1.075692300702522974e+00
-6.157235468329035760e-02
-2.607190371132774853e+00
3.352930063007706352e+00
7.859661155883188033e-02
1.388200568541796187e+00
1.803520882459411112e+00
3.819033173028151928e+00
-1.494544432758933183e+01
1.858497693614314983e+01
1.363486157385271902e+01
-9.289841495327679777e-01
-4.605894542095436250e+00
5.942342170577336269e+00
-1.797538289517214283e+00
-8.897534755136247142e-01
-1.304252044587281611e+00
5.455373337852773119e+00
-6.717290642755251451e-01
4.561891745573918300e+00
-6.853610155758353695e-02
3.489781183417373089e+00
7.042556074277006584e-01
7.946830929569517199e-01
1.331310545694813996e+00
4.412911506177381593e-01
3.543831234070849323e+00
8.047391302599612439e-01
1.518304787868357986e+00
-2.865280390886524309e+00
1.307914858886559673e-01
-3.273171453155335531e+00
-2.872451739284503702e+00
-1.969627229887043196e+00
-1.918971823750093897e+00
-4.228696431987160054e-01
1.107623017172448820e+00
5.086177892890870744e-01
-6.927901587628906288e-01
6.278150209920282943e-02
4.470271621483628555e-01
1.821538660194701731e-01
-1.691436407255072272e+00
-3.248240607239195832e+00
2.543336919068831303e+00
-2.806622289354058442e+00
1.153856745680380325e+00
-2.714646393677516034e+00
8.584947784603044196e-01
-1.019761365294566513e+00
-5.115778692039565367e-01
-1.517083984136924357e+00
-7.744036756152010703e-01
-9.820068205849844745e+00
2.809655243166292449e-01
-4.346027627721348874e-01
2.078240873557505974e+00
-5.044859306411169086e+00
1.201975877982649710e+00
1.641360168372669959e+00
-5.436664169169728167e-01
-6.298172827919493733e-01
8.363514298537442215e-01
1.978034534536833755e+00
-1.189569880875016306e-01
-8.074286565313197883e-01
3.106652112985760716e+00
-5.047219697551881268e+00
-4.780931401175807949e+00
-2.958325468846950912e+00
-1.084320131140345950e-01
-2.987674966143206157e-01
2.265538472566728689e+00
1.540597226901914696e-01
5.380683424576803153e-01
2.474982558794566412e+00
-5.403466015346604756e+00
7.187079383468339966e-01
-5.109000185708376662e-01
2.870420673072782702e-01
3.530422535768585668e+00
-3.520726684460514733e+00
1.368863270211621463e+00
-3.691297570344921120e+00
-1.124419241924221158e+00
3.897065853623860598e-01
9.134825680045971508e-02
-6.971909398346572972e-01
-4.848655446470018782e-01
1.192290988337432012e+01
-3.797227766295498075e+00
1.562415525871145627e+00
-4.198149804064111201e+00
6.261589487054597392e-01
1.262238209943367107e+00
-1.257033813958373658e+00
-4.993114211927250912e-01
-9.718858496469884312e-01
-5.719751632540544861e+00
6.507492615396189173e+00
6.468290943396354464e+00
-7.489523231017123805e+00
-9.489654178143579699e+00
3.991421754600628535e+00
-3.933364285434073793e+00
-2.610792609009048082e+00
-2.436377902368355386e+00
7.160612630170485327e-01
-4.365780779976524251e+00
9.238628967970746730e-01
-3.132967087506552062e+00
1.367483921823310133e+00
7.131843947643439208e-01
1.792357624379242065e+00
1.404864558504714811e-01
-1.305903206121679538e+00
3.309492618724917123e-02
-2.126760123815385928e+00
3.625175059179233106e+00
3.908514149942773130e+00
-9.869965263808807565e-01
-2.080179993153718696e-02
7.786052152783485836e-01
-4.341566139499124510e-01
-9.610938926481829014e-01
8.024761448025092392e+00
-1.753283451597632325e+00
6.341128737126953574e+00
2.693504934244749016e+00
4.897166942209160823e+00
2.657333706633530301e+00
6.169362887069289592e-01
3.331121617208652741e-01
-2.203208236556940314e+00
2.667962180661954452e+00
-7.306055917482458639e+00
-7.218517490963786365e+00
-7.174369099353146595e+00
-7.971192329747099237e+00
5.471229666420296844e+00
1.866631754053797998e+00
7.467562167169764509e-01
-2.654345780348604578e+00
-3.270483119010996753e-01
-1.387901263816528008e+00
-1.194756160039380788e+01
-3.293523401993629474e+00
-2.247257513053554590e+00
-1.140290592270080533e-01
-1.385219374207311283e-01
-3.217713444057407557e+00
-3.689925267598599401e+00
4.045551955653118870e-01
2.153622308067360880e+00
4.846404495777777433e-01
-8.670829018564962798e-01
8.365427188819601900e-01
2.168307726666369284e+00
2.562811566909067196e+00
1.526373084751231346e-01
-1.816561756951754703e+00
8.662935980010631809e+00
1.011568332442904783e+01
7.991704484106589845e+00
7.492776689304548654e+00
1.064223731412831242e+01
1.612392163243415277e+00
-3.296551378232468021e+00
-2.537362654160022934e+00
-9.848068966806222679e-01
1.652316110541486971e+00
2.091426229726260022e+00
2.440896890676651221e-01
4.977442018369461763e-01
2.259567371844162675e+00
9.985511316195569975e-01
1.830445619073034491e+00
2.834478070656690551e+00
2.152899103638081790e+00
-4.543591743622403811e+00
4.450121347585521470e+00
2.019858183273905983e+00
4.062321792950726262e+00
-4.215672964991995286e+00
-3.014281624993952469e-01
1.737135885344593511e+00
2.616588954099907660e-02
1.914520732113652590e+00
-1.872401370590261749e+01
-1.000424991686712772e+01
-2.918040689601423487e+00
-4.149894454584017289e+00
-1.069793769560759333e+00
-1.494753959079865524e+00
-1.659677385665879523e+00
4.890707973905505934e-01
5.888508189407838378e-01
1.094238903871503243e+00
1.054957741728035581e+00
8.273434838150666160e-01
-4.549422030368994285e+00
1.763445481374931401e+00
-6.527878336699992623e-01
-1.018998247924863820e+00
-3.663534095711767913e-01
1.611816952793287128e-01
-2.352778806524132094e+01
1.353182356897120409e+00
8.754642294694782834e+00
-3.689544591445076627e+00
-5.955178855792446768e+00
-1.199366585973558941e+00
-7.263010528806968402e+00
-4.978424452218922269e+00
-5.742029005206719106e+00
-1.145914054891287170e+00
5.124506496375281550e+00
2.022169327422856711e+00
2.721386115035845599e+00
5.209958250005615632e+00
6.362435527597047447e+00
-3.223610979444552216e-01
-1.366350680374750493e+00
1.703522712732139510e-01
3.635229352809975722e+00
4.323758003600914002e+00
1.892575094394978841e+00
8.387324767967346828e-01
5.624367029308076305e+00
6.533570256975836099e-02
1.984786511355310479e+00
-2.373516300481507690e-01
-9.890014842669977435e-01
3.842079611319601629e+00
3.069435303830064132e+00
3.012305993718808583e+00
6.403520749441418580e+00
7.608402474888301903e+00
-8.026749241889678643e+00
-1.083376521694451755e+00
-2.466679862308134297e+00
-3.223522240520418247e+00
5.153761929602996616e+00
-9.052939510844453253e-01
-5.405581067062069645e-01
-4.159724301851670525e+00
3.272849572438095489e+00
5.310474615367714035e-01
1.123203157913899242e+00
1.792005572174570904e+00
3.482316092338932023e+00
3.130236568665524799e-01
3.504837530914048371e-01
-1.286287625183309746e+00
1.589930617806541102e+00
-3.106725275707797884e+00
2.331871906905648828e+00
8.688406240713318907e-01
8.175235583168574127e-01
7.901623193687540292e-02
1.097750168628968659e+01
6.976535503228570079e+00
2.848062031206698652e+00
1.228286889306041729e+01
2.956485239560711520e+00
6.564611055483764446e-01
-1.776682947162386839e+00
-5.295133457412775968e+00
-4.927007252213220667e+00
6.139695217594931531e-01
1.215794373213602148e-01
-3.914616349712014137e-02
1.934888986753614537e+00
5.103797354297645583e+00
-6.088264469355963548e+00
-6.449660082525544569e-01
5.704399726068434123e-02
1.429696387153111425e+00
1.365718095223058093e+01
-1.127876028989097179e+01
-2.040097812948781009e+00
-6.508508431746074407e+00
-3.258975606910159861e+00
-5.083656605046673604e+00
-5.744458035188182876e+00
-3.460760397348383588e+00
-4.403849729664194079e+00
2.600149578557692243e-01
2.172788127121933144e+00
1.536856304595856981e+00
-2.659540921194883278e+00
2.158037667706388607e+00
3.689196688565657412e-01
-4.125965738535179450e-01
1.856530481576965791e-02
2.693094819986714406e-01
7.916952216222211680e-01
-2.237670121004696089e+00
3.243106667401138843e+00
-1.826720752546906024e+00
2.738263334747176980e+00
-1.361176692756812745e+00
-4.213698180258743875e+00
-3.558604640818036291e+00
-3.429237326151008958e+00
-2.006159512113300902e+00
-5.882698823949518818e+00
-1.013636361113099627e+00
-2.168502849379844832e+00
6.985284060171386145e-01
-1.086291192880860956e+00
-1.749556952191374304e+00
-1.740424266027246203e+00
9.693449727253183879e-01
3.314879150415557696e+00
-1.039493250598251040e+00
2.318096290935000692e+00
-2.066459037533152632e+00
2.054406109880824172e+00
-1.084065503542303688e+00
-2.426527397031581934e+00
1.221487700095635898e+00
3.603988709513973543e+00
-2.764031566219982139e-01
1.870128072428763666e+00
-3.447927621897339256e-01
-1.499164240551724703e+00
3.003039666772973071e+00
-2.381425866194548213e+00
-4.480855646980232143e-02
-2.312034138881234047e-01
1.425770750717143320e+00
3.521523775076023099e+00
2.120456645751047198e+00
1.994633984533651594e+00
-9.320072337486391412e-01
-9.059720157041726285e-01
1.337554316043976010e+00
1.083022440189330277e-01
8.153822663767344991e-01
7.094148816608683017e-01
1.012062808089869481e+00
6.154373556156554903e-01
-1.619474917066814124e+00
-2.180580455381994742e+00
3.227597932204654629e+00
-1.424743910923672807e+00
1.772186153074461590e+00
4.810541908967009839e-01
1.224805502767716270e+00
-7.762430457900076908e-01
-3.419687211401809535e-01
-3.143544899158684292e+00
5.451208150495283178e+00
-4.570419138806677495e+00
1.472997697073629153e+00
-7.925147293894180267e-01
-2.153024481264464107e+00
-1.567331636127616390e+00
2.718215654703997952e+00
7.516707969586445159e+00
-2.489148004937473235e+00
-2.931680122976509484e+00
8.960612138534235882e+00
-5.110964778562542499e+00
1.239563811390380632e+00
-1.521186915053539312e+00
-2.060461092663917970e+00
1.504327070236040731e+00
-2.553152222690846074e+00
5.768403078254598082e-01
1.769062437988957737e-01
2.002261482692377470e+00
-7.145804103053018386e-01
1.386774509274872447e+00
1.225861761436091157e+00
-1.547983247802067641e+00
-2.111721840352603685e+00
3.284780627612608056e-02
-1.899386551863172290e+00
-2.247019416975023276e+00
1.745505213234266328e+00
-3.867187787811684263e+00
-9.313727725974314531e-01
7.028551917978066443e-01
-3.775244453005766609e-01
-1.651302084052189700e+00
-1.959175903338642000e+00
-1.335485307170076519e+00
-3.471818416511784466e+00
-8.472717391200466075e-01
-1.260451584131768055e+00
-2.044798734055467193e+00
-6.434114917011591883e-01
-1.124481476397351409e+00
-1.251519617175456123e+00
1.361630437260569204e+00
-3.643162509341961730e-01
-1.438548118450153179e+00
7.715673143357434371e-01
-2.678305881074851236e+00
-1.856344542344844362e+00
-3.023521476341571645e+00
-1.178146040216156987e+00
4.495745067656528038e-01
3.645837783427351431e-01
1.577147230993959093e-01
-1.965895303409193273e+00
-9.502267835834662391e-01
-2.149982031972022423e+00
-2.694534418512576579e+00
-4.467516185002969875e-01
-3.325277101838849392e-01
-5.804137064139313296e+00
-2.100241678630560660e+00
-1.625901340177458465e+00
-4.429959504604755738e-01
-5.876881807298848237e+00
3.360391416857727576e-02
3.060481039589462160e+00
2.625316389762686331e+00
2.793984223290783664e+00
-8.244064173971737963e-02
-3.485360955598334698e+00
1.105077590543819488e+00
-2.858951170203873904e+00
4.876413824243670536e-01
-1.491035152444332157e+00
4.435135677490541217e-02
-8.055467609313986532e-01
3.344959461184494609e-01
-6.386813394660503795e-02
-2.927246780324850750e+00
1.013428645937440198e+00
-2.949340590014781771e-01
9.910440571255760833e-01
-6.137495385850455509e-01
3.093523145764431326e-01
-4.106257356180776918e-01
7.820631916633656866e-01
-6.318128100607955488e+00
1.528409888111534054e-01
-1.151195520852470455e+00
-2.450552696899277114e-02
-2.846913137822336459e+00
8.775677659647818096e-01
-1.435253699095524915e+00
-4.201952058324702755e-01
-5.066269756615212616e-01
1.813406447315192516e+00
-5.247563063133720007e-01
3.716831596901468249e+00
-5.038940906347649795e-01
1.632656271600650078e+00
-1.207953446447528334e+00
-2.465725243519051035e-01
-3.621256217115622067e-01
2.321636019639109261e+00
4.730946231572788485e-01
8.409879886647284586e-01
-1.395676301852706080e+00
-1.279510408427489754e+00
4.235558810953470754e+00
-2.018563230586351676e+00
-7.717761633126555276e-01
-8.484872502138992578e-01
3.240580817578668782e-01
6.934014209128521955e+00
-2.297009956351490217e-02
3.260618527577393344e+00
-2.791755541333344581e+00
1.157437176655746081e+00
1.406958114651109648e+00
1.701820427088939214e+00
1.215966925629379247e+00
1.445528657750998036e+00
6.036424813827596658e+00
3.031656045438338998e-01
5.142503117086506537e-01
1.173134281552373759e+00
1.619131663128295484e+00
3.787382212417873539e+00
2.474278843230843794e+00
4.130622983642919244e-01
4.989669854305058272e-01
-1.009771452078258136e+00
-2.873983950231902895e+00
1.664766431350455322e+00
-1.909404891773223367e+00
8.240725901592130809e-01
-1.383600939219410630e+00
-2.694205222806417943e+00
-1.963429348146931153e+00
-4.723881926821114630e-01
-1.339096827703963211e+00
-8.451179288319163874e-01
-2.782926325688844571e+00
-2.416365166390196162e+00
3.003073227243489463e+00
-3.500007912931553555e+00
-2.249608725826810929e+00
-9.154248442268112518e-01
1.266301750658904712e+00
-1.793144981444053698e+01
-3.067734083430535108e+00
5.520063861450723586e+00
-3.341595631575425607e+00
-4.780643400651355179e+00
-9.864059728551423101e-01
-3.896409159846407455e+00
-1.543756024830750251e+00
4.963394517575388937e-02
-6.657895688098511400e+00
1.077485392349109006e+00
-1.965477947414412174e+00
1.343698493133315353e+00
-4.168564780593782437e+00
2.165556523326334748e+00
-1.405558794230541420e+00
1.466432653487971249e-01
1.503271437219307061e-01
-9.208020999964589004e-02
2.591165670294291790e+00
3.615172147955169724e+00
-2.176762000448215328e+00
2.202913014954210880e+00
2.002467225266355566e+00
3.840592489281037469e+00
2.080930619939324711e+00
1.536939491576457595e+00
5.052802830087952835e+00
5.067994519596692449e+00
2.788189458086425709e+00
-9.709228916341777760e-02
2.197530441281921210e+00
2.129366927459457881e-01
-1.629626438167347757e+00
1.723604012787257056e-01
1.866940487578058638e+00
-1.389140648130710476e+00
-8.595383138178361859e-01
-1.070635409589043352e+00
-1.392680905051224993e+00
6.800891221947484855e-01
8.597673387340863949e-01
3.808317865844536243e+00
3.262126739557848154e+00
1.171551571188782281e+00
2.792831977152982592e+00
2.785607340884619809e+00
1.499237776449130699e+00
-4.602661005218540158e-01
-2.517106936689806229e+00
-2.039057383867517892e+00
-3.290366773424207025e-01
-5.859464246360291950e-01
-3.495330638731002360e-01
-5.455592333562146123e+00
4.998824882537698855e+00
1.693755348514689452e+00
3.105277364513582938e+00
-2.425455489902169415e+00
2.639140034629539056e+00
1.981681691312819904e-01
1.802906624427641713e+00
2.226450034796258581e+00
-7.360241075461969373e+00
-1.788085813016756509e+00
3.087384047313086022e+00
-1.383258617372001620e+00
9.354721940467737584e-02
6.679428351441337730e-01
4.914900195705363961e-01
7.762677133234445748e-01
1.354778588137965922e+00
-1.217604936178990682e+00
-1.337051212343791562e+01
-1.485612161937330100e+01
-3.928781485294023934e+00
-9.278446106134127902e+00
5.545651546496185524e+00
1.903583544352720758e-01
5.991599103872556897e-01
7.705222876936721477e-01
-4.097190203526498986e-01
3.122809385345500566e+00
3.959783818556094070e-01
-1.270642406473885933e+00
3.641384986614829344e+00
-5.181234280332066566e-01
-1.915975380418737661e-01
-1.570471522539535481e-01
7.301394863189292206e-01
1.283965715612742997e+01
8.188573054538904605e-01
4.338062921187963106e+00
-1.548287701402158323e+00
3.196151373306524435e-02
9.147473066451947687e-01
-1.899562504229069526e-01
-9.262382676473202014e-01
1.066480201819402618e+00
-1.388464566912249865e+01
6.471406098640845039e-01
-9.415290942738280933e+00
-9.988800870705274448e+00
2.528336308822459522e+00
-7.254950809247670662e+00
1.111923969176626947e+00
-8.561132456823240811e-02
-9.204678870562170434e-02
-4.542904714981046421e-01
3.165350663330038561e+00
2.131971464211085132e-01
-1.462487375725833205e+00
3.351450217450460567e+00
-4.045326293344581603e-01
7.877152205455287826e-01
5.627541978180152643e-02
9.067524327344738122e-01
1.484517910114270256e-01
6.039021471415382258e-01
-2.580453421207372422e+00
-2.825459592214889071e+00
3.585356462975341163e+00
4.519346216718651554e-01
3.960011551346630743e+00
1.338326586441775268e+00
1.336484068674775427e+00
-2.058889379907445694e+00
-3.665724986085016290e+00
9.355598076923050677e-01
-3.703956487059714586e+00
4.538128519990587972e-01
3.367385678937447890e-01
2.685945210751100598e-01
6.088074313534060922e-01
1.400269919742195057e+00
-1.210956236461732782e+00
-1.579893889447752664e-01
-1.150082836992180280e+00
-2.078492720664910642e+00
-3.097078353661664174e-01
1.504996890400299492e+00
3.801495748179286593e+00
3.059999329346314134e+00
1.745451218593867981e+00
-3.105573393098362001e+00
-1.477586267897570638e+00
-4.247731101896913053e+00
-7.963433288041225744e+00
1.511882448238000443e+00
-1.388704500862582902e+00
1.628653754826860700e+00
1.233739452215466326e+00
1.701280489623275605e+00
1.334361189713648699e+01
8.125100481736355462e+00
8.198626492218597406e+00
5.857205105651885901e-01
3.718755511359010946e+00
8.151247048823608843e-01
-1.312966316576801740e+00
9.693185140035534553e-02
9.267054752078642821e-01
7.567569366494881322e+00
1.107976119642028801e+00
1.316614107016336632e+00
2.773822688478830401e+00
-1.154237973538652318e+00
4.869280977192196325e+00
3.939282089332551084e+00
2.204990452604518314e+00
2.261940840408970921e+00
-1.578029018161740238e+00
-4.069460452054257438e+00
-7.435466320793967521e-01
-1.809885206726105311e+00
2.868142263591339503e-01
-5.486078067850936879e-01
2.180878337042150950e+00
1.152483487113365346e+00
1.228002619870794399e-01
2.010924618277105669e+00
1.671423077451376915e-01
4.282457121144379819e+00
-1.630441568821338061e-01
3.196763709785384933e+00
5.764255337202465190e-01
-7.453739229987316195e-01
-2.448532355605535504e-01
5.445114217551630942e-01
-4.796485005156516102e-01
2.533218929840130862e+00
-2.158401284095106398e-01
-1.638341966659172977e+00
3.011960752688825238e+00
-2.159987300250514330e+00
-7.194385096718817207e-01
-4.058640613666558150e-01
-2.409386513196420110e-01
1.722421848382872822e+00
-2.767113783352605494e-01
1.155391076634982195e+00
-2.979676330146087349e+00
-1.083959491632046523e+00
4.189268860947606074e-03
4.525083739133554106e-01
1.208100892166712015e+00
2.073443663240238932e-01
-2.284851782571987400e+00
-1.610473149531550963e+00
4.575594443929564825e+00
-6.373421355656517795e-01
3.260014946819917547e+00
2.282057199023804106e+00
4.319629317498617560e+00
2.318632625349442922e+00
2.444191538393633678e+00
-3.062379075018019758e+00
-1.152516196558704076e+00
-3.134472937654002145e+00
-2.890902752543550225e+00
1.685921900105868954e+00
-5.010415475558316345e+00
2.560493841139396487e+00
9.163296683126282982e-01
1.065402809150770791e+00
-3.248470298836649284e-01
-6.878443823583192396e-01
-4.538340001473759044e-01
-5.607375898346750986e+00
1.530166281777858517e+00
-6.755560615737208341e-01
-1.459263331218331627e+00
-3.879126748702284577e-01
-2.857806906729270513e-01
-1.023517252133672395e+00
4.478710234293772352e-01
4.860272052352806682e+00
4.520448837561685806e+00
1.019612206658983555e-01
1.077253124084791791e+00
1.054243242055873608e+00
9.982211435035714953e-01
1.414329551072915914e+00
7.120445189141550557e+00
2.089601785238674181e-01
5.488502301552331986e+00
-9.493694066587293756e-02
2.233182053881277440e+00
2.045367386273244215e+00
2.973635477007103400e+00
5.852757948289661893e-01
1.554533909077141507e+00
-1.022029617105462407e+01
-3.847116406293930257e+00
-1.416766690162838183e+00
-5.719083037514269385e+00
-3.056643037550482056e+00
-3.261115124036629176e+00
-6.902921695714770989e-01
2.678629679317139356e-01
-5.259662107692067989e-01
-1.941512065335215587e+00
-6.764906412163319560e-01
-1.716790708498979967e+00
-7.419695054449561011e-01
3.591285107390949083e+00
-5.554650425986781492e+00
-1.007437109836503142e+00
-1.040116924435087326e-01
2.129861513156223296e+00
-2.245802377098270464e-01
1.273415347958421817e+00
9.740419232208510358e-01
8.871122818165434742e-02
-6.817792925059942277e-01
-5.051276070025847886e+00
-8.169404878673212522e+00
-6.175479845536190560e+00
-2.392156129310182511e+00
1.053413085686928818e+00
-1.304993162164889142e+00
-1.864561561866158179e-01
3.946118208854470399e+00
4.547565901646758668e+00
-9.061403333476006239e+00
-1.282118153859607701e-01
9.659668391246934993e-01
2.045243951418862061e+00
5.021474421140732503e-01
2.292271232828876570e+00
2.818193774726380219e-01
-1.109856240355769685e+00
1.097092926142894775e+00
1.342789221966775193e+00
3.631820284221999096e+00
2.928982213886345942e+00
1.312934285670471324e+00
2.137815105894817691e+01
-7.838595970585617856e+00
1.057802193344297426e-01
-3.139435995694159764e+00
-5.212408144338144256e-01
-5.337860129715017443e-01
1.276158780006355631e+00
3.949798227834148689e-01
2.463421981601017219e+00
3.614787759603947936e+00
-3.497790778599392802e-01
1.680148263594691826e+00
6.591836465488821739e-01
2.187642118352944198e+00
7.972787244728974931e-01
5.979580569726249628e+00
3.459536829406794300e+00
2.205532785260662987e+00
4.412234075630652619e+00
-4.613132765490885134e+00
-3.444093752330404268e+00
-4.193515903243426379e+00
-3.134455824719025063e+00
-1.660285400172379022e+00
-2.210609301418514860e+00
-2.117359905291294364e+00
-8.452445900631669895e-01
4.820237396593036294e+00
-1.131344625536033321e+00
-3.765115344655039498e-01
4.429217651280882961e+00
2.633802776449126526e+00
-4.465086545804600959e+00
8.404176371578401250e-01
2.176345185585788933e+00
1.318422545545607338e+00
8.526817526713675877e-01
-2.751559888237471885e+00
5.363000674618933594e+00
3.750855037292573635e-01
1.694555802646669385e+00
3.728929149311259184e-01
1.013570546574271702e+00
5.207013725976216145e-01
9.159036157433821934e-01
-3.101814329848836316e+00
-3.222118687938123838e+00
4.335035789247478455e+00
-4.177483329614770646e-01
2.427390194842119708e+00
2.491525089179161268e-02
3.986411497105450397e-01
7.143438281514262744e-01
9.254609858937051792e-01
5.020994518009221963e+01
1.214493723646157797e+01
1.631812639504873985e+01
1.075293363215735809e+01
1.191734125590413029e+01
1.221818215389702900e+01
7.891478316343936150e+00
5.023779752526685627e+00
2.846873864787063280e+00
-1.655533097833082667e+00
-6.121847452465924988e-01
-2.183671154624099664e+00
-2.274560341873841374e+00
1.494880741040524708e+00
-4.129887204695486425e+00
-7.510965248132033256e-01
4.301286575807107271e-01
1.099709275090341887e+00
2.244454081109503729e+00
-4.158843380443234317e+00
-1.912091574460555110e+00
-6.439294452298764959e-01
-2.090401035422129628e+00
4.473025787809458365e+00
5.383929553285035086e-01
-1.145621906238200483e+00
-1.428092020929766059e+00
6.361957071422534582e-02
8.575496940371367671e-01
1.982544975635493811e+00
1.894273553120571663e+00
1.260910312472578232e+00
6.814229218218974538e+00
3.900112508439877779e+00
2.156398275883492310e+00
9.781617874716221905e-01
1.695724130986466704e+01
-9.078614544346436332e+00
1.084671494875294684e+00
-4.565954825758386626e+00
-1.764475590969049490e+00
1.980077351058178392e+00
9.245560610594290019e-01
1.396708565682170056e+00
1.918713876454653855e+00
-6.333923108597643292e-01
2.262210697895580269e-01
8.039043866320678966e-02
-7.415173878180658651e-01
1.453166130845244819e-01
3.019204497939385945e+00
2.343336686289274162e+00
1.317385439666742597e+00
1.281460979953130463e+00
-1.934064083886342766e+00
-7.240341595781937256e-01
2.575900876654368399e-01
-6.620247607699819348e+00
-4.736267108378941160e+00
-3.284165545002033504e-01
-9.692049871977431730e-01
-4.582081395153446701e-01
-8.992509915820594557e-01
-7.893274130375701247e+00
-1.681931387075026763e+00
-7.514837497005111278e-02
-1.794653822117051156e+00
-2.840539147591767399e+00
3.308433974395370014e-01
1.947431826285817236e+00
-1.211070945777298069e-01
-1.420157328245158779e-01
2.770180362554194975e+00
-7.216439451340537214e-01
5.309558662558767628e-01
1.821065795680554933e+00
1.606281617729967914e+00
6.125891504331932857e+00
3.335245703103559389e+00
7.414085243958093985e-01
-9.908416042353465625e-02
7.025609963794131829e+00
2.128301243183980063e+00
4.066885144763668691e+00
-1.034051560403566050e+00
1.978220926092934207e+00
-7.174401245793851079e-01
-2.439753096096445972e+00
-6.301534428670406696e-01
-4.374627696593624653e-03
8.112466737543849726e-01
1.713873204248685278e+00
1.820311396817983374e+00
-3.597948650450372376e+00
3.097221596694083257e+00
1.490994571206717856e+00
7.190255423106680643e-01
5.384598630822408083e-01
7.103571592140614510e-02
4.864270692081651970e-01
4.733105139086777768e+00
2.236984179375856474e+00
2.254742232737063201e+00
-2.603695936521039922e+00
5.650823291605388654e+00
-2.830255718164482293e+00
-2.246747815666922665e-01
1.054634562493885541e+00
5.985900377716018461e+00
-3.258231623968220081e+00
-5.411406853665611472e+00
4.128868930555584349e+00
-1.728593557794022129e+00
5.085952488853397568e+00
1.541034484382430847e-01
1.672666333999159427e+00
2.435698788266838832e+00
-1.509477843607508196e-01
5.104889346054138244e+00
1.136189058031437549e+00
1.001034999290058458e+01
4.773309135922487734e-01
-2.343036152034404587e-02
-1.172685429019263426e+00
3.450091503753606736e-01
1.268604029853701132e+00
-1.278436039926467371e+00
-1.268393276300980155e+01
-1.435858789764576926e+01
-3.189573558480114812e+00
-7.445641131043751137e+00
6.820802375102863913e+00
6.544751286402720192e-01
1.694523267251532239e+00
1.375549073723839610e+00
2.380798138289610399e-01
2.806682089524599188e-01
1.284772450215996842e-01
-5.297405490754291790e+00
1.983009277215655564e+00
-6.853490760541662563e-02
-1.567448319230677845e+00
-5.766866105428058997e-01
-9.611800780285049139e-01
-2.150565938779160469e+00
-4.540941127735686145e+00
2.802370305679051654e-01
-2.427629617524431627e+00
-2.500305098913818691e-01
-1.359914343675831860e+00
1.663048411478328159e+00
8.037895959762396680e-01
-4.374810010879363609e-01
-3.381008826360898389e+00
-5.391548601963450871e+00
-9.501682202040608871e-01
-6.454134854286930789e+00
-1.948765413875886976e+00
1.933032137998425340e-02
1.064335923644335047e+00
2.001800962143339413e-01
2.107144819551485387e-02
1.643784733231949735e+00
-7.133956390025256722e-01
3.335280244161299645e+00
-2.444192203042641065e+00
1.362530539834870158e+00
3.175259701091395770e-01
1.609295409474786887e+00
2.896442973755049000e-01
8.100738878620494798e-01
-5.333126515964719871e+00
-2.508230574089110210e+00
3.956087554992653299e+00
-1.119128888966235857e+00
2.353555299186462293e-03
1.540019060447892718e+00
1.841860598240604219e+00
1.300017369993684557e+00
6.227092208409824581e-01
-7.838749052314146759e-01
-1.727444518004234375e+00
-1.925474211289233128e+00
-6.218178352081847216e+00
-4.380286550837091952e-01
-3.476219465238091111e+00
-3.861425524543194987e-01
-2.924573403963769413e-01
-1.127776899939020971e+00
-1.583156186178950442e+01
-4.479427833329532760e+00
1.382802319998694372e-02
9.269513270698069851e-01
5.926612660704357882e-01
-4.721741683439462656e-01
-1.189155277486302342e+00
2.138421242066382011e-01
9.769019635786779787e-01
3.749239716235489794e+00
-5.149984849157460687e-01
-3.055681267376088694e+00
6.703246701176809985e+00
-3.230892382854407607e+00
5.416272897229005956e+00
7.942337534531414278e-02
1.205014923482049249e-01
-7.684744206977937031e-01
-3.975529535736520792e+00
-5.223032964670261791e+00
2.473396123546917291e+00
-3.573447176974476669e+00
1.473890754899930822e-01
-2.342146456868569260e+00
-2.264836095147071848e+00
-1.459566311930291960e+00
-1.053341096039786207e+00
3.307744171434756186e+00
8.439073179705157690e-01
4.214979822743861959e+00
-5.551659287129001585e-01
3.597167039364320473e+00
1.281419325697329636e+00
-1.378528876223030331e+00
-1.660174684206403128e+00
-1.651713401391506686e+00
-9.986013512426143990e+00
2.791958882727699542e+00
6.072128760946197273e-02
1.999620696518379370e+00
-2.949306053139308936e+00
6.419584178432560240e-01
9.960995615676951909e-01
2.107311377875129565e-01
2.320377970890546704e-01
-1.682456478318304605e+01
-4.357788746135325297e+00
2.132554665566598062e-02
1.136775549155236709e+00
5.331868002321195066e-01
-4.616284729041771340e-01
-9.446072756028266459e-01
-1.095354771484059020e+00
-1.637283739582775510e+00
1.173484984230320993e+00
2.581145892247601381e+00
2.175579912432836494e-01
-2.771105984122904431e+00
5.323263536793738204e+00
-3.594576186087897973e+00
7.294709220435410257e-01
3.188237709692792743e-01
5.342878262237430453e-01
2.791989132628022174e-01
1.518704709287652443e+00
-7.473262177046341437e-01
-8.879644394593391166e-01
4.442178349229797263e+00
-1.242862827545841986e+00
1.163675955467440515e+00
-2.182830120842235710e-02
-6.869279778795240876e-01
-2.285440707050381715e+00
4.502458094448745785e-01
-1.749105434892330946e+00
-2.144305326955615154e+00
3.154700165671863399e+00
-2.075460439199976914e+00
1.180730201474399443e+00
3.314835843376522928e-01
-5.545108678595555007e-01
2.490453245100822666e-01
-2.924495256287326317e+00
2.268636935511664232e-01
-3.981385184392913335e+00
-1.045433375851217761e+00
-2.372111848463546835e+00
-3.951358754008738039e-02
-2.332940680159796831e-01
-1.838226402277965743e+00
-4.255248147208620324e+00
1.898567882093427084e+00
9.148772728126337572e-01
6.639807775505548459e-01
-1.578826899772609815e+00
-1.056907258682292516e+00
-3.459270950585040083e+00
-6.662754871980546278e-01
-7.528115649520025210e-01
-2.663956142041624897e+00
1.413580426305451887e+00
1.199440538926584532e+00
-4.712549242617985357e+00
1.672127191602571061e+00
-2.728664227451371160e-01
-5.440281125487834712e-01
-3.932636136345964428e-01
-1.453951888493620226e+00
-1.516901198698297239e-02
3.947975398240965994e-01
-5.448224141620514605e-01
-5.961888887038933049e-01
-5.389101338296050869e+00
3.539207186800613636e-01
-2.235806697496398154e+00
2.661979549928459310e-01
-2.268834895939944932e-02
5.812435401618117892e-01
3.346097999853561600e+00
3.554432823602010849e+00
-2.842320839038061209e+00
1.418247370189350764e+00
-1.091893433018875426e+00
-3.032368812465665808e+00
-2.289338585318313690e+00
-1.377559877242956921e+00
-8.474951724063245706e+00
-3.846703376709320055e-01
-1.081287392968783179e+00
7.519588668263745834e-01
-3.815677668702781133e+00
1.734020360802050575e+00
-1.141604918431926574e+00
1.425450855856777166e-01
2.142715370814563536e-01
-1.429115108151558733e+00
-4.064747727726984117e+00
2.500864466096158201e-01
-1.707780087275351910e+00
1.333818850953559565e+00
-5.408858430109590998e-01
-1.779555347856416558e+00
-6.620848179599728711e-01
-6.613846855349180265e-01
-1.263102520658073491e+00
1.008002846690800869e+00
1.871343295517078342e+00
-3.248780728894934633e+00
1.362031883145778055e+00
1.277797293929808509e-01
-1.792361551378017559e+00
-2.116421162052807003e-01
-8.841415651976932688e-01
3.228373752602769819e+00
-4.057048581093528061e-01
5.030521487713234263e-01
1.272202210266288214e+00
2.737715450865914946e+00
-2.622331428119389907e-01
4.435455106737500763e+00
3.204980132503785217e+00
-1.333420030272272627e-01
-9.365814621054046052e-01
1.322891109949783761e+00
7.141774361766380919e-01
-6.768600462295671916e-01
-1.654723640810772611e+00
-4.484105086929760731e+00
-7.250171221099927621e+00
-5.161337312266393695e+00
-1.694710880699408673e+00
-5.335498720401224970e-01
-4.110296488037595286e-01
-2.189527678871006966e+00
-1.965255246915750709e+00
3.491771643651793600e+00
-2.750901088395989458e+00
-1.384943948857979334e+00
-6.456394742761332184e-01
1.079219976085262100e+00
1.396696753234882848e-01
-1.302946163879073360e+00
3.040238590847677003e+00
-3.216200896667353870e+00
7.727675277386809594e-01
-9.744709386006749074e-01
-1.477075275628848106e+00
-1.465808732796590075e+00
-5.984979658420078730e-01
7.313926043239613595e-01
-8.405496463153759867e-01
3.310291645544591432e+00
-1.430665094971299789e+00
2.397221450581425550e+00
2.506482214799482522e-01
2.204438287012916720e-01
9.495367974013743106e-01
-4.667624759522168709e-01
-3.514621700964753792e+00
-2.930899827035650773e+00
5.308753608391980627e-01
-3.245325468710506644e+00
-6.030367198008278473e-01
5.399069438153229761e-02
5.475484549992856165e-01
-1.350116333865874485e-01
-6.422863197307646654e-01
-4.226372624166703673e+00
-6.282037605811245928e-01
1.877300405416289231e-01
5.624470150801188506e-01
-4.866148694253346285e+00
2.801661533637067159e+00
-1.779812889293931263e-02
7.722065980199874780e-01
1.538747962016333348e+00
-3.395965858782934887e+00
-1.574876031708234425e+00
-5.367320826983262627e+00
-8.665695377273111788e+00
-1.521408242519509457e+00
4.769813720682777869e-01
-2.374646117940453771e-01
-7.287799620355191188e-02
-3.175412198452005064e-01
-5.390890556366532138e-01
-2.061958269664426968e+00
1.930759772323834111e+00
-1.097947189448393424e+00
9.233186527741437111e-01
-1.633907702869879852e+00
-1.774783267378827079e+00
-1.341072473520196207e+00
-1.059816572052685979e+00
3.947263064363811802e-01
7.973478878269735226e+00
4.323891009659623919e+00
4.542716056799719127e+00
1.167264393401466149e+00
3.051959493784420108e+00
-1.739649882750726961e+00
-9.918025713995017867e-01
-1.331725913129149896e+00
-5.422396627011552006e+00
-2.780087658132718964e+00
-3.876757506436091738e+00
-4.037289449395326635e+00
-6.227550594389436256e+00
4.862720748025727846e-01
-1.608429808554146412e+00
4.743962643586039363e-01
-1.909589608531477301e-01
-1.169257333447602853e+00
3.757394050236358973e-01
-3.438396185765394186e+00
-4.145820525132599244e+00
2.059386450317750583e+00
-1.201877451554645093e+00
1.209059875854473498e+00
-1.989145766715581798e-01
7.354469242791768224e-02
-3.474754811000391186e+00
-6.379238438540812961e-01
5.812736670576915898e+00
1.068546441633343447e+00
1.954222077972741278e+00
1.915480127967530866e+00
1.429502384923925895e+00
7.746423527027307410e-01
1.648902536926095119e-01
-5.114516909110526477e+00
5.083774687459954755e+00
8.923324849832431349e-01
2.434021430513260142e-01
7.029461555383105242e+00
-2.054121487874634333e+00
-9.420595417540568450e-02
-5.934455549226977933e-01
-2.612009267044707039e-01
1.970700532848570052e+00
4.815228181546546082e+00
6.452087135897872194e+00
1.888786076569285655e+00
4.066167168896162032e+00
9.557174432200464809e-01
7.546951104068295724e-01
7.883354988234330119e-01
1.721308474789624288e-01
-1.077407519800869101e-01
6.291338100160422941e-01
-6.390408681086454656e-01
-1.125323031917474736e+00
2.708696139947761594e+00
2.422135609817926305e+00
5.304636466363007230e+00
2.638520503420537011e+00
6.684287565970638001e-01
4.379169694804811108e+00
1.367705354166723231e+00
4.443185121911938040e+00
-2.342585556146724368e+00
1.965893236789012732e+00
7.113896740418804709e-01
-1.537933917044813414e+00
-1.455015146657002933e+00
-1.591396680192136426e+00
3.091796750313668518e+00
-2.427949311728630488e-02
3.232416744629677652e+00
-6.513032776548056679e-01
3.599429178946084384e+00
1.368175545131555149e+00
-1.061420195908059361e+00
-6.707945627452940318e-01
-9.982608636761615140e-01
-1.204640705963797132e+00
1.453076867147212292e+00
-1.044850416220671541e+00
-2.942787964881994345e-01
1.296701559621736277e-01
1.775253567427093726e+00
3.262543126373499414e-01
1.852408487236624213e-01
-9.353074450843262833e-02
-2.788198305714196934e+01
5.555052566384152790e+00
7.344578861287182292e+00
-3.441929285503496860e+00
-7.851617757707544776e+00
-6.534280067607684650e+00
-6.037360684105404829e+00
-3.955210094540299259e+00
-8.268572117072252592e-01
-5.307160868720223190e-01
-1.120806975817103979e+00
-2.743183603225843203e+00
-3.128464950181237825e+00
3.316289645901281613e+00
-8.472577421053811841e-01
3.615780266528606512e-01
-4.829572406654280003e-01
-1.871421701306490992e-01
-8.586596641381720740e-01
1.872342354063037728e+00
-7.864937212622085116e-01
-1.258817755866356469e+00
3.607627689311757369e+00
-2.320718088160178105e+00
-3.361694099466664976e-01
-3.975091359790926537e-01
-7.487286927577240236e-01
2.045161400246822581e+00
2.072054310932212040e-01
-2.745207284050673380e+00
-7.552306304488289435e+00
-4.228131092168962435e-01
-1.147076522372365570e+00
8.092891131669931459e-01
3.789803866657823206e-01
-5.052171766879095527e-01
1.439582146540512309e-01
2.325614883291543755e+00
-4.927504786341052601e-01
-1.641435850015540598e+00
3.911530364906492530e+00
-1.025995260132094300e-01
-9.494642802161242789e-01
-8.895380162200855478e-01
-8.663899532475420884e-01
-5.095290866080137704e+00
-3.779272991199038589e+00
-2.898564412589429651e+00
-3.536682604635654759e+00
-4.815218793736554481e+00
-2.508996033426960093e-01
-1.755421041573880903e+00
-1.718028964287178217e+00
-3.543420738132113890e+00
5.242257012196934518e+00
1.170485428415328855e+01
7.121152039517813392e+00
9.697699948635376543e+00
1.237982504264343930e+01
-4.845468856771686816e+00
-3.201019823845913104e-01
-3.555867748815204066e-01
1.136413797408821758e-01
1.235309152096445473e+01
-8.907998359685954881e+00
7.003623494080277734e-01
-6.052288763004971095e+00
-3.414421107406808265e+00
1.038452756242039143e+00
-8.616620450013454668e-01
2.082986564535700136e-01
1.024897796717744392e+00
4.796749884201476632e+00
1.882366920646187936e+00
5.753955763374222876e+00
-2.640698940250436610e-01
4.219894184589718655e+00
1.881020783216469816e+00
2.105129785542444676e+00
1.206684014983311792e+00
1.629608203623814200e+00
1.207046306292151483e+00
2.353409107661122768e+00
4.390649286281822050e+00
-2.028081411227258712e+00
3.497117871967616448e-02
-1.411468141860122483e+00
-3.506606561246886633e-01
-2.168236941060626422e-02
-7.110228824262888603e-01
-2.389762792185792684e+00
-7.253140866968893485e-01
-1.216975332781390584e+00
5.108080323937432832e-01
4.484652409674899864e+00
-5.855891849010932404e+00
7.176361703716432894e-01
-3.794068293052936802e-01
-1.033648192667847354e+00
-2.371094844991698025e+01
-1.411272918580636748e+01
-3.046105480793615872e+00
-1.013025463980800467e+01
-1.043132522133863738e+01
-4.790868952358320887e-01
-7.092161049136451734e-01
2.305284989776968940e-01
3.466310608963467099e-01
9.061254172317928512e-01
3.243917558848809612e+00
3.816442867349407297e+00
-2.373850902603236612e+00
1.937586182629778220e+00
6.471485213759287092e-01
-4.505355073371683505e-01
-7.653421655329314399e-01
-8.108736553114094248e-01
1.465081598631554849e+00
5.514947418760227649e+00
5.041717981990141872e+00
6.990486594598590564e+00
7.576930037361084835e+00
-8.230172063592959830e+00
-3.216443893112800878e-01
1.320547220648236159e-04
2.146478278294452688e-02
5.101687896341573492e+00
4.651204264889305939e+00
3.279465433329224577e+00
-2.173686976454931141e+00
3.743699305355693063e+00
1.995452941620773135e+00
-1.865539893957708140e+00
-1.279451532495448518e+00
-1.729721670840792314e+00
-9.573679281265846441e+00
-5.125288909189559483e+00
-1.682008875901984268e+01
-1.512714741256874085e+01
-4.012200586479949038e+00
-6.312808970231736261e+00
7.128013978605687306e-01
-1.974809612212783116e-01
-4.581366059970163884e-01
4.677016008550636705e+00
1.235387671472629556e+01
9.976489270743869042e+00
7.656192442822660205e+00
3.583410167477435238e+00
7.442642154776720531e+00
-2.122950592938636749e+00
-8.054718803683607042e-01
4.042974516503717447e-02
2.038935643619590454e+00
-4.337800971583494203e-01
2.928871054557979026e+00
-3.738255920537273957e-01
1.541042893209268350e+00
-3.931549298105452284e-01
-2.368422492738808671e-01
2.367698562245558747e-01
1.736980171448698762e+00
-4.638361215402369009e-01
-1.648306607318584804e-01
-1.158896828812175483e+00
-2.087589725597778667e+00
1.483163121767906878e+00
1.997604089388321791e+00
3.818685416262628252e-01
5.631437012765331263e-01
4.772224895644500142e-01
7.361275971580233168e+00
-2.279569445121036431e+00
-4.105266062469256627e-01
3.100190134911925188e+00
4.853179040243277065e+00
4.407516544607358533e+00
1.300517859788719477e+00
1.002797648666148067e+00
-6.360527677342433517e-01
1.823288474925183200e+00
2.269546116171595074e+01
1.358025391401807624e+01
6.470339341953574852e-01
-3.244249363379118734e+00
-2.122259744198452119e-02
5.682078962163120694e-01
2.552181425755783994e+00
1.356745298171058600e+00
