-3.912308326165146344e+00
-2.523490892263880792e+00
-1.659799257431988639e+00
-1.297832564015501955e+00
-9.567105557114935488e-01
-4.992331397462310139e-01
-6.888217500411595307e-01
-4.064444958398342189e-01
-7.947750695436117674e-01
-2.930191321316501618e+00
-1.756040569407772534e+00
-1.005402094760402543e+00
-7.608079084500759537e-01
-4.179264932116212306e-01
1.654153161230478494e-02
1.305125172949094803e-01
3.827448862791412165e-01
-2.826581328171885454e-01
-3.590136191898104512e-01
3.113657772174365235e-01
6.847238335054970371e-01
8.434531545795519447e-01
9.077219702596072137e-01
9.815460190945871632e-01
7.903713459417875953e-01
6.694471724264158263e-01
3.550925625205175198e-04
-3.745299440108996958e+00
-2.433472499389643939e+00
-1.567134498064195025e+00
-1.185551616632741112e+00
-8.361166130775918859e-01
-3.020675646287500626e-01
1.188261989540682628e-01
3.931313824216120523e-01
3.936071176101986202e-01
-2.793926886770479179e+00
-1.663752257274172308e+00
-9.235639139895521765e-01
-6.705003660646938757e-01
-3.372757968398283901e-01
1.063249246530835190e-01
3.707702108885324033e-01
5.711918299739472404e-01
4.279353258607705435e-01
-3.308177358559678538e-01
3.329310892835360969e-01
6.950528439412153592e-01
8.469545895400885094e-01
9.050944035010711763e-01
9.750041788594889791e-01
8.862358885848189427e-01
8.396569442507801906e-01
5.106711059218582704e-01
-1.295714496601441557e+00
-5.316228734163064296e-01
7.494118853056677687e-02
2.591543212023578180e-01
4.424330161436363373e-01
8.115933497889672443e-01
1.121475818473949282e+00
1.082957780299260930e+00
1.004426047957437396e+00
-1.217278924446578259e+00
-4.522174819200585061e-01
1.184461526314036645e-01
2.960116792232979632e-01
4.779210525483459926e-01
8.273465259009055162e-01
1.127061503654493313e+00
1.078351002265505620e+00
1.005622918318811232e+00
-2.202793605150358269e-01
4.218311792702281737e-01
7.780158510383955450e-01
9.394200624052900794e-01
1.008498951057253068e+00
1.113803166377181908e+00
1.206552140454832944e+00
1.158460075848132487e+00
1.022160103596380543e+00
-2.269626164954074543e+00
-8.824554496492054145e-01
-3.211827794847019746e-01
7.394220085768393735e-02
2.573928789085519475e-01
6.965110954608509930e-01
7.085952428508062173e-01
8.739308084845558433e-01
-1.673019963253470355e-01
-1.612565599046418496e+00
-5.927635735089562541e-01
-3.356510069174961641e-02
3.358600709064163969e-01
4.959491679890905558e-01
9.434418631446431225e-02
3.231734050023988836e-01
1.982621342655912014e-02
-7.403082384898234114e-01
-1.750282179273483729e+00
-5.725176031952203815e-01
2.992077726124817063e-03
2.528369833907884168e-01
5.533136285300414015e-01
8.255613609926203411e-01
8.162617315336740953e-01
9.766061927339815263e-01
-2.946477520755163074e-02
-7.504052072273000862e-01
-2.309700039800613447e-02
4.463960920275372168e-01
5.862696395351381096e-01
7.586547986459396542e-01
9.616606903238846815e-01
7.712144250048629246e-01
7.484491248054219170e-01
-5.315528315891311639e-02
-2.021069328623886552e+00
-6.927443746672213853e-01
-1.762868621442534312e-01
2.034892724325750857e-01
3.771433019137767073e-01
8.953737444689492397e-01
9.272238569565844912e-01
1.073675484953824144e+00
6.997645091083620761e-02
-2.174477078289835497e+00
-1.055829397554738591e+00
-4.666696951555683315e-01
-6.548861306418013450e-02
1.331659693835648695e-01
-1.521938729802757295e-01
5.736190903915598660e-02
-4.867511172544156106e-01
-1.171853639052066187e+00
-2.066509489527580623e+00
-7.683364061595975292e-01
-1.663788063196956213e-01
1.293362331492844686e-01
4.256564293432575363e-01
6.627288622259140949e-01
5.816719483910578470e-01
6.715597835523468007e-01
-4.479858700556110795e-01
-1.442527636788868639e+00
-4.153354194015936307e-01
1.263301650549090438e-01
4.553771904584517638e-01
7.048999296662458169e-01
6.483834896830688033e-01
6.821758463934782801e-01
6.404766300332885853e-01
-2.698092708595044575e-01
-1.719221305048433290e+00
-5.578525503490107118e-01
2.099901520007856071e-02
2.655863466504620463e-01
5.711317824352831751e-01
7.136542829967406076e-01
6.668701118709102760e-01
7.994074138207764024e-01
-2.220946444639552708e-01
-2.628748478448201364e+00
-1.181005883218290586e+00
-5.330517052260946853e-01
-1.173457455598944932e-01
8.569503286956885180e-02
4.308676319047862746e-01
2.174649943665849239e-01
3.084861863494569589e-01
-8.122224573370994127e-01
-1.477813353243846883e+00
-4.212193416239930488e-01
1.322828597502025139e-01
4.157928230631902089e-01
6.903868270693103160e-01
7.571322425431826764e-01
7.476625678447123002e-01
8.518362558035209586e-01
-1.050728857918663967e-01
-1.663210642819553442e+00
-6.495175848616422387e-01
-8.452610875953203706e-02
2.908301085698827282e-01
4.513233275166994019e-01
8.861570894255323128e-02
3.141011900268266821e-01
-7.134977375755084672e-02
-8.224035844526521588e-01
-1.907058007341360328e+00
-7.591590631890613450e-01
-1.755522997374147909e-01
1.448358521477870753e-01
4.135939209451888754e-01
2.912224222429276033e-01
3.205702900962537072e-01
1.223831875068588371e-01
-6.414722888464153838e-01
-2.104208114325444523e+00
-8.142820617930809357e-01
-2.609544311051114618e-01
1.219193328834721896e-01
2.278891068729045066e-01
8.101203946647350662e-01
7.980228207182044065e-01
9.808861761900370402e-01
1.044176464671388999e-01
-1.099752129604840922e+00
-3.276943450296564975e-01
1.843402097407720597e-01
3.316256968965862750e-01
5.582487916885354728e-01
8.192348906878275105e-01
6.813514549210686333e-01
7.714566313439411571e-01
-6.920854046436102081e-02
-2.990339228420541229e+00
-2.267367028089082748e+00
-1.793170804911401905e+00
-1.222679157206503220e+00
-1.188752780970694811e+00
-1.674402216588997572e+00
-1.077684534054847543e+00
-1.026885223115944878e+00
-1.376122989123812923e+00
-5.170091226533654050e-01
1.887248786645084053e-01
6.246639851086145390e-01
7.781852050062748605e-01
8.997523918358425465e-01
1.056880118314494466e+00
8.205025313322219516e-01
7.416760314432794265e-01
-4.102836383295933170e-02
-1.973369253201209705e+00
-7.293723675305661125e-01
-1.288838782281838125e-01
1.490874717628574708e-01
4.562763260676437893e-01
6.671805207422069062e-01
5.980872461144085550e-01
6.717851221469115508e-01
-4.243423430262910911e-01
-3.744278499698924012e+00
-2.386577223380045520e+00
-1.529190998044986705e+00
-1.139409914347010444e+00
-8.055997003207572282e-01
-3.260466411135840570e-01
-7.163477503559174675e-01
-3.991724679936143882e-01
-1.087977042689091345e+00
-2.458761382797331141e+00
-1.483498605880031018e+00
-7.779292962168478098e-01
-5.051764081428381514e-01
-1.854936964966189539e-01
2.618107517489862146e-01
3.918750090978617151e-01
5.751720773249187069e-01
-2.194309653640572899e-01
-3.404929095715777176e+00
-2.021146346105424652e+00
-1.477308702662858186e+00
-1.062821636013396187e+00
-6.298499952713166872e-01
-7.673234092409119134e-01
-9.096354481691703020e-01
-1.213420986516704270e+00
-1.471549061698812499e+00
-2.287769831358761774e+00
-9.165350269043536224e-01
-3.450258864207648712e-01
5.114601060860077264e-02
2.358697580251587489e-01
6.508451783760729192e-01
5.779152873399003854e-01
8.082904623937695598e-01
-1.360849528209830961e-01
-1.969892545149811491e+00
-7.314604856345129358e-01
-1.556424368432275107e-01
1.426534163441452452e-01
4.199253614798078016e-01
7.172917611744815680e-01
6.579299462040045787e-01
8.596671270851672375e-01
-1.863677877083168566e-01
-1.520789244544161534e+00
-5.688589952218102708e-01
-3.622735752414940613e-02
1.087788511036273525e-01
3.947329482769776909e-01
7.188076620756312929e-01
4.960735164587118939e-01
7.571381473683269636e-01
-2.513315616657627038e-02
-1.715639945611215245e+00
-6.950320286648177248e-01
-1.268009374810845080e-01
2.533413916718842973e-01
4.067088507610364112e-01
-1.482887307069394485e-02
2.141292802325638622e-01
-9.602644401323605361e-02
-7.724162373355287770e-01
-2.781745031134268409e+00
-1.987529243607543572e+00
-1.496758268817044435e+00
-9.505480124030242228e-01
-9.145424881996917499e-01
-1.437343223718538399e+00
-9.302649729277114865e-01
-1.124477132064710228e+00
-1.429318265025930179e+00
-3.098736988055403430e+00
-1.957187449464236728e+00
-1.477713010278449701e+00
-9.998603076824815750e-01
-6.940121186597871805e-01
-1.086784129253080655e+00
-8.496655387756167910e-01
-8.651441279635078141e-01
-1.279561738914202884e+00
-2.303666330074904067e+00
-1.017102593698801849e+00
-3.964925694487835273e-01
-7.824963805703206987e-02
2.226860683702343857e-01
3.177314565333815288e-01
1.499424639939730408e-01
2.105868182149958912e-01
-7.216029247408166647e-01
-3.623240462633114500e+00
-2.135106754292232623e+00
-1.552989371750135739e+00
-1.130368819587958873e+00
-6.923082080181303111e-01
-7.444065240768937830e-01
-9.550182825192636837e-01
-1.105457675165235187e+00
-1.403492774148460853e+00
-1.062515722106003535e+00
-2.733583718435069754e-01
2.419005627663142755e-01
3.958396448352967112e-01
6.165042425411276783e-01
8.467147602602311807e-01
6.565241348782931974e-01
7.322580085856111864e-01
-1.221249508422179442e-01
-7.743464717519976670e-01
-4.361922552544401921e-02
4.257373104765455052e-01
5.330939341839699974e-01
6.794878359388024647e-01
8.077058647204635733e-01
5.758205596347846233e-01
5.912002375090672501e-01
-5.285311630089152557e-02
-7.261765830429322000e-01
1.476943820618450975e-02
4.857641994090873272e-01
6.291120808647504559e-01
8.078917131604856916e-01
1.001562951966108228e+00
7.937048744229011632e-01
7.851057068479818657e-01
-4.568491704256192470e-02
-1.879685255155458146e+00
-6.329658451064111846e-01
-8.219213607318684445e-02
2.195042594599156127e-01
4.812732580323901277e-01
8.622693206121108123e-01
8.952647795211123860e-01
1.043152191210997781e+00
5.153101540631840720e-03
-3.815497411233186309e+00
-2.444543518372102930e+00
-1.602735409589750804e+00
-1.247411039279405331e+00
-9.025539074642060511e-01
-4.457948504350108254e-01
-6.088891751281019227e-01
-3.145750571967000919e-01
-7.191378621919473080e-01
-3.159720128342318635e+00
-2.090588394495631608e+00
-1.642202024850850872e+00
-1.127149755627186334e+00
-8.482839398173901424e-01
-1.091836230728082668e+00
-7.673425294002415020e-01
-6.335596738333892919e-01
-8.200406904909237626e-01
-2.213661681095521860e+00
-8.691202012621914719e-01
-3.191324775066955444e-01
7.888119018377208469e-02
2.054543650115407682e-01
7.493487855396768760e-01
7.837440192047717691e-01
9.575197553278027573e-01
-9.171930614378542845e-03
-2.739869167611659773e+00
-1.392564256422573088e+00
-7.509593597322777869e-01
-3.680230153219288813e-01
-1.925453536203143301e-01
2.950424111226792045e-01
8.108197494553769091e-02
4.746751574890291647e-01
-3.648234577179599869e-01
-2.046283231593934104e+00
-8.187156634549160872e-01
-2.108915680617245714e-01
6.752363227920034350e-02
3.806550989842771848e-01
4.883152399370167540e-01
3.712655725632695303e-01
4.051734409223675115e-01
-4.859381998270889680e-01
-1.390268666743762704e+00
-3.641418294849496085e-01
1.671358774804450886e-01
5.262339258635965189e-01
7.241430743281127569e-01
4.395489602450868838e-01
5.453195679334824630e-01
4.444486706308584667e-01
-3.442310124643117031e-01
-1.742117327905734481e+00
-6.149681227583365661e-01
-3.747111954049922589e-02
2.539187178631588937e-01
5.384501342122208767e-01
5.252091403350694909e-01
4.904960905724048970e-01
4.549412130488534323e-01
-4.169485008296415773e-01
-1.444332228717479349e+00
-4.290124015137799507e-01
1.115624824446029284e-01
4.721737311637917434e-01
6.642829587975966898e-01
3.477512651793825960e-01
4.641843457873474077e-01
3.371230404744632314e-01
-4.423007088438022372e-01
-1.308816355858473335e+00
-3.005172004934394958e-01
2.240085810097073304e-01
5.800407467461410338e-01
7.907253796618575192e-01
5.760570055120536326e-01
6.687099973605574732e-01
5.697693427089203233e-01
-2.155747982283777453e-01
-1.760764563375291969e+00
-6.222018290152006026e-01
-1.041405048022027852e-01
2.206163967215666322e-01
3.217389885532371263e-01
8.874440731698177709e-01
7.678214256900408596e-01
9.923043191412384001e-01
1.287964280572368170e-01
-3.753861630199618382e+00
-2.202808851809392010e+00
-1.582469218659634969e+00
-1.136258360320563154e+00
-7.252341802539166160e-01
-7.025678841886402459e-01
-1.009361340491629511e+00
-1.144035325527384073e+00
-1.395073226860331639e+00
-1.787744680854201462e+00
-7.821615445566255653e-01
-2.050564767389085608e-01
1.849952045019712665e-01
3.129221435516338912e-01
-1.232868240501355239e-01
1.788317348491440528e-01
-2.529122460189256461e-01
-9.102086141031898725e-01
-2.228697491042771262e+00
-1.074616760966490725e+00
-4.687292089981427434e-01
-1.497003682357929688e-01
8.811314234680971136e-02
5.926507214185228190e-01
7.035240460192895284e-01
8.502488940823791363e-01
8.700625488091083201e-03
-1.677718461303523867e+00
-6.651746969221770112e-01
-9.910278694873991823e-02
2.777509026033773698e-01
4.277882332297604506e-01
4.372933642501296986e-02
2.571718013332169317e-01
-1.199792007794990845e-01
-6.506711623641137088e-01
-3.012764678684847652e+00
-2.307758542646290323e+00
-1.835703410428056293e+00
-1.263003411323289082e+00
-1.226049317106020276e+00
-1.610445751253624991e+00
-9.702115113115012957e-01
-8.423337371915718963e-01
-1.194595901960253670e+00
-1.266989219428786173e+00
-2.788082080217839098e-01
2.438252217403858169e-01
5.978048426981964480e-01
8.170501209428581157e-01
6.179606542644937583e-01
6.685536356546205594e-01
6.761373086104006669e-01
-1.051432289211726018e-01
-3.377694809558721367e+00
-1.961830426610191358e+00
-1.372617499524427798e+00
-9.620788664970172377e-01
-5.550089364243708800e-01
-7.112645897544466189e-01
-6.344581804968987271e-01
-5.274542931716892369e-01
-7.289114750503754570e-01
-1.774859760631380512e+00
-7.705842366913393526e-01
-1.932467306735914936e-01
1.952356642429838585e-01
3.199972953691656019e-01
-8.967360619000357136e-02
1.940620027825480931e-01
-2.916284831039797076e-01
-9.374327088450811196e-01
-2.531872699952141037e+00
-1.122907990455535909e+00
-5.041432608635469936e-01
-1.068581423503491834e-01
1.264894822599886906e-02
5.188544854878609502e-01
4.276873663173778040e-01
7.136184704004323587e-01
-1.398048968225449884e-01
-5.962978042527473654e-01
1.085041457824871408e-01
5.565410265664649803e-01
7.100811574121564940e-01
8.409284416593264533e-01
1.004565511896762908e+00
7.784136129298930840e-01
7.318537144740866474e-01
-3.804486915401598945e-02
-2.196666492061786879e+00
-1.184035113120255556e+00
-5.313576340775809648e-01
-2.941878347970615093e-01
4.080450500568136643e-03
4.028409026294705875e-01
4.430346626113294550e-01
6.152297279419879361e-01
-1.836780562210993117e-01
-3.889400055177396176e+00
-2.357524077552881625e+00
-1.565014651585114436e+00
-1.101055830357655196e+00
-8.590018793188706203e-01
-4.422040737153110634e-01
-8.992882731954746633e-01
-6.957771912070794817e-01
-1.157727988312502898e+00
-2.859725735650611611e+00
-1.374644117658599507e+00
-7.059886275377469378e-01
-2.880734766890341025e-01
-1.537917278674556798e-01
3.064514357882290874e-01
8.665847354584230167e-02
3.083728881185012760e-01
-6.699994403662211662e-01
-3.176393275073550182e+00
-2.144081592683956927e+00
-1.704343292520455133e+00
-1.171191023687264243e+00
-9.036767556142260016e-01
-1.179763284379219845e+00
-1.084481228063779668e+00
-1.262155564068974778e+00
-1.425946379355883753e+00
-2.912541478292168584e+00
-1.410891517073938006e+00
-7.037911848716434937e-01
-2.813300016708105700e-01
-1.334972738231973988e-01
3.261530545814924631e-01
2.958426457981429281e-02
2.202997842476412671e-01
-8.250139501573541256e-01
-2.238905481716735757e+00
-9.667855202777070334e-01
-3.420393890059193476e-01
-4.022012201368902612e-02
2.691475326034979410e-01
3.159913995432226952e-01
2.159961463152544059e-01
1.614773424115980016e-01
-5.457963852230964807e-01
-2.823160588707469110e+00
-2.038735509302087578e+00
-1.546440255334910807e+00
-1.000170161744273978e+00
-9.644787093659791255e-01
-1.248882959172753493e+00
-7.181070558499742518e-01
-6.222801532411963432e-01
-7.770456561498061410e-01
-1.597399499210014229e+00
-6.949217792901195567e-01
-1.212020971901474481e-01
-2.154596167362905768e-02
2.814578923738004779e-01
5.335884208319223720e-01
3.630575085347190756e-01
5.801096615556321501e-01
-7.729111107419307791e-02
-1.212193115456441372e+00
-2.811015728719182261e-01
1.783665375542311526e-01
3.986898770581913665e-01
5.672832180343294617e-01
9.572247332230929828e-01
7.486845401445355597e-01
9.408179620316683422e-01
5.489648408357682835e-02
-2.124392701796764982e+00
-8.955764264045449341e-01
-2.768820085655995245e-01
2.067250354674383950e-02
3.308293816175257862e-01
3.698124215159203088e-01
3.460154434091291531e-01
1.855501949256384564e-01
-7.845210283244169469e-01
-1.943716298103918438e+00
-9.400480060792191228e-01
-3.612992233877406201e-01
5.316826967004874283e-02
1.555113800779174271e-01
-3.522580818305733330e-01
-2.046737278985361411e-02
-3.674814274068644582e-01
-8.633572882646473046e-01
-1.085886713298721107e+00
-3.111749722287665554e-01
2.031211803381955949e-01
3.607887738774581132e-01
5.724337890146179442e-01
8.097649649538137817e-01
6.375189529394451604e-01
7.219296451307348761e-01
-1.063877413231074653e-01
-2.040661847493577596e+00
-7.350237995314965467e-01
-1.782683446213411960e-01
1.595298507125960108e-01
4.008949207434173156e-01
7.789591631450382136e-01
7.530435251822134024e-01
9.452234335865040693e-01
2.174497689133326681e-02
-2.864233135103120276e+00
-2.089749534148314769e+00
-1.605994937261567168e+00
-1.050633962607681049e+00
-1.013381912035893562e+00
-1.424990909495197355e+00
-1.010639966146010371e+00
-1.297875289847872038e+00
-1.420317846749045598e+00
-3.851855936305536687e+00
-2.417920837302728110e+00
-1.573510010135620307e+00
-1.161186329989729815e+00
-8.310707698810312349e-01
-3.529985000054515210e-01
-7.272316016165836228e-01
-4.427520579905236398e-01
-9.958120300215645981e-01
-1.364700221289462556e+00
-3.401241895783278513e-01
1.910668826713748103e-01
5.456373378931355100e-01
7.572119479137269238e-01
5.423456154970549559e-01
6.349217464708014624e-01
5.393877856356339429e-01
-2.673043681636435021e-01
-1.330189035771855544e+00
-3.162989543815011850e-01
2.109832147971996141e-01
5.671117727542519527e-01
7.822199923065457083e-01
5.770170189089637303e-01
6.329819524114815854e-01
5.685274442027308250e-01
-1.712073020211670182e-01
-8.854502683281498809e-01
-1.145390931386014305e-01
3.709693970803764618e-01
4.493769961897947640e-01
6.685655140636483917e-01
8.207833708178414733e-01
5.676727583461762539e-01
6.532141293352878852e-01
2.753347627064044179e-02
-1.259440183293484727e+00
-2.663784721120070476e-01
2.536013602856004856e-01
6.076158244690392785e-01
8.209803990500211812e-01
6.055292064003280350e-01
6.763882020336389189e-01
6.589984265698761723e-01
-1.084647384146884136e-01
-3.819879523037235103e+00
-2.303678622307485657e+00
-1.526688030389886208e+00
-1.077882433940087870e+00
-8.522430192616207156e-01
-5.306756685946897312e-01
-6.450830319891499576e-01
-3.932754979553944596e-01
-5.941912637792435836e-01
-1.854847709725794713e+00
-6.604357460544192371e-01
-7.916641305017946273e-02
2.208591988662533256e-01
4.942391393375651920e-01
8.326035503189417319e-01
8.553778949470159931e-01
9.890073861234105479e-01
-3.123769694420045276e-02
-1.559463150250182117e+00
-5.398330555276373843e-01
1.359463878240132866e-02
3.817081117573028481e-01
5.574532175183563032e-01
2.160065636052264926e-01
3.707160561763631068e-01
1.069580991774516654e-01
-4.978889750856804186e-01
-3.363670258597597496e+00
-2.122159327791372618e+00
-1.635666877395201224e+00
-1.199593009405257815e+00
-7.950413633336549379e-01
-1.106804898751642119e+00
-8.236754973587752104e-01
-6.779631129111061139e-01
-1.070672711971302427e+00
-7.296669317567644475e-01
-3.569571616857958492e-03
4.608311719834569109e-01
5.748998948659539421e-01
7.208542760332733446e-01
8.533445356943322180e-01
6.316654258058920224e-01
6.486605850627705783e-01
3.494526212423366973e-02
-4.771096567983286185e-01
2.092224883100626265e-01
6.227907946547336371e-01
7.710016295260890828e-01
8.624024253710224075e-01
9.706280088933725292e-01
7.592725185616970851e-01
7.151308310689697967e-01
7.537945954759761591e-02
-3.587313261765565642e+00
-2.043973123810931103e+00
-1.374659625874077973e+00
-9.459476466745440071e-01
-5.980840491898447020e-01
-6.315533920467094608e-01
-6.111826274451255259e-01
-4.403498458648242297e-01
-6.884268257004827474e-01
-1.689098580618278556e+00
-5.236102837253742148e-01
5.639634078046829035e-02
3.009058865382332471e-01
6.061331036803300210e-01
8.052403150703844048e-01
8.149613989696095073e-01
9.125546855083325193e-01
-8.953736588284265385e-02
-5.631630614794708167e-01
1.577659843969159703e-01
6.086501595058265712e-01
7.501672179290922449e-01
9.080978793196240462e-01
1.085881996617876766e+00
8.759040198773119235e-01
8.440815764889425532e-01
6.279958757566968253e-02
-1.511787775283075286e+00
-4.863628776143412158e-01
5.938180908902123550e-02
4.209770807958662653e-01
6.160784295569650126e-01
3.290421505183220297e-01
4.413502384379824339e-01
2.349998240142612826e-01
-4.277342391013824185e-01
-3.660619505145843000e+00
-2.310062923861281536e+00
-1.461737261548491595e+00
-1.086930485301788041e+00
-7.480555511159512339e-01
-2.691186768565405618e-01
-5.360400272802653410e-01
-2.375317273863697121e-01
-8.257400933511236385e-01
-1.125935051144082211e+00
-3.382133328732001010e-01
1.816558969998282036e-01
2.682586933256805861e-01
5.015073080854490772e-01
6.809374644358322515e-01
4.529486690927252979e-01
5.839598632601608053e-01
-1.871539395762778640e-02
-1.726032038536827073e+00
-5.490794078421268321e-01
2.916853728742104662e-02
2.723347414821029044e-01
5.766339134311028181e-01
8.187650563816346594e-01
8.014947029858641159e-01
9.614772028127569481e-01
2.785450128975461986e-02
-1.421067121324387061e+00
-3.950666902696519101e-01
1.424741538983433642e-01
4.916065733830874973e-01
7.191745671715007449e-01
5.564780159407416438e-01
5.924802856488030622e-01
5.288699979133253404e-01
-2.226366185765220884e-01
-3.259572896538040609e+00
-1.968214055646690497e+00
-1.434636572729101722e+00
-1.014872313802378301e+00
-6.156581223313341011e-01
-8.397062551375087391e-01
-6.055245032779320580e-01
-4.453448604152064894e-01
-6.172810931807353185e-01
-2.114944624129731388e+00
-8.407240895716543427e-01
-2.398250947587894921e-01
5.197795514617609830e-02
3.518799506213547978e-01
5.413146931025941688e-01
4.025537729073668247e-01
5.546190728531547043e-01
-4.165624039286888181e-01
-2.343145128331677540e+00
-9.650216824270667626e-01
-3.659614582462232812e-01
3.099173339661047757e-02
2.378766646606256252e-01
6.201845053507633043e-01
5.227084978123948122e-01
6.867252452106090699e-01
-3.678442342366952666e-01
-5.515001059244976078e-01
1.614938997723854852e-01
5.978073429956752838e-01
6.980665045539310443e-01
8.240716703198314175e-01
9.278158369084581469e-01
7.136457565735582209e-01
6.916330251274528385e-01
1.232280914524225973e-01
-3.913462981796072881e+00
-2.489315735798838247e+00
-1.616954826844824389e+00
-1.190486529875452781e+00
-8.676959376525349432e-01
-3.842448118509401711e-01
-9.893993710006753206e-01
-6.537774649194419974e-01
-1.155096080526794911e+00
-1.342341963122601678e+00
-3.348748460540249550e-01
1.960292252405241298e-01
5.500019032236400651e-01
7.665865137804451779e-01
5.626115132392173201e-01
6.197661569181680541e-01
5.480204081902079194e-01
-1.754916683346133266e-01
-2.018735452079156723e+00
-1.095173674827149668e+00
-4.781713747486865951e-01
-2.698060059668868638e-01
1.250718169262121648e-02
4.250469369117042540e-01
5.305635482606412268e-01
6.771646513552876945e-01
-7.733552575354275815e-02
-2.368349055764328082e+00
-9.865748598231011135e-01
-3.976505365799047897e-01
2.735743455659943920e-03
1.904302482109791195e-01
5.755112904117916095e-01
4.310689780632145363e-01
6.947897546541703662e-01
-1.384971161929316463e-01
-2.007209414266869718e+00
-7.120559899286347250e-01
-1.652997657433412926e-01
2.010692412072413726e-01
4.132992948165765124e-01
8.653127694483094823e-01
9.314208468925417872e-01
1.056405660823573900e+00
8.480010165946690048e-02
-1.602324313304822834e+00
-5.761629203732604454e-01
-1.767953701616354137e-02
3.506784700151964751e-01
5.151463968448687369e-01
1.609522236461908284e-01
3.716636991514259414e-01
4.699309312343418615e-02
-6.467577017377591497e-01
-1.308757502996982014e+00
-3.079377352181687511e-01
2.205009134444030350e-01
5.769715001799960996e-01
7.880639021769101360e-01
5.824119539776003718e-01
6.708297102084334051e-01
5.920881748405497635e-01
-1.779351980439440317e-01
-1.792799178862046539e+00
-7.846480193971734352e-01
-2.085006144495882563e-01
1.822352767391315354e-01
3.049433707731954990e-01
-1.061394188544437789e-01
1.597567860682195529e-01
-2.069551076361995090e-01
-5.125132368359255342e-01
-2.943770459665653316e+00
-1.712949207794256301e+00
-1.148800663523625865e+00
-7.172237553444675839e-01
-4.041257895126305066e-01
-6.569982437236658868e-01
-4.342155412994609387e-01
-3.459191233163372292e-01
-4.868790254522227801e-01
-2.156132759758685680e+00
-1.146515732194474779e+00
-5.003647133537169056e-01
-2.600788822220255203e-01
3.587247783014527180e-02
4.352835766551915175e-01
4.806270589767314694e-01
6.531558079101107417e-01
-1.123721784049453859e-01
-1.444519967070679867e+00
-4.298621840190024468e-01
1.081579667269380457e-01
4.676169330119388512e-01
6.710673737265131500e-01
4.215020359179648679e-01
5.410014195154003724e-01
3.761798924867025828e-01
-3.953151864184235031e-01
-1.072787588584897200e+00
-2.969465473479654949e-01
2.041411783033492688e-01
3.492242695291828403e-01
5.642130386076996684e-01
8.236342026403550287e-01
7.002866823076037139e-01
7.892855112505269277e-01
-4.810031301001556348e-03
-1.966322626354571224e+00
-7.379408609651209039e-01
-1.802407737341624183e-01
1.791007413562597239e-01
3.128498103231227012e-01
8.821295142114328192e-01
9.617002073902491954e-01
1.076025010287709138e+00
2.025396637761580076e-01
-1.505033308065415909e+00
-4.911850488665730485e-01
5.649926441523771270e-02
4.214610352687780948e-01
6.033790519185266987e-01
2.583210452430848014e-01
3.864884227661974370e-01
2.159232154776207779e-01
-3.944327207720795259e-01
-1.291187443499915322e+00
-4.121793186465386727e-01
9.921183951848347449e-02
3.021507451189497373e-01
5.350916674220974611e-01
9.121825873656778105e-01
8.520601844064725761e-01
9.856556106020272212e-01
1.412307746857638102e-01
-1.293940822146749436e+00
-2.855446199765025450e-01
2.373990442474737395e-01
5.937346901985031122e-01
8.051434352336832578e-01
5.640845559156608680e-01
6.088189915272396169e-01
6.245220648592917367e-01
-1.085579127473875888e-01
-7.633667859264952060e-01
-3.031078006744256093e-02
4.367057627902395378e-01
5.827510692953075111e-01
7.569535668268465578e-01
9.661784711602999787e-01
8.141980236271709748e-01
8.198789653604159344e-01
5.020834292817707295e-02
-1.548861969722348242e+00
-6.524233596822934800e-01
-9.531081630699790586e-02
9.059582805187681165e-02
3.683523672020217465e-01
6.905709555387852250e-01
6.059846758155668089e-01
7.660739309280283349e-01
-3.264863606279455599e-02
-4.892144275208611393e-01
2.161740602572605197e-01
6.586017687834397893e-01
7.992021206819099888e-01
9.389802622044772784e-01
1.099033711753260922e+00
8.637726626100248328e-01
8.443047473179579043e-01
1.400888453485873431e-01
-2.060563001519988280e+00
-8.233326601783952370e-01
-2.127205597979708318e-01
6.099037979138927784e-02
3.743110125507491670e-01
4.822515112572774987e-01
3.697042919497234847e-01
4.629258093298425081e-01
-4.019521707430406265e-01
-2.047548295484900027e+00
-7.576836778998161659e-01
-1.805055169353707023e-01
1.632820663550146323e-01
4.101154438073669750e-01
7.698660583072939323e-01
7.708281815152957517e-01
9.209250073899095668e-01
-6.429101894694330688e-02
-1.634018487437340017e+00
-7.767778806182609186e-01
-1.940107234524850455e-01
-9.671096069304566112e-03
2.631367916755619762e-01
6.272163329723868808e-01
6.339156686234056481e-01
7.797913829509786066e-01
5.388629434802017122e-04
-1.540176243597668693e+00
-5.226916984531394528e-01
2.707520707182259692e-02
3.928521431303437783e-01
5.672251586815033608e-01
2.347384480698018194e-01
4.233157183757462194e-01
1.648727360401943953e-01
-5.282511342127608200e-01
-1.371048835335328064e+00
-3.690961353213192964e-01
1.672649064025402976e-01
5.257574520740390112e-01
7.241595438399293094e-01
4.546202210922193898e-01
5.400445447307991031e-01
4.288398973157534488e-01
-1.932403183696441706e-01
-1.905196922969955020e+00
-6.697542260375650702e-01
-1.249821481360190584e-01
2.067011895138467781e-01
4.464979644916346468e-01
8.577514870608700104e-01
8.589938398576593137e-01
1.030243424656789530e+00
1.959486638794722402e-01
-1.802074661895203267e+00
-5.974452146883498793e-01
-7.124561399168719521e-03
2.494535920595876421e-01
5.538746158692589017e-01
8.049961683634672127e-01
8.125782769570372155e-01
9.320284507999762047e-01
-3.743590627534567478e-02
-1.855071279832234188e+00
-1.006142136213706184e+00
-3.905584982848089304e-01
-1.831558852522670311e-01
9.444046513898962658e-02
4.973277875041567930e-01
5.846342756532796336e-01
7.314520926321503858e-01
-1.862510344430434728e-02
-2.198267949313873704e+00
-8.259985136298640951e-01
-2.613996697871345809e-01
1.323090030804218442e-01
3.249692875278976101e-01
7.650892731433319716e-01
7.982405099515962332e-01
9.538353106957214722e-01
3.531586551613658583e-03
-1.448145484018266149e+00
-4.266098409494847865e-01
1.110444958171925289e-01
4.729344853697454720e-01
6.611058759077509395e-01
3.315964394660781411e-01
4.273351634761693441e-01
3.643110185990892091e-01
-3.198728698169918117e-01
-1.228472794927131684e+00
-3.491814928129527429e-01
1.520670486698849078e-01
2.607067411230855059e-01
5.343902539294391740e-01
7.931461726676373170e-01
5.517030083345523250e-01
7.590437725027838756e-01
1.846918890369611821e-01
1.456625379196623049e+00
1.397156213940816682e+00
1.325255745699573717e+00
1.269067566207749520e+00
1.195917282600045706e+00
1.083168321355881591e+00
9.870843904893729093e-01
8.803469176327997081e-01
5.382099470179061429e-01
-4.601972540312994631e-01
2.197582263805239744e-01
6.192726942501900478e-01
7.561371033131037978e-01
8.343462679604995991e-01
9.210514928065502982e-01
7.639441164725663258e-01
7.195243029979949689e-01
2.558191072316888803e-01
-1.376371098849733965e+00
-3.695880027362353215e-01
1.618093558867067794e-01
5.202520265515118147e-01
7.246104589225617065e-01
4.843039423160228618e-01
5.952210648839838525e-01
4.729480463477087615e-01
-2.602091303354469032e-01
-1.558710572179681453e+00
-5.164026818680512720e-01
3.396077467274632306e-02
3.771705923106151159e-01
6.131474505313672108e-01
4.686936744177759850e-01
5.422916012876726199e-01
4.351310202636397562e-01
-3.344841049258586718e-01
-1.762641611908241757e+00
-6.079030235570559437e-01
-1.726651687963562387e-02
2.440830021450760556e-01
5.455037367256821979e-01
6.233521290469862253e-01
5.613005128830192980e-01
6.344966761062001970e-01
-4.027143983352966805e-02
-1.323830961358888780e+00
-3.131371478965095378e-01
2.149474183955380480e-01
5.703938679876300322e-01
7.831908440194882415e-01
5.568444404809803627e-01
5.710198440078764204e-01
6.243296797890977023e-01
-6.317439156477237805e-02
-1.272202189641556735e+00
-2.648294944409462226e-01
2.556243991988385589e-01
6.109669978384307809e-01
8.246700852866331033e-01
6.150785987680895683e-01
6.697845270467985834e-01
6.504734154832823023e-01
4.575498529122686009e-02
-2.244299018924137634e+00
-1.216589872835510011e+00
-5.594611439150062315e-01
-3.094960665820080670e-01
-7.832233595267404022e-03
4.103558447274875953e-01
5.059016881216702455e-01
6.778066526943129499e-01
1.241743122299480018e-03
1.593132746775720587e+00
1.536178278184016310e+00
1.394380774238780596e+00
1.321051872829960505e+00
1.279568805133499243e+00
1.156544577168948651e+00
1.031528924326631014e+00
9.453502653600048822e-01
5.565381627301408951e-01
-1.952574677872108921e+00
-6.994341231384056945e-01
-1.374983191304044727e-01
1.838340920015342494e-01
4.359040980089795569e-01
8.047215809110540574e-01
7.835061027824814506e-01
9.821689072900727790e-01
3.658822373998902866e-01
-6.540810963055275762e-01
5.183381189769198372e-02
5.128191245103377316e-01
6.623552541929821347e-01
8.300097230180509822e-01
1.031449333179240035e+00
8.998120306390099410e-01
9.162911924073298131e-01
2.476076367467918982e-01
-9.897063381440711627e-01
-2.288822690432957829e-01
2.766211528840818445e-01
4.322549226431174896e-01
6.443550826017243605e-01
8.910481119249277215e-01
7.783049344056348628e-01
8.707336143702367748e-01
1.672801425010645715e-01
-1.468107285833401221e+00
-5.424986168067025272e-01
-1.915062687656049131e-02
2.149744202386926761e-01
4.532055297169850783e-01
8.554034376400200257e-01
8.500095209982388988e-01
1.002358064481336353e+00
2.675246104696852867e-01
-1.489207153085563728e+00
-5.936250325253206173e-01
-4.825590510358055557e-02
6.396927108514464944e-02
3.729474043069145317e-01
6.333491126304973129e-01
5.517408322114204511e-01
7.506201054693066865e-01
4.611962164331668279e-01
-1.407196842818995597e+00
-3.805785156016091020e-01
1.538030007173230296e-01
5.127420908039719283e-01
7.146383175257886577e-01
4.628903866633360398e-01
5.767518434717303633e-01
5.240439188853923680e-01
-5.014049748139327162e-02
-1.391962207017971354e+00
-3.774727619467274642e-01
1.587676768983641851e-01
5.177717007243630709e-01
7.174231491881241096e-01
4.587236695799951636e-01
5.691984794400232195e-01
5.473570335401637399e-01
3.404149815248566635e-01
-1.256674405255994831e+00
-4.444481790375950370e-01
8.532124529971918392e-02
1.838745347758489190e-01
4.410685979176154903e-01
6.541415947937242459e-01
6.197196381188799785e-01
7.674921356027462060e-01
5.523976357866844378e-01
-1.644790663057729807e+00
-5.523734972772514906e-01
3.047102041640766673e-03
3.274067506961763074e-01
5.828692763651530662e-01
4.918658613533911095e-01
5.090311135767432438e-01
5.724174803390601474e-01
7.998419459703838552e-02
-1.280128646375307433e+00
-2.690518984500095967e-01
2.567116661154371648e-01
6.097987727627530719e-01
8.236495839431469124e-01
6.278306949137413273e-01
7.021436358409077760e-01
7.479259964548395923e-01
2.224838030352115914e-01
-1.312001896288847114e+00
-3.026484703769368734e-01
2.258052485724842406e-01
5.823751279918957247e-01
7.933268503267061345e-01
6.227101900956151237e-01
7.451814652139404638e-01
7.989697135802332761e-01
6.202936458326492319e-01
-1.519112332962248901e+00
-5.294445914905849815e-01
-1.349928107497608450e-02
2.707772479258294673e-01
4.653991162892001654e-01
9.418668839428325779e-01
9.741938499406197494e-01
1.119839937276651431e+00
4.682759021003723432e-01
-8.025231422092835576e-01
-5.906338557925072674e-02
4.133615375821802496e-01
5.538110507031308583e-01
7.465086895643034959e-01
9.437645397017296878e-01
7.722466698222830717e-01
9.048707847110556424e-01
5.872005662617296728e-01
-2.450985821030959411e+00
-1.026044828252542729e+00
-4.207442389208495004e-01
-1.245699282180076119e-02
1.649413107506721710e-01
6.489944547379936646e-01
9.107258084736523651e-01
9.577812485343560889e-01
7.708563912521094741e-01
-1.725141941013535574e+00
-8.080226115753345040e-01
-2.347149838903587193e-01
-3.454432821125363873e-02
2.381046909549476842e-01
5.754117194666853452e-01
6.008102909928220159e-01
8.092117884040489484e-01
4.884574157284537477e-01
-3.123304115501876588e+00
-2.131976923291694970e+00
-1.690533687501376559e+00
-1.130154891785586813e+00
-8.880135020004435997e-01
-7.004353898203625750e-01
7.741798318276478519e-02
4.439823389520325403e-01
4.375467808514003631e-01
-1.615821253470302032e+00
-6.050181640468742517e-01
-3.940608056157265948e-02
3.318793437880532826e-01
4.967701181026050739e-01
3.741191816239621826e-01
6.935328408911100029e-01
7.945142595344464320e-01
7.275055441955969870e-01
-2.880540268410570759e-01
3.673668022773477482e-01
7.487649948110103315e-01
9.111120925227091938e-01
9.932855086602814243e-01
1.112158240376024620e+00
9.539983177382771462e-01
1.007956984898024100e+00
7.526736870054999695e-01
-2.445788130121559156e+00
-1.118752964260386618e+00
-4.886678198982669086e-01
-8.896764293318221162e-02
5.349038621737897681e-02
5.917873834013982481e-01
6.751045263368169458e-01
8.864499041116016276e-01
3.351147898438671113e-01
-3.788045415830671114e+00
-2.214254231432394970e+00
-1.573696692222989579e+00
-1.121412847072487340e+00
-7.337569360649649486e-01
-5.356428514239549576e-01
1.274947552979135701e-01
4.928754094312300937e-01
4.783092008802796169e-01
-1.555157358340185869e+00
-5.355071369544553983e-01
1.664855971961271691e-02
3.832995679219594609e-01
5.559476370895948261e-01
1.769411502763780508e-01
2.968522856059543913e-01
4.738139486659102007e-01
3.344398878847917866e-01
-2.449828927389291255e+00
-1.479448916787378776e+00
-7.696624481190558198e-01
-4.881980751634945048e-01
-1.798071967183343389e-01
2.803776041124339535e-01
4.769091073290301908e-01
6.868128545477268920e-01
2.909452661934221473e-01
-2.054040831812524281e+00
-1.438425061856539733e+00
-6.861328626073783798e-01
-3.962413380791575124e-01
-8.787950348289762237e-02
4.465299980173575989e-01
8.765889535295541268e-01
9.153050445205360708e-01
8.091012790757354800e-01
-2.105679437585925573e+00
-7.703795986338851653e-01
-2.104549207572294911e-01
1.675420865053286745e-01
3.762697596110595732e-01
8.124751402452914384e-01
8.838541348211060855e-01
1.054203817554919098e+00
4.342316105452712627e-01
-2.012584515899550119e+00
-7.843135142534081172e-01
-2.191987761463475848e-01
1.464594297338192297e-01
2.671002499124708329e-01
8.569669656068662489e-01
1.050976921244434203e+00
1.083519714972211556e+00
8.410468102656925016e-01
-4.162484370446009607e-01
2.563072468750641764e-01
6.683615366260655666e-01
8.263644172034095847e-01
9.280170765736669436e-01
1.068133546153147595e+00
9.049483488963030453e-01
9.891733076685400583e-01
7.404068968269847950e-01
-1.917722139785968505e+00
-9.302052640024804919e-01
-3.511414446119461297e-01
6.010045841539873174e-02
1.486790427192944963e-01
-3.475740098566147407e-01
8.925974645434348043e-02
3.442411216633230464e-01
2.645855558971865196e-01
-1.821450435240807408e+00
-6.249372303901788994e-01
-6.651692502601946888e-02
2.347972769023514150e-01
4.984130491350778902e-01
9.221048777833619203e-01
1.114541162909733485e+00
1.155388886956916217e+00
8.675805871126183177e-01
-6.833315692869806890e-01
4.561544713761693515e-02
5.184192363836895856e-01
6.711674900386018772e-01
8.559605775141204687e-01
1.067501403934548732e+00
9.484623401869604065e-01
1.013894321157946088e+00
5.381004317781451496e-01
-1.001838963433417051e+00
-1.514232461527016127e-01
3.156733957704253024e-01
4.789148820557233566e-01
6.730595295619860030e-01
9.904398248255568138e-01
1.052659817826834265e+00
1.072880799177950761e+00
8.766266289979272042e-01
-9.398343927195773606e-01
-1.755704914244243797e-01
3.180379853716327476e-01
4.817786956921210617e-01
6.935784066329494513e-01
9.371700264647293555e-01
8.404735161053114023e-01
9.576868049254438908e-01
5.064614990803216754e-01
-2.869421867605799203e+00
-2.122817757142550388e+00
-1.634223461194567184e+00
-1.079336165868077124e+00
-1.036729737811006746e+00
-9.496801217791943639e-01
-7.634213620022393954e-02
2.369815349835406038e-01
1.723766072351115841e-01
-1.292522992636993440e+00
-2.893203119243617505e-01
2.352805572237976206e-01
5.883479759195522352e-01
8.107114323556281477e-01
6.289022774277915895e-01
6.164548694645372029e-01
8.002297446452970586e-01
5.212884389762484361e-01
-2.647593832349023124e+00
-1.784162920695653964e+00
-1.276250593810444256e+00
-7.448327630731627069e-01
-7.004135903483362791e-01
-8.451716036217591377e-01
-1.099351444526399692e-02
3.237190894001758523e-01
2.790882853119623364e-01
-1.326526222680242562e+00
-3.209018706839854573e-01
2.046836882510343625e-01
5.634245290954156271e-01
7.691335759611560574e-01
5.410405963403266405e-01
6.338934706822116905e-01
7.011339453464785487e-01
3.453566243278006764e-01
-2.869682997177185779e+00
-1.121727144587180147e+00
-3.506782058070130881e-01
-1.258125160578681678e-01
7.903765262222228749e-02
5.924853746687653855e-01
9.297565979996940122e-01
9.657021809095236442e-01
8.748706788510561827e-01
-2.328635942168537643e+00
-1.016870429731492997e+00
-3.883149788237301170e-01
-6.267796933236072232e-02
2.409977947470845205e-01
3.705593217882368062e-01
3.936710463129813875e-01
5.134950620682214861e-01
3.072505346899616074e-01
-1.349125221390232943e+00
-3.483631614940772003e-01
1.819525040018999118e-01
5.384349381037806248e-01
7.548621364361726149e-01
5.580094827535758695e-01
6.473468958804262652e-01
8.008443806322298464e-01
7.013560473800773964e-01
-2.476303136544596661e+00
-1.127458687923731828e+00
-4.889430320787662709e-01
-1.354433855156273181e-01
1.551915752621139954e-01
3.042759650493870871e-01
3.349594925165733650e-01
4.626224428840059466e-01
2.954918481145512588e-01
-2.583289695379613171e+00
-1.170026505420966201e+00
-4.909877685891790855e-01
-1.163663551044934463e-01
1.161860120652910139e-01
6.146294900000889294e-01
9.773010548902573147e-01
9.860440228490259251e-01
8.767812470135186720e-01
-1.746417195350245866e+00
-5.639848047453133173e-01
4.980561960980017452e-03
2.554738937067252413e-01
5.575502805763601355e-01
8.460018058511264982e-01
8.294613336471408083e-01
1.077866391970003335e+00
6.141489169717081475e-01
-1.530988562583299961e+00
-4.885812576970632870e-01
5.953112580041734769e-02
4.199894084322993715e-01
6.213065442276111128e-01
6.457693135629812842e-01
9.717913467468688449e-01
9.992719011538826468e-01
8.892268109017553712e-01
-3.499258761390554362e+00
-2.122705306089597066e+00
-1.610484002792584413e+00
-1.191865236123114347e+00
-7.302278505139272458e-01
-7.227048970578165976e-01
-2.191252271502824867e-02
2.976206124841787592e-01
2.741319968082249203e-01
-1.391970997504665020e+00
-3.690292730440983271e-01
1.632316476442576547e-01
5.229567371768172324e-01
7.290845344479909285e-01
6.993744671564676718e-01
9.935750153857074718e-01
1.023231365587249586e+00
8.890309439050027018e-01
-2.203384734491335095e+00
-8.607981625712460838e-01
-2.871774255869476988e-01
1.013156543891631650e-01
2.834166741550062096e-01
7.971130035927171953e-01
1.066488314276712757e+00
1.077316340867445543e+00
8.951893189726114475e-01
-2.319187407384093458e+00
-8.852117581973292237e-01
-3.042151806397209723e-01
9.110998188528658670e-02
2.899756473211424490e-01
7.079390465983624869e-01
7.432476271295479497e-01
9.412287104157445183e-01
4.525474710511851462e-01
-2.135981977396527398e+00
-7.884972037665680666e-01
-2.342231361356583441e-01
1.644015154853993022e-01
3.164521111756939398e-01
8.453707988915379890e-01
9.589220257748031218e-01
1.108854734591803837e+00
5.585249025832925707e-01
-1.627734583602433505e+00
-6.099961591460504318e-01
-5.138343176357834663e-02
3.197057433766257728e-01
4.856536482036741820e-01
1.329199040543063426e-01
3.854166150607892249e-01
4.486682352564193010e-01
2.914938891186940051e-01
-1.350821492420703596e+00
-3.401323323869803184e-01
1.924299279166551691e-01
5.456403061422709921e-01
7.699495358937198386e-01
7.257905040991559087e-01
9.537212292633553412e-01
1.028660822807788255e+00
8.623130021338025752e-01
-1.350798152327676638e+00
-3.445869125614822726e-01
1.879038346360704659e-01
5.452363584044945810e-01
7.492518181819991518e-01
5.073004725693111006e-01
6.076206660174838792e-01
6.859561764805142126e-01
3.824605901270834440e-01
-3.880711204558713323e+00
-2.402926868533817206e+00
-1.572539625472506142e+00
-1.153389116189337038e+00
-8.052774245617788651e-01
-2.337149280525028239e-01
2.470160419812894859e-01
6.512835657727703564e-01
7.021471788935700342e-01
-3.908416877527017830e-01
2.707350640002195719e-01
6.692200847395165519e-01
8.040529569471600579e-01
9.015327497840437410e-01
1.031866507135571043e+00
1.126523575289481327e+00
1.103379283297548641e+00
9.459128734332864497e-01
-1.416559724902161532e+00
-4.014554532262517572e-01
1.352480177354712931e-01
4.957807277948685365e-01
6.898503740204573464e-01
4.078864835083624296e-01
5.231044332311174383e-01
6.233613225989128592e-01
3.905380591672844015e-01
-3.063615873848251958e+00
-2.088947985108568606e+00
-1.651984467626105069e+00
-1.094210500577189160e+00
-8.704720571242989813e-01
-7.964826919371512659e-01
2.135924471069784378e-02
3.392132432232757289e-01
3.184626262182195244e-01
-2.102903783105533275e+00
-7.764297071192641786e-01
-2.431264849158070451e-01
1.540648911638758112e-01
3.107913677575140365e-01
8.338126206841246502e-01
8.867011528291348643e-01
1.110891681127455399e+00
7.317364961865856499e-01
-1.842597710816309853e+00
-7.560228016414030083e-01
-1.648656610914393805e-01
1.875633902138194864e-01
4.149235312166237866e-01
6.826372813729906230e-01
1.034145864229598422e+00
1.024825015737113487e+00
9.302267723055157589e-01
-1.448075794134144001e+00
-4.069672092775117878e-01
1.456732000081617795e-01
4.416812734320655909e-01
7.097790317865771970e-01
7.577722416844095976e-01
7.842597591551440095e-01
9.295905747499875194e-01
5.138319757309813829e-01
-1.734921221634211363e+00
-8.914811767149189992e-01
-2.347398338451780475e-01
-2.015433005326284360e-02
2.232293209393679256e-01
6.369129480352083705e-01
1.007624302177625664e+00
9.797361637547301605e-01
9.040596650440032578e-01
-1.399354929147563986e+00
-5.443312486417763996e-01
8.655029582392319981e-03
1.921150445909093341e-01
4.449188342077169400e-01
7.625409543326451267e-01
7.552916862345270266e-01
9.272405956837568297e-01
5.424866074510836800e-01
-8.837570378712958918e-01
-1.334388896871696872e-01
3.615703548166755432e-01
5.169408566334739996e-01
7.172765973368403492e-01
9.477170561452187281e-01
8.575877742643844837e-01
9.688289423536872169e-01
5.922944780428602840e-01
-1.438824431724200270e+00
-4.244542778864197619e-01
1.195410909241327035e-01
4.794824955996624394e-01
6.750774021421176441e-01
6.996067989914330765e-01
1.017406637693259341e+00
1.027631708773965258e+00
9.412941860651167225e-01
-2.809733738680094461e+00
-1.220410915966539500e+00
-3.766135723381716649e-01
-1.721837105713824867e-01
4.951695177830402195e-02
6.641042013262150601e-01
1.008508506294538920e+00
9.944204752382812540e-01
9.161852551192333216e-01
-2.274621476593817970e+00
-9.078338344166507756e-01
-3.391536315739292484e-01
5.877087788904476057e-02
2.358852267498746103e-01
6.875816081509972255e-01
7.266933409686106016e-01
1.023516141559003723e+00
8.288538055024013973e-01
-1.743495409602326296e+00
-5.613402499277169166e-01
2.304937408845092461e-02
2.682410957462280643e-01
5.724038891078664371e-01
8.866656839382516253e-01
1.127050404634004854e+00
1.143401773521791620e+00
9.466367985114267913e-01
-2.597444202469457508e+00
-1.122728600299193191e+00
-4.890782961090922032e-01
-7.396017115662931185e-02
6.590765620153248017e-02
5.537532526661730348e-01
5.676037272932987765e-01
8.087284758320675282e-01
4.881267639720341389e-01
-1.802045827065517303e+00
-7.935877126304013984e-01
-1.822255745640816160e-01
1.910678234713817647e-01
3.326670018547567831e-01
6.414871730719515774e-01
9.967901604761003620e-01
1.025190781858561273e+00
9.520909977431074589e-01
-1.781990441621570831e+00
-5.907142673903780228e-01
-2.384729982713906273e-03
2.411435032893435304e-01
5.479025805092548884e-01
7.628988755972399005e-01
7.263191225021364827e-01
1.006443821089297641e+00
7.134239849747632256e-01
-1.950064435572481436e+00
-7.090297524417383812e-01
-1.313468569087726801e-01
1.764198560935336113e-01
4.454748264018421611e-01
8.562079809070438641e-01
1.116028044537401787e+00
1.133637190378162352e+00
9.507064155370232861e-01
-3.954553850628585110e+00
-2.349878500256762592e+00
-1.514213586776348208e+00
-1.089350653236704325e+00
-7.666778056249095030e-01
-2.547475739669315953e-01
2.758435367461324964e-02
3.814649993974862929e-01
4.205875784580142551e-01
-2.510148744679780553e+00
-1.500190359051940092e+00
-7.798706337584382364e-01
-4.891747165741154868e-01
-1.718868750485963715e-01
2.918276224746186309e-01
5.090090222114737051e-01
7.389129185528833244e-01
4.902014620473852391e-01
-9.486848645686865034e-01
-1.856877304979458743e-01
3.152291498554851135e-01
4.221372903343617033e-01
6.579586520438577280e-01
8.908260186745996512e-01
1.081990340675245577e+00
1.066943770360178734e+00
9.427540658557086450e-01
-1.636194911421542386e+00
-4.984006143088802188e-01
7.739087217377213501e-02
3.187858587565912671e-01
6.197452243414248718e-01
8.124088193582419404e-01
7.774409890784058641e-01
1.057668656895843995e+00
7.693944704242989818e-01
-1.308231228476764541e+00
-2.985680210318686356e-01
2.270039650378990193e-01
5.813448239982825783e-01
7.967728898023038742e-01
6.001138265207093259e-01
6.679769722324386816e-01
7.924512542526983561e-01
5.077310288196722476e-01
-2.028692604886786377e+00
-7.699321586401569606e-01
-1.617477114014808648e-01
1.219064055193227608e-01
4.230041309329112265e-01
7.425031484125289571e-01
1.023016694245320046e+00
1.091095056303034161e+00
9.390035951410155013e-01
-3.830626641408610422e-01
2.853339702610080963e-01
6.983124036516648037e-01
8.159790543874562152e-01
9.269760139459318760e-01
1.050045218078901055e+00
1.139123248453392190e+00
1.101855104925981044e+00
9.534753080058023800e-01
-4.240120650402264824e-01
2.604699758187093428e-01
6.865891207577453637e-01
8.376842101714222499e-01
9.584912605590968360e-01
1.112821073019800711e+00
9.597344146932154096e-01
1.068967555026201888e+00
8.791027781756108883e-01
-3.532594753089898454e+00
-2.136536797006533650e+00
-1.320562330354769998e+00
-9.514751708129987051e-01
-6.006268903825252581e-01
-6.531755412188690324e-02
3.342457718787016918e-01
7.385221688727964251e-01
7.879213459254831298e-01
-3.698734194248590512e+00
-2.325893737144655304e+00
-1.470229562098589682e+00
-1.055567980937646144e+00
-7.222533366555545786e-01
-2.143068432783773458e-01
4.636492071938261295e-02
4.013882846022246431e-01
4.473813529513283593e-01
-1.797014681745172204e+00
-9.001102483445573288e-01
-2.283750148397464264e-01
-1.457163754697803851e-03
2.351132904723776673e-01
6.575832107548492678e-01
1.029190681369461569e+00
1.010933220079115458e+00
9.337636392580113132e-01
-7.788410801940574002e-01
-2.337371126724778828e-02
4.563960379189431760e-01
5.471946552125946939e-01
7.637752155818308131e-01
9.808120707078750167e-01
1.112505538448119502e+00
1.095909200698777841e+00
9.545112460114757447e-01
-5.459944960620826127e-01
1.293603302674457001e-01
5.591218114502907177e-01
6.942028756258384892e-01
8.237595964251376301e-01
9.976899659087111738e-01
1.125695757154108190e+00
1.140013185286462338e+00
9.955098687720101980e-01
-2.790351660084851471e+00
-1.045422062358893456e+00
-2.944823018504293399e-01
-6.286032404508089255e-02
1.627125798142153579e-01
6.657811659319827768e-01
1.009156271307566133e+00
1.058339342189198895e+00
9.725212535765412891e-01
-1.422389233433741795e+00
-4.099948628424841535e-01
1.301682243412135287e-01
4.882618621635276823e-01
6.821152780523648262e-01
3.862640631441093264e-01
4.655257315906745075e-01
7.003383693272604571e-01
5.967328208770682485e-01
-1.017189697213531030e+00
-2.456748016308666627e-01
2.714318147788038482e-01
3.809217426659341488e-01
6.287397491806300254e-01
8.762188870108305050e-01
1.077290074337267534e+00
1.054386702619040106e+00
9.343362582376559811e-01
-2.706005184315193102e+00
-1.539843801219342945e+00
-8.179736627781918346e-01
-4.418443987375959003e-01
-1.333088910914143610e-01
3.927684686034789707e-01
8.476434410189029878e-01
1.014174440206467409e+00
9.274196413131429173e-01
-1.292925070127041165e+00
-2.900410149924639303e-01
2.356425229513355868e-01
5.890513323982203842e-01
8.110139196831702701e-01
8.221265645515070108e-01
1.105757606446046148e+00
1.109879034953472399e+00
9.993428611167751718e-01
-9.546403902835589594e-01
-1.374580028813656429e-01
3.397917329680035792e-01
5.063784538372609889e-01
6.926548152640894518e-01
1.016560345043667768e+00
1.110602965482947901e+00
1.104511637996338003e+00
9.453416015523623539e-01
-1.952984802923521279e+00
-7.195966809216930438e-01
-1.115689799487886713e-01
1.547234129015930826e-01
4.674934816726912246e-01
6.084546794411263004e-01
6.162737660677622964e-01
7.776782355535706293e-01
5.298766292608078077e-01
-2.864580889778967077e+00
-2.079229417587878714e+00
-1.594690607925244530e+00
-1.023850457171276762e+00
-9.285252897162048491e-01
-5.552386494759338209e-01
2.508436640970649334e-01
6.426841788616814988e-01
6.832809778876089979e-01
-1.559098990805948493e+00
-5.307798540976546020e-01
2.332668561853791164e-02
3.889946722122836209e-01
5.599781755735637745e-01
2.207839847447231885e-01
4.481972650945299508e-01
5.587552776043872571e-01
4.539239151593237875e-01
-2.370403263437997676e+00
-1.009781800761694104e+00
-4.032150147050304057e-01
-4.243041916676307257e-02
2.115394333686684003e-01
4.920159493773725856e-01
5.707193176577520788e-01
9.036342573856273042e-01
8.744715197076404767e-01
-3.794268778296205014e+00
-2.336739512120017626e+00
-1.606448284231111856e+00
-1.128606297975777162e+00
-8.336226119074897634e-01
-4.847266597226478346e-01
6.755860867677468407e-02
4.290995333057795458e-01
5.038819749741929588e-01
-1.464636284660242538e+00
-7.219670619050233551e-01
-1.047044473426370637e-01
8.795854505999953221e-02
3.304034770828535028e-01
7.209974364551900994e-01
1.061956002846487834e+00
1.021555358483686060e+00
9.446184681899268965e-01
-2.081891202207709846e+00
-1.071839868732129109e+00
-5.000896204554686753e-01
-5.907805484921526545e-02
4.354961563617835291e-02
-3.363284346456553164e-01
2.148481010545154890e-01
4.521723562261812934e-01
4.578503094458316047e-01
-1.318703372858680334e+00
-4.899162556549255809e-01
7.235780719637195657e-02
2.394838170167685465e-01
4.848228740649915824e-01
8.158066483939300229e-01
1.097430755388940637e+00
1.090490338141750559e+00
9.895890647463615464e-01
-1.279979177761853881e+00
-2.723480518581506415e-01
2.528470025539908961e-01
6.056705481219225584e-01
8.196320535595043033e-01
6.190466438183997999e-01
6.542703003222748448e-01
8.432903023632104533e-01
6.339067896420311765e-01
-1.688960211671213019e+00
-6.671884846918157974e-01
-1.028036667911466640e-01
2.741679649533591556e-01
4.262835779127181479e-01
5.158508207455964750e-02
3.648726311229964492e-01
5.215490806404917690e-01
4.739502682795943556e-01
-1.616035030788967042e+00
-5.993335874607965685e-01
-7.876903908415250344e-02
2.145839711752389189e-01
4.151174258520497484e-01
8.986179083604888262e-01
9.648026512454621617e-01
1.132790593646576083e+00
7.423155779914458741e-01
-2.749789005405874232e+00
-9.074787985585774930e-01
-2.000002397464088477e-01
1.834329741431319979e-03
1.972886291690233718e-01
6.931406915615597741e-01
1.036436836234536862e+00
1.056216424292151235e+00
1.013517494702138588e+00
-6.125432582478741450e-01
7.596967447236477322e-02
5.250834192970474934e-01
6.496020819388336198e-01
7.905629458108485164e-01
9.721219700851863044e-01
1.131442744394231426e+00
1.105742465681497588e+00
9.821542906344966628e-01
-2.080493034207847369e+00
-7.984599660497261331e-01
-1.995881493648021254e-01
1.119303861910674464e-01
3.975351307751793239e-01
6.644054169966974177e-01
6.642709110512717841e-01
8.675867179833851583e-01
6.046284359614202408e-01
-1.581798168079126876e+00
-6.053885500581236423e-01
-8.217634850109563349e-02
1.604521741959051007e-01
3.926451171868383105e-01
8.148554229500967194e-01
8.822258580808317596e-01
1.128250095767773686e+00
9.870261931151383950e-01
-9.509694290300720887e-01
-1.818882378558817070e-01
3.059450238073593287e-01
4.620920949240809317e-01
6.561613470579519269e-01
8.787259655133758951e-01
8.063152172830766462e-01
1.026560652639483040e+00
9.336866609227230107e-01
-7.516073669074572194e-01
-5.454188654662604947e-03
4.691265154348736588e-01
6.292563774267487808e-01
8.249564769797126385e-01
1.053113997100163068e+00
9.507234338245177385e-01
1.055972787392361001e+00
7.268141682580264717e-01
-1.917470010082516829e+00
-1.029792111555922540e+00
-3.606760789748269525e-01
-5.300313564185030885e-02
1.517031008444890139e-01
6.999585307993831940e-01
1.077877987549006322e+00
1.030804743312792704e+00
9.568362202547419093e-01
-1.606417569848195726e+00
-7.352749914527364483e-01
-1.515749728761449089e-01
4.973771168571596707e-02
3.137616160256325726e-01
6.746197991679969697e-01
7.358613735443788606e-01
9.306672507494935243e-01
6.564788101712212276e-01
-1.087649069880961994e+00
-3.151905389629798271e-01
2.098190700571052891e-01
3.614511579075831427e-01
5.815110682963672284e-01
8.756276173679409247e-01
1.126982947766897780e+00
1.133224020089999451e+00
1.027202553718130851e+00
-1.363462036225175700e+00
-3.400102120675591033e-01
1.929708555811572301e-01
5.276683404237040298e-01
7.722887844236264732e-01
8.835985446777631092e-01
1.181083237410695208e+00
1.180699504129945288e+00
1.035555951405651598e+00
-1.566186282156690535e+00
-5.364789882326600479e-01
1.820374229849049119e-02
3.835044153566339320e-01
5.547804201753161468e-01
2.017389753958095944e-01
4.372992888164878300e-01
7.429970933076954775e-01
7.440442381230859548e-01
-2.878389439634110758e+00
-2.085147791224379876e+00
-1.601526892120069823e+00
-1.041377218101523283e+00
-9.817925968162589667e-01
-7.574405917456521475e-01
1.130411715669865647e-01
4.566369104808612467e-01
4.974717388165108556e-01
-1.581429103755092047e+00
-4.810654502342899819e-01
7.168617398966579957e-02
3.772473013848805512e-01
6.460424122030765659e-01
6.514365372904089568e-01
6.921150521086526508e-01
8.596031196426116017e-01
6.537634654272767021e-01
-2.718511091737438434e+00
-7.601507369194969721e-01
-7.357809099313661338e-02
1.355991114676984299e-01
3.059852559288408491e-01
7.761660375741615825e-01
1.114898573027393036e+00
1.100423949967350712e+00
1.038959290392804435e+00
-1.528929332087623827e+00
-6.804458398697326160e-01
-1.143442091999276877e-01
8.291061819467655802e-02
3.347349701136910771e-01
6.754046674584495147e-01
7.263828868465372901e-01
9.316658510863948806e-01
7.190137869847762486e-01
-2.133648907263387073e+00
-8.646778404392234663e-01
-2.283087552966671374e-01
5.679624818897915234e-02
3.584484577635523306e-01
7.482439356314207757e-01
1.087167761111855979e+00
1.062938558695106339e+00
1.000341728393373320e+00
-1.411822534559832087e+00
-3.918339317182020776e-01
1.472111747881935662e-01
5.037076394779955724e-01
7.114361339394950079e-01
8.033954987343618903e-01
1.161530739253425537e+00
1.133104431203392215e+00
1.044604262218137292e+00
-8.275188540392860448e-01
-7.820064015849845229e-02
4.067266211765351303e-01
5.678135331286183751e-01
7.682200827067275917e-01
1.003016117194573731e+00
9.143234942241540431e-01
1.041889432855716890e+00
7.674735934120373582e-01
-2.038598319520126712e+00
-7.456403985471100615e-01
-1.876566901493043060e-01
1.901152152547860297e-01
3.249192548479054032e-01
8.926686417775829829e-01
1.019402901018847674e+00
1.170831781374574554e+00
7.979119833644376936e-01
-1.350677032118667187e+00
-3.309017760204154279e-01
1.980631648588238591e-01
5.542153299278914647e-01
7.607040923843082503e-01
5.373998202146755832e-01
6.957068519422755504e-01
9.381551956186463537e-01
9.313292279904684667e-01
-1.844570153045465011e+00
-8.360670655677295837e-01
-2.598956751054007919e-01
1.389237935844844229e-01
2.586434309699656153e-01
-1.393206027400796521e-01
3.101365132751666698e-01
5.286754900379425637e-01
5.440212899927827639e-01
-3.626943449953452969e+00
-2.380587891918475307e+00
-1.502118558317129926e+00
-1.084383031518048934e+00
-7.424023060425382070e-01
-2.112483782300466073e-01
1.503460202702260884e-01
5.332918251544286337e-01
6.296505880193269400e-01
-2.693192452884581645e+00
-1.713986091333619344e+00
-9.504410716942758297e-01
-6.445529442612324411e-01
-3.131329393088958524e-01
1.692292663674331288e-01
4.037233508609524013e-01
7.159696481699739934e-01
6.483538614348853812e-01
-2.512552829631714779e+00
-9.032103659665102757e-01
-1.517689520025107264e-01
5.442848734910440273e-02
2.478685516201852013e-01
7.667967351629056960e-01
1.093457164178253116e+00
1.089660157789524186e+00
1.037468270262595471e+00
-2.055107314653223050e+00
-1.077844121524760945e+00
-4.438916622601050133e-01
-1.968484432161982378e-01
9.345831132495852067e-02
5.154369215637407686e-01
6.874440090972941952e-01
9.199146207718605917e-01
7.790621157438466504e-01
-2.016248093353367743e+00
-9.319159636804406066e-01
-2.898584041852353410e-01
3.562621196920783689e-02
2.137902280734353400e-01
7.682300423685316515e-01
1.110931808314586933e+00
1.067767047153524551e+00
9.784752976523588552e-01
-1.713275117004083414e+00
-8.398876090843686582e-01
-1.646781245957869566e-01
7.413677507726840199e-02
3.111125307320110056e-01
7.388486130747705660e-01
1.105394013868064462e+00
1.093281101619822060e+00
1.016542985363075635e+00
-1.772991115921830119e+00
-7.263974320614249303e-01
-1.093755943535283104e-01
2.428731442564003307e-01
4.077313115359478823e-01
7.987255567511472032e-01
1.153725990712266558e+00
1.140849526081862964e+00
1.060747513440269296e+00
-3.168893648561665444e+00
-2.160510186413208356e+00
-1.729131861500977196e+00
-1.172587435221082108e+00
-9.211858870375104757e-01
-6.411205505691243145e-01
1.913677931670595966e-01
5.529110472227989348e-01
6.229059068718530989e-01
-1.345938811093529308e+00
-3.287602362141654466e-01
2.012550189953736246e-01
5.567442900904252534e-01
7.690966921922067767e-01
8.506935551153650410e-01
1.189765509121600839e+00
1.175624371655397793e+00
1.068451193844653035e+00
-2.549472187602545237e+00
-1.169361039970144844e+00
-5.324430753002656891e-01
-1.686844376038077187e-01
1.092847050745109905e-01
3.179175328032342596e-01
5.585135215184865443e-01
9.181096982714449517e-01
9.453353004431909179e-01
-2.289098639453736261e+00
-9.562450112100453481e-01
-3.499378939357073448e-01
5.175302705653298495e-03
2.576092450675849799e-01
5.687586234954765674e-01
6.804924575621862370e-01
1.012618569414845737e+00
9.869871602615375439e-01
-2.259022772850946659e+00
-8.788607870638208697e-01
-3.020616931716166853e-01
9.667475077033477193e-02
2.337333644023777413e-01
7.836561742675421938e-01
9.224146411358522535e-01
1.105022154575406423e+00
7.926690808214602590e-01
-3.252743492865586283e+00
-1.912051720449624348e+00
-1.104048917140654007e+00
-6.838786526451862136e-01
-3.364727999472006958e-01
2.311252760143500673e-01
7.349586036068512795e-01
1.046629099201200841e+00
1.071643055115825360e+00
-1.740058590302242303e+00
-5.513516577695876109e-01
3.240698948231362370e-02
2.808242530401308668e-01
5.870736718048960023e-01
8.230313447949417771e-01
8.570886905074487361e-01
1.065303470497017013e+00
7.554965840278152767e-01
-2.754877970336380599e+00
-9.344271710572835676e-01
-1.343583658622466148e-01
1.242042228662032337e-02
2.089348681141340314e-01
7.846170178526769012e-01
1.100903792834523776e+00
1.067740963084942374e+00
1.003144569485258319e+00
-2.708356891931248178e+00
-1.241378574693210002e+00
-5.859171853781260930e-01
-1.848561002930770025e-01
5.796982830573256529e-02
3.247092730652297865e-01
3.991412627140176195e-01
6.572689593977489864e-01
6.802220909499165913e-01
-1.305963103463981811e+00
-3.067525401141238395e-01
2.245148953072739206e-01
5.789466213210101575e-01
7.885084564663332740e-01
5.645061111652409647e-01
6.382288069760735372e-01
8.518147153837084540e-01
7.340977436258492306e-01
-1.860175556215498238e+00
-8.445100579310553801e-01
-2.660818666465308291e-01
1.326645615901160535e-01
2.505355574700453003e-01
-1.416405796917629689e-01
3.414374389001000321e-01
6.952812735508578923e-01
7.309694391804545388e-01
-1.683639508639124927e+00
-5.684638958439499623e-01
1.277231627702858467e-02
2.772000781880278319e-01
5.728710788046396107e-01
6.627712426494501985e-01
7.062416107241755725e-01
1.009736024723681069e+00
9.438761637279863281e-01
-1.728723010223046863e+00
-6.094910178225640962e-01
-8.914974992835571210e-02
2.728112277847748457e-01
4.384567606482745461e-01
1.004575839955711869e+00
1.214364952865419900e+00
1.255933903876457203e+00
1.082271119588596786e+00
-2.722732923110127601e+00
-1.863373278629655516e+00
-1.377157385489028885e+00
-8.257423793620674024e-01
-7.503471211744309199e-01
-5.715912110016954095e-01
2.615560992596254186e-01
6.631564304431036838e-01
7.199538058860101009e-01
-1.580352754597822429e+00
-5.543009379655873259e-01
-2.005336372335053772e-03
3.651902627892304465e-01
5.378934621720157239e-01
2.747780656168242741e-01
6.381587719008701143e-01
9.362465612402297577e-01
9.861511765886854519e-01
-1.396381178548562918e+00
-7.677462260936749328e-01
-1.033772816158252394e-01
8.230403951930352624e-02
3.107715634641586289e-01
7.247337671607357867e-01
1.084321900734207977e+00
1.050701309458753396e+00
9.706714177896381690e-01
-1.846451250409372857e+00
-6.043956173613374006e-01
-2.276265550006231070e-02
2.455368212757195467e-01
5.403739039999827520e-01
8.383879158845869428e-01
8.828392004190642739e-01
1.109228154245519571e+00
8.264875032707043045e-01
-5.996336026388668916e-01
1.095770643145375089e-01
5.737383633902513047e-01
6.689137400532320088e-01
8.451704457748773214e-01
1.021469388373571041e+00
1.162182512449934535e+00
1.129510558189232627e+00
1.004325283280785630e+00
-6.054791791922667921e-01
9.829026553052819248e-02
5.480528028096864901e-01
7.033000039169629014e-01
8.515302365975233601e-01
1.029599173927172151e+00
9.296046903194273847e-01
1.116825924092847755e+00
1.046114925102497262e+00
-9.976022748928807804e-01
-2.235881896667410995e-01
2.619140508752421104e-01
4.177397645589563391e-01
6.281589019951461239e-01
8.658476794581346780e-01
8.808683471763627537e-01
1.136619116725082312e+00
1.112040137844328092e+00
-1.354472392096500721e+00
-3.439218563465790135e-01
1.861768397670101327e-01
5.420394082322591567e-01
7.533082718544918954e-01
5.441943162146799517e-01
6.559364477518797587e-01
8.176107838436711406e-01
7.118875879424317876e-01
-1.317409702703594032e+00
-3.881718047578343600e-01
1.048015268121094828e-01
3.511428145445860127e-01
5.592978180277018430e-01
9.804300649109628507e-01
1.000710780623508489e+00
1.179835609590387246e+00
9.032300117741954848e-01
-1.328581968918959300e+00
-3.242010969478451021e-01
2.047575115528070533e-01
5.498906943270260861e-01
7.840290006348911156e-01
6.911245060420851960e-01
7.555114262778344081e-01
9.350529354007076632e-01
7.695644971986298488e-01
-2.824974556013147176e+00
-2.038788416148634042e+00
-1.556093651602117767e+00
-9.929354323357092449e-01
-9.212134044573550007e-01
-6.563585955042243736e-01
2.028785614674576410e-01
5.695060005063333763e-01
6.535284549344749783e-01
-3.360514197021497118e+00
-2.031736985346848545e+00
-1.501522629721604885e+00
-1.079091544695282234e+00
-6.369458350143610836e-01
-5.014884913132195976e-01
2.564763904559859142e-01
6.390788788991060843e-01
7.458488734105175322e-01
-3.151486541642219419e-01
3.392656663516770976e-01
7.341487317162018744e-01
8.775867421732460594e-01
9.879355085806841297e-01
1.129553736817594967e+00
1.167249351557525072e+00
1.247777577606239419e+00
1.113720110029106980e+00
-1.274527921166198619e+00
-2.735358799632495730e-01
2.512150017694305681e-01
6.058313052320269954e-01
8.257940457859991312e-01
7.503303359008897111e-01
1.006839971439041914e+00
1.158388300897796652e+00
1.066997122819460353e+00
-1.902346810044217795e+00
-6.802540733397103301e-01
-8.982608047753094793e-02
2.015607635298820866e-01
4.805840773642117147e-01
9.075012046416980338e-01
1.194934278305461950e+00
1.178594142101485165e+00
1.044550671098230854e+00
-1.277317038955094963e+00
-2.805139115105409475e-01
2.468102094204930319e-01
6.023117856816972981e-01
8.199568322787185171e-01
8.583358978159619790e-01
1.190725666246443382e+00
1.167723533483396858e+00
1.091791867335450528e+00
-1.970644396339702675e+00
-7.372967588995762434e-01
-1.476952071165829328e-01
1.604220625564612424e-01
4.295408876604770443e-01
8.726696896322896357e-01
1.166998180193350443e+00
1.147325944581305546e+00
1.030457075651176169e+00
-2.215183884579105644e+00
-9.894926347639629860e-01
-3.900517678815911271e-01
-2.285787949558800922e-02
1.401209917519279091e-01
6.942483404284875981e-01
8.940784995706539950e-01
1.172528501102596099e+00
1.090872713927704130e+00
-8.019316932791747954e-01
-5.230092256024648778e-02
4.320186174557221204e-01
5.884511336875236642e-01
7.818421950744991467e-01
1.004475126066247448e+00
9.264453064871253085e-01
1.066652254434515612e+00
8.885149907849736461e-01
-4.329586860581397523e-01
2.512273978414069631e-01
6.781674200440214184e-01
8.357290952485794122e-01
9.589370762307262153e-01
1.123309417345443428e+00
1.005399636415294173e+00
1.151567708707356585e+00
1.055840846870599092e+00
-1.883470008722166522e+00
-6.492035625301060264e-01
-1.054781804647643290e-01
2.477878717259592301e-01
4.520328299928588200e-01
9.903382683209573933e-01
1.237258431454582475e+00
1.216183635987512890e+00
1.056502130365131187e+00
-9.581450057859033365e-01
-1.815327215429370922e-01
3.097880552770905793e-01
4.795355862286299065e-01
6.714656795006740397e-01
9.135595815565505928e-01
8.627151965521751009e-01
1.030216781476296806e+00
8.884454308620750584e-01
-1.311513037685106964e+00
-3.040574351961831678e-01
2.211231584481736512e-01
5.722271477962718178e-01
7.970380305930593323e-01
6.491401431881161921e-01
7.457814326253578985e-01
1.023631791648609068e+00
9.867473724916612232e-01
-1.994120964871707091e+00
-1.051194586987984181e+00
-4.203764363737520493e-01
-1.801084851469255677e-01
1.001508618541198520e-01
5.117295891468337521e-01
7.094783324826169357e-01
9.848772613167178225e-01
9.501651915435875839e-01
-1.712975011101927958e+00
-6.436835887999864392e-01
-6.314466903967684563e-02
2.880230969156120646e-01
5.048349719355151866e-01
8.250683665206399731e-01
1.191972595546980207e+00
1.170636678610725401e+00
1.117621654403361697e+00
-5.138753752996041424e-01
1.678747820190162610e-01
6.105956685177374998e-01
7.317075860419516298e-01
8.694162704560673971e-01
1.040434844655063085e+00
1.195083429654807627e+00
1.159422166831466816e+00
1.038980561113803436e+00
-1.304710697372858830e+00
-3.002979388469168009e-01
2.248145745551027308e-01
5.748082142377811676e-01
8.021385363736640572e-01
6.850370775150207425e-01
8.023469138770500386e-01
1.080598921504228649e+00
1.060587754335173161e+00
-2.401707342083088115e+00
-8.394367958729276324e-01
-8.565970626706505275e-02
6.508242116445399350e-02
2.494006022730716754e-01
8.130799488677811215e-01
1.123251911007767445e+00
1.091448241741650005e+00
1.044364437181563909e+00
-1.901561296134749446e+00
-6.445948998275933262e-01
-1.319088354213749648e-01
2.490372219120079722e-01
4.026130213363990906e-01
9.606912548680639485e-01
1.069049632256881210e+00
1.292839231118809495e+00
1.132543892398856888e+00
-1.707005167847910343e+00
-5.288335613066971197e-01
5.457727256948264466e-02
2.981821287655496699e-01
5.992938694691598567e-01
9.776793236584585545e-01
1.253313455754932804e+00
1.293767948451824745e+00
1.143965863783032555e+00
-2.017409452918188517e+00
-7.509830002810414795e-01
-1.632430564060334821e-01
1.536205012695217864e-01
4.286100860160428905e-01
7.473455391480950949e-01
7.988707897239825106e-01
1.045963923929470241e+00
8.958073478477515117e-01
-1.492357125525600292e+00
-4.504332189607631043e-01
9.948348745373859769e-02
4.532031188826571855e-01
6.739768227478890594e-01
7.871808319457074266e-01
1.146010602817636670e+00
1.230590852323708351e+00
1.125628847953699552e+00
-3.611777641218136825e+00
-2.219292125561957540e+00
-1.432928204775458347e+00
-9.657534564881045114e-01
-7.047396949065460880e-01
-2.127764795453919444e-01
3.228461441831745327e-01
7.405379506664880873e-01
8.877565817417765182e-01
-2.522061453034333933e+00
-1.063262704856460905e+00
-4.457084826718072379e-01
-2.735873744900487251e-02
1.323533280569731685e-01
5.898531793928001310e-01
6.618476203954940518e-01
9.462915438010154334e-01
8.900421770073447814e-01
-3.471368053592795988e+00
-2.138315280210885128e+00
-1.290058431295027619e+00
-8.367235879727396020e-01
-4.660416618855837689e-01
1.503438750792443490e-01
7.088240551364348718e-01
1.080906972753125528e+00
1.153418909168169915e+00
-2.964177313863937346e+00
-2.226096516457701568e+00
-1.703981761737138667e+00
-1.121610018642362983e+00
-9.304567432197698995e-01
-2.961169527525532308e-01
4.774251503595873802e-01
8.929644754846328691e-01
9.703790089738604241e-01
-1.475149796322971829e+00
-4.451292869603561964e-01
1.000285957638133161e-01
4.597204374372251268e-01
6.562520847826011083e-01
3.954556655549738009e-01
5.852941676168120777e-01
7.924512542526983561e-01
7.998239841150707186e-01
-1.226158154278314871e+00
-4.857008173878533674e-01
6.954442570677191182e-02
2.687824954078311679e-01
4.988455912625529565e-01
9.248213431251000038e-01
1.204444947660019416e+00
1.168161306198744809e+00
1.075972752613024053e+00
-3.554211983186082779e+00
-2.080550791626230911e+00
-1.547213806539387226e+00
-1.121948619715213979e+00
-6.658305736913212591e-01
-4.446075628090857546e-01
3.237717672832868820e-01
7.258871320688067286e-01
8.567795183860263952e-01
-1.500410022703114299e+00
-4.728466694976460882e-01
7.605273292986361455e-02
4.385355967387253306e-01
6.231406003876345245e-01
3.352145403421248337e-01
5.583427544448392732e-01
7.679923433707886993e-01
7.915967962058338969e-01
-1.632217451808278375e+00
-5.785299222212862968e-01
-2.732653440415136123e-02
3.353378557492285861e-01
5.429720800874976439e-01
3.175815147325553589e-01
5.523047231349238473e-01
8.253284955881254881e-01
8.672053432436185316e-01
-1.655313000130581358e+00
-7.421243244107444959e-01
-1.690465871094898320e-01
4.678832793372971616e-02
3.108916473891745746e-01
6.839647002972925049e-01
7.880865450785198290e-01
1.025651715909363437e+00
9.360442984667304289e-01
-1.407641179911760521e+00
-3.863022355532113039e-01
1.547287008369966077e-01
5.101306457063820021e-01
7.256577949146221229e-01
8.453069646359607781e-01
1.200631682016988000e+00
1.253632924698811157e+00
1.148115204909445630e+00
-2.308357700096790310e+00
-1.019558854218846067e+00
-3.886275811707002314e-01
-7.146310441130754310e-02
2.399799265505287438e-01
2.875819279660398187e-01
5.019303517648481261e-01
7.793241426443567876e-01
8.571987295730014722e-01
-1.551701214690471842e+00
-6.662480035727870176e-01
-1.235387424959796393e-01
7.699206838548060261e-02
3.348939252657618937e-01
6.735136550320675042e-01
8.299402153850643504e-01
1.138197735418300383e+00
1.141739559000982451e+00
-1.608555260619611404e+00
-6.053734476694602185e-01
-5.405528068906252648e-02
2.774869995300084935e-01
4.395737472927614964e-01
9.926975866367488965e-01
1.247604746562885225e+00
1.289733503235231948e+00
1.163146523585397496e+00
-4.560242896857100714e-01
2.155296137222980912e-01
6.290940389641631603e-01
7.797790604176695339e-01
9.009346864425322732e-01
1.076195924845540608e+00
1.199488443196748078e+00
1.279586593857571231e+00
1.179651026414340942e+00
-1.190810500611283684e+00
-3.717568738679800089e-01
1.417902489116541764e-01
3.318053601591764989e-01
5.661892885776399487e-01
8.594110151883996851e-01
8.571733395306198044e-01
1.067455975446208738e+00
9.522303342227380618e-01
-1.383534168165172273e+00
-3.737211240058022632e-01
1.585515092830643014e-01
5.161139562494513333e-01
7.153547437149512245e-01
4.651905499963441826e-01
6.257171527887672724e-01
8.469020406402674173e-01
8.380035634542156719e-01
-1.332027628403203545e+00
-4.382558211726044206e-01
6.985704390986736956e-02
2.915238107029072823e-01
5.244463982794554946e-01
9.137286332318772519e-01
9.503914018001925479e-01
1.152500831856469787e+00
9.745917936394313807e-01
-1.325870245075654097e+00
-4.531723865314322697e-01
1.138309659383278105e-01
3.037215206980658500e-01
5.550165245331730723e-01
9.293629728099159770e-01
1.234464940706955893e+00
1.222545785057047141e+00
1.135435602547402834e+00
-1.686933205793745394e+00
-6.676935372002791302e-01
-9.917895100341807268e-02
2.750421405405777397e-01
4.359721171413899476e-01
1.028149109179689602e-01
4.707910868520382430e-01
7.542561585596699869e-01
8.285222246177963434e-01
-1.760089475065046871e+00
-5.805419310516028997e-01
1.185589962997488957e-02
2.654184164549199809e-01
5.706701123291412214e-01
7.420797867599037145e-01
7.874919365763025647e-01
1.023468899767418616e+00
9.107081176076999851e-01
-2.045970000940960265e+00
-8.928078753558504888e-01
-2.526399276733038990e-01
8.165349136502307592e-02
2.742513949247272764e-01
8.286758444923267852e-01
1.178128181277154685e+00
1.130120399758164140e+00
1.055253188668474396e+00
-1.353548946095611383e+00
-5.419530470709124081e-01
3.893072099732024921e-02
2.448455666963988142e-01
4.919954228233023308e-01
9.158533065229431669e-01
1.230113844415365643e+00
1.200453374828776676e+00
1.118854041695362511e+00
-2.324443951362306748e+00
-1.155422151321825019e+00
-5.113156561075926643e-01
-2.026386311015851149e-01
9.460599522041483744e-02
5.675595391953718316e-01
9.303013350537054915e-01
1.207460089759816446e+00
1.177636311570554373e+00
-1.537489093156632958e+00
-4.994062613843537335e-01
4.627807383873590308e-02
4.101575275738233439e-01
6.102886794342092802e-01
3.939651419744134575e-01
6.984361748787003554e-01
1.030425718239508681e+00
1.080290049245317796e+00
-1.499283806466042535e+00
-4.612631390158323796e-01
8.619623514391795693e-02
4.454175415361965040e-01
6.526742270045927663e-01
7.953331720754687195e-01
1.154160897978968814e+00
1.123936072053956181e+00
1.097397248225016941e+00
-1.728723010223046863e+00
-7.212275749091346944e-01
-1.507918345810153049e-01
2.328828821734105492e-01
3.729333095475671489e-01
1.931381836147035569e-01
7.058638808773216589e-01
1.040612699532294849e+00
1.102849239476948684e+00
-1.320111589809060959e+00
-3.163272928172672360e-01
2.143946704055110786e-01
5.692863743380631725e-01
7.805393728097823614e-01
8.324818003341745154e-01
1.174154378904962881e+00
1.256830589074241056e+00
1.147459427388779707e+00
-1.380824838913578656e+00
-7.984536566784431466e-01
-1.592787610547847510e-01
5.342745317095984325e-02
2.979484543328023149e-01
7.921583830856522290e-01
1.177742012496841184e+00
1.125334009585155393e+00
1.065614182554643907e+00
-2.648122187748438994e-01
3.751735501128579675e-01
7.588016402784255598e-01
9.035019860718802587e-01
1.010603855302356857e+00
1.162964783196836160e+00
1.274379465368677744e+00
1.305782663653175524e+00
1.192366203471375785e+00
-1.998547965898444634e+00
-8.527093236974158108e-01
-2.131951680219933698e-01
1.101011559617305624e-01
3.519878261292919142e-01
7.956995923668571669e-01
1.142453546870645154e+00
1.115801076335476649e+00
1.089237400162062164e+00
-1.855858089741588612e+00
-8.430848885179770269e-01
-2.625428259702337064e-01
1.363528486765480940e-01
2.698894443924315101e-01
3.298406920338457504e-01
8.392618621841398951e-01
1.111506066692049322e+00
1.127571181938811673e+00
-1.385541423458997778e+00
-5.686650146666917260e-01
4.459929407306049282e-02
2.377116046824301054e-01
4.387639803302796349e-01
8.161004076620785863e-01
1.142754850147027934e+00
1.104511177258661769e+00
1.028063822676315464e+00
-1.123592698614189311e+00
-3.488612310423795937e-01
1.979831301120943965e-01
3.633387823966053309e-01
5.721809061925313689e-01
8.930733437065707658e-01
1.169528032675218432e+00
1.132035179717407969e+00
1.044709723819664982e+00
-1.660650997985218646e+00
-9.638315207030306864e-01
-2.623609839418029610e-01
-1.361167857831569947e-02
2.505324515588350232e-01
7.954618598898848258e-01
1.189389136276091552e+00
1.241768284913210119e+00
1.158109095211664386e+00
-1.403400528693869331e+00
-3.704016340982732025e-01
1.623051637673374459e-01
5.164107487456212064e-01
7.393689367477446206e-01
6.821928790531202047e-01
9.750818830124818870e-01
1.179041115376527671e+00
1.132030562480587088e+00
-1.699446421589958067e+00
-6.655031689218886548e-01
-5.700600414485631345e-02
2.943646676438896881e-01
4.661765092934230803e-01
8.453432857934440880e-01
1.204583119891301735e+00
1.166846777714890759e+00
1.128430734454024753e+00
-1.516431864431018628e+00
-4.942584649239682437e-01
7.061575074884153536e-02
4.276061246642532954e-01
6.157745843753592574e-01
8.776766567616923753e-01
1.247258778712202920e+00
1.233933920480987823e+00
1.163064168648479502e+00
-1.584454888934593075e+00
-8.332528338545959201e-01
-1.230017305968339331e-01
4.398288417514262250e-02
2.784611106141208769e-01
8.287270336387890790e-01
1.172244805344967666e+00
1.143025921986198457e+00
1.070789708103797366e+00
-1.498494920425851529e+00
-4.546028126626703303e-01
9.709118710614103587e-02
4.486914793089030185e-01
6.693306878646222424e-01
8.963396516852222273e-01
1.246784537305376750e+00
1.237384645435414487e+00
1.157321902674626868e+00
-3.625403254609687043e+00
-2.284326470070884518e+00
-1.456583790783266164e+00
-1.044056604722833681e+00
-7.076974536128489701e-01
-1.412649718436146118e-01
3.257328022919648292e-01
7.471350185456754334e-01
9.051583925885330340e-01
-2.089718928866680425e+00
-9.459344625033161424e-01
-3.636089650201277945e-01
-4.254770576296160178e-02
1.943320963378973310e-01
7.057413669648686660e-01
8.898307181535929367e-01
1.104939353370713251e+00
9.758940661991433174e-01
-1.666958011207619661e+00
-6.145328382961793290e-01
-3.192699622993633995e-02
3.246115583339683752e-01
5.205760826234632210e-01
8.521096844850259977e-01
1.221748957379580558e+00
1.203315806804918786e+00
1.149219325548441528e+00
-6.581377588497366871e-01
8.161203475636227833e-02
5.294944070351181864e-01
6.693287131634031439e-01
8.584265164503775969e-01
1.085770588130270609e+00
1.072239708935526448e+00
1.268680101171981489e+00
1.183045279571566022e+00
-1.647074237240067740e+00
-4.973166372552578207e-01
7.585117580080134869e-02
3.185853574897062335e-01
6.209082784498876073e-01
8.415933792743188757e-01
9.089043518684658540e-01
1.199500795649736329e+00
1.099027140725702845e+00
-2.801747224049466745e+00
-1.392171985381214006e+00
-7.008327074900151388e-01
-2.824865039935791633e-01
-1.283873132299091779e-01
3.659287053605492779e-01
4.737440753819422978e-01
8.245261970089519110e-01
9.094875747858599535e-01
-2.760359499435038444e+00
-1.900426342206324337e+00
-1.369549708431321289e+00
-8.167703756592397113e-01
-6.332961784263919647e-01
-9.188476337164291907e-02
6.115554020924516276e-01
9.997977849065804445e-01
1.077231976617573972e+00
-2.816198802111913757e+00
-1.918948629566559649e+00
-1.447512870464718437e+00
-8.750445645957017904e-01
-7.665862257237123778e-01
-5.011283207270358364e-01
3.194741662729483900e-01
7.096131657663099501e-01
8.341132711813616929e-01
-2.966526071653891705e+00
-2.226440701344212680e+00
-1.712085916190757118e+00
-1.123158961556732782e+00
-9.018901074147290808e-01
-2.376386637059955675e-01
5.240295803089766169e-01
9.363374941676113616e-01
1.017016293125511561e+00
-1.787401284571137339e+00
-5.961905134591822808e-01
-7.156532214259160064e-03
2.439933982345360852e-01
5.536405149151653049e-01
7.334884064276442350e-01
7.803754391991422068e-01
1.025869898395040725e+00
9.282281905426931212e-01
-6.454338383480180408e-01
6.148289493847163695e-02
5.231910355104392174e-01
6.840079694963154822e-01
8.426890883229530838e-01
1.043338054778626178e+00
9.637338343204987501e-01
1.102666165231878992e+00
9.953061610272763149e-01
-2.208338236540023480e+00
-1.179295918608795235e+00
-5.160827084966090883e-01
-2.539227126640424825e-01
3.936430732301190311e-02
4.770213809075234956e-01
7.184654856041239324e-01
9.989161891244805469e-01
9.881675196838471953e-01
-6.786176904591537662e-01
2.893909763115603759e-02
4.999637547747616262e-01
6.255825695529645403e-01
8.119417020526962236e-01
1.044885597693709700e+00
1.252587106375558701e+00
1.232024715738755383e+00
1.128150591031688688e+00
-3.399240119281989880e+00
-2.160829808866458812e+00
-1.285011110926071787e+00
-8.175274849220335316e-01
-4.373297429195485697e-01
1.990476487674691375e-01
7.727670731658455860e-01
1.125609544404821749e+00
1.182527259578477263e+00
-1.966835372894493839e+00
-7.412406088036344043e-01
-1.361117131074049413e-01
1.399646625265014710e-01
4.464515510009267052e-01
6.954189730206956632e-01
9.178386207913397099e-01
1.188517142506578583e+00
1.146293098847955383e+00
-2.347861749739115655e+00
-9.667423360725485582e-01
-3.171724629747670887e-01
2.260225652527794379e-02
2.719770749632000606e-01
7.949467776280678688e-01
1.135440996681940096e+00
1.097174872119611511e+00
1.043553238970293062e+00
-2.899291338575475052e+00
-2.120374044402511871e+00
-1.636138205265676548e+00
-1.059057297416153398e+00
-9.288192929251474217e-01
-3.956201752106929814e-01
4.172864925080353449e-01
8.388865011518049641e-01
9.255342825516026384e-01
-1.097944893067189787e+00
-3.427236182019100519e-01
2.058349494695989323e-01
3.527625232093857810e-01
5.768697277803235268e-01
8.889234477793962474e-01
1.156432921521196810e+00
1.113693312677317415e+00
1.022974833443206943e+00
-1.111582954284989544e+00
-2.966169364118279028e-01
2.034522116884117382e-01
3.800027807000882496e-01
6.177804479057346088e-01
9.037719023156954856e-01
9.078532796775422575e-01
1.155832966396312944e+00
1.096233944869732468e+00
-2.132158228314753323e+00
-7.658716408411866405e-01
-2.089979184126715961e-01
1.884223418006900908e-01
3.653781162404255989e-01
8.613870471098922232e-01
9.838948782636749435e-01
1.187517751769050500e+00
9.763905336883339503e-01
-3.386214320139216749e+00
-1.893096497774717335e+00
-1.100133773453239705e+00
-6.267203858081051848e-01
-3.231377653419574836e-01
2.545263970880162763e-01
8.184137022932665984e-01
1.143803768035097645e+00
1.150989646106519437e+00
-2.237952058136276179e+00
-1.019099870650674644e+00
-4.033669408472473905e-01
-7.365710400564350058e-02
2.176964642992920695e-01
1.647652377557228820e-01
4.988275953258434203e-01
8.106212445172862324e-01
9.023507493065261453e-01
-1.323032820751667504e+00
-3.165715801192915402e-01
2.114689696038284106e-01
5.653947653813171659e-01
7.827017421564786970e-01
6.118420150355892151e-01
7.263452838641109022e-01
1.001659442606988693e+00
9.767869705038819683e-01
-1.341335515334998618e+00
-3.235351329944194387e-01
2.045693174567092543e-01
5.578954599354681854e-01
7.769825183028501447e-01
6.137719752098442783e-01
7.207027183181560215e-01
9.381664912307748905e-01
8.916813524304374461e-01
-7.134630101603880448e-01
-6.351151349267241189e-03
4.507543767522753098e-01
5.986662259411317244e-01
7.696126539893518581e-01
9.902116126254604245e-01
1.146785419296017183e+00
1.273838335394727128e+00
1.184677464275272873e+00
-2.087428274194407241e+00
-8.004810110486884067e-01
-2.174103283042735923e-01
1.377945686997885388e-01
3.652705560882453795e-01
8.654733428311616183e-01
1.160279688741020054e+00
1.135776483989902497e+00
1.039728090975122976e+00
-1.790922758364540401e+00
-5.654189228366415243e-01
1.995493188179660662e-02
2.680716677807073456e-01
5.766312326711438008e-01
8.155332669562772585e-01
8.685660434801166785e-01
1.106536995573324855e+00
9.454731068057962151e-01
-1.413899951571945479e+00
-4.172676890547680206e-01
7.824779554011575267e-02
3.775287470986306571e-01
5.133482464903533771e-01
1.007048731358683114e+00
1.081064618853807113e+00
1.312453700094633247e+00
1.173054901654903004e+00
-1.604450530230701943e+00
-4.696033877338610107e-01
1.018813840663711223e-01
3.503039043569035060e-01
6.463834395784768816e-01
9.487957485107528788e-01
1.221131151000839576e+00
1.208633334484584321e+00
1.077184479576130061e+00
-2.033331857359709005e+00
-7.536819822333868935e-01
-1.837122760565245427e-01
1.843402097407720597e-01
3.549753735036292324e-01
9.195223894318578228e-01
1.202708166325919370e+00
1.168263780345789815e+00
1.052618094983034158e+00
-5.329634940435872270e-01
1.665113114083258128e-01
6.021368291450606147e-01
7.458994440940701631e-01
8.964946126031788642e-01
1.073229760929253596e+00
1.020820456609462745e+00
1.230683038571432686e+00
1.197656887843775442e+00
-1.784886955005781095e+00
-5.851589204510402320e-01
3.083206498876446024e-03
2.553164339368642066e-01
5.574132413762580285e-01
9.229958556877784215e-01
1.208703231048843696e+00
1.190432817997937098e+00
1.060951495139228484e+00
-2.227255952896881386e+00
-1.013154364352315984e+00
-3.733990282794312776e-01
-1.308629437997569679e-02
2.556717512578070561e-01
6.843050427735837271e-01
1.088123317538769896e+00
1.234435300090538812e+00
1.143351283690612341e+00
-1.450750588030909283e+00
-4.270830372768051886e-01
1.162338893362849929e-01
4.752768621270266891e-01
6.756310284603982419e-01
8.123854807464808703e-01
1.174439150248316910e+00
1.144034787965112931e+00
1.114846079081881269e+00
-1.350221832144938405e+00
-3.320528803530197748e-01
1.943144077501642863e-01
5.373388212501050143e-01
7.762699505411757572e-01
7.209142119190502518e-01
8.925464662821360751e-01
1.158193614526705328e+00
1.140533627119631799e+00
-6.764003790645458647e-01
3.840593701642153190e-02
5.107210384946316850e-01
6.256510091718043842e-01
8.112174640399740788e-01
1.026654749215083484e+00
1.218266248825156550e+00
1.186254904307714186e+00
1.076670114174631987e+00
-9.891561817729865869e-01
-1.862642746234539348e-01
3.134913337101802311e-01
4.850123128071514578e-01
7.120744947061538044e-01
9.783850813780688993e-01
9.392183333341583840e-01
1.127550726457875241e+00
9.966483251277152844e-01
-1.703212812212165250e+00
-7.509284477537968572e-01
-1.911313185584389285e-01
5.803041100294940857e-02
3.227392332641783046e-01
7.445664489941957731e-01
8.711499039436834124e-01
1.092935369720876126e+00
9.730197854002627933e-01
-1.719546651202432663e+00
-5.962210030126912086e-01
-3.681640773390412041e-02
2.878270231979195293e-01
4.282166565378104361e-01
1.000656498492323632e+00
1.235122192870097946e+00
1.204503703407992399e+00
1.073390524098909893e+00
-2.280852090995382664e+00
-9.618830095525959800e-01
-3.430870864235606166e-01
-1.542465621205364908e-02
2.802929921248751288e-01
4.770975696090226092e-01
5.771107124826730939e-01
8.544835931987019295e-01
9.025762615565731117e-01
-3.939667997109109754e-01
2.771024784318508738e-01
6.998425224328672645e-01
8.208275641597436723e-01
9.373205581615658977e-01
1.075896632700854116e+00
1.192707702092685729e+00
1.152576012034543185e+00
1.021315677636920993e+00
-2.347961221228791029e+00
-9.617522723095578430e-01
-3.630999560859168862e-01
3.578731345549016757e-02
2.348626291620609929e-01
6.454810127775757467e-01
7.218002055214007839e-01
1.002703187927678208e+00
9.469048796454044847e-01
-2.522587083349439485e+00
-1.270963398586103077e+00
-6.359063530756557947e-01
-2.530883715010197044e-01
-4.462635487777402016e-02
4.830011029790791111e-01
6.550579474879768549e-01
9.729300538309555435e-01
9.457957181812073344e-01
-1.619022440335222024e+00
-5.734719198307876020e-01
-2.643185430734798849e-02
3.384877231294164401e-01
5.400777989842918680e-01
2.978412110951725866e-01
5.535682251560675171e-01
7.975701923141889083e-01
8.564116963284870154e-01
-3.306437993435632272e+00
-2.068565051544484223e+00
-1.201581352289917026e+00
-7.393258821631562006e-01
-3.685238013035684324e-01
2.396045003054921296e-01
7.961459690030867620e-01
1.136928911388018548e+00
1.184652535606510737e+00
-3.332474070540306421e+00
-1.888388733025690769e+00
-1.255576129855223488e+00
-8.229244485778511864e-01
-4.160702717321634880e-01
-4.053013031637880959e-02
6.306708991975777945e-01
1.034865443844279032e+00
1.101420107000498527e+00
-2.030825081632443574e+00
-7.783700365999211002e-01
-1.580945123566347699e-01
1.231871295960123569e-01
4.216294594424223607e-01
8.545999288301204810e-01
1.195353404589944324e+00
1.157470961099252627e+00
1.082287014142969017e+00
-1.372493017527367076e+00
-3.433260303477113085e-01
1.916242769463511186e-01
5.339248308657976727e-01
7.708987008987593370e-01
8.827663650185837430e-01
1.205282174529926698e+00
1.278993902126219551e+00
1.157443620108391746e+00
-1.572103532116337909e+00
-6.751792094539253997e-01
-1.084402234299470941e-01
8.654791470824892141e-02
3.536859237422861346e-01
7.026781665572897628e-01
8.196188632334648894e-01
1.108900586712654901e+00
1.086691514554333216e+00
-8.487446436173570197e-01
-7.996938780683598980e-02
3.881597050774225344e-01
5.491433712421465163e-01
7.638705046597896731e-01
1.009386911181122226e+00
9.597621816129559003e-01
1.188482832804092171e+00
1.130238669670124319e+00
-2.035248170688423563e+00
-7.511303376974098889e-01
-1.911408732101994024e-01
1.568030778640152056e-01
3.920403701727057655e-01
8.023049958731215403e-01
9.366895976247154865e-01
1.231655086012258371e+00
1.158105252848713906e+00
-2.781454726652275333e+00
-8.260694433518152024e-01
-9.621032138173941928e-02
9.845629931497101861e-02
2.607142545129526034e-01
7.438221398584831112e-01
1.072642797963741623e+00
1.047522993808901681e+00
1.077977791577704014e+00
-1.565037668088037348e+00
-4.967834827572121248e-01
4.972882503686788802e-02
3.859795053429072587e-01
6.288368251413873899e-01
5.391604654657928819e-01
7.089401283819117827e-01
1.030755692458013018e+00
1.046765763191821463e+00
-1.387499965789386280e+00
-3.617694228994814409e-01
1.653687936387392976e-01
5.244425797699855396e-01
7.296074151128209007e-01
5.059037170520457316e-01
6.676296514800670323e-01
9.595422266869013672e-01
9.644372015814494103e-01
-2.047249174653300141e+00
-8.089681540148619954e-01
-2.126949900296408458e-01
7.320803090690565507e-02
3.826386854127927228e-01
5.837582947805010081e-01
7.383148188172025117e-01
1.079600672448958409e+00
1.092725914447164604e+00
-1.492700290378993655e+00
-4.659202730537799209e-01
7.724850073228245462e-02
4.362291780171442812e-01
6.451817440492240152e-01
4.251315021369433400e-01
6.111465103143721711e-01
8.391124483803520384e-01
8.652890878806933639e-01
-1.755279083728453315e+00
-7.064181655704899754e-01
-1.590513401524210058e-01
1.433485925765161928e-01
3.438018208518277552e-01
8.404533805968971150e-01
1.027341290072829816e+00
1.276120337683765982e+00
1.177864563681367605e+00
-2.850691925205378841e+00
-1.671483383030824443e+00
-1.122301041017788492e+00
-6.658865733747607596e-01
-3.844897187494603075e-01
-3.656944961453758580e-01
3.657288967168469962e-01
7.512364471499367591e-01
8.776578856180067278e-01
-1.570351967724881392e+00
-7.636332328350387000e-01
-7.590409071008388797e-02
6.086462835882147648e-02
2.829716648154093073e-01
8.321415572874555355e-01
1.148529486651337361e+00
1.116792335367365663e+00
1.050756562815811090e+00
-5.883999628839609031e-01
1.319154843095405316e-01
5.897068460399395029e-01
6.921187147684029206e-01
8.788224275246123707e-01
1.085161271616393641e+00
1.256242276804452329e+00
1.229119468643444790e+00
1.113619607425251790e+00
-2.466562900035210948e+00
-1.355452462490424947e+00
-6.661372903440674342e-01
-3.361258297987566590e-01
-1.587725970968786177e-02
4.753299408562739470e-01
8.945167860994113207e-01
1.192069506179814109e+00
1.189495881697524959e+00
-1.609269221752012813e+00
-5.940173645742066189e-01
-3.420918936036821539e-02
3.365218807152875469e-01
4.983697265327067250e-01
1.820968277546528846e-01
5.575902387207922750e-01
9.149965311371752730e-01
9.733196514538260402e-01
-2.548346985313171942e+00
-1.051919641318864285e+00
-2.421987495409278768e-01
-4.173158392930931271e-02
1.737584002337434486e-01
8.296191128080286914e-01
1.154399901614286517e+00
1.114786900993897989e+00
1.067846850136472403e+00
-1.626314202589839608e+00
-4.848777529111988338e-01
9.314527526383606371e-02
3.407698954292360249e-01
6.361427165418336305e-01
9.617598458643316084e-01
1.247638754158407304e+00
1.229584833821877998e+00
1.090122462877232801e+00
-1.919520952721854634e+00
-8.805153898596241868e-01
-3.046333338524681578e-01
9.925734125443017031e-02
2.416769153755854715e-01
-6.832460017527525187e-02
4.409460828503927732e-01
7.824562140273507715e-01
8.774513252688178611e-01
-1.938368869904173675e+00
-7.168812597116718255e-01
-1.184648091062656811e-01
1.564646184410213303e-01
4.637859811817159894e-01
6.883409938322974098e-01
7.423419379111969585e-01
1.008300769869887814e+00
9.492407500991849600e-01
-3.391307936045200755e+00
-2.150348685296612938e+00
-1.672545288882147041e+00
-1.212067415798344205e+00
-7.699205950467524762e-01
-4.168928534910602557e-01
3.798425470552944661e-01
7.890121107813951040e-01
9.143645658641108565e-01
-3.195367117493835174e+00
-1.709668688931059055e+00
-9.710498538316260086e-01
-5.439640805614585073e-01
-3.483736061823061170e-01
1.292960671399241979e-01
3.803612176020788604e-01
7.724768243671076284e-01
9.167388397974823855e-01
-5.050827355538766161e-01
2.021541026313356249e-01
6.410235224578377800e-01
7.900976087980499107e-01
9.395140488662677702e-01
1.117861321307226374e+00
1.021116100956195982e+00
1.210603150732438626e+00
1.159871292368145568e+00
-1.915151092491380380e+00
-6.838313009305976298e-01
-1.147040890574616834e-01
1.912107919120893396e-01
4.629234738957564432e-01
8.248787186203778710e-01
9.437399926436971231e-01
1.235890081378517413e+00
1.160976471601107285e+00
-2.613349511594449837e+00
-1.505196462285572689e+00
-8.358807396411426227e-01
-4.011239145850210019e-01
-1.030517837240880891e-01
4.076683816094391344e-01
9.272782543870835559e-01
1.173633951209243298e+00
1.137178988133167756e+00
-2.301157134024316431e+00
-5.792963545574485451e-01
-1.592109472415767155e-02
1.634589815881946073e-01
3.314501106066174985e-01
7.959773580960772810e-01
1.132832876552854362e+00
1.117952907287802944e+00
1.111785810195281110e+00
