-3.512706794161260859e+00
-2.151100375311771895e+00
-1.310162315530680521e+00
-9.024331682532004129e-01
-6.224879815946748884e-01
-1.721911300243897658e-01
-5.153087580138158152e-01
-2.918664736612723298e-01
-5.890701359787233748e-01
-2.706319064748386793e+00
-1.468266174749573105e+00
-6.948612569779570869e-01
-3.954907110665954462e-01
-8.604782123516123427e-02
3.432710830028362081e-01
9.562397124786883862e-02
5.403178359669831288e-01
-2.691133615506205445e-01
-1.134634136886568667e+00
-2.757101561721567728e-01
3.110026810037322953e-01
4.395396275958196597e-01
7.109442280797705349e-01
9.983025763154728116e-01
9.636568720235005880e-01
1.174879047330509074e+00
5.053971762108122601e-01
-3.442034033366311530e+00
-2.136594119947439196e+00
-1.306762403798931604e+00
-8.988263448658894150e-01
-6.198656358155285595e-01
-1.593290089363710582e-01
-3.788159557627717583e-02
2.761023336634456649e-01
2.694816352875286092e-01
-2.611915987304048947e+00
-1.447382335418243349e+00
-6.878337626146258099e-01
-3.978756053907741563e-01
-8.604238563234441195e-02
3.399080084946456970e-01
2.319915536335003803e-01
6.111799459792905953e-01
3.469407784684442886e-01
-1.112867981863978395e+00
-2.661964505154711946e-01
3.166513999662765588e-01
4.395133035124824117e-01
7.138240740655698024e-01
9.938717487061839995e-01
9.699731888916871547e-01
1.167283253597577009e+00
7.460276752235274200e-01
-1.434779563039803696e+00
-7.337970482236796377e-01
-6.215554995278464723e-02
2.243003787484462719e-01
4.776158122153986163e-01
9.065325361882793365e-01
1.296117322836557895e+00
1.351539047931600734e+00
1.333353746537256690e+00
-1.390739259284661467e+00
-6.361012185670572583e-01
2.676672179451069621e-03
2.614006567119381841e-01
5.167189865016031947e-01
9.281483553150717825e-01
1.309347585500470146e+00
1.347226211911377813e+00
1.333837270338300129e+00
-7.490242276961723844e-01
-8.104180973320449302e-03
5.133429568944105625e-01
6.513616333251827095e-01
8.839922972773949228e-01
1.163177696652536453e+00
1.379168205367796940e+00
1.415446847371025330e+00
1.343390884946143782e+00
-2.123039941494201610e+00
-6.942642613614322666e-01
-4.449778558314231719e-02
3.449442668879169616e-01
4.954417440650984994e-01
9.248202135212133523e-01
6.802497363591842872e-01
8.413599247312091300e-01
-1.973405725074465211e-01
-1.643987856865503749e+00
-5.754632605743832396e-01
-4.292512348001589068e-02
3.536028435987769725e-01
5.796713256010616044e-01
3.657904463737355338e-01
5.287087731250348366e-01
-1.082515816886352178e-01
-6.159587824556559399e-01
-1.696613826314609552e+00
-4.304350882451833393e-01
1.659500995585959926e-01
5.199950379186885074e-01
7.466405029723414133e-01
1.051406124345470205e+00
8.794943818314706618e-01
9.299290299435662988e-01
-5.777357775602713630e-02
-1.514258755586826988e+00
-6.794811952153594348e-01
-3.944491244477429936e-02
1.841815024250726407e-01
4.353897027523141450e-01
8.507076071210840640e-01
1.042119342610781763e+00
1.162942152326811085e+00
5.853641250959151776e-01
-1.889304110168977813e+00
-5.640181824186817350e-01
5.002124540705388950e-02
4.409298385122020214e-01
5.745197696909256635e-01
1.032443502936473356e+00
8.516193197121788572e-01
1.099228363387849239e+00
8.558092763361076216e-02
-2.109060660321560920e+00
-9.527993861271307763e-01
-4.408646503520413651e-01
-4.728512917270619176e-02
2.668811512679911124e-01
1.182602049481313033e-01
1.512797455774798627e-01
-6.143070487045063643e-01
-8.333402334800962263e-01
-1.955684508536621458e+00
-6.246902281499906451e-01
1.190070947292087324e-02
3.843123186397716107e-01
6.171127669796075965e-01
8.919778959179405220e-01
7.088191701785138132e-01
6.120451406723927956e-01
-3.692825134438438850e-01
-1.460703596329217868e+00
-3.335846725388882938e-01
2.400497516632406070e-01
5.582084571221237468e-01
8.217366009642973479e-01
8.760995507851063735e-01
8.460846550027976143e-01
5.387081171710695893e-01
-2.958556084977149725e-01
-1.674867604234837382e+00
-4.402336149275403177e-01
1.541729339106894525e-01
4.834101517548797244e-01
7.433402946976420678e-01
9.378670167021446735e-01
8.250884092638846035e-01
7.459812400684195932e-01
-2.141113949290311402e-01
-2.394916659106639756e+00
-9.747128945878685835e-01
-2.702256602595489166e-01
1.270803121435004346e-01
3.328450364683652185e-01
6.703220428689857791e-01
3.398126245179940996e-01
2.719667154342915172e-01
-5.460965830440323021e-01
-1.481396765446124197e+00
-3.173665879465982775e-01
2.641804834113321010e-01
5.665354529789721205e-01
8.378562799780802095e-01
9.812971092903701731e-01
9.012031692825110962e-01
7.881432942280444109e-01
-1.549875024770337451e-01
-1.684865724681778199e+00
-6.169494086238096475e-01
-8.818570786349970436e-02
3.079808628735380416e-01
5.420555372734593425e-01
3.450222976518335649e-01
4.888220439077084478e-01
-2.311831747869445286e-01
-6.371909263706527771e-01
-1.846892419743048075e+00
-6.665437957079254350e-01
-8.155559401488637894e-02
2.692280587852762808e-01
5.521322139086114467e-01
5.390391128848297519e-01
5.331048702687272156e-01
3.120786141322802118e-02
-5.013720281051473604e-01
-1.953050881462291999e+00
-6.763827259707703154e-01
-4.979695537743095146e-02
3.282645052487799253e-01
4.789696686918175073e-01
9.557494155265875424e-01
7.965729894713226011e-01
1.075695900998001830e+00
1.488926515442441922e-01
-1.724232378229748619e+00
-9.123264079600807985e-01
-2.178933080256096333e-01
4.965175004498497552e-02
3.216171409682176963e-01
7.438956320881952022e-01
8.769607503766798651e-01
1.065795424723724905e+00
4.055247578199524527e-01
-2.804309396763196016e+00
-2.089583189457260737e+00
-1.808078779111521373e+00
-1.287216110188046603e+00
-9.850851488791914079e-01
-1.296262014374585325e+00
-1.036611584415373155e+00
-1.155017544198175150e+00
-1.208691047327112855e+00
-1.318805345128664763e+00
-4.710707298270300214e-01
1.181872063774392356e-01
3.295956962029408799e-01
5.877739148373337663e-01
9.679086601714326221e-01
1.081423812801620477e+00
1.212144885612683742e+00
5.518949111411960429e-01
-1.863997316569384610e+00
-5.894843442543388212e-01
3.792364712875471305e-02
3.998529607156600107e-01
6.415120007919306033e-01
8.939786699513856405e-01
7.304440543732184654e-01
6.106060739641329116e-01
-3.497483277351381981e-01
-3.372792011923903210e+00
-2.019304651307006093e+00
-1.177997454844542879e+00
-7.469032739594821946e-01
-4.603782226673421851e-01
9.134712196712557394e-03
-5.479470615430711566e-01
-3.078410511289211837e-01
-8.082556030360094068e-01
-2.330740025566808704e+00
-1.255003398785132562e+00
-4.988919399466498206e-01
-1.664908569390401716e-01
1.320206490707911406e-01
5.653869460542821912e-01
2.534065482615375786e-01
6.821045839624410023e-01
-3.253710809269003135e-01
-3.142850159002205324e+00
-1.826140574024045060e+00
-1.347001248618600933e+00
-9.738384660046124353e-01
-5.256243532192226287e-01
-4.936561622266872895e-01
-9.231670864698459100e-01
-1.338560805575750745e+00
-1.196195280857215604e+00
-2.080710627189507722e+00
-7.120565743426494620e-01
-5.858502472350034934e-02
3.355707914913812484e-01
4.874356750798769511e-01
9.047636676838566316e-01
6.356589007434975125e-01
7.919331632730982617e-01
-1.264208542963120019e-01
-1.910736316766248999e+00
-5.758725081003885915e-01
4.419233943648360335e-02
4.171771002373388937e-01
6.174524458749396372e-01
9.426740423131350077e-01
7.414886864512023612e-01
8.169669539014343673e-01
-1.813006374133992182e-01
-2.098484128174352925e+00
-8.983755957064721853e-01
-2.419040836092688218e-01
2.635198248647582092e-02
3.319611349559027369e-01
7.507837963844834483e-01
7.837644561096704932e-01
1.070529593134785351e+00
3.636505326689507545e-01
-1.731372262510801896e+00
-6.635898029338019866e-01
-1.397477924956130324e-01
2.646654150800925587e-01
5.019784813766418052e-01
3.031849326725885585e-01
4.404400577104455872e-01
-1.894131536446826136e-01
-6.386348679832757336e-01
-2.624816278994906327e+00
-1.849380366437731293e+00
-1.535585474333471145e+00
-1.027197861006114099e+00
-7.357150561064068617e-01
-1.102358022082865929e+00
-8.406343446893635996e-01
-1.329458937967498811e+00
-1.281687420522870102e+00
-2.922443064534895552e+00
-1.792171022215303999e+00
-1.406727795734126873e+00
-1.032315125021720625e+00
-5.691649174885388129e-01
-8.627310692972824935e-01
-8.375038598736871398e-01
-9.170427462625724280e-01
-1.057834614480910318e+00
-2.209303747685804176e+00
-8.615318399777451841e-01
-2.261823266230561513e-01
1.428117033838774974e-01
4.076884840370638696e-01
5.330812162697113887e-01
3.879672141714057831e-01
2.002963762925093483e-01
-5.051814835466599263e-01
-3.283024280289725816e+00
-1.903986570383231491e+00
-1.371839948327862491e+00
-9.868700219991531908e-01
-5.854777236493466930e-01
-4.887263212132633705e-01
-9.867098377992028491e-01
-1.214182377639990928e+00
-1.139354107308777841e+00
-1.923011075857128382e+00
-9.206841956836188112e-01
-2.358209219819164815e-01
3.628476908681962931e-02
3.229066107314572109e-01
7.455891539445428373e-01
9.045436118829451866e-01
1.071635902571022925e+00
4.175149488221348015e-01
-1.703691727417539159e+00
-7.406829507201850848e-01
-8.192501496073627265e-02
1.115231081795657747e-01
3.972862065890945815e-01
7.744158042516020579e-01
8.919936259400893519e-01
1.099777001965752898e+00
5.001385786882182050e-01
-1.578575883869677510e+00
-6.510106914900771757e-01
-2.938181069177899993e-02
2.082231608313442062e-01
4.826483858736423382e-01
8.918257914382815565e-01
1.062606470391220359e+00
1.191220536003638975e+00
5.648336987280510035e-01
-1.810603165559602212e+00
-4.866078820524484261e-01
1.131751331700734109e-01
4.896673772248946177e-01
6.738771322446281964e-01
1.047208814381120012e+00
8.621227920580913917e-01
1.008194170409086432e+00
-2.440822765703027156e-02
-3.433097533371357368e+00
-2.075912812781365968e+00
-1.249989817266154324e+00
-8.464401172591154987e-01
-5.644592951454884266e-01
-1.152087675531286021e-01
-4.427785586894567027e-01
-2.082565089155532234e-01
-5.216426360682977492e-01
-2.955706151239689827e+00
-1.916318565809413510e+00
-1.546057672862939603e+00
-1.154355506396453679e+00
-7.045107414156817072e-01
-7.634535679597709290e-01
-6.522187615909085245e-01
-5.451296279682850132e-01
-6.396313622466730520e-01
-1.990623072392949888e+00
-6.972838211153774557e-01
-6.285269753420721917e-02
3.206604661077951390e-01
4.567475104815458264e-01
9.295943464447384841e-01
6.960430503246261003e-01
9.814903937246620691e-01
-2.730217978959532249e-02
-2.386828021794491939e+00
-1.080708734550482220e+00
-4.190732830318866231e-01
-4.486194921804738389e-02
1.909642318651475767e-01
6.245220646188928137e-01
1.759388986710156977e-01
5.124751501448332469e-01
-2.553005152789505350e-01
-1.973617087931372360e+00
-6.769319953411521151e-01
-5.721725499481865318e-02
2.990308642144510753e-01
5.596755849561979579e-01
7.279172522733518003e-01
5.939299365458090563e-01
3.623802158002181195e-01
-3.510926863938149678e-01
-1.398327382757741377e+00
-3.448055492694638291e-01
2.106586148401810854e-01
5.685636745897236777e-01
7.910802562722301090e-01
6.804570953218563867e-01
7.622830910273059590e-01
3.285358091207096209e-01
-3.173869089501330509e-01
-1.730042121481205619e+00
-5.146990743784242150e-01
7.960615318071645463e-02
4.114722489566936536e-01
6.860951863029011166e-01
7.640815629633705974e-01
7.123129332503459477e-01
3.831778124654365292e-01
-3.221632384219609846e-01
-1.471178077859305766e+00
-4.039333781514647392e-01
1.449588048027780351e-01
5.137123730097132857e-01
7.360975401813282248e-01
6.057679442178105500e-01
7.016946581584785347e-01
2.293799714859570682e-01
-3.753557885308244080e-01
-1.328125693570861632e+00
-2.664279001484141651e-01
2.849332536254300940e-01
6.297291081677668378e-01
8.580241679946045696e-01
8.056067562397764004e-01
8.374689001356450113e-01
4.330408199675781500e-01
-2.546379475234464285e-01
-1.870575481289568076e+00
-6.518924074958034609e-01
-6.428403418842972006e-02
2.856033121279047404e-01
4.776616514605015462e-01
9.497389423482308635e-01
9.066293617992151610e-01
1.185925988621389759e+00
3.553070563332637044e-01
-3.347450883830081825e+00
-1.945877069537059745e+00
-1.363151776330580933e+00
-9.699918073996113277e-01
-6.103544744839904945e-01
-4.420895740559773190e-01
-1.066559578881051129e+00
-1.281108341311608223e+00
-1.123743530304412763e+00
-1.806876715031404901e+00
-7.519833489520895142e-01
-2.473086157389388640e-01
1.728731948908657223e-01
4.106504136840903318e-01
1.467930495635937638e-01
3.412755379854232052e-01
-3.662701643066365587e-01
-7.096949179097842286e-01
-2.172228401208061488e+00
-9.159604659208279154e-01
-2.570139001356230302e-01
8.256097246445526228e-02
3.590665343777627583e-01
8.052945811529766962e-01
5.500650158731056338e-01
9.176371914178944600e-01
-8.816745287761483529e-02
-1.702571641947012715e+00
-6.403544597239755332e-01
-1.190902392319442005e-01
2.879394765952481006e-01
5.185220185471880461e-01
3.498810364324725919e-01
4.580990345668086161e-01
-2.712020310745125173e-01
-5.459152584138958764e-01
-2.835822959757863249e+00
-2.125591242488073185e+00
-1.843745141423978273e+00
-1.322298793337402412e+00
-1.019651739283026215e+00
-1.273860665239974432e+00
-9.803289898465015195e-01
-9.017252791440634185e-01
-1.017342000810216085e+00
-1.311901680032129480e+00
-2.371647113485780001e-01
3.179060293782370317e-01
6.535131305710103478e-01
8.876087429278818330e-01
8.545052151683621977e-01
8.714469599513258169e-01
5.736509470641640851e-01
-1.602631108682588679e-01
-3.128196800763141106e+00
-1.737380756613225552e+00
-1.212729325896181098e+00
-8.277230057997952972e-01
-4.229345452945774131e-01
-3.566662382777792684e-01
-5.296771672848631374e-01
-4.376516464948637664e-01
-5.633165303312823724e-01
-1.766727252075564136e+00
-7.462064175100350250e-01
-2.414557940199101860e-01
1.817842455951612646e-01
4.156675037537470585e-01
1.908356341056519634e-01
3.462522760957719714e-01
-4.486501899474764077e-01
-6.804596284182060639e-01
-2.194605924351193060e+00
-8.691888518405008757e-01
-2.039216758823463316e-01
1.793563729625609893e-01
3.487710291051384082e-01
8.004530931656494985e-01
4.636669896623986098e-01
7.303127071419323046e-01
-1.193365689669384777e-01
-1.423590685529520838e+00
-5.752568767906283131e-01
3.593570530819076986e-02
2.554845737001107953e-01
5.138022701212430210e-01
9.054402063082560570e-01
1.044623000909696398e+00
1.176535388385878900e+00
5.314719001067725879e-01
-2.463507968808773985e+00
-1.264002172721935269e+00
-5.133445056572563114e-01
-2.132910660917720913e-01
9.255824722124683657e-02
5.277145045942884805e-01
4.461565982974715072e-01
7.735841830398814123e-01
-1.070688907143495378e-01
-3.379372527966530093e+00
-1.976400544150454852e+00
-1.239369912719582523e+00
-8.219216835338712945e-01
-5.837969739545922909e-01
-2.229069548117804389e-01
-8.430452715679335185e-01
-7.138752854651503332e-01
-9.115485623221221134e-01
-2.458392568116520849e+00
-1.112129658825000700e+00
-4.179749166387709547e-01
-2.912000136463728517e-02
1.656171640425488090e-01
5.577693017423160926e-01
1.789713900291659554e-01
3.294636894966689322e-01
-4.537455280825941073e-01
-2.977752231927652371e+00
-1.965408354914004008e+00
-1.616149966297593332e+00
-1.223258618924174534e+00
-7.633152058990644306e-01
-9.014366441962151644e-01
-1.074648124447793007e+00
-1.536481316178297529e+00
-1.222349496595742213e+00
-2.559842235549993905e+00
-1.147250067443313482e+00
-4.323021287910299715e-01
-2.627136239813939941e-02
1.882422771173775655e-01
5.915542075575448422e-01
9.990370234287930529e-02
2.089541205174620386e-01
-5.227829886681358840e-01
-2.133420444688518547e+00
-8.185676505492289756e-01
-1.985528155124031413e-01
1.646010674000987495e-01
4.455120410813227516e-01
5.530308094096756388e-01
4.310992002445063198e-01
1.158056973122814221e-01
-3.848283406696468290e-01
-2.655790798621848303e+00
-1.889162816453798577e+00
-1.575423560740782714e+00
-1.065257990209205863e+00
-7.774579963629471013e-01
-9.449367675620787832e-01
-6.215178198734260251e-01
-5.577779486341091220e-01
-6.164769674224048757e-01
-2.245786243692388329e+00
-1.151825248476449071e+00
-4.333906360021553272e-01
-1.815347941818149236e-01
1.197061456190687267e-01
5.381833017480346371e-01
5.928967612443907242e-01
8.987859055883735682e-01
2.593372548001173783e-01
-1.809110733747636646e+00
-6.442190354824625098e-01
-7.110450100472792689e-02
2.215722972702745819e-01
4.771787494004658403e-01
9.324766109848979800e-01
9.773845640815599367e-01
1.250873584247566894e+00
5.341269382029790735e-01
-2.071528764099207720e+00
-7.591867449226477049e-01
-1.508713433909223411e-01
2.079915303788260061e-01
4.957942666904534001e-01
5.788721185439569261e-01
4.962917731578295744e-01
1.015356515054358366e-01
-4.942057819091558724e-01
-1.941240243091074458e+00
-8.988278190183137673e-01
-4.219964933228491644e-01
1.674007085574894318e-02
2.645950741536911011e-01
2.646042395048672433e-02
1.748712621393307964e-01
-3.871448029605843999e-01
-7.063890237847888498e-01
-1.969676540774538243e+00
-9.628612837843739669e-01
-2.591887770940546898e-01
6.375396824781785592e-03
2.855429037734230069e-01
7.119133758139124524e-01
8.675716591986250004e-01
1.038974363601231410e+00
3.871727674800726771e-01
-1.865996454043971964e+00
-5.677861163331157091e-01
5.595771080709723011e-02
4.446076632849612631e-01
6.155793163950182834e-01
1.002953563273951465e+00
7.856450818602050967e-01
9.221678605058742928e-01
5.018433840296163476e-03
-2.692970103985436570e+00
-1.937844306176796039e+00
-1.635929471196897467e+00
-1.123779042823377816e+00
-8.264969792741864163e-01
-1.111064372519205978e+00
-9.376813099040008925e-01
-1.623800892069279911e+00
-1.240815965053812420e+00
-3.386472504531820249e+00
-2.047638347305992479e+00
-1.221602132265856788e+00
-7.898705777659408289e-01
-5.106054237898915993e-01
-5.169793399615164181e-02
-6.005865720608293268e-01
-3.839212469599003752e-01
-7.530187584632456188e-01
-1.381463977869283211e+00
-3.051367948524032481e-01
2.523031536922418772e-01
5.981762669026455814e-01
8.289382582052615689e-01
7.650118400727188295e-01
8.125654646452198371e-01
4.128599612513836892e-01
-2.487570328752659043e-01
-1.347202228693110682e+00
-2.759828335743424454e-01
2.820092332647706201e-01
6.241847341951175521e-01
8.561353525480204230e-01
8.233799881497813056e-01
8.348680131375909586e-01
4.414146220859274106e-01
-1.958431010073355405e-01
-1.823555249387096566e+00
-7.868529430998356666e-01
-1.338410173315651153e-01
8.776773069908463953e-02
3.901663368463126891e-01
7.862249039074189483e-01
9.172676817203156974e-01
1.130616686150934580e+00
5.432528641968538130e-01
-1.292151217174337230e+00
-2.349102384543812483e-01
3.178070723833748001e-01
6.573865820941853233e-01
8.852829619543904904e-01
8.319471732713187295e-01
8.623035291268377200e-01
5.417405843213983774e-01
-1.619938539332450300e-01
-3.319178657372568342e+00
-1.921528222975211087e+00
-1.211227072193981735e+00
-7.870969137410938066e-01
-5.674855625757211364e-01
-2.464767295222790866e-01
-5.092854389387202474e-01
-3.011965651557291790e-01
-4.259343744131828258e-01
-1.837926181153520133e+00
-5.118276978869571447e-01
1.089842286938667443e-01
4.874065723456775245e-01
6.925378022701779157e-01
1.046629343982659055e+00
8.562318166443955159e-01
9.269316111441336936e-01
-8.130067024165982259e-02
-1.581867196425801980e+00
-5.182655303363017385e-01
2.608252630523873183e-02
4.117619955427738176e-01
6.377523002937177665e-01
4.980802961738264312e-01
5.937918266785210397e-01
-3.759654386543635762e-02
-4.029727437623606967e-01
-3.130902169530933588e+00
-1.936154286902832977e+00
-1.529980095604463353e+00
-1.174155670106711735e+00
-6.871547274964614482e-01
-9.413312392413788476e-01
-8.578895867801654695e-01
-7.211491249902375333e-01
-8.773439027616553032e-01
-1.661618137031260378e+00
-7.051511189518783196e-01
-6.010904627959846869e-02
1.347885588545397750e-01
4.207670774295630967e-01
7.944607493962588807e-01
9.153139368794385167e-01
1.121371304523410384e+00
5.280911657954262539e-01
-1.331063695533919233e+00
-4.530907970676929519e-01
1.470062587375671470e-01
3.130676960581930679e-01
5.890323396283544399e-01
9.150759288850504047e-01
9.724491287151936225e-01
1.170620848791560364e+00
5.357422531630157136e-01
-3.148785304233830740e+00
-1.758833132293399437e+00
-1.155514590359004945e+00
-7.493860389328440563e-01
-4.219994108995156479e-01
-3.032808632127566573e-01
-4.882129425929060407e-01
-3.637585656966244585e-01
-5.247954094284921212e-01
-1.654948370863117635e+00
-4.034266640988261043e-01
1.958289729496311971e-01
5.262360120365061622e-01
7.818279925898817817e-01
1.023274282673694024e+00
8.962511866823836826e-01
8.408862467914142158e-01
-1.098831353782491610e-01
-1.409809080014740701e+00
-5.211417964974148775e-01
7.065462346903672586e-02
3.022785365717151618e-01
5.762929403941893236e-01
9.753077019093449040e-01
1.134533436121984318e+00
1.257198331528154078e+00
6.201948748786418886e-01
-1.531942753287119707e+00
-4.568581955076987389e-01
9.825750572372463076e-02
4.675497641498384538e-01
6.977766814240409232e-01
5.944415176003746693e-01
6.628897971896671182e-01
1.003483136348174293e-01
-3.542063475543865692e-01
-3.277098384018461985e+00
-1.942856238084706977e+00
-1.117354466407283864e+00
-7.045850612911941369e-01
-4.106418254095550724e-01
5.504767675891541340e-02
-4.014575414932919362e-01
-1.468237823535304964e-01
-6.110468188939099932e-01
-2.049721800227308766e+00
-1.002243057854905750e+00
-3.003505761163025589e-01
-7.201190868872646422e-02
2.270056309689081342e-01
6.323300420174169378e-01
7.718579137180254790e-01
1.006589087818665407e+00
4.400323932939723681e-01
-1.632060821875975343e+00
-4.167116148786771945e-01
1.857380395403998574e-01
5.266015898812411722e-01
7.648071173394535016e-01
1.046919970709133896e+00
8.843324064777742244e-01
9.131302935669440846e-01
1.249586123163052079e-02
-1.421528161031814452e+00
-3.337566865010404005e-01
2.303948442035498589e-01
5.651959348435664499e-01
8.120555479209357053e-01
8.005573589842435167e-01
8.062693358101167274e-01
4.205935068516210018e-01
-2.064798785866584496e-01
-3.050698108338989467e+00
-1.772697708272601869e+00
-1.317062283390083799e+00
-9.415471330887962287e-01
-4.963687143803147128e-01
-4.810850898059969016e-01
-4.990778439612823525e-01
-3.663110862157231695e-01
-4.662489746256620604e-01
-2.040249369025178172e+00
-6.938376245018936794e-01
-6.142189328878555621e-02
3.047837753578997444e-01
5.377321044105732861e-01
7.574260838683506414e-01
5.903121763106587983e-01
5.306507563605949995e-01
-2.722338411564110827e-01
-2.186356384449958501e+00
-7.770592613446628549e-01
-1.010121457814482648e-01
2.986046427198018605e-01
4.749427537014555556e-01
8.636227056035108429e-01
5.894176428739235085e-01
6.377193784494138429e-01
-2.501596971811530512e-01
-1.394836152750382974e+00
-4.805275366072012666e-01
1.220640589588385116e-01
2.959310813369412929e-01
5.818687104097531870e-01
9.340966597085293976e-01
9.912642639565890645e-01
1.196705614237804527e+00
6.004475292272122289e-01
-3.480905479965922478e+00
-2.083735782907972123e+00
-1.237852215749712270e+00
-8.051397892317573302e-01
-5.218292336732979209e-01
-6.446366949997202334e-02
-9.249893723821311919e-01
-6.509602231840018183e-01
-8.569132406783869227e-01
-1.357512735357650824e+00
-2.914297240048931426e-01
2.654769570184292160e-01
6.093905857895877132e-01
8.432290470882568556e-01
8.092557366637304073e-01
8.228674428346530734e-01
4.226632878589725029e-01
-1.785569821127754864e-01
-2.156855447533383430e+00
-1.191088984940501749e+00
-4.393836224316082784e-01
-1.348521482390286630e-01
1.563445084896722403e-01
5.932450152996158188e-01
4.596372055193367889e-01
8.108605572480572787e-01
-7.656664089056952616e-02
-2.102053254528656545e+00
-7.780605444926353975e-01
-1.093536488337112506e-01
2.834349118966592584e-01
4.428050105314232932e-01
8.394289417573884693e-01
5.566393810883570881e-01
6.822198427251413566e-01
-7.274321230448482778e-02
-1.903212999803695515e+00
-5.538307148804149094e-01
6.760309091097195522e-02
4.572741086238301111e-01
6.174321784148969483e-01
1.046733595189655475e+00
8.541866899374973565e-01
1.023019205099876761e+00
3.285138205649340559e-02
-1.603394196069936939e+00
-5.569246040335448233e-01
-2.204488651700264173e-02
3.723248130037615233e-01
5.965111349418283915e-01
4.052158340593431940e-01
5.504029251005128076e-01
-1.125752679467218742e-01
-4.424355838179190314e-01
-1.326938422906679182e+00
-2.681817279288750133e-01
2.825007458217085876e-01
6.275721704069987528e-01
8.572390233364008960e-01
8.051378146786667411e-01
8.398039591426729178e-01
4.609682379329029800e-01
-1.699474520948851264e-01
-1.792019103804687097e+00
-7.550805070393310503e-01
-2.567191211668413686e-01
1.671918634256066571e-01
4.034102787203414087e-01
2.206001364514967866e-01
3.344504731984657142e-01
-2.766294957764365292e-01
-3.967662732699951400e-01
-2.793917412598782235e+00
-1.537397771293450122e+00
-1.075332059966125797e+00
-6.962100484266486866e-01
-2.707246640473227606e-01
-3.126144423001989137e-01
-3.600198270372694798e-01
-2.745764827610440717e-01
-3.485958028346250459e-01
-2.384332159553408825e+00
-1.236486489724668347e+00
-4.946021059453276636e-01
-1.933632736192287538e-01
1.136962485575201409e-01
5.485201432187366555e-01
4.810696494878962115e-01
8.036572594166722094e-01
-3.997050670457813482e-02
-1.465497623747172629e+00
-3.947726795458371685e-01
1.583728839053392956e-01
5.177371911700368035e-01
7.476846447977272270e-01
6.438837500188002716e-01
7.247967864234027280e-01
2.462664603540397623e-01
-2.790990885316322334e-01
-1.742693888246228839e+00
-9.103158649306716255e-01
-2.344940597564642293e-01
4.162432195273687435e-02
3.101657203311751765e-01
7.337887997885544911e-01
8.803425811650147370e-01
1.060179582034316725e+00
4.233017787416160638e-01
-1.892595234103243484e+00
-6.692958052226875010e-01
-5.288367748742226621e-02
3.105193624172830624e-01
5.080998521142222613e-01
9.891218363717131368e-01
8.611681726161737327e-01
1.141495737897372464e+00
2.108096935372912595e-01
-1.524596392268385836e+00
-4.678403049734843333e-01
7.806123962284092221e-02
4.565274712398995072e-01
6.791771019151890965e-01
5.394448326780200142e-01
6.362418668831781865e-01
1.055954870931022083e-01
-3.142279916293256314e-01
-1.928955838461387851e+00
-7.960777968157102258e-01
-1.478303045605721955e-01
1.539836909029025092e-01
4.451620488171706969e-01
8.784808757637042609e-01
9.280200548163684005e-01
1.163834972094908382e+00
4.109948070677322818e-01
-1.301850597880221727e+00
-2.530881214379605559e-01
2.975836640780273323e-01
6.414530213609410669e-01
8.690863581465864129e-01
8.031509834424105376e-01
8.350200649248636919e-01
5.315759807291373651e-01
-1.170534762229743786e-01
-1.505752547519828566e+00
-6.851893727572694326e-01
-5.807062014500973673e-02
1.760015320892977242e-01
4.298736839890784922e-01
8.488018841866277198e-01
1.047465138215672553e+00
1.167340965154612498e+00
6.006115708629272687e-01
-2.209280677346873833e+00
-1.058428730870598633e+00
-3.558803224840942359e-01
-7.217234072021855296e-02
2.383065752683495298e-01
6.654236471528938157e-01
7.331494356244809829e-01
9.870135011213415632e-01
2.366477919331606561e-01
-1.399997848309433968e+00
-4.682053801418929462e-01
1.079347608847348039e-01
3.236239134735567347e-01
5.986148170961186343e-01
9.839067851713817481e-01
1.131549906159783347e+00
1.264229928326046970e+00
6.249871492754159874e-01
-1.975253772476046388e+00
-6.819859133726896561e-01
-6.687367945599559382e-02
2.877453443677924771e-01
5.452503600626205094e-01
6.842403157456183882e-01
5.673541136687431097e-01
4.370904493806162527e-01
-2.581993586530479390e-01
-1.945887212106741204e+00
-5.996361773113858540e-01
4.130896631105424738e-02
4.300572855495760072e-01
6.168401384137377486e-01
9.915371833071893182e-01
7.835393415830620434e-01
8.576549739616174950e-01
-5.190672865551290011e-02
-2.057673318368223647e+00
-1.075056178533428941e+00
-3.447921412916697959e-01
-4.549977362281486248e-02
2.410419131691713124e-01
6.693637572712324291e-01
6.530270319455706574e-01
9.416459285202908314e-01
1.401421288774434837e-01
-1.583809725025601134e+00
-5.053213186533940249e-01
3.707372104494176257e-02
4.216850345781005260e-01
6.447887231142903630e-01
4.670249358904365877e-01
6.038885965448569371e-01
1.957220231821222775e-02
-3.371969019252723521e-01
-1.402931303108958749e+00
-3.381518307917416033e-01
2.117525609471146153e-01
5.707316115705882709e-01
7.932228184662094561e-01
7.108898285718689980e-01
7.615749779255134300e-01
2.986507522520383540e-01
-1.599905444900533158e-01
-1.833023725294685047e+00
-5.108314141577430245e-01
9.844063093305818746e-02
4.837607527770419469e-01
6.549775868258365108e-01
1.050905126513987486e+00
8.530682627912802296e-01
1.020875902623864295e+00
1.847259405540983834e-01
-1.743111516549568751e+00
-4.663573760428241788e-01
1.461612056418246652e-01
4.990996524439608728e-01
7.364368344706433422e-01
1.018782063458320675e+00
8.700241001506711092e-01
8.604196028591132306e-01
-2.576394989341151270e-02
-2.043116072625121404e+00
-1.143467140540647797e+00
-4.030246624879794126e-01
-9.733398543374129075e-02
1.952659954533670084e-01
6.278976726341299885e-01
5.315858911076521975e-01
8.632862245179356853e-01
1.518939115791598064e-02
-2.024715953245058042e+00
-6.602449057071033689e-01
-2.335465421284214655e-03
3.938955484437832166e-01
5.519593159575331143e-01
9.852677715210423903e-01
7.504842102011224370e-01
9.026884761069678964e-01
-1.216179699061490337e-02
-1.459339427733641781e+00
-4.103754192925305744e-01
1.398389587644219834e-01
5.106713669535872802e-01
7.300034313677342679e-01
5.750630753797573158e-01
6.798454770850544948e-01
2.709549715772825995e-01
-2.433458468286764098e-01
-1.931751894528403568e+00
-8.182626642198245204e-01
-1.819199875342542294e-01
6.996845118489361526e-02
3.712836691537980682e-01
7.898680707595250317e-01
8.742405627439013838e-01
1.123903563652140170e+00
5.495058557397590748e-01
1.674924188783267320e+00
1.618391383670699568e+00
1.568256578046894889e+00
1.505156318948479788e+00
1.409217180806662473e+00
1.348603070880744603e+00
1.257701137316862505e+00
1.196246470069001644e+00
9.013019398757634582e-01
-1.251213709816573871e+00
-3.932837935376514160e-01
2.041053938496886766e-01
3.494936153916665122e-01
6.235781835344011981e-01
9.318335151113141812e-01
9.456962583312824577e-01
1.153299489435523961e+00
6.121322474174250017e-01
-1.394840696627954291e+00
-3.421871946888969118e-01
2.144003637078712443e-01
5.669006694646520073e-01
7.950208202846213990e-01
7.034570162439783836e-01
7.713617220698900656e-01
3.424887614069001551e-01
-1.633879393945285030e-01
-1.559614089358734246e+00
-4.489112648446627607e-01
1.252309354322642398e-01
4.632910593085118323e-01
7.200463806170348535e-01
6.788867685201748214e-01
7.202239622116159978e-01
3.377859248888203103e-01
-1.838154805990049601e-01
-1.705200344541665691e+00
-4.859996667805204784e-01
1.119007101266239201e-01
4.409656755833996633e-01
7.110078513865575323e-01
8.611761124070549389e-01
7.651126730911400609e-01
5.783405181153464802e-01
6.749872114156032360e-03
-1.323316367582894282e+00
-2.773731019744103410e-01
2.831766837238900436e-01
6.220935901886354147e-01
8.542216979167331914e-01
7.913887416223205351e-01
8.110150934790549826e-01
5.491333761667670510e-01
-5.163131265163484196e-02
-1.284279746831858970e+00
-2.349621125313038350e-01
3.217783876546984057e-01
6.615831868929850090e-01
8.915265757384567280e-01
8.606898821935816679e-01
8.653981246241655434e-01
5.287257977622727978e-01
2.653228917036840745e-02
-2.421278991016118542e+00
-1.238872122960960720e+00
-4.960633098643465466e-01
-1.861042043762156373e-01
1.217572100343500274e-01
5.552949187772169282e-01
4.670462491407733063e-01
7.975678178806081542e-01
2.670761229153664415e-02
1.809367424874698260e+00
1.733889520898341141e+00
1.631032452779126896e+00
1.564983857665775968e+00
1.517989178499233427e+00
1.438192333749613416e+00
1.354792742560113172e+00
1.275067969442593707e+00
9.874174248848348601e-01
-1.864234501848863967e+00
-5.351978870404248134e-01
8.006938926213770513e-02
4.650822723781707357e-01
6.436096976305463180e-01
1.017311921097331817e+00
8.127478973542939800e-01
9.575303954258935768e-01
3.128224562005959553e-01
-1.409867124762862911e+00
-6.201876208548890990e-01
1.305798457122826729e-03
2.299812548890622366e-01
4.851657427118166721e-01
9.040653679520390673e-01
1.108270199580270177e+00
1.222966479201235579e+00
6.749685173700437080e-01
-1.713172814349378070e+00
-8.894334941791657290e-01
-1.913931935646919491e-01
7.660418801454753346e-02
3.515148887970021563e-01
7.770220490823577242e-01
9.507048680614883507e-01
1.115371948838536964e+00
5.274520425205582175e-01
-1.994425550274757875e+00
-8.412583369091741758e-01
-1.958683941658394545e-01
1.085571743787471233e-01
4.094957174348961559e-01
8.486894696804440086e-01
8.717756356236930904e-01
1.132042945775888265e+00
4.136995978778392202e-01
-2.161909671688674983e+00
-1.058815409666600926e+00
-3.566522684626661777e-01
-1.074290422514657811e-01
2.078235899141300802e-01
6.192710924944423434e-01
6.949484346809433610e-01
9.779497410931629053e-01
5.687324484325843033e-01
-1.413753877343139953e+00
-3.515864267699376766e-01
2.020657528318697271e-01
5.576323715218108878e-01
7.837401496476762430e-01
6.700996397484237921e-01
7.376758919824889515e-01
4.077444593643819726e-01
5.906075284123312591e-02
-1.410616326609268834e+00
-3.489968498571657807e-01
2.011386358342004965e-01
5.629392918092334108e-01
7.857423891737862487e-01
7.003992123701873185e-01
7.594149842780515414e-01
4.071031734692114878e-01
2.747038122365991764e-01
-2.204339654827053963e+00
-1.063678438017658490e+00
-3.536481995266189116e-01
-1.126339463763967180e-01
1.867513114771048033e-01
5.963876184188409146e-01
7.474264535703462053e-01
9.735258941143489775e-01
6.670686884680294693e-01
-1.624253202056493706e+00
-4.755693047730700784e-01
1.066175061207410846e-01
4.378414315471152451e-01
7.029115391431313142e-01
6.859376737988654993e-01
6.480471606258441097e-01
5.202368470312633830e-01
1.420096572099775190e-01
-1.282565191081444622e+00
-2.338792818314616162e-01
3.206263902060040860e-01
6.596647325953467478e-01
8.879496226721937946e-01
8.329056943848804906e-01
8.250430052474240217e-01
6.382376032833946278e-01
2.642639726911321096e-01
-1.311362330830446510e+00
-2.688831749284404382e-01
2.880305042835857865e-01
6.321661949240487965e-01
8.615466688462030120e-01
8.228643910647891468e-01
8.466237835822599811e-01
5.760302245152135736e-01
4.279182185486399281e-01
-1.968019025425828961e+00
-7.068087342817486185e-01
-1.059532669400275878e-01
2.197718028029891080e-01
4.799989420274370366e-01
9.422984676639428736e-01
9.590752433842509861e-01
1.220256693989130170e+00
5.579817681960442810e-01
-1.807380340571826949e+00
-7.978797509023682899e-01
-1.413174833687685095e-01
1.039805242199404733e-01
3.966686914455018753e-01
8.008066229017810622e-01
1.000229385303567531e+00
1.184601680415257485e+00
7.163010916624583668e-01
-2.210923787064077661e+00
-8.351503377253846061e-01
-1.578845968599190963e-01
2.385192396372057821e-01
3.993742089325055256e-01
8.086297840902779699e-01
6.127132309859557591e-01
8.205496920639804292e-01
7.423660453100616730e-01
-2.250454950810101717e+00
-1.191357084474808259e+00
-4.604634742048701601e-01
-1.758232654446366117e-01
1.253544354323958832e-01
5.581203226382508431e-01
6.503057741144213644e-01
9.328842318659930077e-01
4.935027087005562363e-01
-2.936833675876863392e+00
-1.957169191532676766e+00
-1.613042716312862668e+00
-1.201462050298306217e+00
-7.618216519249451091e-01
-7.309171954073268029e-01
5.120217369679379293e-02
3.497832733292262630e-01
3.546993430988590323e-01
-1.633914607576694600e+00
-5.770257232008220161e-01
-4.550605700855968327e-02
3.506198522191271150e-01
5.785208941556266860e-01
4.282518297916922956e-01
5.732231581587745595e-01
4.459414622653282700e-01
5.080437045462381507e-01
-1.017254443918992557e+00
-2.298820383971577064e-01
2.943646149384945288e-01
4.698216194477137786e-01
7.159985551361132128e-01
1.030451604744759164e+00
1.105350075174820423e+00
1.274191125455929718e+00
8.047997143218099669e-01
-2.236744337244242598e+00
-8.688193558040794295e-01
-2.170348625752829552e-01
1.626669883491272395e-01
3.703115914090951977e-01
8.325340142287240841e-01
5.721990215078346376e-01
8.517673678576771490e-01
3.455250687981062940e-01
-3.333179384170324333e+00
-1.937329616456973547e+00
-1.360976901302476172e+00
-9.714576533820197257e-01
-6.194693891454549073e-01
-5.250779758045528434e-01
1.153915582164505710e-01
4.114645795712657539e-01
3.844087656925486152e-01
-1.562384036850784863e+00
-5.140566315582405510e-01
2.406627005250823112e-02
4.110823743349947268e-01
6.345769079403709156e-01
4.347955471390977933e-01
5.404138117954603304e-01
4.208100823105649924e-01
3.056348414119678947e-01
-2.318553974445314747e+00
-1.301093130417562360e+00
-5.354803642904532035e-01
-2.074513640347762367e-01
9.820367822172910988e-02
5.411804098680599306e-01
3.653213729989815417e-01
7.340070841725342410e-01
2.869987106408959932e-01
-3.285232658932426553e+00
-1.889137368145472839e+00
-1.146505679221242469e+00
-7.212609941185402773e-01
-4.749882422445223518e-01
-8.958283047674616903e-03
4.191189522517968502e-01
7.335118014854994373e-01
8.238250054451127236e-01
-1.909746139003202892e+00
-6.144627210596657063e-01
2.979078729621406629e-02
4.207937709036150276e-01
5.776337340086494798e-01
1.002116315213172459e+00
8.163534743040330444e-01
9.994817259294235257e-01
4.465674603217263949e-01
-1.992206351959640021e+00
-6.787214172072529861e-01
-5.940869587551655950e-02
3.099444650865856299e-01
4.705343189249956981e-01
9.475516913899425520e-01
8.749552562942967127e-01
1.148520207542484961e+00
9.076822500244595693e-01
-1.177067908540400776e+00
-3.978299693869002951e-01
1.573874959541740060e-01
3.538069967239817482e-01
6.065193877982711923e-01
9.559662382425645477e-01
1.090289459780153569e+00
1.256163925574533158e+00
7.951768156364658058e-01
-1.916291646364097545e+00
-9.003204407483371696e-01
-4.287677635713619262e-01
1.460243036889647891e-02
2.529015945337368398e-01
-9.568543499391118923e-02
1.640615720363878260e-01
3.105944533698767329e-01
2.421144568173911604e-01
-1.777677729402323825e+00
-4.782339358471920376e-01
1.267477589946451877e-01
5.031187532565691845e-01
6.925888720063694270e-01
1.068574942111902848e+00
9.323909541580364113e-01
1.100967815789612114e+00
8.863372811478666957e-01
-1.486225919781327454e+00
-6.697462032591118275e-01
-3.978955539297682892e-02
2.011088675238498491e-01
4.951657375778114600e-01
9.172128077659630341e-01
1.136845052068430340e+00
1.267107546796717887e+00
7.786486053577198474e-01
-1.709257100939864493e+00
-6.222318161821303040e-01
-2.699445367316352998e-02
2.412743174834429960e-01
5.070527550615552270e-01
9.500873312523462344e-01
1.099001838914645868e+00
1.274919662975002144e+00
1.030036108770183922e+00
-1.700250234898768698e+00
-8.742678768557954339e-01
-1.927924231131208921e-01
6.727492496682070666e-02
3.689266700675172261e-01
8.007827006195452624e-01
9.972967978073024042e-01
1.167336311464987064e+00
6.772567673239355823e-01
-2.711383386759726566e+00
-1.963548086027059991e+00
-1.674621185493366138e+00
-1.154235259704443628e+00
-8.593207460477975124e-01
-9.414995210648319235e-01
-1.753520016446775687e-01
1.354845621598846084e-01
1.966920920867506195e-01
-1.297901280969568472e+00
-2.398200989552574380e-01
3.159028237323778243e-01
6.462643109985137801e-01
8.846047226472143477e-01
8.524908982928374179e-01
7.770972010229124649e-01
7.346354948915494454e-01
4.537903206885094964e-01
-2.498523709084445432e+00
-1.666969464352186403e+00
-1.326878330251720639e+00
-8.306238717756612155e-01
-5.446322331682506013e-01
-7.613867505528860713e-01
-1.961506221017306553e-02
2.806500036428751232e-01
2.452516987358671907e-01
-1.349458327205177000e+00
-2.925312317672676410e-01
2.597644160177453587e-01
6.082954383527142683e-01
8.332768618155204088e-01
7.421987566554982818e-01
7.349944693766606862e-01
6.052779393117578843e-01
3.834444752347528906e-01
-2.858295472946550841e+00
-1.951385523859054949e+00
-1.517441472130327096e+00
-1.083812580809375481e+00
-6.945048400430823277e-01
-2.441608198806115293e-01
3.675329835876595674e-01
6.916708976915142415e-01
7.807411678969196078e-01
-2.237839218620591542e+00
-8.595080392685436887e-01
-2.259826162479157685e-01
1.480283612088924561e-01
4.171335251938382838e-01
5.380062034344305077e-01
4.632834337843091399e-01
4.601801602034368832e-01
3.407055632631099118e-01
-1.367237991870754676e+00
-3.028303345924555079e-01
2.542812616154536687e-01
5.956602397616459488e-01
8.310835813792983862e-01
7.825925133226518948e-01
8.040909740372187420e-01
6.424440325501743487e-01
5.340758761641428709e-01
-2.357218995172796649e+00
-9.576301608608759341e-01
-3.099167190582596265e-01
7.020222943903206558e-02
3.402455629927365610e-01
4.656410606535616448e-01
3.878268886579678831e-01
4.043782780044112846e-01
3.312855948278964346e-01
-2.425600700197126258e+00
-1.022593596088456902e+00
-3.300298305849513336e-01
6.167392314504896444e-02
2.828523409373944753e-01
5.886682103110902897e-01
6.194019186285709688e-01
8.456999236526125951e-01
9.138851207873015525e-01
-1.697795155265996225e+00
-4.340747798347480146e-01
1.617783278636382716e-01
5.098261690649013023e-01
7.351906703279509347e-01
1.032777907862611588e+00
7.493569060442448748e-01
1.028517001825015598e+00
5.699247407252767683e-01
-1.523961876096280532e+00
-4.561104468938195211e-01
9.696658810376014570e-02
4.651820040484476726e-01
6.986758716638762357e-01
6.139756175785379133e-01
7.236588393142691089e-01
6.506974771727006557e-01
7.058529490212156476e-01
-3.217571437423134117e+00
-1.926681112073230340e+00
-1.484063235896428967e+00
-1.124389324986519778e+00
-6.471119151663854430e-01
-6.799312375875559145e-01
-8.602336184066355917e-02
2.186827725584181703e-01
2.845430540333050984e-01
-1.414274546290019696e+00
-3.382348275942502758e-01
2.161650505179836534e-01
5.710329316627058560e-01
7.983626060852353490e-01
7.414653062372754677e-01
8.108421204037091767e-01
6.858785830385453197e-01
7.059883411078087256e-01
-2.030283111803669716e+00
-6.978862161098023931e-01
-4.115763446820686761e-02
3.513261985036563173e-01
4.994463982479188657e-01
9.400601604610470119e-01
8.343307674022226728e-01
1.050695495505702182e+00
9.666186018344561370e-01
-2.063083035036914925e+00
-7.081505580895418595e-01
-4.426778119521503768e-02
3.488672264323724459e-01
5.104102656398938898e-01
9.195149802618640678e-01
7.159668220875351485e-01
8.797653401592360201e-01
4.587006033922508275e-01
-1.973711404124262936e+00
-6.459402938927719662e-01
-3.866486431227661360e-03
3.871124635846358575e-01
5.289530254471473958e-01
1.002451183551525515e+00
8.382751260732528298e-01
1.089162156983435548e+00
5.543335240985681756e-01
-1.658506409616417931e+00
-5.835546779530307315e-01
-5.385024979924918354e-02
3.411153510362748831e-01
5.697032521345503087e-01
3.275466529608914157e-01
4.576557496580148099e-01
3.641242645808588918e-01
3.276276599118194133e-01
-1.365153018580230304e+00
-2.879942410684111498e-01
2.750955051159307274e-01
6.091310167908317030e-01
8.504589213232331968e-01
8.414099369651111271e-01
8.654849532040232996e-01
7.273068502901003374e-01
6.818579256464143423e-01
-1.342861952784370594e+00
-3.128383959972753092e-01
2.378119259431401566e-01
5.893037139527409485e-01
8.139205425703885943e-01
7.065991167058122135e-01
6.996774913829634235e-01
5.955802586414395972e-01
4.068162920027903473e-01
-3.348319168053241146e+00
-2.103807265191407261e+00
-1.262022152608706316e+00
-8.460347854010923374e-01
-5.611378816458962859e-01
-8.056037095201341869e-02
1.681036664702912353e-01
4.980321408599175936e-01
5.266903860038270047e-01
-1.253791952783553931e+00
-4.022986452852110317e-01
1.864194784475329547e-01
3.421953131168413154e-01
6.137321191440210377e-01
9.377013061062237087e-01
1.054942405037735842e+00
1.225119301408934547e+00
1.079162548001865618e+00
-1.441329518470117810e+00
-3.811231299522061522e-01
1.716782316828415478e-01
5.352713694250086363e-01
7.560543292066186361e-01
6.048272354705469533e-01
5.992214150033228215e-01
5.480604816408515267e-01
3.969291213900342785e-01
-2.894462266438829090e+00
-1.918461347290241426e+00
-1.591385963523269220e+00
-1.174683262029813990e+00
-7.347731683751415055e-01
-7.547970264608762081e-01
-2.484383612251201898e-02
2.666872656479035153e-01
3.216935326582969767e-01
-1.961310946647836895e+00
-6.270998808833752047e-01
-1.145732587439798574e-04
3.823268499072659532e-01
5.129390999515869298e-01
9.762008598342353238e-01
7.299704274673545212e-01
1.092276427404834660e+00
6.619983231870812945e-01
-1.845459237815957110e+00
-6.861862508240261782e-01
-1.240598224733247268e-01
2.468807680769662394e-01
5.207610672544541464e-01
4.903707995519056562e-01
6.869851006051345133e-01
8.226388034178843123e-01
9.048411443081100236e-01
-1.440595913334559830e+00
-3.142360318570309730e-01
2.670542416344658387e-01
5.735344983308974243e-01
8.435400932738105206e-01
9.533610134677628078e-01
8.389742053770298247e-01
8.536026520006929630e-01
5.148713702985120433e-01
-2.355195158200407590e+00
-1.301631432202062566e+00
-5.600834296951898716e-01
-2.469217990348642755e-01
6.460648415213869622e-02
5.197643972743177798e-01
8.763561723363895162e-01
1.065656023253609419e+00
1.080300766016063729e+00
-1.920653310011085191e+00
-1.026626080368116867e+00
-3.174987000750290056e-01
-3.638236662816333317e-02
2.718550450130712282e-01
7.047736711745298255e-01
8.103253758669826112e-01
1.055481308486795999e+00
5.860869426536262639e-01
-1.604560937448751501e+00
-8.392140057749631898e-01
-1.715227777064023129e-01
8.254549643551771509e-02
3.726762872936199011e-01
8.065032865305818977e-01
1.020270075765388640e+00
1.178315335507702066e+00
7.286796465060751959e-01
-1.456748438199164664e+00
-4.003588074608980252e-01
1.517175834277041946e-01
5.188533858719285297e-01
7.433166186364149608e-01
6.680032300642398946e-01
7.936944157096155195e-01
7.851650381875406870e-01
8.550220147275529037e-01
-2.817622466501536582e+00
-1.462924564727623666e+00
-7.507561904753783377e-01
-3.782489253228442094e-01
-9.265120615007731153e-02
3.878720010579366217e-01
7.970100315812650438e-01
1.013225393275307695e+00
1.053981327704559101e+00
-2.068534541009005245e+00
-7.182697448694504994e-01
-7.110536055080454720e-02
3.174927575736100627e-01
4.581832039343716745e-01
8.824673125316315758e-01
5.798981737979337359e-01
9.401521559146485130e-01
6.677476343704114026e-01
-1.648771694886860040e+00
-4.347510884592257763e-01
1.691434670509547600e-01
5.115896655950142868e-01
7.546476339546175360e-01
1.033528784474121665e+00
9.824079884828288423e-01
1.091330101822203691e+00
1.023838114031785373e+00
-2.273243329482199204e+00
-8.990711538858751073e-01
-2.125605584170016660e-01
1.790007777978987746e-01
3.529686317574371457e-01
7.892338079016866237e-01
5.490692325241448568e-01
7.538548362000409009e-01
4.723098730607685480e-01
-1.838544764892873662e+00
-7.840681264381477167e-01
-2.862197051960880811e-01
1.424964839570556363e-01
3.796066915703258382e-01
2.686457522185465852e-01
5.606326803436145756e-01
7.545506815010036838e-01
8.471801110353330833e-01
-1.736563399953247044e+00
-4.610789585908041666e-01
1.392377544180800619e-01
4.799977460428921372e-01
7.208297400206215011e-01
9.600182116566392532e-01
6.554073313133302880e-01
9.359740247384830125e-01
6.109843423733295475e-01
-1.911137286578831862e+00
-5.677091451787273924e-01
6.019585003945608637e-02
4.402231724192344764e-01
6.351214944063225953e-01
9.887077089668717678e-01
9.148762236471518206e-01
1.078071607885165983e+00
1.025589243499101633e+00
-3.438115233472263998e+00
-2.026620750560598871e+00
-1.181829606941881661e+00
-7.635695427119340017e-01
-4.808745871630235036e-01
-3.292546186669717545e-02
-1.313542811472985516e-02
2.953811394236016130e-01
3.923743968164263851e-01
-2.376344053741532569e+00
-1.283653050518684280e+00
-5.419287645531172259e-01
-2.056590405818329859e-01
1.073214806219146833e-01
5.506729524110025586e-01
3.982356466324133981e-01
7.592274415699798995e-01
4.532425092433118863e-01
-1.781778062006198704e+00
-7.785609811262116375e-01
-1.401254401764494006e-01
9.444533692277910786e-02
3.878302305697682861e-01
7.942639970025151541e-01
1.058568428465738620e+00
1.204650386826548347e+00
1.121514161280481980e+00
-1.563642993472349030e+00
-3.821002871918490751e-01
2.132052537384140078e-01
5.331492160130769653e-01
7.869766983845772890e-01
1.006984873938264524e+00
7.076768797833831171e-01
9.841910522231227532e-01
6.473294549133847831e-01
-1.329514641405599384e+00
-2.650657110302833686e-01
2.932456528734562196e-01
6.330117930741130383e-01
8.634588913912988328e-01
7.982883218290398597e-01
7.189061966138109439e-01
7.072860288970922449e-01
4.916645350813253490e-01
-1.914269984530103441e+00
-6.358323037359366880e-01
-1.258315291746757610e-02
3.516253749399956274e-01
5.907779020460407482e-01
8.250863914702132318e-01
7.645925595530141949e-01
8.982947040001052486e-01
9.162734366001683561e-01
-1.180397109496632124e+00
-3.280851591480696827e-01
2.439219105814183497e-01
4.066945891710038730e-01
6.795103427561148823e-01
1.010682162987518007e+00
1.161136913711142471e+00
1.293784583064742311e+00
1.144948771182754177e+00
-1.213298249643411930e+00
-4.096587409842320504e-01
1.418803406471009498e-01
3.485727572630804016e-01
6.122783470896726588e-01
9.783543339076030687e-01
1.144375715171849439e+00
1.302710507035058640e+00
8.810095469712095895e-01
-3.028290941157276706e+00
-1.821338976371113860e+00
-1.004476996574344971e+00
-6.151767119781416104e-01
-3.095011787771486111e-01
1.520865388380622241e-01
2.391808100433973072e-01
5.680072818101646881e-01
5.919884213467527800e-01
-3.368440255498993174e+00
-1.968212912207582654e+00
-1.147256463517004166e+00
-7.265457377952148077e-01
-4.343617369463791955e-01
1.994768426229102248e-02
6.372126968674354797e-03
3.109365226879429733e-01
4.131436814953211023e-01
-2.485245998672407808e+00
-1.476487874699005109e+00
-6.983187529043480835e-01
-3.424641457261365374e-01
-3.569033655990332121e-02
4.664727235087882673e-01
9.138512958953305398e-01
1.101825523039104526e+00
1.122964926654214102e+00
-1.602224408780232201e+00
-6.002542016170012706e-01
-9.086250098906839025e-04
2.305261918857819947e-01
5.193553866093361115e-01
9.277862064016568766e-01
1.152469706806261929e+00
1.286212943982976142e+00
1.145572140502896463e+00
-1.485286324355964638e+00
-6.023103863042776895e-01
1.206611952137007053e-02
2.089989668519967869e-01
4.813030513520863973e-01
8.441924346618222552e-01
1.031720619420477769e+00
1.217796229448567358e+00
1.118697094699541816e+00
-2.760972357340066630e+00
-1.991485473434118969e+00
-1.571098120482997906e+00
-1.067091087591756748e+00
-7.400092155206541289e-01
-2.238257539086171422e-01
4.215090827846254551e-01
7.556013277874545908e-01
8.585378130584980783e-01
-1.447819128130226396e+00
-3.880101675997322808e-01
1.650844613013359719e-01
5.293799438493838050e-01
7.505112574941331660e-01
5.996397467765303135e-01
5.795125028906781273e-01
6.092541190992079025e-01
4.995823012044069422e-01
-1.655843315900709545e+00
-7.592826194781311377e-01
-1.114854525921635531e-01
1.288468828850682368e-01
4.185230288827321288e-01
8.303003436137477156e-01
1.120916750534338036e+00
1.239447098515006784e+00
1.154619394757671724e+00
-2.907457961062313245e+00
-1.486676391052150548e+00
-9.033058049891862229e-01
-4.993510223271551141e-01
-1.499844237867322960e-01
-2.401405792794521210e-02
4.119794887816483064e-01
7.599490035840806845e-01
8.522943175390188530e-01
-1.297963124892676401e+00
-2.448849061735930421e-01
3.147913867631838558e-01
6.487939457097676721e-01
8.868668989073702491e-01
9.019215904330005751e-01
9.475687323802960416e-01
9.295145981401502500e-01
9.566794775425260244e-01
-1.570039441061423569e+00
-5.638311005202408799e-01
2.919119676239804312e-02
2.926950767186823898e-01
5.555193037961124736e-01
1.002262112768333102e+00
1.232528770953128738e+00
1.349173189375589610e+00
1.171680420186549609e+00
-1.839293708367385261e+00
-5.907304926536481871e-01
2.555017449897793030e-02
3.715425503706667465e-01
6.322457313479195040e-01
7.938870529394043141e-01
6.855620879220276631e-01
7.126318496480636977e-01
5.180091164595235220e-01
-2.712385470418241074e+00
-1.926833085418172775e+00
-1.628374699031254869e+00
-1.116656849721223477e+00
-8.070172651171697575e-01
-7.307128601293706449e-01
1.346102435050988144e-01
4.729769020438817639e-01
5.094450325648102185e-01
-1.554376773822941926e+00
-5.137393389328560600e-01
2.791062760140426008e-02
4.140341306093352491e-01
6.346971909215669561e-01
4.118401290387526670e-01
5.024076031593543989e-01
4.705764033737323548e-01
4.536126647959706770e-01
-2.216317727870769971e+00
-8.421151165989628762e-01
-1.835080413237121233e-01
1.976913476930292901e-01
4.050400480267737358e-01
6.631267450609731329e-01
4.376880513770257664e-01
7.432528650932965775e-01
6.696656384776928927e-01
-3.380630592843788751e+00
-2.002982244135504519e+00
-1.351511385316821912e+00
-9.475642683950231682e-01
-6.740465604570751168e-01
-4.302984551598286189e-01
1.141610392771999667e-02
3.282085546570885359e-01
4.522521056306276765e-01
-1.968373785957763022e+00
-1.023175614065858774e+00
-3.341376320935355859e-01
-4.199577967634377657e-02
2.657106167311247824e-01
7.028153199950593066e-01
1.050578319205677680e+00
1.187962456086114171e+00
1.165101454247316592e+00
-2.029840373155813893e+00
-1.009705212114375694e+00
-5.512185098324435817e-01
-1.118710761199091658e-01
1.556568981695867493e-01
-1.750993274776441178e-01
1.748525772352003960e-01
3.701139149304352172e-01
4.303711330346340347e-01
-2.092060195949048129e+00
-1.021570550349243600e+00
-3.228686432969872788e-01
-6.236468127493081243e-02
2.355941657111358389e-01
6.645215838712350553e-01
9.844490454245614641e-01
1.168181005342993295e+00
1.156743962083653265e+00
-1.294289179960036895e+00
-2.349239689150143806e-01
3.147935618816584680e-01
6.536310339914386258e-01
8.834786173805785348e-01
8.208764602043656655e-01
6.637728622761039921e-01
7.606852976235067842e-01
5.474803751507030247e-01
-1.704536479482261724e+00
-6.429233272125939314e-01
-1.228974271765254367e-01
2.848218238839679839e-01
5.140886867052185671e-01
2.401038106843962627e-01
3.834020302251769929e-01
4.399355707486222178e-01
4.537469042791690832e-01
-2.005651726729706041e+00
-7.405695451131361073e-01
-1.367726198818970673e-01
1.887176715121524628e-01
4.495894701307405761e-01
9.097634241716987535e-01
9.270144333189345165e-01
1.206031338242584017e+00
7.202631335379426902e-01
-2.671857627068555896e+00
-1.828908781093932845e+00
-1.212848791066259757e+00
-7.975438693822959335e-01
-4.941175337939934797e-01
5.327359112894569648e-02
6.080872667784155139e-01
9.061349361835855376e-01
1.000400683571112781e+00
-1.456390368796700363e+00
-5.642652757525841167e-01
4.872335533638243177e-02
2.498030498912219843e-01
5.122678710141976843e-01
8.820432206286549226e-01
1.142555004954366016e+00
1.265748872943569747e+00
1.185118978971482440e+00
-2.012885637393613258e+00
-6.487608260156486617e-01
-1.090078381370923263e-02
3.631504130425515786e-01
5.807391074814890475e-01
8.596615481806222370e-01
7.019902417690087049e-01
7.974199081502407749e-01
5.673436781132178419e-01
-2.008374844499697165e+00
-8.391729724462783091e-01
-2.135585837451476621e-01
8.066055799292724815e-02
3.668398086933085667e-01
8.051794590101895022e-01
8.222584385492375247e-01
1.162465691281747260e+00
8.564880870781792499e-01
-1.849730552712709697e+00
-9.298868860287202720e-01
-2.398076840527458009e-01
5.537733078167384436e-03
3.009853913609067400e-01
7.230137226039117238e-01
9.466341354220406679e-01
1.148451229857353928e+00
8.334451384273351415e-01
-1.641878467901914052e+00
-7.216074084501623576e-01
-9.371486068384690671e-02
1.675328926622990933e-01
4.702829159028750206e-01
8.974688916441063702e-01
1.120761357848062634e+00
1.269398347137725036e+00
8.340781672799683077e-01
-1.962575302802673338e+00
-9.028781335116379259e-01
-2.332081838465255852e-01
1.327590376892330282e-01
3.633312174863138622e-01
8.351535662017007811e-01
1.075001322303037909e+00
1.214500644266529816e+00
1.176135106042786482e+00
-2.030632107168636846e+00
-1.091671278078007790e+00
-3.640378843244070350e-01
-7.330050713018411435e-02
2.347590617444993699e-01
6.722397786641436390e-01
7.305944283956233853e-01
1.011486240446239249e+00
6.235081099538285487e-01
-1.994114978031093166e+00
-9.589032765392382363e-01
-2.756415877036287876e-01
-1.992922488431451977e-02
2.607224795408471518e-01
6.827720631459297529e-01
9.945424281032944069e-01
1.189906417606345856e+00
1.179914793320044675e+00
-1.397343181646460986e+00
-2.671694523114778730e-01
3.041132463787306062e-01
6.185958370788711136e-01
8.777752460406587076e-01
9.523649130683028430e-01
9.819027656704364393e-01
1.013947114857044252e+00
1.038229640954474009e+00
-1.575023282226259758e+00
-5.191152137689698520e-01
1.857118519757794059e-02
4.082291039867138038e-01
6.301556903038800783e-01
4.145791578013066081e-01
5.151903425178114837e-01
5.843723260367098549e-01
5.721075922406050340e-01
-2.683277943801370746e+00
-1.935501017763528564e+00
-1.636726840286343965e+00
-1.119782735657294026e+00
-8.227838408572560880e-01
-7.489930577727053063e-01
5.449119849382751124e-02
3.579481365955857752e-01
4.566498816414434891e-01
-1.560455293620931272e+00
-3.919655642559520259e-01
1.879530174305782120e-01
5.052772129353386710e-01
7.762826774946375297e-01
8.395287213045826702e-01
7.384632516264740820e-01
7.795739121296497709e-01
6.094703461628419028e-01
-2.587053642549685950e+00
-1.484404241498514576e+00
-8.154036374806938881e-01
-4.637280879989041926e-01
-1.983674284117166176e-01
3.464832605392157427e-01
8.179021767248993990e-01
1.057022295040483728e+00
1.116748513609858717e+00
-1.968342551166144760e+00
-1.103299842650591556e+00
-3.811434009953456048e-01
-9.325453942895077508e-02
2.068106163249942286e-01
6.498588905746359723e-01
7.415088559927733858e-01
1.011531491995226739e+00
6.603543646819243218e-01
-2.057689595019151607e+00
-7.295848621252399857e-01
-9.162477154068587870e-02
2.624450335514172394e-01
5.355664991506198236e-01
8.067381143577487812e-01
1.046488319508796172e+00
1.182992796623077769e+00
1.181021684177451014e+00
-1.430312435996526688e+00
-3.584506007578065478e-01
2.006957094673043895e-01
5.582534127582811090e-01
7.875246757244789286e-01
8.054765765208012906e-01
1.003052195534158697e+00
1.097576805766288910e+00
1.135938766224771079e+00
-1.572359329979150955e+00
-7.975019109057789324e-01
-1.386963004413435396e-01
1.125619776604086797e-01
4.187994942814158850e-01
8.495678220069979858e-01
1.070461134403981829e+00
1.231892289469472823e+00
8.243627104523139071e-01
-1.950971663357044861e+00
-6.499857760365400638e-01
-3.507947368913467978e-02
3.386714363430441410e-01
5.057415065544984545e-01
9.910580335749180625e-01
8.939344279841308083e-01
1.183655902514628711e+00
7.406765312147562952e-01
-1.359897579548254187e+00
-3.069361564269875164e-01
2.505274871926754243e-01
5.993305059790221545e-01
8.258480417923304007e-01
7.393435290097937207e-01
7.634419834784984538e-01
7.182416554692866439e-01
6.894286760880485865e-01
-1.856718748225987925e+00
-8.046870443533447048e-01
-3.130865478469078145e-01
1.157311706953137870e-01
3.556901891951858019e-01
3.862287083238679503e-02
2.875246839729301285e-01
4.338707941969472404e-01
5.005850097235151619e-01
-3.158160197491653332e+00
-2.011446808787958229e+00
-1.158961973941204482e+00
-7.176411514586826801e-01
-4.228847904129255930e-01
5.976531119252852242e-02
1.090414837598844972e-01
4.198311746412716206e-01
5.397960991924692919e-01
-2.424034030760569447e+00
-1.405243680777343407e+00
-6.245687446004690724e-01
-2.832441244939979397e-01
3.305317587173540322e-02
4.822417992246903484e-01
3.254572440648728637e-01
6.831464094660260056e-01
5.615455802988679190e-01
-2.467307813939735972e+00
-1.441374435865431014e+00
-8.612158911898577518e-01
-4.786782351462916529e-01
-1.818337808099504127e-01
2.886764232300318422e-01
7.769842642685332867e-01
1.030986419209990901e+00
1.107131731982634593e+00
-2.211141617935713732e+00
-1.188084141126146243e+00
-4.494103910057467011e-01
-1.537738720653974156e-01
1.659096636283890203e-01
6.053808528568443981e-01
6.163711017237211154e-01
9.352991554474909819e-01
6.583580635245739332e-01
-1.833967168408057402e+00
-7.804038367008432342e-01
-1.166981060914169671e-01
2.443929610200431535e-01
4.588285097250893729e-01
9.374558657877783974e-01
1.169974762704153903e+00
1.288764558652870651e+00
1.225297847474953183e+00
-2.409895177696650403e+00
-1.446990108620799242e+00
-6.789938966781138285e-01
-2.885618367370568760e-01
1.406771200416803008e-02
5.398970650706613750e-01
1.013182094301505964e+00
1.199523697291284607e+00
1.217631735598661447e+00
-1.784793297458499461e+00
-7.146829818189928130e-01
-1.932972973700475550e-01
2.202893793084875207e-01
4.604563726305235249e-01
4.504643453304905121e-01
7.946991475300833052e-01
1.001775810214521334e+00
1.089212194541123502e+00
-2.921731757809596708e+00
-1.991228592848369283e+00
-1.662166381369921231e+00
-1.246834137531207976e+00
-7.993368313333212294e-01
-6.266390648888774395e-01
1.701209532735264984e-01
4.564323702715678555e-01
5.474270670081207157e-01
-1.359832021682569225e+00
-2.956162030875063018e-01
2.595655093806416569e-01
6.076291794586637929e-01
8.376939500420962359e-01
8.295257361444409172e-01
9.562550616515228530e-01
1.021703039065840590e+00
1.087162950514340976e+00
-2.436778449134021418e+00
-9.932898845380304653e-01
-3.454789829015117997e-01
3.693348051500032481e-02
2.908874677134970499e-01
4.306073576711532680e-01
4.123359905343033649e-01
7.103694025582831806e-01
7.269191463175664891e-01
-2.135025673427442428e+00
-7.900178192455141746e-01
-1.299894347831419272e-01
2.514167348411143199e-01
4.489555850072057264e-01
7.395088976323493934e-01
5.233815337068059570e-01
8.348793632536838372e-01
7.735324778452704608e-01
-2.071379758591317621e+00
-7.108315091922273732e-01
-7.388059588015734314e-02
3.073448297581379274e-01
4.688643199322626298e-01
9.456404816338951358e-01
7.885017676586832946e-01
1.072480603654537568e+00
7.111130023360989760e-01
-3.104184025429541194e+00
-1.815842038762854438e+00
-9.882598897700347607e-01
-6.147777023435327948e-01
-3.046639121886863255e-01
1.683571751128525029e-01
4.276449633184678523e-01
8.046067382250005062e-01
9.121886199757092140e-01
-1.684883078681366220e+00
-4.288863490728055394e-01
1.731947274815917037e-01
5.098562080193235202e-01
7.577841232764958024e-01
1.010633403824959142e+00
8.386271314247598641e-01
9.836985019569252087e-01
6.922575714182006568e-01
-2.249248533740206391e+00
-8.978740905683546547e-01
-2.609623242606028404e-01
1.996015018582627046e-02
2.684145441288489087e-01
7.458833845663704887e-01
1.110760948908910972e+00
1.242855499847649980e+00
1.225052782532172202e+00
-2.532817504913744688e+00
-1.045989452067552561e+00
-3.626487356173568322e-01
2.667170426474766570e-02
2.648086472063412855e-01
4.826495703784066116e-01
4.081313115911940348e-01
5.627925470455239498e-01
5.944533301787011670e-01
-1.322026257761124368e+00
-2.706123558556385311e-01
2.795830017610997364e-01
6.266919964048135450e-01
8.517140677356920264e-01
7.607412286752550656e-01
6.137805427816083181e-01
7.462254988169183534e-01
6.155122583852409290e-01
-1.855332896258068853e+00
-8.116628687810458764e-01
-3.202214491873505708e-01
1.072602161089483835e-01
3.480041048107049839e-01
2.727058845794745959e-02
2.913848457200396425e-01
5.444459235227332439e-01
5.693512592132475847e-01
-1.653368307698508843e+00
-4.625314669830632441e-01
1.324180984105265135e-01
4.529193690965724328e-01
7.227357903469181499e-01
8.411806906073487911e-01
5.998228067465565250e-01
8.580060178904830304e-01
7.408718730892080995e-01
-1.876983600469560587e+00
-5.702070564746124504e-01
5.049264396551866874e-02
4.331344232866429222e-01
5.614807279699643994e-01
1.043513836127812233e+00
1.021133042683388004e+00
1.289622651096280270e+00
1.193597686807860603e+00
-2.589966881284837541e+00
-1.733382602871988087e+00
-1.404418347291412017e+00
-9.143971553385149553e-01
-6.089519644554378663e-01
-6.233572461487623118e-01
1.956028502902227850e-01
5.112387259266081285e-01
5.621604685043614102e-01
-1.588969976296889408e+00
-5.396968599849232273e-01
1.089998575134775967e-03
3.895443071961433024e-01
6.151336544295493702e-01
4.270570532593620516e-01
5.899153235361201952e-01
6.510809404734975159e-01
7.163378160315783116e-01
-1.481292507761279298e+00
-9.801006915635553929e-01
-2.969230986560793539e-01
2.739506984329868194e-02
3.140661228556524964e-01
7.781435349966621118e-01
1.181136534329648935e+00
1.278420676703149184e+00
1.258390019828955486e+00
-1.698672497461831021e+00
-4.728652313355531933e-01
1.348697998990596170e-01
4.970391568449603614e-01
7.150216919019661832e-01
1.021275252419497015e+00
8.238902083303233370e-01
1.027494686253491052e+00
7.338444483791324302e-01
-1.245430455276780979e+00
-4.122708135224660841e-01
1.661236480680151339e-01
3.700782825251460739e-01
6.398743925773360264e-01
1.019852971123669239e+00
1.294909459357442838e+00
1.369268360946601426e+00
1.281543644816563132e+00
-1.453732212260681944e+00
-6.353248891879136329e-01
-2.166482010613801287e-02
2.010175800802903034e-01
4.743036829738209170e-01
8.690917830920251719e-01
1.089513470995589373e+00
1.255531068618735757e+00
9.449207771119251253e-01
-1.948473957567946835e+00
-9.493934147014340130e-01
-2.598353115753898046e-01
-8.611919759885238931e-03
2.893494513665297863e-01
7.091132917630680321e-01
9.276990341162748566e-01
1.170058603974491573e+00
9.800627955062515273e-01
-1.368702184399316568e+00
-3.122149572211018742e-01
2.459685482106030718e-01
5.928587430014669035e-01
8.218155878905101241e-01
7.341743320977979215e-01
6.718293382347746423e-01
7.156507999925720842e-01
6.409428795871215945e-01
-1.937901497620676761e+00
-7.321503881068681663e-01
-1.195331747746415790e-01
1.858140673530463693e-01
4.695596257915450877e-01
9.227060486763170033e-01
1.017724838840207369e+00
1.267832521146965430e+00
8.483112271315463859e-01
-1.347213902549561748e+00
-2.610742663436183553e-01
3.047341620172346888e-01
6.240717268872773005e-01
8.751370524640268433e-01
8.837355802908191116e-01
7.569658534763962221e-01
8.360597513264702574e-01
6.888074533057375604e-01
-2.659074450521432986e+00
-1.887978503190100632e+00
-1.583017066096534142e+00
-1.075072087916719044e+00
-7.695376466847698715e-01
-6.674841772932758044e-01
1.508670603067010785e-01
4.496121773226698370e-01
5.644033037349143189e-01
-3.131130734413923200e+00
-1.844343218026961440e+00
-1.385464069441705082e+00
-1.024968869613737565e+00
-5.556815491886090141e-01
-5.032439158814143720e-01
2.086839360470419680e-01
5.049115468550836594e-01
6.239855273094555566e-01
-1.230816625982776635e+00
-3.618653729897318705e-01
2.012432904364876707e-01
3.906679160601334577e-01
6.523771216644590476e-01
9.935366714126222520e-01
1.129582457825870412e+00
1.341897671203788223e+00
1.212365410931266707e+00
-1.293700456447490987e+00
-2.327021038251724516e-01
3.201894220420404835e-01
6.576102616633944242e-01
8.904687738045499179e-01
8.658377671410957266e-01
8.947400480903141551e-01
8.794402672027974432e-01
9.022699882298998997e-01
-1.794570715155391794e+00
-5.165166182021437846e-01
1.108453938637551095e-01
4.801292731522799340e-01
6.918355805470248754e-01
1.076656346518447105e+00
1.230429460174007783e+00
1.334607869730920271e+00
1.269410972453052677e+00
-1.280649310848608335e+00
-2.368020661564027574e-01
3.276920331802600783e-01
6.626783903165552880e-01
8.980308233181838462e-01
9.855616768223353086e-01
1.171173641568363344e+00
1.249922699429848016e+00
1.253984395872508095e+00
-1.855615751773862732e+00
-5.593149411003682792e-01
8.198629129007503624e-02
4.545811417402775834e-01
6.640230720241891982e-01
1.074951168434675530e+00
1.267532599532365412e+00
1.348864529889312491e+00
1.283164657557488431e+00
-2.075506841507856581e+00
-8.163141061708198976e-01
-2.054249468558608793e-01
1.452465096018554780e-01
3.604868002087780465e-01
8.221068220984741881e-01
6.891796903500956306e-01
1.065926559232980964e+00
9.041054630492070254e-01
-1.625347804613285874e+00
-7.846059286792573806e-01
-1.324653372300509113e-01
1.178298554178696111e-01
4.155526657087116327e-01
8.442807553940370191e-01
1.077332219467903585e+00
1.235970205444086201e+00
8.805946315217217935e-01
-1.240986379032290809e+00
-4.324484793059288346e-01
1.211651342409276882e-01
3.303514613482708695e-01
5.985116465637596583e-01
9.771215485302378045e-01
1.168438799175729015e+00
1.320608299841847577e+00
9.781264697829110677e-01
-1.808710128821193752e+00
-5.080917907229081099e-01
1.146251463110670998e-01
4.981586704827525303e-01
6.606244166245652805e-01
1.128392115551948960e+00
1.278939807559706043e+00
1.399227393743687209e+00
1.290430755900243920e+00
-1.635833857709390937e+00
-9.216834725368027170e-01
-2.250156206311267060e-01
5.088282688577772800e-02
3.279286322775443741e-01
7.656774819343487026e-01
9.857814318847450963e-01
1.164227987518804630e+00
8.451083689636946783e-01
-1.338220515297633417e+00
-2.523268691755656268e-01
3.026718985926478700e-01
6.334714898210119793e-01
8.734439081992676490e-01
8.371976912747700617e-01
7.000607608327640285e-01
8.444601262909113837e-01
7.639537681295945903e-01
-2.079296408437576904e+00
-1.219233572148467726e+00
-4.758005803474205098e-01
-1.842024816053150493e-01
1.253810151335202350e-01
5.699126798195709442e-01
6.301170005180558586e-01
9.448992635751558566e-01
7.775889897906114179e-01
-1.695219624457685592e+00
-5.829166260529685673e-01
-1.081598907086311206e-02
3.541299316984221068e-01
6.107069968579116326e-01
7.308892054464342092e-01
1.039682334289182553e+00
1.206522669161576689e+00
1.250221706985929604e+00
-1.166382876960370574e+00
-3.387748891502273541e-01
2.307092686460189557e-01
4.212234767247491352e-01
6.744941069716550164e-01
1.033997392621681444e+00
1.321117018295248524e+00
1.386903386628949075e+00
1.326573927962349186e+00
-1.308224268238703747e+00
-2.409458768853640354e-01
3.127939768229967554e-01
6.378738750530336121e-01
8.828392000870067813e-01
8.686002380328933237e-01
7.680446797034427009e-01
8.751794817686995298e-01
8.147556309400638686e-01
-1.649540578618374553e+00
-7.218640330511097991e-01
-7.331263438227027252e-02
1.815296328092889655e-01
4.221989395157194069e-01
8.822172881625234275e-01
1.229721783908109378e+00
1.331513721532487038e+00
1.306879405555963825e+00
-1.887080613786150440e+00
-5.728879836497220435e-01
3.682429111683496042e-02
4.201955142701305768e-01
5.463643520516009433e-01
1.022337799978429773e+00
8.676491762649362061e-01
1.238415463141265604e+00
1.057077366882638758e+00
-1.690790781572553803e+00
-4.191888386609798900e-01
1.802234731775869125e-01
5.270996868841731908e-01
7.592012524853946065e-01
1.062346368645719075e+00
1.039784826107939208e+00
1.237177122948260433e+00
1.236010358233126327e+00
-1.934706431138903060e+00
-6.084341716607003514e-01
3.133181705758804336e-02
4.111299869764309389e-01
6.143807216388380565e-01
9.370462972475868124e-01
7.589198817802461638e-01
9.431985287777114868e-01
7.708547478855219959e-01
-1.496704774835350582e+00
-4.038675922483948022e-01
1.588933841926377932e-01
5.075497589750741501e-01
7.490026822455186917e-01
7.068472099588670732e-01
8.570999313417482224e-01
9.787052434744576423e-01
1.079398890271557443e+00
-3.285278081585176757e+00
-1.844461688269976696e+00
-1.153980797193505214e+00
-7.344847420180751207e-01
-5.013317846522267196e-01
-1.739231251550930613e-01
2.265377073361007076e-01
5.477570365847485023e-01
7.126604062470087708e-01
-2.209671088856785204e+00
-8.606407630012199439e-01
-1.713198884171013570e-01
2.184661159814406950e-01
3.862718658245088421e-01
8.012063628018100125e-01
6.155924345112383511e-01
8.343161445196416448e-01
7.481940283418445636e-01
-3.333565220311214272e+00
-1.938163505750987614e+00
-1.128054017509432461e+00
-7.329101538979913011e-01
-4.316815640705631840e-01
5.423352440428340360e-02
4.303926163683464701e-01
8.191967067826081417e-01
9.546481336957866048e-01
-2.775125342528301786e+00
-2.071970960091497282e+00
-1.785698475592698786e+00
-1.258014946661796474e+00
-9.419606557535150637e-01
-6.142371358183121854e-01
2.668759827368104576e-01
6.268997222962776616e-01
7.120406645542067814e-01
-1.494670838252896816e+00
-4.136225727436233512e-01
1.377005699521800519e-01
5.015033488282812923e-01
7.274111744982625360e-01
5.749632964427799919e-01
5.804176357701390510e-01
6.686900414217835653e-01
6.907885020509578755e-01
-1.519574404199762307e+00
-6.525763070139536381e-01
-4.784130617920981376e-02
2.343713545653179631e-01
5.189239704171136891e-01
9.587853707583756657e-01
1.272628196107620679e+00
1.379249471178308095e+00
1.326824948832928452e+00
-3.232233306701820741e+00
-1.884269522855674728e+00
-1.423091397705977146e+00
-1.063854671339713454e+00
-5.952847845601966226e-01
-4.877443582142440559e-01
2.516133540084145581e-01
5.566854995033171383e-01
7.000730464288714705e-01
-1.506504099909480754e+00
-4.461137552854881339e-01
1.011307711152506228e-01
4.721437856658645682e-01
6.943113644517145966e-01
5.137821780295672713e-01
5.477504971428941438e-01
6.437076521165877585e-01
6.847630154415909054e-01
-1.639216206551664001e+00
-5.258193490263801673e-01
2.563693323414101624e-02
3.905471567681650935e-01
6.352923867070676689e-01
4.799786095823844190e-01
5.012732217951638702e-01
6.746765803393975913e-01
7.151232760897342500e-01
-2.049100762881356452e+00
-1.083992783653966008e+00
-3.691536355070281772e-01
-8.629978483163018577e-02
2.348527155011958800e-01
6.747064919296982266e-01
7.529142868825319246e-01
1.043968145218916899e+00
7.989001851115509201e-01
-1.421750405279205598e+00
-3.521635255549754318e-01
2.099336921880648743e-01
5.584753852688711939e-01
7.936687203464573015e-01
7.622431868253274345e-01
9.113655885028771886e-01
1.029306641043498116e+00
1.131566959599593414e+00
-2.202335718193140224e+00
-8.757514345276904422e-01
-2.652979475015321831e-01
1.018998722882611674e-01
4.000720449558664016e-01
4.186426154907169073e-01
4.782761237687250810e-01
6.398597266091788915e-01
7.201128633379085819e-01
-2.183054803334099958e+00
-1.169183146499762183e+00
-4.321857662627368590e-01
-1.533651177876235727e-01
1.489111795298843632e-01
5.917745818152256865e-01
7.614310884199381180e-01
1.059263921787526375e+00
9.427217654516142353e-01
-1.921032754732971970e+00
-6.355927337136478839e-01
-2.369969834917751844e-02
3.445107962849698335e-01
4.948271377966936835e-01
9.847753553116556091e-01
1.041125629924414930e+00
1.325288170807884303e+00
1.295227106503413994e+00
-1.371822380631934513e+00
-5.008339919572845078e-01
9.065016774164633140e-02
2.984431990737345108e-01
5.568229043688006641e-01
9.145028808286785882e-01
1.117395888761369083e+00
1.343458901553373552e+00
1.309294471005347571e+00
-1.768700645565693730e+00
-9.701938256889699463e-01
-2.747621972942463908e-01
-3.456545820126559650e-03
3.097053112338558623e-01
7.472304043340063373e-01
9.166180164001724862e-01
1.144141062833540001e+00
8.509780554422496923e-01
-1.403618596794968587e+00
-3.539340580616619492e-01
1.981952590029747996e-01
5.581850772712377839e-01
7.797764976533098080e-01
6.485118811997950816e-01
5.922870393085022389e-01
7.136224312012756643e-01
7.111637679476077167e-01
-1.869744611298756798e+00
-8.196189290761975998e-01
-1.897921662376094165e-01
1.085011862593108778e-01
4.113587202818530519e-01
8.535681682937120707e-01
9.572614367406611091e-01
1.215214761160665180e+00
8.731262706979517896e-01
-1.918466606107108285e+00
-8.400903306748787047e-01
-1.941350045239523536e-01
8.743330931066144174e-02
3.914375492032801107e-01
8.202971664950581276e-01
1.160599894552120315e+00
1.333556352736594341e+00
1.325681486733609082e+00
-1.710344899411142316e+00
-6.353042958691533793e-01
-1.106169879944554901e-01
2.893113089396494586e-01
5.224322776489677134e-01
2.634017850620749002e-01
4.162349477328062819e-01
6.050144247870536951e-01
6.904804509075281871e-01
-1.690113588296310310e+00
-4.678461125090958017e-01
1.388776380752328732e-01
4.744623696631535825e-01
7.342774560610938472e-01
9.249616474304357405e-01
7.718148918706440043e-01
9.134934568712574920e-01
7.867813867269661809e-01
-1.640863429177926269e+00
-7.024692991973784384e-01
-2.375788677525566064e-02
3.361292575450013365e-01
5.442785077215857026e-01
1.020299264830328401e+00
1.295905179268650675e+00
1.379049992968294447e+00
1.332390454508729505e+00
-1.761773337088230695e+00
-7.787322476975852004e-01
-1.498653934956797606e-01
1.439238270034154110e-01
4.366343954197129396e-01
8.792643879708464949e-01
1.195438735099844330e+00
1.350091882254430997e+00
1.327795319126633400e+00
-2.349672293061792594e+00
-1.144245088404077793e+00
-4.602018047242011911e-01
-1.560626532539509670e-01
1.675941158401905440e-01
5.999656163607073323e-01
6.797366901440623499e-01
1.061415942501256593e+00
1.082548534898429393e+00
-1.534288761765483455e+00
-4.665562736169945879e-01
8.703904498776328380e-02
4.565183533932488658e-01
6.868987635971279815e-01
5.338744811240018207e-01
5.966236582936963462e-01
7.582132316277695461e-01
8.137269759465223240e-01
-1.486219809297201211e+00
-4.104006472740762690e-01
1.811265485570601186e-01
5.286767238795681001e-01
7.666106440397739696e-01
9.579507420998741862e-01
1.247501823620782657e+00
1.337931133313648546e+00
1.331110650289012209e+00
-1.758299053950207691e+00
-7.006701606307791375e-01
-1.915269084424917057e-01
2.262517327020096003e-01
4.574351374073327148e-01
2.156556029154189924e-01
4.950468788607866877e-01
7.231251100559764611e-01
8.242375781336169771e-01
-1.345637419824122105e+00
-2.915839045999156220e-01
2.623347304064869157e-01
6.131488930079955768e-01
8.406346524851899815e-01
7.940376673674832686e-01
9.112070228119257820e-01
9.978178063434692824e-01
1.091707055281308181e+00
-1.295606458419792606e+00
-7.724439877802085075e-01
-1.698696426386287206e-01
1.517507546756364512e-01
4.336967917168247921e-01
8.990286155101496757e-01
1.258818914868328420e+00
1.358339406407468308e+00
1.334020764965014649e+00
-1.139400027126426185e+00
-3.125305044992674475e-01
2.413932788620156977e-01
4.226470856870632731e-01
6.816619238035938055e-01
1.014681790111742421e+00
1.175006550214373835e+00
1.386859908231089289e+00
1.336196562150246736e+00
-1.947836166523308377e+00
-6.995245024509005871e-01
-5.425092425667917689e-02
2.837853287734022345e-01
5.564466848015103828e-01
8.956105107032826806e-01
1.224482571075069748e+00
1.341300382504564848e+00
1.323735117020988117e+00
-1.891748140590751692e+00
-8.183042859742630792e-01
-3.247449969623382726e-01
1.025432166836521553e-01
3.461843028305279235e-01
1.413730060004766143e-01
5.034857163065367125e-01
7.777930698723635183e-01
9.008863512979138344e-01
-1.630715369948260163e+00
-8.183605408515944868e-01
-1.346919746579098298e-01
1.627562998714800202e-01
4.278141532495446375e-01
8.704156133703067066e-01
1.275948045591277946e+00
1.352791077725021385e+00
1.337467792898565433e+00
-1.435377623106238953e+00
-6.394292132474870272e-01
-6.671998318672391591e-03
2.462358485518729989e-01
5.119901905241137641e-01
9.233457850487637453e-01
1.295635188961131057e+00
1.359518140443842782e+00
1.343695157130035289e+00
-2.628539825070764113e+00
-1.603869889396933424e+00
-1.008444332039123204e+00
-6.126314754239327032e-01
-2.341941148671008166e-01
2.914416322975973972e-01
8.488215903799861684e-01
1.151867367158361466e+00
1.257159970368103563e+00
-1.404753689922313642e+00
-3.221797677639652857e-01
2.365835513387373745e-01
5.768646526175982281e-01
8.168341749741481195e-01
7.770501832747008786e-01
8.282109120459274498e-01
9.005564627575426417e-01
9.674008998623173650e-01
-1.701943857715671582e+00
-6.164684465842745764e-01
-3.936342870276524075e-02
3.441060024015102359e-01
5.856611264836596442e-01
8.162221302948481361e-01
1.163618894111564384e+00
1.300038223982849184e+00
1.312146786668450860e+00
-1.550594607066154040e+00
-4.788935424408171104e-01
7.445550373361620178e-02
4.554900087005114284e-01
6.793282063935848214e-01
6.848534240771138037e-01
9.813721878462050574e-01
1.156498721111427486e+00
1.239436483750982143e+00
-1.409650109337184709e+00
-8.090211541772872605e-01
-1.535166101100671476e-01
1.348905208904979391e-01
3.988320100406804181e-01
8.804362040525254285e-01
1.242817777666508139e+00
1.353693477401659351e+00
1.332664202647635854e+00
-1.506732533326288204e+00
-4.087319292903522361e-01
1.602227932551781586e-01
5.102699816058989812e-01
7.532572820217977583e-01
8.029075305474945301e-01
1.038085602182771794e+00
1.190809620193892471e+00
1.255536393111212012e+00
-3.271619393459674896e+00
-1.960806791931761106e+00
-1.145100904438770106e+00
-7.214248210009523987e-01
-4.279976895928843117e-01
4.630376100391957878e-02
2.314887948837693610e-01
5.521588746148429205e-01
7.285883109266257929e-01
-2.060072387268375049e+00
-8.787326076360990612e-01
-2.404026508986108202e-01
9.235292993807783790e-02
3.670434401187532281e-01
8.192637273450149582e-01
7.543855202484540667e-01
1.077468233548808163e+00
8.279125669650206909e-01
-1.669054133726431743e+00
-5.776137401375732727e-01
-1.845111175009837151e-02
3.633695547649073432e-01
6.074955820002478912e-01
7.012993358907189112e-01
1.032220332400581198e+00
1.213329310873560996e+00
1.268071830893473750e+00
-1.623043750408624586e+00
-6.087781586035115877e-01
-8.769179636254190169e-03
2.405171578355451700e-01
5.287398172576441846e-01
9.445311138395233730e-01
1.126578026936438937e+00
1.355252700941566246e+00
1.168659300296041703e+00
-1.575335319518063715e+00
-3.812447775102534298e-01
2.088551786752941286e-01
5.304129897221375733e-01
7.848427118337052422e-01
1.013416823531114952e+00
7.498613745980943213e-01
1.057665498874766241e+00
9.072640676319000397e-01
-2.557013153291687324e+00
-1.141239580073815318e+00
-4.400907416185173560e-01
-4.402858678409469345e-02
1.696249484842084765e-01
5.719571373546227244e-01
4.239622511677189620e-01
6.762550406243953427e-01
7.454035157414726775e-01
-2.609913295631114849e+00
-1.785823440455500233e+00
-1.461868554621885030e+00
-9.665005195108787861e-01
-6.529162816303262229e-01
-5.259731875875499618e-01
3.156253814213656472e-01
6.924845257434765200e-01
7.940429505571279245e-01
-2.661240533421435739e+00
-1.779530871164815231e+00
-1.445191545045300563e+00
-9.672815035205286627e-01
-6.348328614088887267e-01
-5.399246651500216876e-01
2.553526251088637511e-01
5.518930707808437086e-01
6.908492966781104583e-01
-2.805643518577186857e+00
-2.073052197337736047e+00
-1.805291429522748015e+00
-1.279302318222601320e+00
-9.527711366755493572e-01
-5.885841880442987950e-01
2.884899785077509882e-01
6.535942738923296025e-01
7.472703435075986889e-01
-1.719134234765341773e+00
-4.825542602821538130e-01
1.224593864949500427e-01
4.615814777932470969e-01
7.190182894319568918e-01
9.160985842299039783e-01
7.596246891017065517e-01
9.101875235842818990e-01
7.960269999515283690e-01
-1.451207662749230964e+00
-6.506665289479117709e-01
-4.242510616954770636e-02
1.871044206448487235e-01
4.620197653700250928e-01
8.824075452912909512e-01
1.118940918683485330e+00
1.263727887305885700e+00
9.451530130246449390e-01
-2.234856432292825268e+00
-1.218935916574101608e+00
-4.770908778675003736e-01
-1.805955289216686355e-01
1.405985039264619763e-01
5.834203735991345674e-01
6.048537680850804010e-01
9.349733618327846774e-01
8.057813153103725590e-01
-1.477289251640563128e+00
-5.626104113245773419e-01
5.023408815544495171e-02
2.774814227208364237e-01
5.474251963584346736e-01
9.380723553066404596e-01
1.256421417322758805e+00
1.386536007184237640e+00
1.343285733483215338e+00
-3.707876980980234549e+00
-2.052500680187534066e+00
-1.240490976780286969e+00
-8.296837688028662061e-01
-5.267983771145451355e-01
4.057418102867634685e-03
4.776954228556254400e-01
8.778910457526644118e-01
1.025789457327653365e+00
-1.870754654090219571e+00
-6.034699592796103351e-01
6.788402507753667908e-03
3.626384066100986625e-01
6.052090563543636170e-01
8.134360137928658974e-01
6.673460141525221490e-01
9.878024183641008760e-01
1.019789617903117618e+00
-2.008614233068408250e+00
-6.983330066736462838e-01
5.698041289320024795e-04
3.345517710098079300e-01
5.779099738302431177e-01
1.024386381890231457e+00
1.312177345883618784e+00
1.373148405864875743e+00
1.336680222780533667e+00
-2.708031826795926023e+00
-1.976631171802326836e+00
-1.673432890032491072e+00
-1.156050916778306181e+00
-8.390716202406971469e-01
-5.744702011124090957e-01
2.770706555015534645e-01
6.068567126825241687e-01
7.020475169399605919e-01
-1.288007277899025027e+00
-5.698327768052533493e-01
4.735781768877642128e-02
2.937904487010800092e-01
5.648556395036558042e-01
9.661719618464884585e-01
1.321067797315328862e+00
1.364435559697476874e+00
1.339452463272208904e+00
-1.931164017006907319e+00
-8.967813484018263281e-01
-2.374169891855018033e-01
3.196451969669446974e-02
3.475618701543348177e-01
7.729304222595556606e-01
9.662772376884772862e-01
1.197276966682743859e+00
9.457584570708853500e-01
-1.941259800250387135e+00
-6.159372348771081640e-01
2.364393772070288655e-02
4.138958048869060269e-01
5.603696343753633569e-01
1.012955492503264221e+00
8.483954298333654664e-01
1.114708235583808271e+00
8.507757796370202241e-01
-3.203804886574428412e+00
-1.742594203587545243e+00
-1.046855105812404041e+00
-6.212642311213211199e-01
-3.802427107647528004e-01
-5.162970751099092703e-02
5.190069878026528638e-01
9.004929760677883310e-01
1.015695061590162762e+00
-2.182624153343920792e+00
-8.922753891148603733e-01
-3.165974756881645980e-01
5.169165744949292401e-02
3.654627220242757102e-01
2.772549533831071278e-01
4.429692520314285065e-01
6.482308168783587066e-01
7.442525197802604131e-01
-1.352075559532320614e+00
-2.745046819309668873e-01
2.829987078222485075e-01
6.190804915358112392e-01
8.537072859881656983e-01
7.919970512276779395e-01
6.269864027559451936e-01
8.265904878694800839e-01
7.723805935085094054e-01
-1.320683264246043098e+00
-2.802311132355982393e-01
2.784524019474847734e-01
6.143975574198986545e-01
8.518026923995476452e-01
7.975674454139302094e-01
6.806602798204474114e-01
8.063666897495413988e-01
7.567545079525832552e-01
-1.725979645169592791e+00
-7.396793944098584150e-01
-1.014593761245282666e-01
1.376271211063236355e-01
4.112466800003458656e-01
8.103214681158716903e-01
1.064675412585437408e+00
1.311738988730769995e+00
1.299129716026387493e+00
-1.839381936187894473e+00
-5.887639982621331036e-01
7.872901050922367916e-02
4.479818596792687346e-01
6.454432783837659171e-01
1.102502080363495285e+00
1.339844313627165384e+00
1.394803327923193281e+00
1.336461953641928879e+00
-1.720667318738344997e+00
-4.498923896502486364e-01
1.584624315863612243e-01
5.001496927480070243e-01
7.439060820569411980e-01
9.980699968173017966e-01
8.211987379943663790e-01
1.000421651300712034e+00
8.175907964971197428e-01
-1.836386560643407773e+00
-6.201772658422124440e-01
-4.905395371339661692e-02
2.825618185332355314e-01
4.955886834976564459e-01
9.700554387487361208e-01
9.909132151523932786e-01
1.323597110252334952e+00
1.129941949259424927e+00
-1.560378961531878605e+00
-3.472652399851249849e-01
2.602359198941002205e-01
5.739371829842619954e-01
8.357428366612422721e-01
1.155538832235831759e+00
1.347106650629574798e+00
1.404771531155353248e+00
1.344269453900490685e+00
-1.729510305221039435e+00
-5.648672502824142461e-01
8.378537131002271321e-02
4.462255686121210929e-01
6.258840679626119785e-01
1.111035233254388910e+00
1.347181207036957984e+00
1.421657077408978287e+00
1.340952492101370463e+00
-1.441096229377128113e+00
-5.607956838486539697e-01
3.629065179191585944e-02
2.613690275810912622e-01
5.316512906171015906e-01
9.169215490043937100e-01
1.117551023306428526e+00
1.316899251246184566e+00
1.110135255111603492e+00
-1.695774164997561062e+00
-4.353819212890319701e-01
1.865384046934844553e-01
5.304378703736185585e-01
7.721171288939823185e-01
1.143964173933612827e+00
1.355852474836135801e+00
1.404450760527772291e+00
1.343722714268938967e+00
-2.327282188893839088e+00
-9.321624352720720985e-01
-2.664636553090646287e-01
1.105084087899918938e-01
3.459044658188106802e-01
5.848833566022260122e-01
7.502451009061282816e-01
1.079935720507962271e+00
1.186096802556947827e+00
-1.461469719526611755e+00
-3.873829089284296368e-01
1.914201245266068663e-01
5.452758141695914773e-01
7.770980046739207614e-01
9.463197352846152155e-01
1.239866392053742716e+00
1.336572820062892131e+00
1.333040138288676069e+00
-1.348358147861961953e+00
-2.684010677556187274e-01
2.955047381171775900e-01
6.138458277075662384e-01
8.681874457372539267e-01
8.828419127002955502e-01
8.098446526123361799e-01
9.286106429295150066e-01
9.170457308338314517e-01
-1.329320641344292842e+00
-4.521635664639309660e-01
1.414964852668812445e-01
3.562320549054753260e-01
6.204333864651073727e-01
1.003296023771544032e+00
1.325383497299990276e+00
1.398636641138341297e+00
1.353540243855906544e+00
-1.807753598957534846e+00
-8.259758865600526079e-01
-1.742920206472353406e-01
1.011438559513234831e-01
4.061916062139685479e-01
8.397230735422719361e-01
1.041820422487537812e+00
1.236362149500398244e+00
9.171698550846323350e-01
-1.985424679507315604e+00
-9.373558105232147053e-01
-2.896708625597580467e-01
8.442859214910631432e-03
3.319815802010427364e-01
7.675393448478270431e-01
8.036430572920726378e-01
1.104169398038500560e+00
8.343876266136305286e-01
-1.552914695643833554e+00
-5.312058062768163502e-01
8.658025726553301993e-02
4.370624923319457733e-01
6.226935107156901239e-01
1.111712809350807296e+00
1.357971699382032549e+00
1.452975765929599428e+00
1.346401767299947094e+00
-2.186602191527739603e+00
-8.156387977456983629e-01
-1.682949151069883520e-01
2.054243975940159284e-01
4.570583902376438856e-01
6.358450174388752263e-01
5.686043629446536629e-01
7.153596530116131946e-01
7.551937608016803249e-01
-9.100800372263386784e-01
-1.834850923103541753e-01
3.671785110329328639e-01
5.361597048502546592e-01
7.856625997665966921e-01
1.121366873622629656e+00
1.375930609168737995e+00
1.416119388592037343e+00
1.343762144422864679e+00
-2.210425144526915631e+00
-7.784960438173265107e-01
-1.027860814481211804e-01
2.875510765002269875e-01
4.540178159471613406e-01
8.447753786961199607e-01
6.718963066324168398e-01
8.794641668870352147e-01
7.931259008886986095e-01
-2.321159691550226167e+00
-9.998272685595834819e-01
-3.459318037738488560e-01
1.059519539802822666e-02
2.726206100353730788e-01
7.208144017857028851e-01
5.401065706676605460e-01
8.552277350168981940e-01
7.792189215275885372e-01
-1.608372741258963012e+00
-5.408942744885372189e-01
1.908182813878779582e-02
3.877349702440581747e-01
6.295976111013635856e-01
4.627682216581308627e-01
5.270714788532590012e-01
6.580720336517252855e-01
7.262706054207269668e-01
-3.300026933168646259e+00
-1.970151161598274525e+00
-1.156352909326269884e+00
-7.396069176049073768e-01
-4.437162078502880358e-01
7.028306738912835916e-02
4.983209461266456253e-01
8.990924500253972829e-01
1.044104583116208573e+00
-3.095685047875769147e+00
-1.685330758565471987e+00
-1.159739022162743050e+00
-7.767089740973324163e-01
-3.645375105560441642e-01
-2.493403765980944375e-01
4.262309950920738499e-01
7.653209421477669139e-01
8.723624035578583236e-01
-1.954161456676172692e+00
-6.040890430870958783e-01
5.209019849442871053e-02
3.940638679386479493e-01
6.474682207585463756e-01
1.027956711427274739e+00
1.295743104343593188e+00
1.376046049117051862e+00
1.337763492247490582e+00
-1.375436394959620223e+00
-2.838566813566240632e-01
2.830938050075953449e-01
6.051257680128819816e-01
8.593709894497909563e-01
8.949553361082023262e-01
9.650171649005206964e-01
1.075547121723771538e+00
1.151171637054104080e+00
-2.073679398112436179e+00
-1.124447080160977608e+00
-3.966058523023694993e-01
-1.012815465783908075e-01
2.041131614085867629e-01
6.419979287017202330e-01
7.828215658813312272e-01
1.067649859221839526e+00
8.977820765477088072e-01
-1.699491686955932890e+00
-7.686655639197589318e-01
-1.405013948074195496e-01
1.177858152216130355e-01
4.281089029723638695e-01
8.494372964529933734e-01
1.072965124554328353e+00
1.270860097394148625e+00
1.001239849851199182e+00
-1.939623772984252481e+00
-6.080701618627035732e-01
2.012153423832250751e-02
4.041547099505782836e-01
5.696972168600918929e-01
9.538649558409127982e-01
7.338029488199482309e-01
1.082409969965654417e+00
9.942242894098921591e-01
-2.090649261846517781e+00
-6.408231142697894400e-01
2.157109713368170201e-02
2.432785393737184609e-01
4.605436751579141119e-01
9.340518528553931610e-01
1.273602236246989650e+00
1.362920754588467620e+00
1.343702759390102752e+00
-1.563673062006127878e+00
-4.282134144615192262e-01
1.406675254272168329e-01
4.755353702576034514e-01
7.337241764759039331e-01
6.938625014730722684e-01
5.666244050297671864e-01
8.139906410912848278e-01
8.146797889301482520e-01
-1.390501713412517049e+00
-3.343185959003369123e-01
2.175462984924402265e-01
5.694789953114545167e-01
7.958343863422785436e-01
6.804588178632995366e-01
5.721332297001393563e-01
7.714310796687476879e-01
7.574766441192104516e-01
-2.002306634740743441e+00
-6.753261053724831653e-01
-5.844359383275945369e-02
3.020600142152223277e-01
5.479643493071850724e-01
7.346054021071363183e-01
5.968688609557322167e-01
8.707472560400166817e-01
8.805150190469375193e-01
-1.520923664856249857e+00
-4.265774380345871419e-01
1.332171489243796636e-01
4.894455989180225841e-01
7.247880099497856499e-01
5.999764205332519529e-01
5.926804618735549424e-01
7.029691485547693297e-01
7.365274279118700917e-01
-2.107076169225228224e+00
-7.779544700246798783e-01
-1.803444854475643455e-01
1.420553078812526182e-01
3.911025433149866171e-01
8.445890241240571195e-01
8.540864694730950779e-01
1.218268384992222675e+00
1.110211525767877516e+00
-2.699311485713273395e+00
-1.521622767191772363e+00
-1.087821459730605289e+00
-7.054537682632411322e-01
-2.747954984257131028e-01
-3.632054997971713162e-01
2.983785953415940551e-01
5.845389650107712942e-01
7.234629177012155132e-01
-1.208481761266867904e+00
-5.766183332573320275e-01
-2.312790591112139083e-02
2.268636656430527698e-01
4.782556634737986090e-01
9.410354514252450286e-01
1.285306158916120989e+00
1.365909322550135974e+00
1.339756053868551566e+00
-1.312403191194035479e+00
-4.295509652348907803e-01
1.511640202991338389e-01
3.657035738557264382e-01
6.404610494836974199e-01
1.028644318934802904e+00
1.318047122611233579e+00
1.418189093406770462e+00
1.353125833791108956e+00
-2.527964310276631821e+00
-1.308572818331958265e+00
-5.790702158709745140e-01
-2.605850498680370997e-01
5.925657994878769097e-02
5.003741004603111664e-01
6.299525075878749103e-01
1.017379145819072850e+00
1.078165516695376525e+00
-1.642248392519681133e+00
-5.737420949634789435e-01
-4.492386436549591910e-02
3.526519291346353335e-01
5.773815260302961327e-01
3.247089951433834720e-01
4.379891535217159682e-01
6.816339119869401220e-01
7.399052782369400783e-01
-2.247891720290947415e+00
-6.613016158430957692e-01
2.965230156242500137e-02
2.633703824236515723e-01
5.171904413979920845e-01
9.686360160964220256e-01
1.292322496798579801e+00
1.369208479356069263e+00
1.343275263597158764e+00
-1.539260594967799323e+00
-3.626320967825998332e-01
2.479753776195335602e-01
5.661374307244844140e-01
8.261198733367470792e-01
1.145882264568642173e+00
1.328812907761276474e+00
1.399478738574190695e+00
1.338599169323916538e+00
-1.902277895753904824e+00
-8.305124965008141569e-01
-3.296394223657437283e-01
8.738374975982940440e-02
3.446377835746565754e-01
5.571565158498283793e-02
3.582904521169445466e-01
6.096454389782287597e-01
7.117957467330111587e-01
-1.857776499200594067e+00
-5.928077225594917676e-01
3.778031736237644211e-02
3.961211501864169149e-01
6.360411482312120501e-01
8.710770724246674757e-01
7.166781599061361474e-01
8.816756761136705922e-01
7.993260735251678240e-01
-3.171714927141045859e+00
-1.973877969270122490e+00
-1.568908558033414113e+00
-1.213168988435984641e+00
-7.077041542919689787e-01
-4.876682843911471221e-01
3.014536256559896543e-01
6.018375998038222319e-01
7.421905266751923635e-01
-2.875684451437227285e+00
-1.451029488504466336e+00
-7.183323567242225760e-01
-3.073951188131096024e-01
-7.818789476513790526e-02
2.833131360285167100e-01
2.970764013622056998e-01
5.886030498879060158e-01
7.435305385659382038e-01
-1.340787661589464497e+00
-5.176464022523447062e-01
6.548781351013079066e-02
2.847951710250119506e-01
5.665842929816565787e-01
9.558382308747742639e-01
1.167647927226700633e+00
1.333760282578853484e+00
1.050785151085808611e+00
-1.855854701407864571e+00
-5.511203228411855060e-01
6.735871472758564460e-02
4.416374463728376942e-01
6.349939334333978280e-01
9.761702429924247193e-01
7.399301768375509125e-01
1.087562238314316199e+00
9.938198124446694370e-01
-2.656544778639931437e+00
-1.466571867663866380e+00
-1.017094718272557596e+00
-6.384248328674518858e-01
-2.136393127142167114e-01
-1.207074808145130324e-01
5.406881171393568275e-01
9.210717634637586304e-01
1.042981336169961359e+00
-1.610020754379054120e+00
-6.808581350163862567e-01
-1.143198882043528902e-01
7.442107751421137007e-02
3.126800300886701800e-01
8.161644298746979498e-01
1.199547583499575687e+00
1.334556698367443506e+00
1.335928453059331611e+00
