-3.271740225895053644e+00
-2.265016737159994520e+00
-1.486083602217756816e+00
-1.151545453028157917e+00
-8.770981742180398166e-01
-4.211845617244326934e-01
-6.146346054049027785e-01
-2.890439754972241593e-01
-6.490508932985382673e-01
-2.131141986920136233e+00
-1.260139167943583827e+00
-6.084451880800236800e-01
-4.145439562977869530e-01
-1.693016975778054711e-01
1.957625138294070977e-01
1.134768223752110200e-01
3.917090019984444393e-01
-2.538055832978273196e-01
-8.727832109106684055e-02
5.464433538458653983e-01
8.092169304669424301e-01
9.985306942005025554e-01
1.006714779379148883e+00
1.051154765161711913e+00
8.259562424508601897e-01
6.350433542730068437e-01
1.768779843791783851e-02
-3.385821726162151268e+00
-2.302789646255662959e+00
-1.501115831898061304e+00
-1.108329853943256227e+00
-8.128335857321369318e-01
-3.386855253248108322e-01
-9.366659803469246093e-01
-5.833764784502426526e-01
-9.841261888898149568e-01
-2.503408924252334078e+00
-1.590353431340062906e+00
-8.778366003421388397e-01
-6.092448772562136794e-01
-3.191252436003011450e-01
1.323876450355076784e-01
2.128944551010372999e-01
4.223534192528716202e-01
-3.401018844350654491e-01
-3.794889174542527277e-01
3.364360957490187265e-01
7.258798660329008889e-01
8.972754297027667469e-01
9.448326804560513992e-01
1.127850494382474755e+00
9.360785812914182991e-01
6.368167030256548511e-01
8.681686152819480251e-02
-2.741544023789027840e+00
-1.828151833761888723e+00
-1.127617316508525480e+00
-8.137418858347481576e-01
-5.400544954549802990e-01
-7.746393852851968242e-02
3.212544922938587177e-01
4.635768592626527962e-01
3.827075014805559894e-01
-1.858901731250762968e+00
-1.057555580678777085e+00
-4.493100560041831670e-01
-2.650423522984654001e-01
-3.544427434019535583e-02
3.103136638021413152e-01
4.577826004680618510e-01
5.887761526993479100e-01
3.994190392297620740e-01
-6.277360149548373569e-02
5.629409051667813024e-01
8.124026710672587193e-01
1.002507832394974097e+00
1.017229988192015266e+00
1.046620009010702512e+00
9.054175345636081840e-01
7.857225790681692246e-01
5.113160291443076266e-01
-3.558424856700640238e+00
-2.368566151987694823e+00
-1.561077852737519311e+00
-1.200505212070563488e+00
-8.833302702642034099e-01
-3.564662453688551835e-01
-2.808386240883619100e-01
-1.074599116673621152e-01
-3.325345005242156399e-02
-2.546550259532355032e+00
-1.656786720955322201e+00
-9.544651816216078721e-01
-7.039275623813460170e-01
-3.929965929168065530e-01
8.595741854751474953e-02
2.807169120242725691e-01
4.924306525764421405e-01
9.226621043830825208e-02
-4.133247431847813513e-01
2.807872273607337488e-01
6.464680849695988440e-01
8.085127446252461381e-01
8.486144464549024713e-01
1.087514596223629004e+00
9.928033218158279771e-01
8.655980443785781242e-01
4.625116081556519543e-01
-1.075415368274491579e+00
-3.831469535868441967e-01
1.224014819679424548e-01
2.797308014828060463e-01
4.430132446840153726e-01
7.366626103824591709e-01
9.592950903851521494e-01
9.263315468887104442e-01
8.260710182029030735e-01
-9.134589944573037190e-01
-2.494477253669052375e-01
2.276348343725121959e-01
3.748769754592072290e-01
5.309050872526781539e-01
7.897568441381801474e-01
9.713136866833658178e-01
9.430980577444163515e-01
8.286570508604703678e-01
-6.472518142834783085e-03
6.068197582305883131e-01
8.501016626877224702e-01
1.040275530453013797e+00
1.070274599777531588e+00
1.118995435982966802e+00
1.090315344235487149e+00
9.998554937527659447e-01
8.455764972348145392e-01
-3.537263431659215751e+00
-2.363020140237816147e+00
-1.537864595183389804e+00
-1.080614755527891990e+00
-7.421503161931310988e-01
-9.290554522606330953e-03
5.258172633503058746e-01
8.389769639119810662e-01
1.050784222743789353e+00
-2.626376833650816867e+00
-1.714682419324796259e+00
-9.714226724540661051e-01
-7.100927799208719415e-01
-3.822848672792294455e-01
1.911751550230788854e-01
6.113804053470774935e-01
9.223253089358890433e-01
1.058649540679347467e+00
-4.385837461792088665e-01
2.557801038190929410e-01
6.092207146582719890e-01
7.821229015604743706e-01
8.215017835171103400e-01
1.027756954091686437e+00
9.924164262137555870e-01
1.107347745375904635e+00
1.112022648465073482e+00
-2.111421407977209785e+00
-9.176937209980245980e-01
-3.679928557688921797e-01
-2.520302023719486750e-02
1.435218220180403959e-01
7.222746552457797176e-01
6.956919881532809269e-01
9.498928589160908764e-01
-1.905464137080744094e-02
-2.229846250252341733e+00
-1.028387515614521908e+00
-3.984266668371652109e-01
-2.895173620083741489e-02
2.326506909439707560e-01
5.775036403692886955e-01
4.148795983047601776e-01
1.902929163820842040e-01
-6.667156115168215713e-01
-1.987416400016880136e+00
-7.575348988727292898e-01
-1.828016656991559297e-01
1.946465777321297608e-01
3.358731006042872669e-01
9.226446913514889658e-01
9.251137494996073407e-01
1.075385217220328871e+00
1.127101466679475972e-01
-5.026475306508384477e-01
1.898557775903647327e-01
6.216628228679821344e-01
7.837150511067232372e-01
8.463942071218186758e-01
1.055894872756804270e+00
8.582629327880713088e-01
6.080699269062883605e-01
3.119971923982478579e-02
-1.637003452158849903e+00
-5.892142773880745255e-01
-7.354293333911392228e-02
2.401733831735854696e-01
3.777143886055220889e-01
9.504771701774273884e-01
8.358575978149943575e-01
1.065404559292938647e+00
9.059802461848512345e-02
-2.680442167893771543e+00
-1.379417953295976718e+00
-7.255689618874282543e-01
-3.392320954753683671e-01
-8.267650414967168959e-02
2.407019342491854563e-01
3.962647649557830137e-02
-2.816194193766971554e-01
-7.941032648507690972e-01
-2.188829264666235730e+00
-9.921310021362118592e-01
-3.728230502008801905e-01
1.220140086079205856e-02
1.627905676846456429e-01
7.265812687107228163e-01
6.196880176545205288e-01
8.240411275686556625e-01
-1.798050868078856501e-01
-2.059664913992292679e+00
-8.219308933516953353e-01
-2.162007319890452139e-01
1.488827053842883552e-01
3.708934457066327406e-01
8.439189042302389643e-01
6.958611347484084941e-01
7.927815267677907896e-01
-1.981729532449461595e-01
-2.119688678922839298e+00
-8.534645115491602541e-01
-2.702102003162317190e-01
1.195484244222674158e-01
2.758835965301513204e-01
8.196219256784010865e-01
7.674979199390548068e-01
9.462551402225022334e-01
-7.333345600684720855e-02
-2.523030333182906038e+00
-1.261882078797784912e+00
-6.295169177645376646e-01
-2.627442187884097557e-01
-5.396358821846634901e-02
4.742729567698025783e-01
1.933258158047250208e-01
4.579535514011672803e-01
-4.789687855013675111e-01
-2.033291530317304474e+00
-7.691898467622128033e-01
-1.876151362636926667e-01
1.900555254033332309e-01
3.760377714010467720e-01
8.957222713481920451e-01
8.478748665714243016e-01
1.003879892974641752e+00
-1.134633438020538239e-02
-2.267921573579760874e+00
-1.069134841485872345e+00
-4.410209305213328990e-01
-7.073275360141832724e-02
1.925051875572995064e-01
5.325887290771773586e-01
3.633615846531699223e-01
1.073299869037106363e-01
-6.414647165923040850e-01
-2.359641318504545282e+00
-1.108941461521602889e+00
-4.598367178181541615e-01
-6.740937967693876043e-02
1.375024121706394375e-01
5.849798030091130085e-01
3.298288735015605933e-01
2.757959923716136186e-01
-5.220471321457802460e-01
-1.482896857595771722e+00
-5.354558846345559564e-01
-5.563250738664025398e-03
2.408314924680325653e-01
4.452429723376791215e-01
8.986845326787493704e-01
7.006266872205040297e-01
9.189924260573785197e-01
7.145991986044006317e-02
-7.689464413966395906e-01
-7.299432848586774603e-02
4.288517429048326890e-01
5.832395744318166209e-01
7.099337694171763413e-01
9.434515501674894944e-01
7.215851261162797847e-01
5.933505377463575980e-01
-3.816392360081816149e-02
-3.288424744766589747e+00
-2.258475172713453549e+00
-1.813315398424210745e+00
-1.494796885246320262e+00
-1.092501741090736944e+00
-9.549030257662883825e-01
-8.714734023742006785e-01
-8.004064146883049791e-01
-1.151458189734546389e+00
-2.720222394082166262e-01
3.591602740465810184e-01
6.908405222496830644e-01
8.403201191014800786e-01
8.505592161802575379e-01
1.032424031726568714e+00
8.473091215414638722e-01
6.665962054679752669e-01
2.971774669953563749e-02
-2.279862650594028040e+00
-9.734749952287193864e-01
-3.575807109649937754e-01
3.233949736821614684e-02
1.808839444669002872e-01
7.394804385340797426e-01
6.285234694069503636e-01
8.267402048029983685e-01
-1.729337704756898353e-01
-3.273498063409555403e+00
-2.218328482483644670e+00
-1.451222372016257367e+00
-1.120979008598650406e+00
-8.316894537653990449e-01
-3.827230486709505830e-01
-5.618740443316312394e-01
-2.586356387477452001e-01
-9.057099588207927487e-01
-1.862613491553155587e+00
-1.045258573963697035e+00
-4.530243872276149553e-01
-2.582311912853804681e-01
2.791649711463796424e-02
4.293912198707198757e-01
4.209721180828774889e-01
6.067035481049449785e-01
-1.755929548964332010e-01
-3.361523635352210437e+00
-2.106507044612174528e+00
-1.474686041026030514e+00
-1.074639329301504853e+00
-7.946013951367759676e-01
-5.406355325141276591e-01
-8.897137792361428099e-01
-9.789892127960212465e-01
-9.578299817335264033e-01
-2.130717118308887770e+00
-9.573256871502194842e-01
-3.611823785056752500e-01
-1.502312326791363679e-02
1.588741779919622121e-01
7.136815742769977433e-01
6.979794079544284768e-01
9.037575158207789006e-01
1.582444915610128552e-02
-2.160449525806789062e+00
-9.054470158752329079e-01
-3.175176599779931386e-01
5.925091974302593850e-02
1.889012775425318313e-01
7.764746770020032329e-01
7.528621185123062221e-01
9.700043195847198874e-01
-1.078918749602377283e-02
-8.412470114884785799e-01
-1.424022903403999729e-01
3.908197466655695673e-01
5.207135751036987559e-01
6.625712779476101710e-01
8.442951771672504435e-01
4.492016899595865920e-01
5.255035116810718998e-01
-7.154130031899777475e-02
-2.313083815739117366e+00
-1.103358465228757135e+00
-4.711760487861137436e-01
-9.568540520918324133e-02
1.686888573019161841e-01
5.024983371161382273e-01
3.396719661149046887e-01
8.041614508158895225e-02
-6.739792170800325000e-01
-3.157815032829173418e+00
-2.067209357634994138e+00
-1.585034264040837026e+00
-1.251772298961101315e+00
-8.594161435525510262e-01
-7.741712849481601211e-01
-8.014658301756684144e-01
-9.064708400717347292e-01
-1.127233798348193927e+00
-3.355709118930862545e+00
-2.088791110296341902e+00
-1.504288799768375817e+00
-1.118089707052110304e+00
-7.940971703056443065e-01
-6.192565825603956187e-01
-7.090517262024440548e-01
-6.869161241945642704e-01
-1.050947068968098641e+00
-2.554658759297596227e+00
-1.250822968727568263e+00
-5.819995966128327369e-01
-1.888756036143835471e-01
-3.072863638873328529e-02
4.804362350652949809e-01
2.123111285702466988e-01
3.542310278235031307e-01
-5.555618328106438630e-01
-3.424304823712269297e+00
-2.171872278795689226e+00
-1.514153839569510440e+00
-1.118030726187175361e+00
-8.544521769195340122e-01
-5.717816733251380734e-01
-8.940500807206760436e-01
-8.973572275534130727e-01
-9.412753170672629732e-01
-7.088531706957468259e-01
-4.174814113413678751e-02
4.228340239388347910e-01
5.588705324863136870e-01
6.410687941554565894e-01
8.557674527061025493e-01
6.678246292489571356e-01
5.963116668659795838e-01
-7.472683733274018691e-02
-3.744515421838026104e-01
2.607409517437057067e-01
6.265211586785426334e-01
7.789184216167234220e-01
7.709495022088400651e-01
8.767464466004278867e-01
6.251750084438618682e-01
5.140264585581442169e-01
-2.114441321856978806e-02
-4.451472720200059241e-01
2.095798317897350493e-01
6.122823804965634720e-01
7.536878334277103964e-01
8.007558080545778001e-01
1.019307097066995738e+00
8.350253361309805111e-01
6.571044960283085601e-01
2.981612139273733322e-02
-1.941285853252143756e+00
-7.379193658600866623e-01
-1.836060914378612186e-01
1.757570611331514820e-01
2.986309559844768646e-01
9.205623580041975007e-01
8.894180248136932532e-01
1.102423731273835861e+00
1.211140983692842871e-01
-3.292143908181133227e+00
-2.233970637511077495e+00
-1.453385255876809667e+00
-1.128226994551839946e+00
-8.522368395261984420e-01
-3.981895639396861863e-01
-5.491911884258171561e-01
-2.134262532919867505e-01
-5.709628494320897474e-01
-3.401745704270949577e+00
-2.167420887647375061e+00
-1.607618293378407337e+00
-1.240581043000635431e+00
-9.038711676080922741e-01
-6.733440053728071417e-01
-7.138873012417847885e-01
-5.301412921446497784e-01
-6.608886326701141067e-01
-1.814779389751496330e+00
-7.621387608336076536e-01
-2.273463661274760239e-01
6.624890612885266095e-02
2.620441264950627569e-01
7.984522977831595147e-01
6.941670468945054795e-01
9.704973593623096306e-01
2.364796689105526026e-02
-2.454245737165287267e+00
-1.336995454217475787e+00
-6.940052665358924511e-01
-3.984641503390768391e-01
-1.122494708980944916e-01
3.402572522419823331e-01
3.119219569867199837e-01
5.848981308403417012e-01
-1.747471692519965425e-01
-2.360295831747306394e+00
-1.081493147977158342e+00
-4.360854342052181143e-01
-4.468694201020412260e-02
1.145538967141588316e-01
6.309407565566024223e-01
4.145678597450909164e-01
5.628897174612647047e-01
-3.308767430192176007e-01
-2.004108808241009676e+00
-8.213686332666949586e-01
-2.114034699686460073e-01
1.403602502064647817e-01
3.973876690339526174e-01
7.998146309171295654e-01
6.235949982202767528e-01
5.849412383052944309e-01
-3.398406425227389338e-01
-2.233578289482542445e+00
-9.597411386206574635e-01
-3.364645860220060736e-01
5.683751357113792091e-02
2.448353349788365829e-01
7.276674209706042173e-01
5.274797364210185302e-01
6.104068758863422373e-01
-3.108063540343387610e-01
-2.106644694154797381e+00
-8.807812578466690523e-01
-2.588886450484690904e-01
9.505638835829718913e-02
3.537556977451987716e-01
7.459899962938439932e-01
5.655788839560433878e-01
4.830463938043280669e-01
-4.089105374548078764e-01
-1.938312365760662903e+00
-7.635092271605953274e-01
-1.559263339212880461e-01
1.836871416151737157e-01
4.448016168270947368e-01
8.663550951994858362e-01
6.900136951594372237e-01
7.111450318775613955e-01
-1.931608007526009751e-01
-1.038827628872753150e+00
-2.143926117163608147e-01
2.864239066558205704e-01
4.584062140533272101e-01
6.641788292951088524e-01
9.779204576260287496e-01
6.261286453546736075e-01
7.956682567971391506e-01
5.235872735463855537e-02
-3.433747471096208592e+00
-2.188446583728974382e+00
-1.521895530163460686e+00
-1.123717870254091311e+00
-8.652292526161500241e-01
-5.313122737135175244e-01
-9.432063173913435294e-01
-9.208181342444732298e-01
-8.911347611227682375e-01
-2.395463847191547035e+00
-1.182616999098131894e+00
-5.506421485093481172e-01
-1.723763032587308508e-01
9.993628830852936684e-02
3.888069760630128990e-01
2.527612816354761205e-01
-7.504448800789653706e-02
-7.038851680816111678e-01
-1.633144188374894945e+00
-7.551727124429732374e-01
-2.118995407396100927e-01
-1.870556213871235260e-02
2.977563969718161063e-01
7.058139149067571561e-01
6.553204994761050450e-01
8.488765739177532854e-01
2.076369490943575855e-02
-2.293820153429945385e+00
-1.084578838798632372e+00
-4.463829273116782237e-01
-7.263236031364454781e-02
1.929108913204751197e-01
5.278789232448497515e-01
3.455430108274096246e-01
6.116431629815815424e-02
-5.528468047576909905e-01
-3.309467949153826360e+00
-2.284346489749530029e+00
-1.844932767517095673e+00
-1.526474664616090937e+00
-1.123428915401668782e+00
-9.633183467275737710e-01
-7.743579093911805433e-01
-6.542249002481166364e-01
-9.888519975183364119e-01
-1.925464164712699100e+00
-7.273288370195482022e-01
-1.259101543328388362e-01
2.158308343667188489e-01
4.693480479318787313e-01
9.001578488051760196e-01
7.581138561230069683e-01
8.205538212697379707e-01
-1.127826140266665611e-01
-3.300301033544894125e+00
-2.033196980892533645e+00
-1.357060827694346106e+00
-9.435156149294483541e-01
-6.864952532513869388e-01
-3.477284139478930003e-01
-6.145180482896609453e-01
-4.296527358013023656e-01
-5.767780602671409573e-01
-2.355507194061393861e+00
-1.170886552036637829e+00
-5.430773984353348682e-01
-1.694157116633272508e-01
1.050760059312846467e-01
3.943719626355482455e-01
2.503666470782304754e-01
-1.039563481537048445e-01
-6.352915870436358636e-01
-2.154251645194394271e+00
-1.057940821956370847e+00
-4.673025988719382018e-01
-1.585055101495861096e-01
7.906224652380758333e-02
5.789968644758631822e-01
5.619399785995636831e-01
7.985405189441089346e-01
-3.408304430561456301e-03
-3.611323399235326082e-01
2.754179515255593125e-01
6.249341439608798732e-01
7.710534168925446963e-01
7.879266807524707428e-01
9.678477563895002689e-01
7.896218227136126977e-01
6.683523110764468811e-01
4.528838637572857317e-02
-1.470970431471078088e+00
-7.290692808149406012e-01
-1.721969499617685140e-01
-3.621984186579291221e-02
1.948537487636388676e-01
4.666708874485991920e-01
3.310612946600640094e-01
5.192107394513418850e-01
-2.276030428797473637e-01
-3.354598332970771146e+00
-2.211844264068674626e+00
-1.491095026939928125e+00
-1.126560640992461115e+00
-8.200768999793582870e-01
-3.939615704243312200e-01
-6.939510292893261711e-01
-5.541199968655999841e-01
-8.645409662063872069e-01
-2.563940408306536689e+00
-1.384228532421234670e+00
-7.819507229746671673e-01
-4.514437398625254505e-01
-1.940992137034472098e-01
2.846172830668038389e-01
5.861592526652309454e-02
4.332446519996275835e-01
-4.706935212443301153e-01
-3.448971600522865000e+00
-2.205817859145141391e+00
-1.676670584367490502e+00
-1.336251324282417663e+00
-9.732527154528417546e-01
-8.483526153471954157e-01
-9.727577198630950051e-01
-1.018979395880616812e+00
-9.067933202813964755e-01
-2.610966831844281355e+00
-1.400244366147292530e+00
-7.775653413744608722e-01
-4.322463786703380495e-01
-1.552621207864042785e-01
3.391214546291796417e-01
3.572549136936210151e-02
3.623476880928586663e-01
-4.851112923033880087e-01
-2.510700501335340284e+00
-1.216389501123349204e+00
-5.499511013712556906e-01
-1.523685873009616720e-01
1.556479360639800684e-02
5.124731871213550338e-01
2.164278737158226162e-01
3.029604874827006022e-01
-4.048490011313735648e-01
-3.170193707975788477e+00
-2.096104860438797068e+00
-1.614458687760749411e+00
-1.283536801197317834e+00
-8.961167614052493180e-01
-7.552138723707199075e-01
-6.620528704763852801e-01
-5.087996613964305137e-01
-6.170697715561583863e-01
-9.633701914555680146e-01
-2.907961522278809108e-01
2.343994201744080130e-01
3.621188995529922017e-01
4.608666545432488215e-01
6.354534992951649253e-01
3.077358325746561429e-01
3.997556748825604744e-01
-7.791233681781799258e-02
-6.346542286067449190e-01
8.376800986507866587e-02
5.686133756196438682e-01
6.667456834842807600e-01
8.254521687052311929e-01
1.010949153044598425e+00
6.350356467717710451e-01
7.126374537074249282e-01
1.943960635346084209e-02
-2.500604972740105403e+00
-1.184326270737981135e+00
-5.229087765245177266e-01
-1.279698823424416931e-01
4.347715908775098143e-02
5.424906320903767343e-01
2.642754812563881672e-01
3.310467632702407403e-01
-4.726431639023192521e-01
-2.510925794188909599e+00
-1.303167971617927412e+00
-6.732069831454422504e-01
-2.868176678790057554e-01
-2.224967346169468094e-03
2.499592960859922941e-01
1.324451560913725845e-01
-1.904393338571308270e-01
-7.122151008511526937e-01
-7.584324368126204030e-01
-9.242856034673174737e-02
3.760234285938269250e-01
5.104727615966968557e-01
5.993007832670955715e-01
8.245028440965229688e-01
6.558611095870754415e-01
5.991621969668328163e-01
-4.889425279583411998e-02
-1.967919885065314123e+00
-8.158303342348900422e-01
-2.311034666762351586e-01
1.290494632770217975e-01
2.684763336577076775e-01
8.561632224123368884e-01
8.444149807243935824e-01
1.023392972497304321e+00
1.487191442636384975e-01
-3.190467686429760086e+00
-2.145395254328157364e+00
-1.681318586023789363e+00
-1.363592215370249550e+00
-9.582386630072505795e-01
-9.013336753725156303e-01
-9.267092667442559106e-01
-1.039226625845790952e+00
-8.878357505165229702e-01
-3.367840589704798937e+00
-2.239458136028421364e+00
-1.481555362343172533e+00
-1.140426346999617868e+00
-8.418920450500974040e-01
-3.884711403394660034e-01
-5.505355909040884343e-01
-3.095383873629914961e-01
-7.972868887304550567e-01
-1.962850430104734478e+00
-7.949882578225788698e-01
-1.873619759645847593e-01
1.601079019462379183e-01
4.140297710552936494e-01
8.355630548316381745e-01
6.567995063956931778e-01
6.767464120948512019e-01
-2.014466142807521953e-01
-1.938433394740129989e+00
-7.598045769846466513e-01
-1.501315197925888190e-01
1.985551070377883365e-01
4.540328344717291520e-01
8.772289765003853379e-01
6.930398791528992186e-01
7.116468155082648073e-01
-1.624646438719452857e-01
-4.198967255945204591e-01
2.237867304030318749e-01
6.333217085130575796e-01
7.787423584415283928e-01
7.911536170841494409e-01
9.057629750730219476e-01
6.284683538525407398e-01
5.446609686065524425e-01
4.565303609239952654e-02
-1.911810899406372055e+00
-7.282601067131649897e-01
-1.302675421973742143e-01
2.104945059067128421e-01
4.690261392145114172e-01
8.944773675627363252e-01
7.387364919101857552e-01
7.975289792855337900e-01
-1.093816007698616005e-01
-3.322717472645804193e+00
-2.153465805156562496e+00
-1.407283042016670427e+00
-1.014345953150287638e+00
-7.355904489875523256e-01
-2.948496551115569186e-01
-5.891684398291392455e-01
-3.149917301720044915e-01
-4.471589761346616565e-01
-2.007821145920717143e+00
-8.072931711964299595e-01
-2.342230697004968887e-01
1.387083960820267581e-01
2.754459474901070903e-01
8.903048000288380504e-01
8.955681707506960576e-01
1.089068019588554703e+00
1.616820993151944774e-01
-2.162408920506218024e+00
-9.763160949376857856e-01
-3.462123087790861531e-01
2.321372451601090570e-02
2.821159049481658521e-01
6.530267572970923640e-01
4.533041100755335062e-01
2.673012048747377967e-01
-4.179613378268094981e-01
-3.485482589441217804e+00
-2.207491890184232197e+00
-1.611904471930646565e+00
-1.229184985763122073e+00
-9.222936125997476253e-01
-7.195243394310127938e-01
-6.401741055779209821e-01
-5.414021575622645077e-01
-8.476841930104258571e-01
-3.591689604485642229e-01
2.706691425221037228e-01
6.245655141257574483e-01
7.699320025256140010e-01
7.612777067726542723e-01
8.737662005208622906e-01
6.387855068480805532e-01
5.735195631511409431e-01
6.942849633453117286e-02
-2.115677236040132692e-01
4.104669388457107271e-01
7.047748651136827025e-01
8.635389542363886006e-01
8.516720685142401548e-01
9.436411815804660597e-01
7.325256068794914199e-01
6.548602307319641991e-01
9.170058784781706662e-02
-3.278170553866170511e+00
-2.025395288519137971e+00
-1.330375210329954205e+00
-9.204689247561821386e-01
-6.750895322828883716e-01
-2.821007215728298934e-01
-5.573718305102297599e-01
-3.488562695145686066e-01
-5.383453188181197557e-01
-2.100997887975161404e+00
-7.949576982901410682e-01
-2.244053147852305419e-01
1.617956494190979089e-01
3.140966491730399768e-01
8.878878658174641503e-01
8.528557523896219683e-01
1.046697080325204476e+00
9.045708300024862814e-02
-2.983411577309852403e-01
3.473918467208514382e-01
7.080334449101521876e-01
8.512695067158242423e-01
8.812159226380746890e-01
1.077321730413010048e+00
8.948609531669198258e-01
7.389013588912192176e-01
1.469387834005793092e-01
-2.117328913851179717e+00
-9.147235875451609211e-01
-2.949243031871274789e-01
6.933838507377736160e-02
3.224972222695203228e-01
7.164486479561451571e-01
5.116042874379610472e-01
3.892924141831871077e-01
-3.460288035599888845e-01
-3.172411362808789548e+00
-2.149674350523167909e+00
-1.397785788780690819e+00
-1.073037136784494416e+00
-7.844682135066871620e-01
-3.370017153534465848e-01
-4.389780665730228515e-01
-1.246378324143207345e-01
-6.523403132132804538e-01
-6.660484016509384819e-01
-2.247708791648654614e-02
4.358466106980115051e-01
5.704311854645116586e-01
6.013011307809214001e-01
7.403087336018139286e-01
4.572168912127987372e-01
4.621892117321752536e-01
1.143456499878561794e-02
-2.009959771433834863e+00
-7.706468199984847223e-01
-1.849756843599398848e-01
1.961582970874881371e-01
3.429913925071129688e-01
9.204012407443998844e-01
9.242951876953396928e-01
1.072594153080147272e+00
1.657338724192929935e-01
-2.033716208853153962e+00
-8.144161974445673913e-01
-2.022542824948085349e-01
1.592478145483002261e-01
4.001880684896222395e-01
8.360197762590497739e-01
6.520056349619206548e-01
6.774822296515750075e-01
-1.751170824686180127e-01
-3.320432744168401396e+00
-2.077328232599142677e+00
-1.431891585069058115e+00
-1.020300965122560521e+00
-7.429712214345002286e-01
-4.470540784741852125e-01
-5.676567868458876065e-01
-3.633248299264025261e-01
-4.720800825161056147e-01
-2.378715742216385376e+00
-1.073219735109820716e+00
-4.469066267912523704e-01
-6.088919671950069473e-02
7.674206269664983482e-02
6.173005329327676538e-01
4.623536660888818428e-01
7.011459569042324258e-01
-2.300278452760014247e-01
-2.286113314186526413e+00
-1.069793262943689705e+00
-4.615176580773263648e-01
-1.013982362005057258e-01
7.939126340930018066e-02
6.374444251722853894e-01
5.722737547324502350e-01
8.195047113645033132e-01
-7.517125030119596596e-02
-1.545538606303225038e-01
4.798910169242138202e-01
7.910389104957115114e-01
9.663586083385663494e-01
9.682863966319114057e-01
1.033514339039659502e+00
8.006614832312924923e-01
6.283285521538074514e-01
1.512893541597818414e-01
-3.316819312624573524e+00
-2.269140500982649300e+00
-1.486649992060038894e+00
-1.108135301340831047e+00
-7.976257754809076284e-01
-3.168629974815822536e-01
-7.582100651018592874e-01
-4.722180877712473523e-01
-6.938762855539618579e-01
-1.974286175499624152e+00
-7.749833570534127025e-01
-1.622650804717428452e-01
1.876664893114850519e-01
4.399803958043984053e-01
8.645848168338945428e-01
6.788717650915888635e-01
6.918653287231453231e-01
-1.472758793099853414e-01
-1.404192822419318309e+00
-6.491914732051462522e-01
-1.147824246980698598e-01
3.663732243641540376e-02
2.700112975060878218e-01
6.049508426416766449e-01
4.984681181054048116e-01
6.151473092817201227e-01
-7.132933204545185979e-02
-2.196889372297678555e+00
-1.052383940620918112e+00
-4.464627337389889816e-01
-9.046221470796782238e-02
8.727210429260766344e-02
6.286218654204110967e-01
5.992791332836787666e-01
8.176858583781758671e-01
3.616817643954699235e-02
-1.879785780016904662e+00
-7.279848506238202344e-01
-1.943896410365652527e-01
1.507247249225059926e-01
2.958228482377595614e-01
9.090778636795623369e-01
8.736847716851130485e-01
1.106775165297325891e+00
2.095582408875904523e-01
-2.215374929096456391e+00
-1.015261045571681287e+00
-3.888678186436459461e-01
-2.551311669989448846e-02
2.383169528538663373e-01
5.874829176733353808e-01
4.077305155518218260e-01
2.095505294828740872e-01
-4.077728599929665299e-01
-1.933747454144636002e+00
-7.646993523573087925e-01
-1.567624448132643455e-01
1.800208160610363151e-01
4.392499404976507038e-01
8.622157952187864405e-01
6.852312493671174343e-01
7.289995123010415412e-01
-1.109886007383022177e-01
-2.400368518496740045e+00
-1.178507669317658380e+00
-5.439094732635560980e-01
-1.650969979724458137e-01
1.102376480615360477e-01
4.066501698456105318e-01
2.502856252980027452e-01
-5.644925948471882921e-02
-3.956799339615000854e-01
-3.189712981120892188e+00
-1.877434895092346512e+00
-1.227081645682485123e+00
-8.174438646711174039e-01
-5.379069479896360084e-01
-2.557913897194820096e-01
-4.243738152698172672e-01
-2.732295427388316544e-01
-3.460854001480901943e-01
-1.453568219873751621e+00
-6.860449598433651097e-01
-1.427230160661712710e-01
-8.244281674915011904e-03
2.247745720930937885e-01
4.923508993722337523e-01
3.628304905168708849e-01
5.577099773401446026e-01
-1.294469681864295341e-01
-2.070610483981552896e+00
-8.803127295568301536e-01
-2.632918405275530560e-01
9.226960102876749503e-02
3.455603367175297258e-01
7.496761300038966569e-01
5.530585937749267211e-01
5.199154092640195790e-01
-2.468726560758290611e-01
-7.857209099351740722e-01
-9.141296119728650749e-02
3.921788178981065465e-01
5.397822270879945039e-01
6.640421200587944828e-01
9.175157290675122201e-01
7.553065872373875278e-01
6.518743354105094312e-01
8.256886556343127903e-02
-1.330398543352117935e+00
-4.296453036296442041e-01
5.687303080782366016e-02
2.678431011954692798e-01
5.180900461274955404e-01
9.567430813534163470e-01
8.602096586475533879e-01
1.028276720371948505e+00
2.382677995714797825e-01
-2.129692248664836640e+00
-9.287917523896720429e-01
-3.058475312645727029e-01
5.475895270956412930e-02
3.138376622678441530e-01
6.920477987729968250e-01
5.046514856393273796e-01
3.648424743296608819e-01
-3.164366088415653810e-01
-8.278421200484379350e-01
-1.071869831928823624e-01
3.840435241321786264e-01
5.024983371161382273e-01
7.318461108676516114e-01
1.005595023121047760e+00
8.340991762988414493e-01
8.229287024600732137e-01
1.722145734532939121e-01
-1.927722707197133900e+00
-7.459590397717251742e-01
-1.390091215614677467e-01
2.024712944652463653e-01
4.598891417266005033e-01
8.787625939559897681e-01
7.202101603330587354e-01
7.652347743046693518e-01
-8.371568917213703664e-02
-5.347257634524684722e-01
1.553951468544917391e-01
5.787793618532921514e-01
7.320133166037431360e-01
8.025101196579742524e-01
1.040210204382727044e+00
8.921282197479071252e-01
7.068342095849120543e-01
1.841792250054586633e-01
-1.010573557945486867e+00
-3.136075058186884035e-01
1.981151835665793948e-01
3.121135698580772000e-01
4.944147273975217360e-01
7.038678049380130419e-01
4.853383784943323676e-01
6.118026270486180973e-01
-1.172361576706347150e-02
-2.348700504269691514e-01
3.894949540634300433e-01
7.223819372476379952e-01
8.694590064355988135e-01
8.826309305641188985e-01
1.040523334400450306e+00
8.477014951531626208e-01
7.888361238520568142e-01
2.186458128699975689e-01
-2.370478279364869767e+00
-1.095711064521508460e+00
-4.612635217113301711e-01
-7.172062417462835016e-02
7.778292630988424550e-02
5.993224317228951215e-01
3.920733421792977902e-01
6.038244309127177578e-01
-2.320075314035824066e-01
-2.085169911932095665e+00
-8.839994380214158953e-01
-3.064351424225587595e-01
6.460461880564435933e-02
2.069383514645774802e-01
8.064499564591857128e-01
7.986671511356804309e-01
1.024794502159489085e+00
1.549218924663350316e-01
-1.140057228870982708e+00
-4.093751404857893239e-01
1.186920777892980366e-01
2.557602046147977037e-01
4.679607401747624129e-01
7.589680354345681446e-01
6.219505102984052014e-01
6.643137261265676941e-01
4.064718348442775825e-02
-2.144378217350302762e+00
-9.731900689384206382e-01
-3.456673034503128794e-01
1.266175608887835057e-02
2.739848840871830227e-01
6.375228002155903795e-01
4.479555105564110851e-01
3.148143043002265551e-01
-2.938721260229338328e-01
-1.992009747552858867e+00
-8.210912166282686719e-01
-2.025289020659152284e-01
1.499774451381327978e-01
4.094906642821056209e-01
8.127202971621660943e-01
6.174576932321337308e-01
5.674171100103220233e-01
-1.402509400572989340e-01
-1.867154811375396850e+00
-7.055170259914422815e-01
-1.409075707517316867e-01
2.071793573435595781e-01
3.431356197777272743e-01
9.385354358599470315e-01
9.092276927858490287e-01
1.079479290370014999e+00
2.773035148214074153e-01
-2.107934861438387930e+00
-8.166054313695257916e-01
-2.463586579818410893e-01
1.396831453951614399e-01
2.794625951138183240e-01
8.671826250352062671e-01
8.318206843213421520e-01
1.053777452833070116e+00
1.673361775754706460e-01
-1.304848713174528330e+00
-5.693502819421574213e-01
-3.913886905823306395e-02
1.056921753481301490e-01
3.367903090115227371e-01
6.596331689260966913e-01
5.532246767318147462e-01
6.546253179190399951e-01
1.261487250389542632e-02
-2.072969018136013197e+00
-8.727203033906112406e-01
-3.134047559609151601e-01
3.496083198592898900e-02
2.051654273058289568e-01
7.980617842751908109e-01
8.011799112651809551e-01
1.033994004429022784e+00
1.974308498112769539e-01
-2.085890466699331203e+00
-8.860431554265587595e-01
-2.649945474839108805e-01
9.114639852007663801e-02
3.483390848360897185e-01
7.371741089180402495e-01
5.572832553578577208e-01
4.992940044218888707e-01
-2.326263884679131144e-01
-6.386525776244745822e-01
3.462415903472633449e-02
5.374445812461030592e-01
6.694893603725050601e-01
7.559179219382110571e-01
9.045077975699455930e-01
5.753250062544572607e-01
5.744435681556624429e-01
1.807518346816759380e-01
-2.443961125479333418e+00
-1.136306590282751383e+00
-5.218689030076284485e-01
-1.534391383584051416e-01
2.699511399844057094e-02
5.722595687095355377e-01
4.402317363403513983e-01
7.160212640503588188e-01
-7.939197169459390191e-02
-1.464504270202920122e-01
4.831971980379690668e-01
7.607729105947111936e-01
9.416878028102318998e-01
9.443725254516807111e-01
9.958370586611918762e-01
7.982089926588014084e-01
6.570722173558333212e-01
2.580994465229150547e-01
-2.010897448134738141e+00
-8.216729702953176062e-01
-2.140360047138053501e-01
1.310977589732363335e-01
3.874570358798606895e-01
7.947777258049036897e-01
5.961104781625732318e-01
6.100747110791000516e-01
-9.992936297038149118e-02
-2.121039608294180923e+00
-9.275002713243535313e-01
-3.110587259098537838e-01
5.763818908547969910e-02
2.837835343428151691e-01
7.230595559706376463e-01
5.055050049840662529e-01
5.728123381423839700e-01
-1.169316609680667168e-01
-2.206502600456284657e+00
-9.205793522702723219e-01
-3.050381497451465918e-01
8.799840299878380900e-02
2.600477108668101667e-01
7.728342788485881298e-01
6.433427164639536899e-01
7.895705921425280049e-01
1.051865526795787154e-01
-1.974696527688940773e+00
-7.660405402331535996e-01
-1.586795943387495911e-01
1.872960766993199688e-01
4.409507924615823637e-01
8.630490513031916500e-01
7.031402210497377236e-01
7.659423873938492333e-01
-3.591061083250539376e-04
-1.908565127759755065e+00
-7.241828514064601041e-01
-1.126371194527029940e-01
2.317431648302640812e-01
4.890385410101324437e-01
9.114029920517408012e-01
7.455817105497535291e-01
7.897498617284475220e-01
9.442744016525804474e-02
-1.544033316916783027e+00
-7.701428560094956133e-01
-2.196467727492890654e-01
-7.121955151636745474e-02
1.714244849015816030e-01
4.684556011334995440e-01
4.022479571677174959e-01
6.173985124393631674e-01
4.154052517246743792e-02
-2.043631770332090092e+00
-8.610416371820124315e-01
-2.476656341736269695e-01
1.023550931518141111e-01
3.602404284712011906e-01
7.521828439802167310e-01
5.319584456023536134e-01
5.521662476186519619e-01
8.423674073123020578e-03
-1.952996036575648686e+00
-7.873938676945180237e-01
-2.010347563536694915e-01
1.577770057895405142e-01
2.957110590819426177e-01
8.893869075680889136e-01
8.943971176879714768e-01
1.065043726404225843e+00
4.175716692963461485e-01
-4.822484457544009007e-01
2.115742787487280285e-01
6.113991368502506019e-01
7.625659587154456354e-01
8.179428675942501670e-01
1.054348834225251164e+00
9.482665313828791964e-01
8.296774219785681970e-01
4.062986835421821263e-01
-7.177816118541607837e-01
-3.136043114565764678e-02
4.354096174080834269e-01
5.725408024014266850e-01
6.797940830073556651e-01
9.310375043863998723e-01
8.211763174059617532e-01
7.662867893485957316e-01
3.210363352199689935e-01
-9.494789289296743373e-01
-2.169686514595623450e-01
2.656479123303988610e-01
3.891691942381807490e-01
6.365138657278928136e-01
9.061900493301709991e-01
7.963615138290308648e-01
8.860202868289500655e-01
3.870318234804742685e-01
-8.751156365190190245e-01
-2.010994402826399574e-01
3.055791470341767124e-01
4.214633932733948263e-01
5.403284479025557419e-01
7.074831091659508076e-01
5.384282459472986559e-01
6.324290720620820982e-01
4.319613114283161748e-01
-2.008420331565923700e+00
-8.361256698411473343e-01
-2.245808073015514994e-01
1.220170646778624413e-01
3.765433749109146633e-01
7.798164584524889253e-01
5.351210129387017345e-01
6.409421796457128728e-01
1.838490210425621496e-01
-2.005516085371652046e+00
-8.214619015858556361e-01
-2.034964562157496604e-01
1.517943063769560397e-01
4.086491325250287132e-01
8.225346862262105097e-01
6.655321144359872543e-01
6.797557777974256865e-01
4.475414752591942436e-01
-7.263629148203271102e-01
-8.171255317306690136e-02
3.777549500527211390e-01
5.012373069990897489e-01
5.594331437225704695e-01
7.174799003453562474e-01
6.745604991408721274e-01
7.129425429462280528e-01
5.317372703108933507e-01
-2.192134368524294885e+00
-9.459762881016855474e-01
-3.300564077828612719e-01
4.453401699985134327e-02
2.536929580574316390e-01
7.112442518088526455e-01
4.486899607404897239e-01
6.811383936276902418e-01
2.864089003328931793e-01
-1.942801934689233789e+00
-7.298542302716783947e-01
-1.326672216317193731e-01
2.053976679324034660e-01
4.633436034626133848e-01
8.879123747283310664e-01
6.333139576396020765e-01
8.631251062205556046e-01
4.154914857794407279e-01
-1.919661273747684138e+00
-7.387324057207206307e-01
-1.255306616750769544e-01
2.233911437265055921e-01
4.762505483269639517e-01
9.275497284818822186e-01
8.775053666828757093e-01
9.190390073252658887e-01
6.380994832772820535e-01
-9.585079482213944013e-01
-1.905813705318579465e-01
2.785235618797889390e-01
4.201266001743839129e-01
6.712512922710479613e-01
9.745574478757771386e-01
8.642034215415796972e-01
1.014978465715415057e+00
6.186328200554448431e-01
-5.087796213323827477e-01
1.302720928245234278e-01
5.357901108088174436e-01
6.678938851520229703e-01
7.162934389146512482e-01
8.697989667616129461e-01
7.263610006037309885e-01
8.519905078560122691e-01
6.780304246463266793e-01
-1.934250583132916201e+00
-9.003498001695316999e-01
-2.736114326954515175e-01
1.975613406998499161e-02
2.568560536072507228e-01
7.469534891324858261e-01
9.085836978969906719e-01
9.861594227939279866e-01
6.996245339911710825e-01
-1.160612146094547548e+00
-4.680534509980686098e-01
4.711779161897466234e-02
1.745096059535739541e-01
3.495385806877394641e-01
5.809084055597945051e-01
5.058897831008248858e-01
7.415735510402104991e-01
6.209817601359870487e-01
-3.380240809095937049e+00
-2.159209280159874123e+00
-1.599269133136799859e+00
-1.198073142018504011e+00
-8.276562264493861898e-01
-3.651323290237757924e-01
1.989959969073076540e-01
5.471883144140672339e-01
6.074022580352194112e-01
-2.240453313146904435e+00
-9.770583434492241537e-01
-3.102216495290331388e-01
4.390086848623735855e-02
3.069795162589527560e-01
7.402485693031367608e-01
8.426110376226243481e-01
8.438652526303940249e-01
7.307380048257940963e-01
-1.324579093918386297e-01
4.721727966855669978e-01
7.405151168631722847e-01
9.027647448558631105e-01
9.112393407399647094e-01
1.017766221309409858e+00
8.996368919903268146e-01
9.603393469582511832e-01
7.740982744771294222e-01
-2.092005575920200755e+00
-1.043900925555852455e+00
-4.844508235970875765e-01
-1.955454440551684936e-01
7.999295801468320199e-02
5.873771523493017677e-01
6.242024293674989233e-01
9.364315918917305304e-01
5.662716196439567806e-01
-3.304619005267511511e+00
-2.153993462679642423e+00
-1.468438831204459172e+00
-1.051990542636517034e+00
-7.623585037747382387e-01
-2.582981488184426522e-01
2.411468007320226592e-01
5.904073551117084984e-01
6.327184931161626835e-01
-2.121418998382408105e+00
-9.818090316575074361e-01
-3.489562375852386378e-01
1.672501126125873483e-02
2.746947710531915665e-01
6.460742712402046672e-01
5.361999118925706576e-01
6.020873347860412617e-01
5.137633571206763339e-01
-1.884882644441937316e+00
-1.075257362134465655e+00
-4.937942137386916452e-01
-3.297159184901979345e-01
-4.507042545713228071e-02
3.540476290020703187e-01
4.925318479514455561e-01
7.168104973338584873e-01
5.246404172236093233e-01
-1.454414758120531337e+00
-9.595972139744360918e-01
-3.389900281984681296e-01
-1.308773992590031854e-01
1.186889669772854400e-01
5.100647360416831200e-01
8.066923220416322149e-01
7.990241533140873820e-01
7.092779359310261711e-01
-2.047223803247923968e+00
-8.247128576636977293e-01
-2.684736214471408200e-01
8.208438746781601680e-02
2.304160894682656113e-01
8.344021702817445707e-01
7.840709042036203558e-01
1.110161963507664939e+00
6.476945804076829072e-01
-1.300703180817870619e+00
-4.159000671732013266e-01
1.282795719296455916e-01
3.407212590064799818e-01
5.586704088169676119e-01
9.715911042157371336e-01
9.713407314440177798e-01
1.037644314770212794e+00
7.429416391622170046e-01
-2.356779843010489151e-01
3.770034704700208628e-01
6.761554736984863867e-01
8.323174500781905794e-01
8.423787928077074438e-01
9.729039813614156484e-01
8.618710027308901234e-01
9.517413179749195651e-01
7.927596321808730861e-01
-2.498727727169097523e+00
-1.297117039627196267e+00
-6.813542450364244996e-01
-2.919670862083222351e-01
-1.914481639554935916e-03
2.408126890238869722e-01
2.967789593445246954e-01
4.319538409433869575e-01
4.647042309918051894e-01
-1.792646381514989340e+00
-6.541952838983784435e-01
-6.629690678565564044e-02
2.670666609689832383e-01
4.331434620347546782e-01
1.018998548123567272e+00
1.110396957607876045e+00
1.193289379990333687e+00
7.761828886414420259e-01
-4.848197991866178835e-01
1.989800336934984537e-01
6.095286785522560091e-01
7.583343924953225290e-01
8.246887902199524500e-01
1.036933317941654220e+00
9.372752931347526628e-01
9.473112325947065093e-01
7.298325019297459137e-01
-4.042965243811313947e-01
2.650384147316108829e-01
7.446260268113338299e-01
8.729935270479080023e-01
9.527773573575502031e-01
1.106835203953484781e+00
9.867588730849440326e-01
9.250268996481670891e-01
7.681741205130254713e-01
-6.928697535543792974e-01
-5.423363243521109149e-03
4.527307730004145880e-01
5.894833270168424733e-01
6.929633109020159054e-01
9.097436487385234249e-01
8.150995694738017994e-01
8.865580734285690712e-01
7.012764134838703756e-01
-3.224816422767082802e+00
-2.162314077352362585e+00
-1.687279232607977519e+00
-1.313395575982962304e+00
-9.075510154173258570e-01
-4.192398614535656765e-01
1.229255631739479826e-01
2.911046908096412977e-01
4.638159982383463498e-01
-1.929948588994632397e+00
-7.246620128556102713e-01
-1.300038800334246125e-01
2.139650691770962621e-01
4.653072462465090431e-01
9.031775167606954646e-01
7.949253736863394204e-01
9.565654337495661519e-01
6.713557285170542732e-01
-3.032486831893317802e+00
-1.917582867358766485e+00
-1.407647504432418373e+00
-1.040018481872240663e+00
-6.508669168876634048e-01
-3.680977384869947300e-01
1.391491141326931524e-01
4.031872141955832878e-01
4.914691664855955211e-01
-1.966847261219985210e+00
-7.853929392978022950e-01
-1.814830945650047489e-01
1.608291313482788643e-01
4.184656240761840951e-01
8.334741245551553490e-01
5.611736525969244216e-01
8.025837892898294301e-01
5.828492286842200665e-01
-2.109725698780237746e+00
-8.670224500009401369e-01
-2.541510980167510092e-01
-7.855658045237377818e-02
1.491814023225273012e-01
5.604004926317502910e-01
8.653216277875300788e-01
8.405184232697161528e-01
7.894646108579873589e-01
-2.550460405086998339e+00
-1.246072019876699910e+00
-5.806521682274077278e-01
-1.865953317483825535e-01
-2.916992873150285603e-02
4.898883131014443171e-01
3.224652012385981759e-01
5.965651516826031564e-01
5.781375251530699311e-01
-1.972080085832522478e+00
-7.789892379569891556e-01
-1.698509454488947024e-01
1.829790694082842617e-01
4.327350149152323633e-01
8.694895195810662392e-01
7.949585560659584438e-01
9.182392723643018062e-01
7.701863838800253603e-01
-2.663011416468668902e+00
-1.317381786501783170e+00
-6.484070757418530784e-01
-2.560723094652001541e-01
-8.835563506849028470e-02
4.248720588893414307e-01
2.887821598223089814e-01
5.419064891133767992e-01
5.754350081781282045e-01
-1.849159139340340818e+00
-9.186861240560956210e-01
-2.594941517546752729e-01
-5.752977895541687078e-03
2.537924460363480961e-01
7.123620147150186988e-01
8.918596933461633292e-01
8.981757777778263119e-01
7.644484441790193596e-01
-2.027440880355586561e+00
-7.655459308580389033e-01
-2.081638091328389673e-01
1.721109140210534127e-01
2.964689129976864623e-01
9.074328264321871451e-01
8.301715467417531968e-01
1.149099362763000176e+00
7.506942278084444142e-01
-2.098827054448807683e+00
-8.719312330242081632e-01
-2.129185418354611614e-01
1.272940663493346281e-01
3.787801298450312326e-01
8.580021851308704539e-01
9.540872598496747958e-01
9.213507634366270294e-01
8.126760220923737732e-01
-3.363123047835785862e+00
-2.171388948518057305e+00
-1.561568195031114881e+00
-1.131960826762860028e+00
-8.361000437609303892e-01
-3.361826722496998321e-01
1.682797976330902001e-01
3.642589868211629223e-01
5.627726849127726583e-01
-1.998759694479168125e+00
-7.874336220984214929e-01
-1.536028143158015002e-01
1.924203945154588646e-01
4.488473164553459238e-01
9.275133350257919185e-01
9.974243779081893857e-01
9.789912431713649887e-01
8.250167778209434033e-01
-1.691459334185370089e+00
-6.997138790416980170e-01
-1.084822997820079488e-01
1.705439239431323362e-01
3.881377034702735984e-01
8.923956784951532217e-01
1.027420858989181562e+00
1.101161512980113111e+00
7.814923287740470625e-01
-2.193286116539809427e+00
-9.644241485815733261e-01
-3.868642146024311446e-01
-3.000047839553193416e-02
1.337501350368811015e-01
7.122886224012932033e-01
6.650240211527144174e-01
1.013286495978361845e+00
6.855942459646359177e-01
-1.712215565684942931e+00
-6.913719337980323010e-01
-1.808740999197336885e-01
1.211418741333099569e-01
3.077789463994406449e-01
8.707218648667804928e-01
8.198593849647757281e-01
1.131600793072000899e+00
7.540580277107837848e-01
-2.233480834454405706e+00
-1.041526432405657010e+00
-4.176645748593401652e-01
-4.816281645383220511e-02
2.089847550756682160e-01
5.587470147769454387e-01
3.703693062758960375e-01
5.311755240924573851e-01
5.670421681316727414e-01
-1.957615465249584963e+00
-7.332390910293126174e-01
-1.071350243325185081e-01
2.362563078233665959e-01
4.838627590795170352e-01
9.701814656866674103e-01
1.026524952846881389e+00
1.054340973888101773e+00
8.387072289789101465e-01
-1.966026491283759059e+00
-8.052302445086770843e-01
-1.974311443018773593e-01
1.482721967793505513e-01
4.045323273807382991e-01
8.120425133054433031e-01
5.466259080266888670e-01
7.864480613996640557e-01
6.226093635678450200e-01
-3.153203014672752325e+00
-2.215972572872684676e+00
-1.424690876645633431e+00
-1.052894932713093423e+00
-7.128660506184361090e-01
-1.164738263188809936e-01
3.766847410409109864e-01
7.307845497248772748e-01
8.039434964720527654e-01
-1.291165614197986311e-01
4.799561876281326356e-01
7.557905526256563089e-01
9.270852022860055497e-01
9.403807434554319888e-01
1.027190150131097157e+00
1.033030236294814275e+00
9.710663097004489375e-01
8.235057486615581235e-01
-2.051615229493897630e+00
-8.636044120202882590e-01
-2.461797963337602757e-01
1.040346973795121394e-01
3.614192868100311040e-01
7.554484733896397186e-01
5.220448242117259330e-01
7.236303154294150275e-01
6.288264281033203451e-01
-3.409425132443376416e+00
-2.169705961913349856e+00
-1.604985940737989170e+00
-1.208287362448351443e+00
-8.340823172808459196e-01
-3.148038239564061036e-01
2.130401136084551783e-01
4.084330448827545590e-01
5.983727946719783475e-01
-1.765394083811424153e+00
-6.925004477958613958e-01
-1.793144244242594054e-01
1.227148099972700940e-01
2.915241207284832159e-01
8.592536134962992511e-01
7.827450373613811241e-01
1.105983212657889903e+00
8.219317091001864251e-01
-2.291245676840377499e+00
-9.920295258087183932e-01
-2.854566908961613803e-01
2.902962813383560409e-02
2.760444496627130762e-01
7.745914142484338072e-01
9.319722918593524863e-01
8.899171512091953451e-01
8.262560166266342820e-01
-1.959709632417609315e+00
-7.686059979729431557e-01
-1.940072544431237223e-01
1.824067148446378572e-01
3.740381136838080711e-01
8.830828390400220496e-01
6.726198366798540329e-01
1.043361841679907753e+00
7.260345987295427905e-01
-1.279202295583668159e+00
-5.811114769648546563e-01
-4.142469766921610258e-02
1.281891058812948403e-01
3.239649953638605862e-01
6.450147841832525319e-01
8.848445831507051329e-01
8.715573264342905135e-01
7.555980986896509988e-01
-9.988530666833306260e-01
-2.816461810695851664e-01
2.210551362018334798e-01
3.515539160704670429e-01
5.227596927156114015e-01
7.706003881364464903e-01
7.260646765828654425e-01
8.665889129596038298e-01
7.533604346809398278e-01
-6.597838646044834610e-01
2.622097042305339062e-02
4.642947262146076559e-01
6.092500578747066520e-01
6.936740225485554800e-01
9.158105075571373321e-01
8.370020249899090548e-01
9.131032364195829087e-01
7.948841767734969865e-01
-2.035738011152361526e+00
-8.261212491628325827e-01
-1.710137077924553384e-01
1.652567119253504080e-01
4.189667711819129448e-01
9.047134837744017499e-01
1.023621666245315032e+00
9.851829650296067831e-01
8.559110016710755886e-01
-1.537926544439855325e+00
-7.743407656770561198e-01
-1.392926603515437511e-01
3.042091715179518277e-02
2.663959119864157676e-01
6.402893808775487194e-01
8.718344182631384554e-01
8.412641220646041029e-01
7.715811063716815354e-01
-2.049448732421722319e+00
-9.188752271283472384e-01
-3.591487796387107245e-01
-2.062961517262631994e-02
1.489409647199852749e-01
7.206579919815025992e-01
7.515666498822041186e-01
1.063374400339192505e+00
8.645082108592241354e-01
-2.029967571294692519e+00
-7.394642881553910030e-01
-1.349340957795424067e-01
2.240325179745914774e-01
4.028054486338422668e-01
9.790038036565261725e-01
1.095613767302718200e+00
1.170118203590821970e+00
8.240171908810367540e-01
-2.306768086770517368e+00
-1.146519000124411436e+00
-5.660102578297960818e-01
-2.318361910528183023e-01
4.559745286902353902e-03
5.319530529796085982e-01
5.366967927468326849e-01
8.878363061999283712e-01
7.359617181920242723e-01
-2.351195558164988153e+00
-9.915292194610227927e-01
-2.630891569298299815e-01
1.441473875975051062e-02
2.789980498599153313e-01
7.297744926116886965e-01
9.625007712023788686e-01
9.223653443414729924e-01
8.666432636539931345e-01
-2.104978023234473916e+00
-8.370075782024956057e-01
-2.584313988071386126e-01
1.248443143455704868e-01
2.664234620439530077e-01
8.399260903736762707e-01
7.964594468780390457e-01
1.103487463590067108e+00
8.279201122915211819e-01
-1.855561762267160963e+00
-7.238223551431278713e-01
-1.159008214488381899e-01
2.052498987840611633e-01
3.981497066070976421e-01
9.471545133892739221e-01
1.090517572756671161e+00
1.157038464963737523e+00
8.393108289807105216e-01
-3.385531076894391589e+00
-2.202675165613065200e+00
-1.429558475080359825e+00
-1.053347183585169322e+00
-7.327995867284926579e-01
-1.492983592082938460e-01
2.261386406140353800e-01
4.748428576297104020e-01
6.931148337209142030e-01
-1.949522780470059002e+00
-1.130497835769340487e+00
-5.241619691879831899e-01
-3.533608285215020239e-01
-6.449440081031314331e-02
3.522066170756985581e-01
5.345868206807865564e-01
7.887777573397763975e-01
7.343711652755761099e-01
-4.579821596445757259e-01
1.708905037028478346e-01
5.964122117663118727e-01
7.341801341773770417e-01
7.879395580084754824e-01
9.444301704487079174e-01
9.704101819481684155e-01
9.232839666604381046e-01
7.951632920425558693e-01
-2.062975356186072418e+00
-7.689295974009062729e-01
-1.941250822123074815e-01
1.878453205081987987e-01
3.376158970918927693e-01
9.113521050625054132e-01
9.030834246719656733e-01
1.163770997258037898e+00
8.621523824827562743e-01
-1.917092107525794509e+00
-7.511390998087631443e-01
-1.552393298310351943e-01
1.872629083470671307e-01
4.402088295956607666e-01
8.674799540906622530e-01
6.234489555796479676e-01
9.010999860852084709e-01
7.266441734209653225e-01
-1.908825589592487937e+00
-8.058122078784939468e-01
-1.759909829944695525e-01
1.517831356145496469e-01
3.498487067068069001e-01
8.655180546567962097e-01
1.037040930190018972e+00
1.090875840625452842e+00
8.823505159306495038e-01
-6.066585329224413736e-02
5.595859562484549743e-01
8.366416661549448408e-01
1.018596418062382325e+00
1.037261754981606776e+00
1.106137202258136609e+00
1.058201603734098217e+00
9.599279518101487829e-01
8.061732053356507333e-01
-2.300356003289521778e-01
3.892554963258761380e-01
7.023072415608890839e-01
8.596134063921404556e-01
8.719332554225968090e-01
1.018791205295700886e+00
9.250740711522134063e-01
1.033687273137551266e+00
9.241855805826872938e-01
-2.961494772000013764e+00
-1.991516205950011109e+00
-1.244952864507434365e+00
-8.995065273302924602e-01
-5.632284077619467144e-01
4.285858313648745026e-03
4.552425032987173492e-01
8.021347997590051460e-01
8.674682109923410600e-01
-3.204509868751701518e+00
-2.140736036991345959e+00
-1.398000947548251771e+00
-1.028769663445798788e+00
-7.062988336566896619e-01
-1.237110325313648257e-01
2.432413061623560635e-01
4.969063848703142439e-01
7.202948170606597866e-01
-1.420737609614678876e+00
-6.794497591149285531e-01
-1.277799569437167437e-01
4.903526197757911848e-02
2.592250302133763951e-01
6.036131678019998059e-01
8.971475297878189759e-01
8.697801397643382115e-01
7.784382306828414588e-01
-2.714196250275743294e-01
3.683368324964962359e-01
7.656265554487420300e-01
9.099607996168153079e-01
9.507086551450238954e-01
1.075965853204925882e+00
1.025752095237795647e+00
9.518662117905574149e-01
8.120219510084215608e-01
-2.578180784474720100e-01
3.430003775006664202e-01
6.568084810077433611e-01
8.126447017212858892e-01
8.309346498083950427e-01
9.620657208688855322e-01
1.039279728376098388e+00
1.021053902149330339e+00
8.982517771215564606e-01
-2.012609985700003268e+00
-7.902052377545157880e-01
-1.829152669211504822e-01
-5.992637195219143245e-03
2.253288385142996064e-01
6.457599723274305425e-01
9.575159672241205788e-01
9.403465530363103175e-01
8.916602313092505394e-01
-2.084200452185149821e+00
-8.608395571161757687e-01
-2.434502283315977955e-01
1.099945258841616424e-01
3.654995455340824817e-01
7.665919029895468251e-01
6.598145169216419470e-01
8.285432386387474590e-01
7.648450165540469081e-01
-4.928544241440355744e-01
1.386773083582271415e-01
5.883793322090999922e-01
7.271169754060304857e-01
7.904972407863438688e-01
9.497077444897970011e-01
9.571014407077622632e-01
9.061804944689557662e-01
7.771811134967202550e-01
-1.599872265589983078e+00
-1.045631899139459309e+00
-4.474285965027540724e-01
-1.488863463045664026e-01
1.046182220958317005e-01
5.453302544234861493e-01
9.048870492565664891e-01
9.797151433301150014e-01
8.925871723270124569e-01
-1.924993863640310998e+00
-7.061996639170871060e-01
-8.490334060386189874e-02
2.556918741893173252e-01
5.039964935393133061e-01
1.001126102451499911e+00
1.072040022081527377e+00
1.072127656214462155e+00
8.834492036313583707e-01
-3.862323953340274785e-01
2.756406043294845620e-01
7.624514966129903870e-01
8.903006073158875600e-01
9.694521834502520807e-01
1.126655478389079867e+00
1.011661374130977675e+00
9.430373374288563149e-01
7.938444138954969809e-01
-2.273302796581365914e+00
-9.979417355346559271e-01
-3.825902003329438861e-01
1.058617105472861065e-02
1.586284754443182399e-01
6.975364893955009471e-01
5.341561191661186037e-01
8.790349969231819882e-01
7.721350064081933251e-01
-3.184306504942827853e+00
-2.088131278605315888e+00
-1.553038069176541525e+00
-1.142929577801166330e+00
-7.355551962356569051e-01
-1.884210128753471825e-01
3.967452536394822094e-01
7.524589395959104809e-01
8.232189264439454535e-01
-2.206405265935149629e+00
-9.794096264739023949e-01
-3.524512393325807125e-01
8.159162966116715460e-03
2.658020236435081340e-01
6.307610472988631756e-01
4.467402023220070628e-01
6.528413512920655526e-01
7.218959689591253337e-01
-2.405882240654853899e+00
-1.148861450098867421e+00
-5.207216809398351742e-01
-1.473252303652578810e-01
1.769644549553708868e-02
5.656562002986335047e-01
6.480419982472832574e-01
9.661569759066062080e-01
9.006657624030538489e-01
-3.451150710166616786e+00
-2.264665977325613255e+00
-1.518432793638335498e+00
-1.093725985243500842e+00
-8.057088076693326162e-01
-2.059242950006051620e-01
2.715669723683976078e-01
5.313808967831885610e-01
7.671611389558118388e-01
-1.024008637990865500e+00
-3.557766226651766228e-01
1.671998727837529508e-01
3.221063371840315326e-01
4.999561092604463131e-01
7.750874248265522404e-01
9.274717372178076236e-01
9.144586954918620947e-01
7.853048847684792610e-01
-2.605503466938313029e+00
-1.400461256593705572e+00
-7.867287460335353755e-01
-3.907912692092060936e-01
-1.016745674583655751e-01
1.525975342879179186e-01
3.241465809304726053e-01
5.387264238988045406e-01
7.276631467018265242e-01
-8.300154356605510264e-01
-1.730893988370562353e-01
3.126099915063209056e-01
4.409177818526499038e-01
5.802825289816287979e-01
8.105737180073123715e-01
9.712686067839526594e-01
9.511876048467640121e-01
8.436114998024224487e-01
-1.913379653411089176e+00
-7.218174658771666641e-01
-1.285357226281968190e-01
2.081360692125914791e-01
4.658980434013694771e-01
8.939806396118874510e-01
7.404577261830823653e-01
9.705838665286368183e-01
8.059514037799784258e-01
-2.289324248632192305e+00
-1.089446906065830056e+00
-4.610240020706947717e-01
-9.098342570576141430e-02
1.730104508771822536e-01
5.060218475149896866e-01
4.087547021027425620e-01
6.160198435987022103e-01
7.398667981226497714e-01
-1.035761802238078344e+00
-2.545715504173435839e-01
2.116393886674510505e-01
3.558824462092857188e-01
6.122657781927246523e-01
9.194167415448903924e-01
8.397827715185370856e-01
1.058585105184851605e+00
9.047022826289561337e-01
-2.218229430769353527e+00
-7.631729238580096109e-01
-1.669302898171389493e-01
2.914256247903134703e-03
2.060231388847886258e-01
6.248624452867774792e-01
9.449183125245943504e-01
9.101935153908293774e-01
8.954733645539492137e-01
-2.779107430255688960e-01
3.347660500138091022e-01
6.662987710119795404e-01
8.193240502849453710e-01
8.420139017399457249e-01
9.731146736692296573e-01
1.015004715406231828e+00
9.569138772820353633e-01
8.272256899542159703e-01
-2.298462281678735675e+00
-1.004102202499384422e+00
-3.883168345254852660e-01
-8.757546376790624476e-03
1.274946452231112137e-01
6.971259835938267146e-01
6.007133853144603908e-01
9.622223039333204220e-01
8.299439806772783701e-01
-1.003031438471274628e+00
-2.585983973739510722e-01
2.248252014458133607e-01
3.400849583511122987e-01
5.882402114768083834e-01
8.272030304604920392e-01
8.134816917223069987e-01
1.041939476434144307e+00
9.545167592620010799e-01
-6.794609439268153306e-01
-2.227181016794045967e-02
4.133347954768967769e-01
5.537299217145805752e-01
6.205578519376629965e-01
8.077729227122169009e-01
7.899034380472557126e-01
9.933605786181728403e-01
9.582795202273654001e-01
-5.333254134864383600e-01
1.470588674842298049e-01
5.753273471316061594e-01
7.165195745182976195e-01
8.028660257886438556e-01
1.008180140636595112e+00
9.188938948320857225e-01
1.004009005558073264e+00
9.080365037410603746e-01
-1.294564174783967569e+00
-5.960386579787972927e-01
-2.564421424828595975e-02
1.465110158120156991e-01
3.984477430547530563e-01
7.844796256716310978e-01
9.677813199643482411e-01
9.979750829448762461e-01
8.021560354573131768e-01
-1.132461673207175279e+00
-4.104635095708000225e-01
9.962307559504175736e-02
2.347363231843994091e-01
4.320811878297237119e-01
7.024263771799772460e-01
7.013975020878047140e-01
8.956225680353152585e-01
8.625482677430096334e-01
-6.793365358528745679e-01
-5.133000488202108663e-02
3.908701426909719778e-01
5.180533714383751542e-01
6.194732139698919671e-01
8.347088858506154230e-01
1.008454118419311873e+00
9.926411734234523720e-01
8.868728314584980454e-01
-1.960128187791675414e+00
-6.898278775658950313e-01
-8.112926860809645258e-02
2.646404310829000295e-01
4.973141668359457590e-01
1.021344527747376274e+00
1.116397520262064180e+00
1.145686605047931739e+00
9.255162320056082859e-01
-2.167033666107089029e+00
-9.674023560455426995e-01
-3.440240162257336420e-01
2.165416406172725530e-02
2.817218063686992569e-01
6.595104315313713439e-01
6.545873535847658298e-01
8.578185976352123987e-01
8.755961777980465488e-01
-3.178391844796902177e+00
-2.127065102654949413e+00
-1.626589209458063845e+00
-1.219048097220043481e+00
-8.281756505290600590e-01
-2.466054878842043052e-01
3.100736915846203923e-01
5.484991554171536610e-01
7.722064840949711684e-01
-2.139385363710432753e+00
-8.608951158672285553e-01
-2.594308445431960375e-01
1.165819397331208651e-01
3.153091103488665503e-01
8.062140170085704272e-01
6.176025359705324957e-01
9.636187228483646949e-01
8.665952543700858879e-01
-1.987155336573288134e+00
-8.159742886966102615e-01
-2.256275939338759362e-01
-3.875752684085709276e-02
1.544506755347273552e-01
5.688692833039028507e-01
8.909882842400395075e-01
8.803578848817135150e-01
9.024159101374793490e-01
-1.118099051595917715e+00
-3.922127558308260431e-01
1.082647273150350031e-01
2.459468643013462685e-01
4.249882411426625928e-01
6.893719329989799194e-01
6.985063072725550271e-01
9.045846459056995359e-01
9.021489812230210070e-01
-2.080047932045977710e+00
-8.585101159933551385e-01
-1.918769350390458761e-01
9.186133071085791912e-02
3.266101675544015870e-01
8.365847286808723027e-01
9.855237570272464831e-01
9.653891679835808759e-01
8.541047176001517194e-01
-1.986059905250557422e+00
-8.032585297143302050e-01
-1.620138670383178825e-01
1.838297341939915119e-01
4.344948645699782119e-01
9.203677907080809462e-01
9.977140349005271247e-01
9.694022933920480867e-01
9.005936022983831446e-01
-5.997608413924945259e-01
7.740947619090819687e-02
5.164296570985874579e-01
6.572425386935375480e-01
7.500141052400410846e-01
9.597956004182666145e-01
8.819561257128889498e-01
9.972498606080837380e-01
9.410125799275262937e-01
-1.439703211085048062e+00
-4.917733831963904123e-01
-1.853198223951096554e-02
2.234604266486681645e-01
4.449989271603991270e-01
9.211392538420478671e-01
8.686322025090628118e-01
1.153331823670334932e+00
9.534196967698601588e-01
-1.949332383013875569e+00
-7.734392145104889149e-01
-1.601272889173031011e-01
1.864765984223724082e-01
4.416203944666599046e-01
8.723834074450117493e-01
8.584546271727165889e-01
1.031480188692342148e+00
9.525973979621128462e-01
-2.424348219211577060e+00
-1.228579927414803930e+00
-5.966507352764170991e-01
-2.170051933021926449e-01
5.708478040658240132e-02
3.507261041751857933e-01
3.982372718202734085e-01
6.225391264970128180e-01
8.077015863462845280e-01
-3.461595147169194142e+00
-2.227038219894342586e+00
-1.444634051504966932e+00
-1.048071972922647088e+00
-7.338878434344433543e-01
-9.869906755617767480e-02
3.495141479975582555e-01
6.406131156134632354e-01
8.608342942946052290e-01
-2.411741450674232734e+00
-1.494002417896446389e+00
-8.290281394766971790e-01
-6.040958011164598851e-01
-2.938418894431458761e-01
2.060808584287261713e-01
5.173613734939910280e-01
8.008153076091584222e-01
8.744203867537199137e-01
-2.179893135367452217e+00
-7.632023127238249938e-01
-1.291258637839623191e-01
3.309837450099870765e-02
2.559087541909564889e-01
6.858670282008163532e-01
9.886634391940123390e-01
9.551181362998869551e-01
9.192351819247441824e-01
-1.433613117136053106e+00
-6.734111686098230853e-01
-1.401448523132639290e-01
3.636281102878939631e-03
2.464833470519281755e-01
5.612937470059682354e-01
6.494847401767976924e-01
9.206785834841022531e-01
9.240083245967830594e-01
-1.304965744118938398e+00
-5.167143508401468299e-01
4.344403213478943704e-02
2.278121735483560339e-01
4.685408185106908485e-01
8.644616907552624685e-01
1.010223362726400120e+00
1.050932294710525294e+00
8.260275945893617022e-01
-1.384349525204323639e+00
-6.540137852553405962e-01
-9.018760148798635190e-02
8.649110953990414574e-02
3.126865895170021226e-01
6.626945579961118771e-01
9.735631135875977282e-01
9.464109225915089407e-01
8.615829189592335569e-01
-2.295935574439271321e+00
-9.103690902857737299e-01
-2.034105252528191354e-01
6.759672764404654755e-02
3.313014818400937811e-01
8.030755829180695748e-01
1.013757891583022763e+00
9.732426834237173363e-01
9.433372917775243449e-01
-3.426373413554864023e+00
-2.212991785069489570e+00
-1.637090302774511841e+00
-1.187825692943568656e+00
-8.163825268500457533e-01
-1.723548824268529844e-01
3.867488864526810732e-01
6.491683969770524198e-01
8.542462171206487431e-01
-1.896972058611685830e+00
-7.307750290264365400e-01
-9.933997823093107526e-02
2.359614033732495286e-01
4.882119076987119777e-01
9.882414259613692131e-01
1.088275577699148178e+00
1.071455153976076824e+00
9.539271498681174410e-01
-2.583678011964114063e+00
-1.318296745393723990e+00
-6.521164222443622815e-01
-2.609795679123091960e-01
-7.459441764276417142e-02
4.623090081923387773e-01
6.469596423507184557e-01
9.612935807582533299e-01
9.689801710780930888e-01
-2.299594723789096573e+00
-1.078468976960733849e+00
-4.687554859528261231e-01
-9.430376691834334302e-02
6.773020527469483798e-02
6.282753714045415938e-01
7.402020706267223860e-01
1.056307627180771869e+00
9.833581613402432309e-01
-1.776915556882049385e+00
-7.359869015644674439e-01
-2.278134151143116626e-01
5.370603765222711767e-02
2.777786571335395527e-01
8.068409516427859085e-01
8.142369035693849399e-01
1.125599143421245119e+00
9.571958537148630430e-01
-2.686497425825416396e+00
-1.577442387565170634e+00
-8.687354912494684722e-01
-5.026931054859029580e-01
-2.045384301910703195e-01
3.131507279321961157e-01
7.853013425551930160e-01
1.031445254141535761e+00
1.007289164795698966e+00
-2.030006360708808355e+00
-7.917698009239673151e-01
-2.271158285691566303e-01
1.562688394057188401e-01
2.965583592668132318e-01
8.838074230063011072e-01
7.977671554456624570e-01
1.151372246413861156e+00
9.398111186914692716e-01
-1.582203354986145616e+00
-6.746501540936031827e-01
-6.959860950936032353e-02
7.699993715478922751e-02
3.156181640461208637e-01
6.759059615488119954e-01
9.182714242961454998e-01
8.875961440019128901e-01
8.509779621895855461e-01
-2.661227743562885273e+00
-1.358749139055344779e+00
-6.934164993738282101e-01
-3.170581768408713419e-01
-1.253100817526943689e-01
4.091327621357085387e-01
4.557582912723496804e-01
7.557190466764516223e-01
8.990555629171070873e-01
-1.952756458649794968e+00
-7.639618886281027699e-01
-1.575191937403461473e-01
1.847181852543976766e-01
4.404142020174674488e-01
8.635572532051650763e-01
7.247600290906477394e-01
9.684300873563699286e-01
8.986168018229998555e-01
-2.443023223292451362e+00
-1.228954386539977905e+00
-5.931314941238350347e-01
-2.114186749450295277e-01
6.644690834658560641e-02
3.760521135377977164e-01
5.326775111242696426e-01
7.963899859615545251e-01
8.862990680163900237e-01
-2.085908262699672555e+00
-8.855747401531338658e-01
-2.860642720834469799e-01
1.015852972919587538e-01
2.745924788220510671e-01
8.014275944911294358e-01
8.106302567180619922e-01
1.096035189834244195e+00
9.847604482469026754e-01
-1.099735026918068126e+00
-3.078730881943380071e-01
2.071894599069131759e-01
4.507251006034226348e-01
6.294530353615871432e-01
1.092812652135024765e+00
1.167438647767577775e+00
1.213922431940397839e+00
9.866284176865075528e-01
-3.126185621347115084e+00
-1.969692845603578935e+00
-1.451961869014088968e+00
-1.052458436787567564e+00
-6.375785626516379256e-01
-1.433825283096507863e-01
4.318253201237994277e-01
7.625379830335384801e-01
8.841318588660468381e-01
-2.173428806534908109e+00
-9.727529921388443634e-01
-3.360625834870856199e-01
3.095690093089623063e-02
2.907989137594701456e-01
6.929633109020159054e-01
7.959991175562235455e-01
9.958804528903899556e-01
9.815006379029584949e-01
-1.098579223357851076e+00
-5.011293636707429000e-01
3.162281221211626914e-02
1.935265679135674544e-01
3.782928846713063953e-01
6.976983387441333395e-01
9.286439698598711878e-01
8.961717697203568367e-01
8.026630202093509858e-01
-2.007407498709893989e+00
-7.972971525282275262e-01
-2.322482847945333551e-01
1.505957877896021146e-01
2.795473171940590640e-01
8.864281734542889257e-01
8.383856172898536130e-01
1.177039057609625239e+00
9.762901330005488987e-01
-1.788901821783072110e-01
4.453152182663199232e-01
7.877709402321749765e-01
9.472443755247720309e-01
9.732855547512871963e-01
1.081440140084662493e+00
1.059939758435593404e+00
9.784431054573029529e-01
8.402451050146070299e-01
-4.197299790828618038e-01
2.210202240517024908e-01
5.804160950975421063e-01
7.334204113016780102e-01
7.607230248801160055e-01
9.373630603879808953e-01
9.185139862055811122e-01
1.087196962700209379e+00
1.056442323794292815e+00
-6.954895120057560387e-01
-4.130764273995427005e-02
3.982368549022811122e-01
5.352917582130732876e-01
6.136841055348012386e-01
8.110235646607177884e-01
8.913227702148469600e-01
1.094794156989628009e+00
1.048710181473387903e+00
-1.981868005465550420e+00
-7.957634496820398251e-01
-1.930175651875038756e-01
1.540785393181927088e-01
4.060736183409254241e-01
8.289275698924947200e-01
6.298726765070269407e-01
9.242508991245600436e-01
9.273409645209339525e-01
-8.352207364688022384e-01
-9.024291423262226219e-02
3.735062182493550931e-01
4.950631087109145789e-01
7.301167304962424831e-01
9.827836611791531674e-01
9.028573248723592570e-01
1.099078197041558846e+00
1.029214991990060168e+00
-1.918328013906690721e+00
-7.408410777659726332e-01
-1.543821010607622224e-01
1.938733075835800401e-01
4.298718402707653596e-01
8.915617043078295501e-01
7.056118976907467255e-01
1.042492466157693309e+00
9.544929517417037879e-01
-3.159845359802906817e+00
-2.093370135525876918e+00
-1.575893315850316334e+00
-1.149135969176572791e+00
-7.695703202250262498e-01
-1.646031766885884540e-01
4.007737086427433093e-01
6.725345878393880206e-01
8.924689598174948557e-01
-3.425031549988406532e+00
-2.105803653863328684e+00
-1.459381939461875000e+00
-1.003439520514590955e+00
-6.989844091284883598e-01
-1.082280125444981950e-01
4.460745588255666250e-01
7.389480551004180553e-01
9.395098382304598594e-01
-9.974545482060613588e-02
4.963557750963969450e-01
7.749091488093330371e-01
9.353590312463054834e-01
9.471997960496536528e-01
1.069192008524947557e+00
1.130963482639655515e+00
1.179395314564362751e+00
1.059351639629076303e+00
-1.822207739939061266e+00
-6.587353278951755264e-01
-4.379283294574486812e-02
2.984082205290933820e-01
5.401578583368842335e-01
1.013261783853740328e+00
1.119741047337180717e+00
1.203723321478338493e+00
1.025257198887787213e+00
-1.776854557562825399e+00
-6.633661163695045992e-01
-6.009334823664241876e-02
2.439011482440411605e-01
4.418863077748287349e-01
9.868868247226688650e-01
1.126457085587269757e+00
1.181600929838716674e+00
8.972000079979443043e-01
-1.898715614917766192e+00
-7.025376635631088718e-01
-8.179625487375474790e-02
2.567079620916463689e-01
5.110448191845057275e-01
1.003200433582289053e+00
1.052877905956001836e+00
1.056612562065428529e+00
9.304517206404548935e-01
-1.791800124428888585e+00
-7.348978872810637553e-01
-1.193640248092559808e-01
1.977131020568568265e-01
3.929971480836063624e-01
9.365167156568947604e-01
1.064570824720716402e+00
1.132143774518100665e+00
8.689407171359035953e-01
-1.709754327146775221e+00
-7.545631187004765428e-01
-2.313032746029868303e-01
9.054208821950278461e-04
2.692815920356952386e-01
7.238179283252413887e-01
8.520883496770186305e-01
1.132669051406259397e+00
1.053724784996438180e+00
-6.004873808842741134e-01
8.890700751660728096e-02
5.147887496209653246e-01
6.629884690663591096e-01
7.395434949476848985e-01
9.524837570616317972e-01
9.017146248290242028e-01
1.040486844726465243e+00
1.031264165913394093e+00
-2.819548738547810740e-01
3.522230863556090608e-01
6.778243377660386759e-01
8.409382865032717369e-01
8.614309447590502433e-01
1.028247837840378320e+00
9.841453431124553841e-01
1.122077003602239165e+00
1.085336185550711541e+00
-1.428907985087252586e+00
-4.343780761104019672e-01
1.257911031480393182e-01
3.902271864376180566e-01
5.735478182711377659e-01
1.082553040099415886e+00
1.153712291859134043e+00
1.205202118212378215e+00
9.058458867235743561e-01
-7.597083090096107272e-01
-6.110525002042518916e-02
3.861102382160954138e-01
5.413447681926629729e-01
6.387740856826157332e-01
8.689101493589767022e-01
8.500070101152049640e-01
1.012829561612219154e+00
1.032109387756994456e+00
-1.908031066270404974e+00
-7.330592177119317210e-01
-1.356150616180915314e-01
2.108333512258410147e-01
4.584939259055109129e-01
9.105956345283050535e-01
8.861299596539575774e-01
1.125680529203888502e+00
1.041990114906466758e+00
-1.399783251023877462e+00
-6.638733247993012787e-01
-1.335106196565528369e-01
1.912275174704894734e-02
2.396040685002833182e-01
5.593912302147695526e-01
7.135368941668707166e-01
9.944398180195790360e-01
1.045191445625519355e+00
-2.076084743551292355e+00
-8.277808987422650144e-01
-1.465784114104513869e-01
1.446929891422215342e-01
3.844763837365322012e-01
8.910677576839775016e-01
1.055063773374378622e+00
1.017791680149926048e+00
9.683488225894557599e-01
-1.869601615183561216e-01
4.251181297229066902e-01
7.411579781911772358e-01
9.011266999338194417e-01
9.276581405393975466e-01
1.045125132993948380e+00
1.070586938779224395e+00
1.003249762420581614e+00
8.696124388685141371e-01
-1.914817704153778610e+00
-7.191979172216379501e-01
-1.232863274227290751e-01
2.271990460420761082e-01
4.721426525540153851e-01
9.343633453857084215e-01
9.514948123428527138e-01
1.169695496814559643e+00
1.062582474131668286e+00
-1.265528180314975604e+00
-4.980844160399224840e-01
6.501620872518151795e-02
2.096191541720928420e-01
4.195460669063928449e-01
7.503702329125170323e-01
9.900889908011443197e-01
9.494229475874473856e-01
8.873075316410145019e-01
-1.415250623629763060e+00
-4.331289760023675495e-01
3.908662188801347720e-02
3.237142093998800485e-01
4.825374754935386479e-01
1.000207926855888774e+00
1.025057827563630841e+00
1.250546178541411591e+00
1.060408287156939133e+00
-1.440717825939876517e+00
-5.090506738456455071e-01
5.119288626222722599e-02
3.617091857734606730e-01
5.350115792905648648e-01
1.081474768589341773e+00
1.258893697905761888e+00
1.309694685429765748e+00
1.047619424822479717e+00
-2.220768479705985232e+00
-9.240624953253928631e-01
-3.277755132013349670e-01
4.980981012648848238e-02
1.821774737207855765e-01
7.780781980706493739e-01
7.767807564126097963e-01
1.118956038309591117e+00
1.038937432301966224e+00
-1.965064768533876682e+00
-6.901664695116230819e-01
-5.756152268963581758e-02
2.661972220531554911e-01
4.891572912928547345e-01
9.798930339503304499e-01
1.159091870265666957e+00
1.176999863511684730e+00
1.063517474039077371e+00
-3.382559958196913907e+00
-2.070557091082218193e+00
-1.350832645613744054e+00
-9.195747005004963892e-01
-6.062225900691949887e-01
2.897684566940400205e-02
5.228874702719042977e-01
8.349319419048847335e-01
1.023624924306914652e+00
-2.254204567767490452e+00
-1.111105441424870444e+00
-5.285658131450066133e-01
-1.780898265017494264e-01
3.499080113981201806e-02
5.858767648868060673e-01
6.781610421971989711e-01
1.020065578602014966e+00
1.036102863447111444e+00
-2.995667491218946932e+00
-1.796173657150735847e+00
-1.050185040313510676e+00
-6.296832957878940595e-01
-2.765671888021433711e-01
3.078125373883410787e-01
7.912671227983486544e-01
1.071725910116591907e+00
1.093128857055279735e+00
-3.185680789910157795e+00
-2.135982084534586711e+00
-1.514060416926080510e+00
-1.042874048181962943e+00
-6.095608843317208425e-01
5.136597890414403011e-02
6.267093076608875046e-01
9.629530730250265291e-01
1.035644239768529928e+00
-2.130900944450241141e+00
-8.910344370318128426e-01
-2.716138277888802133e-01
8.084344157955493382e-02
3.350151390828098874e-01
7.389727737459630408e-01
6.140433395338121825e-01
8.964981897833357305e-01
9.950900732262756287e-01
-7.393588981932384119e-01
-8.187599201446324471e-02
4.197074363633260252e-01
5.601669344824619090e-01
7.514097705041959951e-01
1.001214906722512010e+00
1.070794677855216648e+00
1.054860305561355904e+00
9.115509078276913257e-01
-3.470620561175379315e+00
-2.126928935431212420e+00
-1.476099050370913268e+00
-1.003852975601274178e+00
-6.943499703612060481e-01
-4.556949447485646870e-02
5.181436397115760650e-01
8.211038279489355496e-01
1.014327089685940875e+00
-2.099179932830147699e+00
-9.185123740053312558e-01
-2.986861174950251052e-01
5.759390248982204641e-02
3.131303712209521084e-01
7.072532571437182281e-01
5.969733462687791814e-01
8.737715103464980260e-01
9.919766716437394827e-01
-2.188877133361917693e+00
-9.943115372614983460e-01
-3.688938870639396073e-01
1.629145813574903222e-03
2.429730987687206689e-01
6.575793172133463926e-01
6.285293740577257982e-01
9.195539842222454352e-01
1.015433886350816106e+00
-1.152493924090783439e+00
-4.258341189896898693e-01
8.377265761228991359e-02
2.224971713818661989e-01
4.296882621458599782e-01
7.053867673130084226e-01
7.721078898254825074e-01
1.017344736682648909e+00
1.058327227795935688e+00
-1.963888912232861550e+00
-6.541450714034023894e-01
-3.099369661973557649e-02
2.868725566667549853e-01
5.207639159332034806e-01
1.017689278495773841e+00
1.181493507995170278e+00
1.184347012395285503e+00
1.065767808226740776e+00
-2.618479545224910776e+00
-1.267583341731321145e+00
-5.980222042366746260e-01
-2.011376690152956448e-01
-2.643530626242679080e-02
4.884372633937049679e-01
5.775268827142755468e-01
8.713647294359690987e-01
1.021244946965497613e+00
-1.091791724286747201e+00
-3.928070369704063647e-01
1.086078247660346996e-01
2.449336136594637281e-01
4.104725475578330229e-01
6.775124310108310288e-01
8.376746926547876670e-01
1.096847646517795205e+00
1.115331786630357591e+00
-1.018976859064497642e+00
-2.501028181551194773e-01
2.440638199641758932e-01
4.648559348165686167e-01
6.623263320543145705e-01
1.060277730181050870e+00
1.185213435547509908e+00
1.222841729491788820e+00
1.058776918411932222e+00
-2.221944143837736307e-01
3.809027760558896802e-01
6.851723445639926746e-01
8.385911303099978786e-01
8.593649347232431568e-01
1.016826087065511697e+00
1.150253003914855521e+00
1.193371829674167994e+00
1.097464651144851144e+00
-8.813044849247581025e-01
-1.651859179616931850e-01
3.186144235956596682e-01
4.524346177060116769e-01
6.039843819325247942e-01
8.360337876566149573e-01
8.417802220826603454e-01
1.041752194938385223e+00
1.073778283111987752e+00
-2.028535799671211226e+00
-8.339018567981643093e-01
-2.254502284615136631e-01
1.253845347320014514e-01
3.834692178694475428e-01
7.941474208399447177e-01
6.644923293574968026e-01
9.501585929026661326e-01
1.012158383299006870e+00
-8.918156015664701064e-01
-1.582292263550972855e-01
3.236153263933707613e-01
4.420757434417716403e-01
6.699780822396083080e-01
9.179781044941841550e-01
8.885210883783042357e-01
1.099022566756720165e+00
1.085969664807401536e+00
-8.432839534021586703e-01
-1.484947027112115681e-01
3.439294019090996524e-01
4.759192983304652014e-01
6.688739099051224102e-01
9.227714460818065012e-01
1.108522239653398467e+00
1.093538572140545950e+00
9.858402191082944466e-01
-2.283409543302250544e+00
-1.086441678062314287e+00
-4.513227438791129198e-01
-8.185206869626818205e-02
1.783931021925596605e-01
5.401683588956021076e-01
5.756993196004021041e-01
8.546524296403924525e-01
1.006820335977016256e+00
-2.109455075540596081e+00
-8.555919366386828262e-01
-2.720852342762746789e-01
1.166330957960747122e-01
2.688369592032519573e-01
8.236537483166732621e-01
7.655787119047220424e-01
1.113936042198978571e+00
1.051184548066101954e+00
-1.274936937850488450e+00
-5.025312669125578946e-01
5.888822669774101265e-02
2.463882992395984295e-01
4.918307683947866771e-01
9.040438974599017685e-01
1.076133835541020156e+00
1.106011027819643777e+00
8.989642740184916603e-01
-8.855172647440948674e-01
-1.852883177583977137e-01
3.159737910000431360e-01
4.607942395549363135e-01
6.794124829470621352e-01
9.552145187892501221e-01
1.105341934881912902e+00
1.095343529278636430e+00
9.668941235420057678e-01
-1.656134327407094764e+00
-8.086620000460413848e-01
-2.511747932621981594e-01
-4.457569782560765609e-02
2.363665589744110840e-01
6.266281206732653430e-01
9.315620692456485497e-01
1.157258089899073195e+00
1.105945429817225767e+00
-2.129580163667743165e+00
-9.188264151762717269e-01
-2.904831611349960041e-01
7.590753713279296822e-02
3.294477458658627289e-01
7.569000072199073559e-01
8.518422608028061171e-01
1.082630106681509607e+00
1.077291644554075001e+00
-2.061798713106597347e+00
-8.294814907952879901e-01
-1.686211464929423809e-01
1.658663842026966428e-01
4.157908696880853738e-01
9.138846187418311340e-01
1.006301382379880982e+00
9.698568353341897597e-01
9.448481240709271090e-01
-2.234627890739880218e+00
-1.087685829197014620e+00
-4.507921220567130960e-01
-6.807003721499957360e-02
2.024184168411369000e-01
5.945093956685394421e-01
8.398667941393176406e-01
1.075996527143336268e+00
1.073574400802881579e+00
-1.935716270189892452e+00
-6.414511289059774413e-01
-6.199766442259156164e-03
3.136246024107575692e-01
5.512687667313537210e-01
1.040211233247543277e+00
1.194741806463733180e+00
1.212687556335915628e+00
1.085899638283805979e+00
-9.803256101641394382e-01
-4.220745303185896025e-01
9.538883969206017610e-02
2.365961217048101750e-01
4.809511950056527541e-01
8.256095865988498650e-01
1.038416803042486736e+00
1.034381706547216284e+00
9.007994974904731666e-01
-7.071352843568311231e-02
5.216156599787177273e-01
7.907003339928925234e-01
9.586971561018556853e-01
9.777445722621279645e-01
1.099443577352697599e+00
1.191578241617182510e+00
1.198839032190411880e+00
1.091187511770908891e+00
-2.132783565243634882e+00
-8.118397040530066500e-01
-1.217204646305844046e-01
1.114259574744651815e-01
3.489051457692817770e-01
8.477824140067558023e-01
1.053380005829837041e+00
1.011412849830550131e+00
9.394162525727596247e-01
-2.037525245295150444e+00
-1.040427192956155489e+00
-4.281464515749682787e-01
-5.274095505715749310e-02
2.068201116342576751e-01
6.262654873137528666e-01
9.447301713095097586e-01
1.128154605656783938e+00
1.072979970730767896e+00
-1.105101814903826529e+00
-4.186495252012907287e-01
9.843570272762541817e-02
2.502815736472888131e-01
4.326247117182912549e-01
7.413120101739026913e-01
9.865267097468771729e-01
9.518771890358270760e-01
8.554172117498534123e-01
-7.416893063304199618e-01
-1.001557001244027800e-01
3.686312912176509249e-01
4.998214073331552765e-01
6.373583807308640381e-01
8.666450751779999351e-01
1.015763866943929061e+00
9.837251045358073043e-01
8.687977416384673468e-01
-1.045450710561629748e+00
-6.162687957868190347e-01
-7.018530790842814060e-02
1.508741494501629199e-01
3.747766310837263859e-01
7.811346674574116689e-01
1.121680035241303885e+00
1.126593761303620100e+00
1.051508002691921906e+00
-1.910694478184688183e+00
-7.298624688983053055e-01
-1.138207116859667606e-01
2.412288808405977369e-01
4.752450193686210134e-01
9.440320585684095489e-01
1.085942187950289961e+00
1.212819474375667506e+00
1.081061219874806856e+00
-2.191087206064102233e+00
-9.039844981873688123e-01
-2.154519846181188747e-01
8.938312103877657511e-02
3.407529388593556474e-01
8.161659602127055990e-01
9.798736213262249084e-01
9.455548899417502984e-01
9.689782244689961743e-01
-2.024765417376628296e+00
-7.824666535888996632e-01
-1.103710418962988021e-01
1.946150042376520450e-01
4.433405865362705089e-01
9.372206057578790217e-01
1.106138862102300280e+00
1.076528940737185636e+00
1.029730699232006774e+00
-1.031714503346400136e+00
-4.623295560881685584e-01
7.820562098816295771e-02
2.203494370272003622e-01
4.465080325377095982e-01
7.925071553991315243e-01
1.017049740887543852e+00
9.801290182621085201e-01
9.071305417717293595e-01
-2.034977548393240188e+00
-7.231671112476983909e-01
-7.301563403602184810e-02
2.377673925606498539e-01
4.727135769831101730e-01
9.946451850525662719e-01
1.144126145949958095e+00
1.116121291556716910e+00
1.022975887478218882e+00
-3.090755212771416183e+00
-2.194124527536757352e+00
-1.394265901630680204e+00
-9.765409742061137433e-01
-6.413819645582944373e-01
3.239307829612944611e-02
5.319368745426460432e-01
8.447682748102630645e-01
1.044712761978796367e+00
-1.497212799949482642e+00
-6.265903912515967678e-01
-1.176925059329664430e-01
6.054956685913483877e-02
3.539681702841354083e-01
7.422807733319516377e-01
8.218352904046465346e-01
1.106916754894219368e+00
1.085267790961726542e+00
-2.124769315376254131e+00
-8.077813378822767953e-01
-1.220952707531099829e-01
1.614557749799906683e-01
4.066400286547261489e-01
9.044309299807943292e-01
1.082525255537659437e+00
1.045700209053808116e+00
1.004679169978692999e+00
-3.338994650907124995e-01
3.059764456526518073e-01
6.916683313566990288e-01
8.112471558944416294e-01
8.749171660714153420e-01
1.038806711798816229e+00
1.080695356585767986e+00
1.216046925552535241e+00
1.117706221033837544e+00
-1.978344217073434441e+00
-7.566669504057048634e-01
-1.876657934001545458e-01
1.956172921823177147e-01
3.496338495927795442e-01
9.304634914221598940e-01
9.562524427590425313e-01
1.256704200427759099e+00
1.104752673964676024e+00
-2.569694405305211315e+00
-1.398848511226304714e+00
-7.706919915133513266e-01
-4.353721963884091828e-01
-1.539959932353059391e-01
3.789484407549333911e-01
5.889911628928863330e-01
9.163563475665295055e-01
1.051848947415448654e+00
-2.799146652484533426e+00
-1.808443522588286889e+00
-1.207082949241921277e+00
-7.563560231638439824e-01
-3.803099479034207087e-01
1.997134832547526606e-01
7.302368474825816635e-01
1.039266312192487662e+00
1.075745551714510473e+00
-3.179779028089004811e+00
-2.016131610182631650e+00
-1.461276063397594083e+00
-1.016066195240187486e+00
-6.415759111803126524e-01
-4.277843689399649096e-02
5.208813457571545014e-01
8.114868470079608098e-01
1.011468220398259898e+00
-3.175936608177291287e+00
-2.100724794377954119e+00
-1.463340263771919725e+00
-9.803189006304441344e-01
-5.647378430465336274e-01
9.806994268045958474e-02
6.662622240857841716e-01
9.969064521308524940e-01
1.061583205736101654e+00
-2.219407475380136940e+00
-8.823698756034282775e-01
-2.873683499319711343e-01
1.008806060554784251e-01
2.521101728871994463e-01
8.113914268278398234e-01
7.680030238936150777e-01
1.113164410376261904e+00
1.059772322152734647e+00
-5.229264034550097362e-01
1.611290686847572928e-01
5.505438114257308335e-01
7.155547512878471794e-01
7.640842577696930205e-01
9.751710743223858113e-01
9.475131082269833138e-01
1.090609688858707349e+00
1.103426347529825158e+00
-1.546142570121489479e+00
-7.629452555474938169e-01
-2.178400272087639422e-01
-6.540944577204288457e-02
1.843190773856210052e-01
5.407427167050574690e-01
7.331210333886922781e-01
1.021341245379599805e+00
1.080898617768090819e+00
-3.396687603609504502e-01
2.733172044209815077e-01
6.388806666966360126e-01
7.738103452953060124e-01
8.316258137087388924e-01
1.002036877774646895e+00
1.121347716616592161e+00
1.084655558136423892e+00
9.678874811038663539e-01
-3.044852797917930509e+00
-1.742505200056488901e+00
-1.005298406395920940e+00
-5.659754855202941970e-01
-2.196108519570375561e-01
3.591484351086635662e-01
8.435568178668841899e-01
1.107351051983096246e+00
1.113900035390613663e+00
-2.042275041762275922e+00
-8.983714877296873347e-01
-2.891998946911428225e-01
9.900674592291151821e-02
2.633184915862954445e-01
8.111462343965381017e-01
1.005518998364350880e+00
1.218021403632421062e+00
1.082338764983119761e+00
-1.736792515348389410e+00
-7.330725380455755946e-01
-1.032800775614982070e-01
1.395892000218742213e-01
3.813471346138448403e-01
8.528614367161101439e-01
1.003140648006940694e+00
1.013537997095854015e+00
8.798629038720375828e-01
-3.179028407500805287e+00
-2.119688678922839298e+00
-1.565788153152579465e+00
-1.103990910048141316e+00
-6.607636377411191253e-01
-3.468782558490736520e-04
5.880022136827216528e-01
9.186485750564679087e-01
1.031681249669778477e+00
-6.561600088118082486e-01
-1.692253666696788561e-02
4.587000870472198177e-01
5.944478175902432326e-01
7.147087779879623959e-01
9.174658459733016080e-01
1.003383200702175015e+00
9.710250608047369392e-01
8.504876192337758045e-01
-7.632592616635568428e-01
-8.133418766814518031e-02
3.887059255714011008e-01
5.125967047382079533e-01
6.510103704056897644e-01
8.689128466382707305e-01
8.910250955523283389e-01
1.112055212972274498e+00
1.125223476679485524e+00
-1.781011130302352585e+00
-7.213122746614961667e-01
-1.983273585283256424e-01
1.276487700146342885e-01
2.946996139620128297e-01
8.862081519895695925e-01
9.050477297359239559e-01
1.216139718317250429e+00
1.093952490368324426e+00
-2.733389611861745561e+00
-1.547389558086459616e+00
-8.677602362243509448e-01
-4.416250525490428291e-01
-1.217340859249578938e-01
4.168901721066582966e-01
8.820767354828463747e-01
1.126375905563786528e+00
1.084192794649385005e+00
-2.649966885452567755e+00
-1.300011331807829462e+00
-6.334195670359018537e-01
-2.359921339522772221e-01
-3.624733154352392100e-02
4.435334430366023595e-01
6.052737363242726154e-01
8.986731092453243974e-01
1.038942597976248106e+00
-1.986223080538344510e+00
-7.547185305004348033e-01
-1.580707313288121640e-01
1.899297734256887582e-01
4.422961224619457177e-01
8.821955758726051089e-01
8.297376988043809742e-01
1.098084677451921287e+00
1.065675497565695240e+00
-1.956560246659491131e+00
-7.690044666834451315e-01
-1.673435701350803051e-01
1.776615688594940512e-01
4.282508313482555340e-01
8.678933858824463554e-01
7.285977930174724060e-01
1.039753562418201271e+00
1.042980741494575092e+00
-4.257864105427796586e-01
1.913339507748814672e-01
5.608130870616599983e-01
7.037600094569668174e-01
7.472623985790542989e-01
9.419720734399430473e-01
1.123436673204295966e+00
1.197788141644882787e+00
1.111973795222683803e+00
-1.699511029438722565e+00
-6.686085590617512064e-01
-6.488461199909061061e-02
2.088000544216347398e-01
4.269687866725760395e-01
9.386980513104087320e-01
1.076969632328578008e+00
1.134048991414757124e+00
8.799505155840097181e-01
-2.012744770947150652e+00
-8.132744242285275815e-01
-2.358192130553913857e-01
1.514040195578225390e-01
2.925190045155059426e-01
8.775586918249146384e-01
8.447468746243153026e-01
1.184462441204412908e+00
1.073597932600384386e+00
-8.242575275436992976e-01
-6.175059004511580796e-02
3.828250141143864638e-01
5.188676452238214498e-01
7.332091983529424040e-01
1.013147183443232846e+00
1.048935768483653774e+00
1.227064728942022676e+00
1.101894055218860302e+00
-1.966132094460875779e+00
-6.928522270298608232e-01
-9.658347156172879255e-02
2.651690314290971462e-01
4.508122256717864151e-01
1.030315679913462068e+00
1.165611157522171037e+00
1.217808090498071261e+00
9.324302138083073732e-01
-1.358258149970344997e+00
-4.384084427843492060e-01
1.239985659003842999e-01
3.457424468757188118e-01
5.584281092497137555e-01
1.014680625797729663e+00
1.107351465306491534e+00
1.157573372040798132e+00
8.969145493776335964e-01
-3.110326378633280209e-01
3.099347329862847666e-01
6.502558382318379682e-01
7.982542733399682344e-01
8.269835587816839473e-01
9.924921615789981111e-01
1.032553280099678172e+00
1.190769945230089499e+00
1.128665930041470755e+00
-1.941850296200261283e+00
-7.136308883000600511e-01
-1.109864086157037744e-01
2.313950575771963059e-01
4.230717372655120045e-01
9.929215760377044786e-01
1.122199498834688169e+00
1.181029962198042016e+00
9.143005437094260390e-01
-1.504690054412841205e+00
-7.848011091440637577e-01
-2.129185418354611614e-01
1.147461717763161027e-01
3.104629961769852509e-01
7.847186825672970434e-01
1.105437608969954910e+00
1.192356218171628734e+00
1.089526559629651725e+00
-2.018168852138984004e+00
-8.185572847249601436e-01
-1.539304284151252478e-01
1.797056527828243266e-01
4.296701993462384017e-01
9.268485811227051840e-01
1.025499619745301683e+00
9.893072146718291382e-01
9.566471779324365876e-01
-1.911768989316322331e+00
-7.217372212344843607e-01
-1.242232869139763413e-01
2.340827923303395453e-01
4.698017194271523200e-01
9.481533580120006244e-01
1.027258307778430746e+00
1.228220883171809774e+00
1.088822247750019123e+00
-3.005065962534224089e-01
3.163262837418084894e-01
6.822357221453728693e-01
8.221234084285182764e-01
8.684062414260154128e-01
1.020133140420390161e+00
1.083814583254826491e+00
1.030726095520815067e+00
9.066578733897483477e-01
-6.865353113337362423e-01
8.749748679135291741e-04
4.659729414701239136e-01
5.940318419837560260e-01
7.276218257000698353e-01
9.427526389987556099e-01
9.131514987398086092e-01
1.091107335739867290e+00
1.102240549990242124e+00
-1.149078461315788058e+00
-3.945592519387678965e-01
9.365659562150113748e-02
2.295907863576975017e-01
4.859253917016057578e-01
7.773350512057843886e-01
8.235964329771230386e-01
1.073616849011332031e+00
1.086405420001239186e+00
-9.946972391349674369e-01
-1.796624671307731347e-01
3.382507434393602908e-01
5.239409933641641093e-01
7.249498275111746493e-01
1.097895476277529259e+00
1.104320524585105767e+00
1.124265864484610411e+00
9.121848069324147712e-01
-2.505753183284112229e+00
-1.169737180313356939e+00
-5.279935151493504453e-01
-1.322534387247402132e-01
2.179071143995480950e-02
5.747697140488662315e-01
6.277489759927026292e-01
9.444238440878931495e-01
1.050437116480592792e+00
-7.465672567171134644e-02
5.490504911132286781e-01
8.349761319638978607e-01
1.011766371624072125e+00
1.036363956891132254e+00
1.114362542854314242e+00
1.087053037075641937e+00
9.950441829784451020e-01
8.514751361812997743e-01
-2.233666911832917545e+00
-1.044574402880435571e+00
-4.596256244229219301e-01
-9.506040042681966618e-02
8.325399957879729695e-02
6.529831424334784362e-01
7.324638966625881542e-01
1.070314708844317897e+00
1.071578254570314748e+00
-2.252757980917893477e+00
-1.215626891041193147e+00
-6.148655871713212262e-01
-3.336058577603470687e-01
-2.206831025257215834e-02
4.829853555083817862e-01
7.076413177610012539e-01
1.028893301746233613e+00
1.070266204192956261e+00
-2.236375557693018656e+00
-9.991810962016767217e-01
-3.709334921052628298e-01
-1.845356805451920474e-03
2.392871699613197400e-01
6.495453966549393776e-01
6.102105451828413463e-01
8.978233197681250166e-01
1.027658897390293147e+00
-2.838390503462465020e+00
-1.684083550396550111e+00
-9.459422959411241116e-01
-5.146132961790146343e-01
-1.714618947195992449e-01
3.835567006941060231e-01
8.594919770974226436e-01
1.115490816234681715e+00
1.116284730150281623e+00
-2.982040535904722400e+00
-1.882177367141495195e+00
-1.146764497055800636e+00
-6.949905335880839363e-01
-3.399233835891446454e-01
2.469390305872880553e-01
7.531730054046368306e-01
1.050029835391659949e+00
1.090776824233711029e+00
-1.884354865070503315e+00
-7.835855254017252136e-01
-1.417279171359562551e-01
1.590469619091492148e-01
3.795990548925002317e-01
8.995351981981836165e-01
1.032613928931845004e+00
1.054531039344557053e+00
9.203936387836449962e-01
-1.844971467135568588e+00
-6.098861327325012516e-01
6.411833330808741106e-03
3.343386424797238354e-01
5.478290732030602905e-01
1.053836508812244999e+00
1.217655220971891383e+00
1.249702696458670159e+00
1.089838728546967506e+00
-1.068572241651725596e+00
-3.798430761313804638e-01
1.278330137273392952e-01
2.619576801996449933e-01
4.409772709323737105e-01
7.081321576474672863e-01
8.220846592070876202e-01
1.081784003175826347e+00
1.119440397672925469e+00
-5.693610239083973790e-01
1.007717945316336516e-01
5.311836335158971467e-01
6.606505304832591685e-01
7.568870543024395214e-01
9.508167594104662834e-01
9.473975680866271176e-01
1.143822788380903788e+00
1.138773033069088836e+00
-2.000304114737418981e+00
-8.073737712787785181e-01
-2.532355840101173095e-01
1.070436233128900239e-01
2.585086299748235450e-01
8.533470576046853218e-01
9.637863947762508321e-01
1.241951850940951507e+00
1.101013022227383065e+00
-2.031999190481930118e+00
-6.919291193486171165e-01
-1.243217193846831853e-01
7.083639105048047946e-02
2.649959362378544458e-01
6.646148400704020576e-01
9.316720040961410376e-01
9.003689054346274423e-01
9.099655185816152292e-01
-2.120932174097808876e+00
-8.994349272648889393e-01
-2.800449773049979996e-01
9.332901878486658809e-02
3.203992010770806420e-01
7.881864626338194180e-01
8.201419857431575533e-01
1.093617683186466571e+00
1.086007773793820519e+00
-2.020547001399111142e+00
-8.085704125738211179e-01
-2.053334193880803349e-01
1.456346926746605042e-01
3.994290066259412186e-01
8.259438316892413479e-01
7.887275532571575987e-01
1.050014389895821409e+00
1.059974971152745304e+00
-2.330189501212398540e+00
-1.049031078294613284e+00
-4.221724335437637698e-01
-3.427434348231241101e-02
1.257221968011530133e-01
6.840066513569739159e-01
8.053314960488010543e-01
1.114919133233933213e+00
1.098280147981135269e+00
-2.107414619212371054e+00
-9.022975908308786819e-01
-2.866524615080696115e-01
7.493802235991807448e-02
3.198210401060503361e-01
7.421815885119790179e-01
6.444210654876205702e-01
9.402852856718255659e-01
1.033106059338954941e+00
-1.172366986468819317e+00
-3.566409683252751428e-01
1.204343520727651357e-01
2.840189547525651670e-01
5.457816494648388694e-01
8.678825607125053576e-01
1.000834386544079413e+00
1.204633730337061337e+00
1.108179885381224805e+00
-3.192526516785443746e+00
-1.843675193479528351e+00
-1.199660630722920285e+00
-7.590280292637959780e-01
-4.575348490195557671e-01
4.329823103457880462e-02
5.561116847991126599e-01
8.477332872480533021e-01
1.032406090914574692e+00
-1.036856972271475774e+00
-4.455997027668819888e-01
9.519523339485798374e-02
2.341859990946550951e-01
4.428734147867156579e-01
7.685309931106520942e-01
9.834943466205274820e-01
9.480769597455274145e-01
8.860883056013334480e-01
-1.911359427095501162e-01
4.310099774463131972e-01
7.798392964133336047e-01
9.234909931256112259e-01
9.638471037421364462e-01
1.099903397156840823e+00
1.137940663466489477e+00
1.082483125757067066e+00
9.529934428217817777e-01
-1.867770093185616043e+00
-1.017159556986304114e+00
-4.141215083575562339e-01
-1.693282087007782488e-01
1.115713872172160448e-01
5.513750845970263326e-01
9.124345675224468932e-01
1.150087641481871259e+00
1.119045173294640261e+00
-2.230244807984296251e+00
-1.016087555235497986e+00
-3.898748207900480378e-01
-2.112315048770729842e-02
2.432226498340053500e-01
6.229162112707850030e-01
7.270027697728467242e-01
9.922642979288923692e-01
1.056403775369162856e+00
-2.005231797726734211e+00
-7.235865644015295750e-01
-6.778427580352458515e-02
1.017431368889506471e-01
3.353576905009212905e-01
7.571744804650284433e-01
9.613986847678430703e-01
9.297225236958455152e-01
9.096491873538896655e-01
-1.874645657440574542e+00
-6.666740359965447338e-01
-7.422666869572969173e-02
2.717319930360224678e-01
4.648079481336320207e-01
1.040650243551312082e+00
1.175421358126993887e+00
1.224711074328911797e+00
9.489294575589648506e-01
-2.476063624382940809e+00
-1.247513905501251630e+00
-6.136909737420642719e-01
-2.297846299911432688e-01
4.041842252327725732e-02
3.830708557587526042e-01
5.830958206132316191e-01
8.753568017332308271e-01
1.026603476046009211e+00
-2.211574032694188396e+00
-9.666160539913004612e-01
-3.467455208524777843e-01
3.779896004704683815e-02
1.811776002184146694e-01
7.495899198745015202e-01
7.495594089485644318e-01
1.088816100930868336e+00
1.069646162036387960e+00
-3.502525191783105729e+00
-2.201954938576331067e+00
-1.544574513888070877e+00
-1.050144320856815083e+00
-7.080740439465030844e-01
-9.753560318388273739e-03
5.722122772287261405e-01
8.756348828533748740e-01
1.046092079233857719e+00
-2.798324815490584427e+00
-1.665894445986803030e+00
-9.897893495077384474e-01
-6.346602694335856665e-01
-3.279146282028713721e-01
2.253083279743142986e-01
5.563035216061725796e-01
8.680313733299094281e-01
1.054803408492717587e+00
-3.029336151929506449e-01
3.350171883597741762e-01
6.777421995410094491e-01
8.321796528565665874e-01
8.591960816996950800e-01
1.030293364755536123e+00
1.014311977008789389e+00
1.171411689799007894e+00
1.146137136748414109e+00
-2.013847919536359221e+00
-7.854936640565455264e-01
-2.229958182831199287e-01
1.443937026437263349e-01
2.877075282691932134e-01
8.883380103072010536e-01
9.882530040523428427e-01
1.258348418304535921e+00
1.101444795917131181e+00
-1.825303238389970328e+00
-1.153062191890876109e+00
-5.343317313996323037e-01
-1.692513327544209190e-01
8.098652328981337245e-02
5.593739700471694887e-01
9.815579413169537304e-01
1.156821848683224241e+00
1.082565139041507862e+00
-1.656120497637338485e+00
-6.313460812119090493e-01
-1.389923096941170222e-01
3.171094055880670920e-02
2.129844512432597370e-01
6.238489068497398149e-01
9.390051378592894071e-01
9.154808373752847395e-01
9.545051958400195824e-01
