-6.743156230945073215e-01
1.548319379042286226e+00
4.044765910590622404e+00
2.649475045260004435e+00
-3.908646130814196429e+00
7.376267772577468129e+00
1.835431676980826265e-01
1.645512887535009350e+00
-5.419339515237769689e+00
-2.624965878931741603e+00
6.234484312077378521e-01
-4.363180573682648777e+00
-3.749955472123142286e+00
-6.120930066545648973e-01
-3.174205139162760592e+00
-3.141235787700502602e+00
-2.458652129651991203e+00
-5.616296886414541945e+00
-1.932282713453516709e-01
2.795182609774276905e+00
8.248075043066939172e-01
-2.531979194478364281e+00
3.487795513327474062e-01
1.061447704759054700e+00
2.254893884800123871e+00
1.398458819405289821e+00
-5.884109648419900473e+00
-1.942496396403793346e+00
-7.444830115332094600e+00
5.544922329819758744e+00
-3.503357259595253570e+00
-7.703269332410387360e-01
-3.387334026714962754e+00
2.608224331954415831e+00
9.697386740422480056e-01
3.354660726719082220e+00
-1.601079801909271794e+00
1.131283935795541096e+00
9.978082112395580960e-01
1.269382182710809159e+00
-6.493387718095892325e+00
4.430719650510967611e+00
-3.502727434987567445e+00
-2.827229345542672245e-01
-3.261182197406024663e+00
8.068069695171114830e+00
1.837567598048597972e+01
1.310520047682483558e+01
1.064672418392025222e+01
1.944429753463862198e+01
1.309926796400390536e+01
2.137969632161625455e+01
2.464227204915290059e+01
1.133231233356393020e+01
-3.419745649933763953e+00
2.535161283741015570e+00
1.526125028286514196e+00
-3.339160483715855499e+00
-3.620541856045999540e-01
1.339776465339336919e+00
6.791829792039542069e-01
-7.864273092062963322e-01
-1.146709055921296816e+01
2.607452701660241345e+00
2.511615938598104059e+00
-9.978423583356642590e-01
-5.402204332229496586e+00
2.912779513141654952e+00
-2.468941883788226654e+00
7.853896522888994536e-01
-1.520676766793571000e+00
-8.924834977831519467e+00
1.644126619855882598e+00
1.683406946690457540e+00
-6.372396702153918513e-01
-5.590609325093662818e+00
1.394466076986320857e+00
-1.267641055823862439e+00
3.674027655444707108e+00
-2.050966228456171103e-01
-1.417969385374987477e-02
-9.899975432553020482e+00
-2.801852351934234875e+00
1.986243219255284576e+00
-2.352454004140480670e+00
-5.738537791988186143e+00
-7.351682848689278238e-01
1.966743348107357736e+00
2.788020369498706685e+00
7.010936740502645703e-01
3.717498181444955918e+00
1.796810932690650064e+00
-2.761571476750230292e-01
-5.091905153204578482e+00
4.065911887758248966e+00
-2.647726718911624477e+00
2.655225737765116722e+00
-1.390563459172506233e+00
3.241243675820436043e-01
-2.622081523190173957e+00
-7.825811896197638617e-01
-5.813833438920124941e+00
-5.959523054968464351e+00
-2.428733979414449351e+00
-3.217464781121197159e+00
-3.825031640568642199e+00
-3.928443142696822044e+00
-6.218755978123694739e+00
-2.615335299927353585e+00
7.800880803824800092e-01
-2.273747499678603567e+00
-6.998163012430736352e+00
6.325051193463292476e-01
-8.121189273475359016e+00
2.829311694694685020e+00
-1.542663185302663109e+01
-1.070573659355212115e+01
2.417616497829239375e+00
1.270707539236428874e+00
1.090831242472608098e+00
1.231498623875311615e+00
-6.085829449819369685e+00
6.279563557322410006e+00
-6.113831857384030677e+00
2.257548554086384218e+00
-6.295153689066157021e+00
1.484262695133083199e+01
-9.200633378919624406e+00
5.733239022676189123e+00
-1.583298454130153354e+00
7.606896081375714713e-01
1.287098775421091079e-01
2.903496618485138292e+00
9.877222092597177650e-01
9.469300718541073802e-02
-4.613473669981210890e+00
-4.157909373884770332e+00
-1.461705077560846533e+01
-3.845011870218903116e+00
5.745730073042373265e-01
-1.102926348355706487e+01
-8.907316524435897165e+00
-1.840969402532023480e+01
-1.230894661145671165e+01
7.495889593457426558e-01
-5.325977757159170878e+00
6.658765100661638847e+00
-1.461786803312100425e+00
3.398690415489430627e+00
-2.457792050090925606e+00
2.060713296508912773e+00
-2.279165497196012691e+00
3.450614590248223479e+00
9.042354902595788335e-01
2.933352360642496492e+00
9.480066803964956046e-01
-4.169398975304871691e+00
-4.155245103840574800e-02
7.936365964007945362e-01
1.226970324929037126e+00
-4.788614183818921122e-01
-8.888672956623592469e+00
-6.727274088029563393e-01
-2.906805081152368242e+00
6.875832121053376156e+00
2.663739788089829030e+00
-1.086404879741422747e+00
8.527461436424960795e+00
1.556805932763319689e+00
-7.238785405917101956e-01
-5.616173542975325894e+00
-1.176017092419025634e+00
-6.398937707386099127e+00
4.863543918567192037e+00
-2.362070556922184483e+00
-4.290566293442691581e+00
-9.442500300538467228e-02
2.485156197701544833e+00
1.723914523325759518e+01
-4.405802547202889441e-01
2.269539940856623694e+00
1.135928937923227799e+01
2.094616003751471389e+00
-4.618819165058615006e+00
1.295557709065411700e+01
9.087086860442381564e+00
5.996984501801477130e+00
-6.165660811624342763e+00
-9.537108158882990239e+00
-4.788998744610708513e+00
-5.283840053264720060e-01
3.809525964888485383e+00
2.774843381608503634e+00
-3.900550084311800170e+00
5.862789646606985983e+00
7.478669317867957522e-01
6.310740470531121638e+00
-1.179412166334352863e+00
-4.147871465045150252e+00
1.017556148183945242e+00
8.037001677042043823e-01
-1.594473541077616296e+00
-1.622039842421628464e+00
2.813792666791576469e+00
2.943792326186066344e+00
2.890110196028005785e+00
1.664397202096085548e+00
-3.095289397261297371e+00
-8.385957275983026149e-02
5.210302489553798821e+00
-2.526804475403268579e+00
3.855638722844029420e+00
4.768826917212404481e+00
-5.350468275563824427e+00
3.180551987702409988e+00
-8.643572159118232179e+00
-2.549087199820914140e+00
1.365226465303670755e+00
-3.940302346476884043e+00
-3.411344048336708568e+00
-2.412411651619430220e-01
-2.653807655846566860e+00
7.746488183251782900e-01
1.437168264762405334e+00
-2.324347484091031646e+00
3.529892780294294319e+00
8.992542250159450745e+00
2.473052846888626477e-01
9.924706717902001429e+00
1.423446676084451923e+01
2.953482811999127211e+00
1.148977572374150924e+01
-1.588423297423707936e+01
-1.217372414834593997e+01
6.021429107485670507e+00
9.925997718437425732e+00
-1.724186326762635835e+00
-3.577684306587459062e+00
1.932131027912740251e+01
-4.681162687555742608e+00
-2.962079516582391214e+00
-8.143145953363195133e+00
-7.794851762101768777e+00
-5.679908854161410225e+00
2.863120868556732201e-01
-1.486095568621581264e-01
-3.931303302370056318e+00
3.165031875975507170e+00
-3.853351801508468899e+00
6.227385666670644859e+00
1.286835063763320797e+00
1.346036958316937593e+00
-3.751854396154124860e+00
4.623407241003140378e+00
-1.896870268347114141e+00
-8.046024155331439331e+00
5.456760145948823748e+00
5.624153128720003281e+00
-3.678766353176594173e+00
-1.100924323830923335e+01
-8.017024032738115480e+00
-4.881965742520465668e+00
-4.595775550738916415e+00
9.552591327102943453e+00
2.424000989470382450e+00
5.138778559483690778e+00
6.250450717507021192e-01
-3.917192059970248663e-01
-7.077412491724810906e+00
-2.382102490796934369e+00
-4.734643477509772880e-01
-5.926355324518403300e+00
6.361503701439266578e+00
-4.132459236422033833e+00
1.839287062848283139e+00
-1.640089778105496165e+00
5.734943706058456492e+00
-6.535625188092847315e-01
2.934444793100311699e+00
-7.093166863337279082e-01
-4.716214993887045459e+00
4.850017122007110437e+00
-3.807128755131184317e+00
1.353700922780192384e+00
-3.118689334945181635e+00
-2.454422420510677050e+00
-1.209011701564285834e+00
-2.267902280028986084e+00
-3.492424645907367342e+00
1.751177427280707688e+00
5.087432803946835558e-02
-1.090711158335994302e+00
-2.436526364416510049e+00
3.156195930712552666e+00
1.275081791248685814e+00
-4.871136441887680690e-01
-3.305703335266441112e-01
-7.326053121774370958e+00
-5.446819455768516782e+00
3.175892884633508384e+00
-3.054085291239976296e+00
-7.064121824149999007e+00
-6.271437779112432054e-01
-1.540358739964782897e+00
-1.028909669065589227e+01
-8.691080119697765838e+00
-3.143234643212135637e+00
-2.515352746948554152e+00
-1.575285379675716513e+01
-1.845291278395019674e+01
-2.688237944517631872e-01
-1.275019334011054539e+01
-1.042550268965262639e+01
-1.125729418132854764e+00
-6.627758283899387592e+00
1.550425488522048534e+00
1.136645428267299529e+00
2.087070463970850387e+00
1.252641273978958969e+00
-7.464473984201400292e+00
5.252534412159568511e+00
-4.267124554006051618e+00
3.818358374353122198e+00
-7.747826435667501954e-01
7.521380783588086594e+00
1.097244702633198177e+00
4.348640861577463212e+00
1.228747702805783382e+00
-2.091081548850787009e+00
1.160474262880212670e+01
-3.844571541926319558e+00
9.150159283726329917e+00
-3.715307524430275787e+00
1.105972972406549515e-01
1.000001514070093106e-02
-9.002694274427753829e-01
-6.088579164555954826e+00
-7.541297508938206162e-01
-5.376802043162246747e+00
3.001603498199910014e+00
-4.300290540889848856e+00
-5.483065795923081076e+00
-1.474110357278609174e+00
-2.638261200381490368e-01
-2.433317017642401936e+00
-1.310976200735214592e+00
4.513399381328548010e+00
-1.091012852103924846e+00
1.179534244422191014e+00
-1.653799455044803413e+00
-3.758708082647921778e+00
4.309999028130531151e+00
3.252629388881340233e+00
2.492521560072422204e+00
-2.389976650962247096e+00
4.642291221522652833e+00
-3.521160066695205426e+00
2.725511779371319054e+00
-2.701215915629834541e+00
-4.836754970841298906e+00
1.560870316114220113e+00
2.542547885498838589e+00
6.314785097387842772e-01
1.531684399885770764e+00
6.364823150607080926e+00
1.171212004451604560e+00
-1.113680921914412952e-01
1.289909962275831212e+00
-3.133264052972506430e+00
4.900282845577245139e-01
3.288919641940807881e-01
-2.570481994558074135e+00
-2.202271459693823985e+00
4.702003904004738999e+00
-2.000573239517874580e+00
4.116149784634368092e-02
-5.415995887940751707e+00
-7.582585820741857496e+00
6.982856804947957796e-01
5.313982509027291634e+00
2.482338226872779163e+00
9.855141722405751370e-01
-2.308508643080327882e+00
6.635928172432695504e+00
-8.161791167771314193e+00
1.056328556858666889e+00
-9.578447313653500217e+00
-4.669284177891269927e+00
3.734507499245343531e+00
-4.373612538361881796e-01
-7.341485793877129851e+00
1.555513898886279611e-01
3.085097290904161849e+00
-7.640433059616877465e+00
-1.309093082873792291e+01
-7.201637569321227339e+00
-3.919511007918392131e+00
1.948015668577502968e+00
-4.398867308701102985e+00
-3.619842041455215043e+00
-7.368475174080373336e-01
-3.154209548463981161e+00
5.067803129276998497e+00
8.292229341312511437e+00
4.910848134275362931e+00
4.501373567243160956e-01
4.542342629013433331e-01
5.014325560785870550e+00
1.119662550690754044e+00
8.315106063437680550e-01
6.146659573850099534e+00
-1.359253885896862535e+01
-1.359805888807450902e+00
-8.951329792099281590e+00
-4.509573323112996412e+00
2.711907002556317448e-01
-4.649100633184183984e+00
-3.428628377602569000e+00
-1.240818295104954228e+00
-4.199175291587969205e+00
6.383691081748731344e-01
-7.258235306837322653e+00
-7.805802035727539945e+00
-6.357804331253605667e+00
-5.615532926530773850e+00
-1.587322659566535066e+01
-5.351576346914861837e+00
-1.381791553169567699e+00
-1.202631054568349711e+01
-1.345424003285061509e+01
-8.409668576313694688e-01
-4.798908737856328321e-01
1.820985994616446391e-01
4.385372363984915145e-01
-1.853535579040812342e+00
-1.189033290330858028e+00
6.447570028300479095e+00
-4.125685075063189267e+00
7.590894876847380512e-01
-2.968819593673190926e-01
-4.780785254347503788e-01
-4.157080830581424635e+00
6.903850847668111079e+00
-9.607074716718322360e-01
-5.321366547406129577e+00
1.041200046298018300e+01
3.833323143305122915e+00
-4.666276058594116982e+00
-5.153503243800217071e+00
-4.725877379044383098e+00
-3.737083004629264238e+00
2.930017362756751620e+00
-3.564006024512985427e+00
-3.076749125658556405e+00
-1.451295309961757152e+00
-1.926594951094879660e+00
2.763246476043572208e+00
8.316167043913821999e+00
3.053254941071563255e+00
2.950046593032098929e+00
-2.696448986854732333e+00
1.301788008957999843e+00
-1.435394888177556338e-01
-7.773174011241322567e+00
4.997114872975846112e+00
-5.388608858515224753e+00
5.015351659928063199e+00
-1.142004654897356364e+00
3.140699684999876506e+00
-5.734487269040153379e+00
6.131813072013795107e+00
-2.957995741885504071e+00
1.725195033479462348e+00
-3.557031352453265516e+00
4.137030371987114208e+00
-1.557905216145119232e+00
4.775302456056429001e+00
1.208529985296585885e+01
-7.565757227989468703e+00
3.695262238879355454e+00
-4.465872109701437331e+00
-3.187749579934106237e+00
-1.364275841171367076e-01
2.014331592815320260e+00
7.788282301672241559e+00
6.372528666291417399e-02
-3.863010084902902097e+00
1.283443298635329244e+00
3.522961687871034808e+00
-2.785113814483691996e+00
-9.323290802894112161e+00
6.183804163436698031e-01
-1.581460822702921654e+01
-9.277586941604011983e+00
-1.760076103124723179e+00
3.438921171022341294e+00
1.784282184905168878e+00
7.217769790939237318e+00
5.533682728840165765e+00
5.610448486693484504e-01
1.151678741767822345e+01
1.048741094253075623e+01
1.462822269960403432e+01
8.893000076223257722e+00
-1.589980327987934872e-01
1.009451967166326236e+00
-1.319590514568942297e+01
-1.584714584657145231e+01
2.559723896439579871e+00
-7.690790800176679376e+00
-6.758251364253106352e+00
-1.404171598985548286e+01
-6.257298537373618075e+00
2.218249599291416629e+00
4.503961798608330014e+00
1.095853111741682540e+01
7.365552845721488495e+00
5.723741548376498622e-01
1.104532738628725674e+01
9.929709976424065943e+00
2.077464051978192572e+01
1.529672133282929636e+01
-5.239620685516954701e+00
1.231034946887194392e+00
-2.528722716704759899e-01
-5.191723445729206077e+00
2.607496487543286889e+00
-3.622752581942023209e+00
7.187822231804641859e+00
-1.137585831955250981e+01
-3.997461050524259818e+00
1.553638154183201392e+00
6.922195057334137758e+00
-8.307770589243095305e-01
8.458103975498286076e+00
9.713902745949633655e+00
-2.330124583226092394e+00
2.327211393650632232e-01
1.200306967421068194e+01
5.898491781362985797e+00
-4.052627097881580376e+00
-6.303733750466625985e+00
5.361603386701994545e+00
-5.354463741629554185e+00
-1.278197985968447581e+00
-1.501247851703221281e+00
1.880839478445620161e+00
6.486774732640640195e+00
1.057916924357606314e+00
5.392365408082500089e+00
2.542990021204166062e+00
-1.086709908775929545e+00
-5.061960087444894896e+00
-2.203515597650357094e+00
1.666829211426212876e+00
-1.083372678030371006e+01
2.727420384041299162e+00
-8.528551331844452577e+00
-2.765779508098216155e+00
8.317484565220213399e-01
-2.091722781279048426e+00
-8.749374969160548687e+00
-1.202323233795413282e+00
-8.027848374919209107e+00
-8.697254221063943636e-01
-5.208087325201414153e+00
2.847184237009561691e+00
4.672259282398692370e+00
1.343011610853963766e+01
8.138602730797355633e+00
1.116213590849359960e+01
1.411931666709368471e+01
1.075022043314352516e+01
1.592275685586438527e+01
8.359609963097465624e+00
6.558698954113938662e+00
3.532444147561560222e+00
-5.709539982476472098e+00
1.009347208464224543e+01
3.225400141093252238e+00
4.603740593321506758e+00
-6.504787844104022998e-01
2.742431189907805211e-01
-1.021133843842421918e+01
-1.620288133940263942e+00
-2.717817514816610380e+00
3.261329844235976716e-01
-4.702539256092713033e-02
-6.788739932132082933e-01
-3.964627212955886826e+00
3.415716326661212054e+00
7.425037250828913082e-01
2.096484223142240033e+00
1.190944992951775916e+00
-3.293833456464419385e+00
9.809546753317661683e-01
-9.251435862017986622e+00
-1.738938188313851274e+00
9.717972097856326652e-01
-7.881267669566406120e+00
2.888084336030915633e+00
-8.777481510487344707e+00
-2.165141707071065902e+00
-2.350033077620333533e+00
-3.743642183952013980e+00
4.775829828513332487e+00
-1.249040178827755865e+00
-4.988739478744143696e+00
3.679062840950911628e+00
-1.298770438543131345e+00
-3.043569946143672489e+00
-4.337166995628527477e-01
-1.030080372156837010e+00
-7.709035348800120646e-01
-3.464616242662008183e+00
-3.442508421378933203e+00
3.546823777923646670e+00
-2.436531931541260576e+00
1.051100073071359331e+00
-4.730223607947574571e+00
-3.619621099891140670e+00
-2.545249130832141216e-01
8.183033721933616889e-01
-1.644512810994876117e+00
-1.632490674506831496e+00
4.719642548058224030e+00
-3.468707064688918873e+00
8.244291469083288304e-02
-3.697644732468678530e+00
-8.716515243337397578e+00
1.771660343550555350e+00
-4.271595401208033493e+00
3.406763040434064305e+00
-7.102084325333834158e+00
7.887409994012630765e-01
-1.856333676717730974e+00
-2.250600792835417252e+00
3.117407781243251019e-01
-2.162211837951791171e+00
-1.320021092482458025e+00
4.339664069477529029e-01
-1.967142237628960233e+00
-8.508051411080308490e-01
6.716912778484341651e+00
-3.934527407787894671e+00
9.905166835925782731e-01
-1.762158773307693105e+00
-1.420916773396919686e+00
-6.523551489421255845e+00
-9.544970392589500197e-01
9.228724414070174631e-02
-4.470547559205365395e+00
-1.076134455915039290e+01
-6.526415544142602165e+00
-6.165601514324762888e+00
-9.858331914769394189e+00
-1.056715147769808683e+00
-6.704043507257578582e+00
3.554111711815289176e+00
1.830804098572842209e+00
-1.473044282388029425e+00
-1.469118583946385614e+00
2.352906388835736440e+00
9.378081041733341561e-01
-1.181479891389935616e-01
-1.961540504221175762e+00
-7.194145732828103323e-01
9.175093020254915244e-01
-2.190638482595254732e+00
-1.248781819339095378e+00
1.823777863987764203e+00
-2.285411720907752020e+00
-1.660421126611606457e+00
-3.004578437569322524e+00
-3.366204490004542915e+00
-1.782711194945611588e+00
-2.703709223244905591e-01
-1.373302848737722748e+01
-1.813908146523658971e+01
6.805632462718943287e+00
-2.024804333849449378e+01
-1.263317534584792234e+01
5.285467519584727825e+00
5.198589487664890818e+00
4.670082841594455303e+00
-6.382748941987404834e+00
5.560980359467378342e+00
-5.040304826502176816e+00
1.450399047991149937e+00
-2.771625522633199612e+00
4.058895669312654775e+00
-2.446792453656626287e-01
3.557215854227149254e+00
2.588897068309197191e+00
-4.051686377979023312e+00
5.939267134314872187e+00
-4.078577366646961799e+00
2.754508245710524772e+00
-2.630308155661066571e+00
5.487196552601299793e+00
-8.675488677008090788e-01
4.499538889147570053e+00
-2.576248847946418508e+00
5.929155937648846297e+00
2.855617053096151547e+00
-3.717335570210650864e-01
8.609775662076232905e+00
3.390824835650639635e+00
-3.726349725756942899e+00
-1.516646247950914850e+00
4.125026937501182211e-01
6.462497375591866877e-01
4.086387737109821394e+00
1.091215557911368483e+00
-4.601369602829988636e+00
2.044008107575339128e+00
-3.682570146030283986e-01
2.347144127354374721e+00
1.300946705643320767e-01
-8.933058431625773288e-01
1.191528873811151135e+00
-6.609435218562960124e+00
3.279376040625125555e+00
-3.724905572830920164e+00
2.824806814684706957e+00
-1.774086912888729994e+00
3.558554799156617432e-01
-1.381761413942830474e+00
1.618037810375386298e+00
7.161713487775167586e-01
2.033497795613540493e+00
-3.855136811307150468e-01
3.382477142356810074e-01
4.534963694702205395e+00
-1.197416154815130529e+00
-7.837313041462957708e-01
-3.363728791186955114e+00
-2.796920892048027518e+00
5.350301949760956965e+00
3.581990640337867626e-01
9.218367155938612001e+00
5.887551064701227688e+00
2.400873734607742449e+00
1.269113883071750415e+01
9.328047052195033828e+00
7.774512298534088650e+00
4.610447566361759009e+00
3.324031473673596082e+00
-5.364002664009950294e+00
8.537848919250693669e+00
-2.129826045986726868e+00
2.683104943123503894e+00
-5.648569196892052613e-01
3.634177634426976500e+00
8.946146705747873851e-01
2.258883736085449456e+00
-1.332892123905106585e+00
2.816575314161266608e+00
8.231910462145221041e-01
-3.380259468385070853e+00
7.779012305919299486e-01
1.176590887438425798e-01
2.465757227122605588e+00
1.424633756577677213e+00
1.744416198320484002e+00
1.212183742217094684e+00
-2.145588713596722208e-01
-1.792989624682767680e+00
-3.042435248937056969e+00
3.669118324730361813e+00
-4.033841722654976536e+00
3.783933120685603058e-01
-3.285353129555597107e+00
-4.319962520152412111e+00
-2.229067784008648356e+00
5.516058758311096710e+00
-4.917653412507912769e+00
-9.970899032024561848e+00
9.510174656433205698e+00
7.545569259611527302e-02
-3.413058311770100772e-01
5.952620749253140886e+00
5.541042174330534920e+00
-1.672152255326927905e+00
3.549482176323621729e-01
7.082443025696351091e-01
-3.377486550834023937e+00
-1.223393189354169963e-01
-2.976584229776770840e+00
-1.514178064689205128e+00
-5.163632077180208002e-01
3.892396549633476699e+00
-7.577980611207332906e+00
-4.416982271932294868e-01
3.733502415964419452e+00
3.266369575265977709e-01
-4.549291184912528152e+00
2.716991662426736731e+00
-3.328321196457213027e+00
-1.565530470489500559e+00
-1.110827470056227506e+00
-2.550590916668198371e+00
-2.591414077230719482e+00
5.199967974693872286e+00
-4.467791334816646476e+00
3.603144738480758669e+00
-7.066335352792559865e-01
2.275078682213817149e+00
-7.605833220427196117e-01
2.442401021612728318e+00
-8.736635095219874358e+00
-2.239747091703715665e+00
7.921992679928023584e+00
-1.709598897562592201e+00
-7.152679920128472979e+00
2.159154005814307276e+00
-7.576464937858171211e+00
2.096846824433177936e+00
3.170503838329834068e+00
-1.060086857617829281e+00
2.723194316533476544e-01
-2.205827831410708928e+00
-2.245399163210694660e+00
4.110933521313410388e+00
-3.607604506826525448e+00
-4.095678892018150830e-02
-3.984578676155863253e+00
-6.475942695259647941e+00
7.564484221182684820e+00
-8.223197900001078864e+00
4.843142225661527966e+00
-2.618145370098786007e+00
-4.127012666960787612e+00
-3.566458382834296614e+00
7.806100380409045636e-01
2.252443590612847935e+00
5.032121842840303616e-01
-2.419500449546458931e+00
-2.044052950325269347e+00
2.062218041757448272e+00
3.958388830512158396e-01
-5.733054095838879149e+00
3.155218790857063471e+00
-4.255831084144315324e-01
3.605690183235332746e+00
5.121027722337645471e+00
-3.734254917505378302e+00
2.281111267663084696e+00
2.090386491171029704e+00
7.904361037868575801e-01
-4.422765963418056501e+00
4.636347589162635785e+00
-7.440438245178516985e-02
-6.442081527127566654e-01
9.407455283535914869e-01
-2.053687222676440882e+00
9.409917050079995571e-01
-3.547580849367631295e+00
-3.070215695041421000e+00
2.523220710809279121e-01
-1.921693942509498987e+00
-5.242208773938773270e+00
-1.978317015401074297e+00
-1.115794201156135479e+00
-1.672693101119348755e-02
8.774644659326545915e-01
-2.345120974346009302e+00
-2.222844808886002888e+00
4.579723046764202721e+00
-3.155641079114052339e+00
2.560095640926491334e-01
-1.623070299163521968e+00
-3.523086563088890372e-02
-2.636369125755212650e+00
4.640303355724880063e+00
-5.406597184828096925e-01
1.756204737263159510e+00
3.315099916749978171e+00
2.477570376764617333e-01
5.718377393845509360e+00
2.607846330615768982e-01
7.191453541909109681e+00
6.753416270528333598e+00
1.950093700348827142e+01
1.083377232770986787e+01
7.351447387099559805e+00
2.563199121285516213e+01
1.354916592647145812e+01
7.566814655254961330e+00
1.255565061073479782e+01
1.328203709467508453e+01
7.101846131006134044e+00
-8.457800462445698386e+00
2.170048818575433636e+00
-5.478361702177235060e+00
-4.005807363413302902e+00
-1.666354359605491720e+00
-3.998522954943097701e-02
3.377091648992724071e+00
1.160392610409971992e+00
1.463941240394562637e+00
1.937753912725461047e+00
-2.321484918894984595e-01
1.640684637159249559e-01
6.515089707131431318e+00
1.974143191944673248e+00
7.753401386991199962e-01
-2.916008247606171722e+00
-1.156335376670104775e+00
1.295917340235909876e+00
-9.592786083717559364e+00
6.656155354753978237e+00
-1.239080075379028090e+00
1.445744525404319969e+00
5.103945444804288689e-01
5.379587108756913594e+00
-8.694444996949569626e-01
2.924758568354580479e+00
-1.087125898401863217e-01
4.223799114185426973e+00
3.959836189655723704e+00
1.562769332610959738e+00
-3.057074296407888969e+00
6.987683430758831804e+00
-8.830296871069229780e+00
1.308623590842271867e+00
-4.396158856324576369e+00
1.637493824314815161e+00
2.571835237258225160e+00
-3.354917345995808708e-01
7.277438025733630189e-01
4.306643737678861328e+00
3.058474267425674853e-01
-1.987398268639831933e+00
3.688558199746731603e+00
3.802548635182465997e+00
-1.184394166794311154e+01
-6.861924778885383214e-01
3.819014029604369309e+00
-2.787243639245744919e+00
1.113929966059574728e+00
3.460433242072899152e+00
-9.172093943203371680e+00
2.611719369542112368e+00
-8.175754737491851998e+00
-2.100279667242486159e+00
5.495345253358357995e-01
-1.858572647672944722e+00
-1.092354169381704931e+00
5.754917260600031170e+00
-4.253659680506066465e+00
4.697815285647657380e-01
2.943414965212357792e+00
3.704638911299579895e+00
7.394000549867249639e+00
-8.292318063611318735e+00
5.561555065768880368e+00
-3.472285002224117179e+00
-8.145203287133632175e-01
-2.646270629632800908e+00
4.594961904188338053e+00
1.926856437762274554e+00
4.541100332074668344e+00
-2.530906231941616902e+00
-4.412186642919523116e+00
5.164460707422986019e+00
-1.695315261515904837e+00
2.379147110871634219e+00
2.498862139327218818e-02
-3.981549689650776269e+00
-7.387464880974343728e+00
-3.535344089179677241e+00
-1.507684689434972691e+00
-5.153513399964858799e+00
3.319248110170405219e+00
-4.521398551873266669e+00
2.784921470909844210e+00
-2.309663999846046867e+00
3.306725676480844367e+00
-2.103991636031866397e-01
3.731161341563363099e+00
-1.931988354815601161e+00
-8.099159680574380404e-02
-9.284631357676359498e-01
-5.925960479926498436e+00
2.135829552334396475e-01
-7.037631290801314776e+00
-2.071485251009236528e+00
-4.122461468465599688e-01
7.309000258029358932e+00
-7.478072404668134610e+00
2.207312967241088053e+00
1.174064035387605065e+00
-2.578923905497675584e+00
-5.042705177723314947e+00
1.379996106737980899e+00
5.184873685798465637e-01
2.036311630520700078e+00
6.343072070941198071e+00
-5.682884280843222058e+00
-7.605642122963130802e+00
7.318684182282615858e+00
1.146855573477458812e+00
1.490965927953822323e+00
3.229663420673493657e-01
-1.547599011769199562e+00
-6.617513705102216370e+00
-1.880204705254547193e+00
1.227654590407698310e+00
2.182193744170165317e+00
-1.508100536008234016e+00
-7.840338212096535919e-01
3.378315210239533961e+00
-1.455899001731010001e-01
-3.929038920402843527e+00
-1.630005253622965000e+00
1.000386442785872410e+00
-1.052489417708000641e+00
-8.677843858267345611e-01
-2.788490110428476942e+00
-1.480712163600933273e+00
3.794431497443326418e+00
-1.748880677112226278e+00
-4.481110464219634770e-01
-1.214732683975123101e-01
8.386266222917267976e-01
-7.531547596196420002e+00
1.945313841921710196e+00
1.375849174992530566e+00
9.804777844732761594e-01
-2.683246707211443649e+00
4.035929627950320508e+00
2.484349558802963209e-01
1.035800624598928188e+00
6.029536435718306997e+00
1.952474756222321028e+00
5.159663028799633899e+00
1.831960596326135171e+00
-3.387952256411643326e+00
5.869526412959962247e-01
-1.323930989134554370e-01
1.798093761779670841e+00
-1.827403075796434351e-01
5.978696402095009077e+00
8.771314042510761411e+00
-8.687226347669430027e+00
5.654598836105490633e+00
-1.105630080263135140e+00
-1.808774035677011893e+00
-1.959842838954451771e+00
-1.437526807686813290e+00
-3.507961374719413161e+00
1.190463478829967975e-01
-1.382655669471153814e+00
7.249757298002220685e-01
1.897543471232247203e+00
-9.978210593339448264e-01
-7.187314965330021010e+00
3.258170586191472040e+00
-6.708654215845265556e-01
3.076749895282127056e+00
6.724984379720822858e+00
1.313801843053349128e+00
2.487958631460841730e+00
4.618326478103295663e-01
1.429089899433315658e+00
6.195829122314774118e+00
-7.685931157938654668e-01
-6.703659657367954106e-01
4.196013097053918450e+00
4.603029389430595586e+00
2.283843880845171093e+00
-1.546980982781724689e+00
1.809143674458109752e+00
-6.451358840681027829e+00
1.078951136016789603e+00
8.816384300507901228e-01
-8.974518238057431319e+00
1.500477009660595273e+00
-3.349435141750090050e+00
-4.414360516291145231e+00
-2.359409307289568325e+00
1.985556853596378346e+00
-2.077776512216713556e+00
-6.363171866973524438e+00
-9.564201451166445267e-01
-3.823365285804962710e+00
-3.686877502449375843e+00
7.095705314394503027e+00
-1.526976300317776314e+00
-3.898755151447145462e+00
7.177528697531904811e+00
-3.981810149204483285e+00
2.990215791356284569e+00
-2.144333481067580482e+00
4.398844610342165673e+00
-3.312867373719867725e+00
5.467409954417134621e+00
-1.175569177302604240e+00
-6.790381813136024958e-01
-3.159323967373787845e+00
-2.437431212493651689e+00
4.168900249667959024e+00
-1.542725443194744139e+00
8.309753515900542009e-01
9.874523874363579923e-01
3.869506160283892715e+00
4.808241743728071782e+00
4.316365769160449339e+00
2.313584650915145424e+00
-5.959190700222936066e-01
6.804977836407795522e+00
-3.599627853797833232e-01
2.353501300041399846e-01
-2.572014398052719919e-01
6.229062071891449115e+00
4.205214150870186351e+00
3.116092505910694754e+00
2.093251681275302367e+00
-2.830672012678781879e+00
3.974258944993923848e+00
-1.384683678368041848e+00
3.839298572672689147e+00
2.526515573745057086e+00
1.271894735695891399e+01
1.929256929956183697e+00
1.888416790024882441e-01
-2.242693923794525368e+00
-2.060102794291198247e+00
4.701062337982585326e+00
-5.304453326931456658e+00
-1.363318532916334980e-01
4.262380520771561265e+00
7.419834379663618584e+00
-4.054845932690187560e-02
1.495552206285199359e+00
-1.072861482340489392e+00
-6.734635342561826610e-01
5.828587757550351078e+00
-3.391545269835352538e+00
-1.176473391959068499e-01
-8.091242856240021819e-01
2.562618619739595704e+00
7.306121430742360978e+00
-7.370677131348277733e+00
1.248203805443220960e+00
-5.644010868530087599e+00
-4.672154409201721315e+00
-2.419536241398805299e+00
-4.805115386643279973e-01
1.811630569306386385e-01
3.586387724553567580e+00
1.153933696980382395e+00
1.257065845054779141e+00
-1.064115569933848038e+00
1.132141327965034000e-01
6.070034231010362546e+00
1.706979773091670260e-01
1.140722618180881609e+00
3.635089792856679658e+00
6.038172541480963496e+00
-2.436993857344448067e+00
8.039635321180456096e-01
4.128368149290416178e-01
-4.539674849122766753e-01
-2.868746651292849670e+00
3.133231722649153728e+00
9.606403156182304892e-01
-2.320240433597274832e-01
1.310690241112942545e+01
1.735783352624439146e+01
-7.872097479283724830e+00
7.193786462017464522e+00
-1.625520876952254445e+00
1.824974832869080466e+00
-1.220659478163781841e+00
4.362475293827394296e+00
-3.230926837917972860e-01
2.940679483744050415e+00
1.568206967888663783e+01
-9.486552987296711592e+00
5.428284739521213709e+00
-1.880971118132248376e+00
7.222639564148786162e-01
-4.474872269231916500e-01
5.143794978239574434e+00
1.578330835750850536e+00
3.004299836976535243e+00
-1.408161644601639217e+01
-3.152137615093453249e+00
1.790989308694683091e+00
-4.289927621947999370e+00
-2.535306704297105584e-01
2.390339459307472492e+00
-6.677276546262918444e+00
2.940669362811820786e+00
-2.383182953097672918e+00
-8.599629274874381890e-01
-2.939143524628693438e+00
5.351308654572387802e+00
-4.156547064782483147e+00
2.242115670144452455e+00
1.355489490583619006e-01
-4.345608781761571393e+00
-9.082702889627163323e-01
6.051896759198203135e+00
-8.644495687507068871e-01
3.704025031101477183e-01
-2.086672472497979491e+00
-1.432105212912692105e+00
4.824021971092643746e+00
-2.350667676186872335e+00
1.060954763745950435e+00
4.254686129662543337e+00
7.174977408863190576e+00
-1.059310637483894979e+00
-3.798291308680320499e-01
-2.333202764125374085e+00
-1.414938668229569485e+00
3.366983083511965624e+00
-1.110947481826008110e+00
-9.139197028274567147e-01
4.975030025458017313e+00
1.206535328437877297e+01
6.281062349684342294e+00
-7.303293566870754816e+00
6.713810692265131941e+00
-3.053319204817378285e+00
1.748920973912950538e+00
-1.396188405603117744e+00
3.063003674307600011e-01
-2.249794527586275183e+00
6.727278474109584572e+00
7.944086147020485988e+00
4.989305710081719525e+00
2.786617543654377194e+00
-1.444682028570292820e+00
6.349509880142353069e+00
-2.329800429998073241e+00
-1.276919464576198537e+00
3.503520808221088911e-01
4.372486295390032751e+00
1.831257203914241627e-01
8.859285999918817822e-01
-1.704404568045968515e+00
-9.983965391693477853e-01
6.789763014800177743e+00
-4.894949687095419222e+00
2.198864603220848923e-01
3.844487236071363334e+00
5.568836929833321570e+00
4.216990461658348677e-01
9.545428858208603318e-01
-1.233315940004328093e+00
-1.433127556375319633e+00
4.275589698215884304e+00
-2.476974032970279183e+00
-1.181969634958671411e-01
2.301979775114333382e+00
7.565619812022726265e+00
-1.640248442531249351e+00
6.834228873021539474e-01
1.542660232626799521e+00
-2.321550845822614839e+00
-1.257601317199053881e+00
4.142942278725572969e+00
-6.088302276826350834e+00
6.342122478637065575e-01
-2.028029001467885006e+00
-4.050433682851364736e+00
-5.451725832127586990e+00
4.609446094017957130e+00
-3.790476745276056381e+00
2.114179280997616761e+00
-3.423254834093801158e+00
3.768325151618250324e+00
7.614795392604613022e-01
-3.477402635646050122e+00
-2.438061523103091321e+00
-4.911961481376799554e+00
1.171649459964377638e+00
-5.393684967155620846e-01
-6.444849616691016969e+00
4.226059855972997603e+00
-3.638954877756562123e+00
-6.036723727486785762e+00
4.165394658721870869e+00
1.028869159781421061e+01
-1.197012489004788094e+01
7.332068227571832963e-01
-6.950864345174069037e+00
-4.375331258574320259e+00
-5.011890342180196356e+00
-2.425868814270816021e+00
-1.040308759733277633e+01
-6.216411873263910870e+00
2.896073876888259679e+00
-1.186668399031054477e+00
-1.345329230096839979e+01
-1.102113688286616977e+01
6.694471854494431717e+00
-6.659453093659450040e+00
1.817545893020579584e+01
1.907096415456071981e+01
1.416708572290282220e+01
-2.290190995661581130e+00
-5.240062705093762041e-01
-4.026584448735404997e+00
-2.683748386859037272e+00
1.142240755178480262e-02
-2.241028028856261733e-01
-1.525005107897781320e+00
9.045591351613825992e+00
1.022500419966273100e+01
6.724169636872455946e+00
-4.421501633211203597e+00
8.005141151531613986e+00
-1.890354251193466506e-01
5.768464798096299972e+00
-3.037671649602430080e+00
8.098377766475529427e+00
5.550159441047517461e-01
1.353807988518158645e+00
-6.052644901517828524e-01
1.567687016794004462e+00
5.570714159093979490e+00
3.691245017947352380e+00
-2.994639142609265559e+00
6.908487906220364572e+00
-3.462898749850188196e+00
-2.092840150442774938e+00
6.245511252608648700e-01
-1.707441099546839425e+00
-3.181188572887364785e+00
-8.343793136155278845e+00
-1.247962266487301086e+01
-1.374186804707226983e-01
-2.260371837313925170e+01
2.209985241419516910e+01
1.785262094258880694e+01
1.023918871025529320e+01
5.153114164688809423e-02
-2.191686373127916393e-02
-3.868032593872528846e+00
-3.918982373745474757e+00
1.225236000097222472e-01
-8.411330297825868607e-01
-3.819937492505319998e+00
-1.938364485327821907e+00
-2.292794919213317240e+00
6.331873171319771565e+00
-7.671461636042131715e+00
3.748668322290609645e+00
-2.297658973468228005e+00
-3.160733544081190782e+00
1.078889810577018826e+00
2.301541191851558477e+00
1.517269377603049640e-01
-1.206598554313247362e+00
-1.169175094025087347e+00
8.496271081913348011e-01
2.710412321885488751e+00
-7.070027159126097693e-01
-8.394293013948873394e+00
-1.133727067994285242e+01
9.964684492802780014e+00
6.123634065451758701e+00
8.102259115898702291e+00
-6.283070150980528901e+00
9.745563482611306894e-01
2.905813141933188959e+00
7.303519212501130564e-01
-5.277552361328781139e+00
2.279317246463418378e+00
1.438048702393001976e+00
-2.131125825912437044e+00
4.444730915496548640e+00
4.446208650475373503e+00
1.342877423136749959e+00
1.077815813436266756e+00
9.185309730360864400e-01
-6.369972035448592251e+00
4.889220998311885502e+00
-7.030153099664460115e+00
-8.341948763673212586e-01
-6.742180634139326445e-01
4.127360504705075428e+00
-6.526210305508258536e+00
6.758160636445116332e+00
-1.809066762653552374e+00
3.401513633150237581e+00
-4.712645885072644703e+00
5.507151470465499798e+00
-8.660032616807363803e-01
-2.231016601445709568e+00
-5.272453358680598612e+00
3.695101413611849406e+00
-1.639362079492477253e+00
1.315005843439664091e+00
4.803370215489756845e+00
-3.722508057516438207e+00
-1.002052368040086705e+01
-9.511556512270084029e-01
2.168598221683191163e+00
-7.478802499975332196e+00
1.050439158111776461e+00
6.215732394479149825e-01
-3.091004178022992988e-01
-2.222703427534377330e+00
3.098876811590277836e+00
3.863274642470431619e+00
-1.434346061252495419e+00
4.508442272070762868e+00
5.194479708935039852e+00
-8.482087609872818845e+00
3.822759399490315513e+00
-3.601863499148702186e+00
2.332733198104746997e+00
-1.379395910290535543e+00
1.951035605919831495e+00
-5.238409874015862444e-01
-1.810781875070648139e+00
-7.145463851689913826e-01
6.142541745506402417e-01
1.286999264802430432e+00
-3.521352644770249896e+00
8.508145265706464899e-01
1.771206758215667199e+00
-6.407181687463195274e+00
2.544077106173908032e+00
-2.315322224788641581e+00
1.087694542353671068e+01
-1.056057988642501932e+01
3.620268246413515634e+00
-2.802459930836751933e+00
1.532124433620485116e+00
-2.663066358231451325e+00
9.355699768320258070e-02
9.151550016977508251e-02
-1.769134144389655994e+00
-6.670651317942125402e+00
-2.270350174672726595e+00
-1.213447261631153573e+01
-2.990683226264931438e+00
1.157862763491618596e-01
-1.079531165970581164e+01
-5.377251783635683680e+00
1.869302632280018273e+01
1.553075397826744819e+01
-1.632307626530956832e-03
1.830799286400878675e-02
-2.066865852505998635e+00
-2.072820952176343656e+00
5.810813491688514354e+00
-2.766227336143145532e+00
4.994124301375580943e-01
2.071902780636433850e+00
-2.717919912575050834e-01
5.192519049445492918e+00
1.261959815890898007e+01
6.855524104796013596e+00
1.603257879488625548e+01
1.993384282017660780e+01
2.869333693077797065e+00
3.670957208143329265e+00
1.563158021816557763e+01
1.086883713455250167e+01
-3.226963649920099542e+00
2.256928336069840765e-02
-2.398729972088269324e+00
-2.210105339746653907e+00
4.312902791108278677e+00
-4.062904187372679665e+00
-5.040333889356048980e-01
-3.726700877370988513e-02
-8.915856613001617026e-01
-7.477391178663237437e-01
-2.656357326917847317e+00
-1.304745677011667304e+01
-1.125672117198331712e+01
-4.028311487670990232e+00
-2.323265362415187330e+00
8.896044520240478093e+00
6.234679877381074320e+00
4.519081486833119499e+00
-5.570932137546917851e+00
4.380650974643681694e-01
-1.163498327907160901e+00
-6.175711184560537248e+00
1.431776516969822888e+00
-4.172557010728146665e+00
-1.198410550988466161e+00
-1.020917871231704765e+01
-4.774262353748208731e+00
-3.310661657172685457e-01
1.564644672351693799e-01
-1.731512383572310521e+00
-2.869596343265802929e+00
2.779521153844055181e+00
-2.577114994335781617e+00
2.986021967113277498e+00
-2.515231627318831098e+00
-1.392732695957711764e+00
-6.444888888759643386e+00
4.777379378015369049e+00
3.738742425551585313e+00
-4.563135425034957060e-01
7.078317964377061955e+00
7.290403012093336077e-01
5.604831767140530108e-01
-9.458313548070291787e+00
-3.062040795542428473e+00
-1.146170751395947818e+00
2.486732662732854315e+00
6.130733854305366215e+00
5.430255700722058876e+00
6.248607881029855982e+00
5.003322606605726364e+00
-8.962458540806537144e+00
-1.060453173247585390e+01
-4.804087624803257128e+00
3.392689211315170539e+00
1.281452491007134542e+00
-7.944934734842653556e-01
-3.835882100836352393e+00
6.134695794696030241e-02
2.604970201027783094e+00
-5.737513711794863802e-01
1.205785772641764897e+00
2.874479117903170788e+00
1.982094727193906669e+00
2.229401951404950566e+00
2.289701515742117444e-01
1.316822552464874951e-01
4.206696118177729815e+00
1.755922592971207674e+00
1.334068668066899166e+00
5.252168059254740839e+00
2.546381635675045274e+00
3.542942121475807782e-01
6.851316474692750624e+00
-5.870429030778825386e+00
-1.146339970548910081e+01
1.130529914030646488e+01
-1.048482159738938080e+01
9.281410302049601935e-01
1.616490951404426113e+01
8.454269573609037636e+00
-2.115431052103068144e+00
-2.311395375658687468e-01
-2.074735217760911965e+00
-2.316804666909455523e+00
2.208940808244492793e+00
-1.926830143170597198e+00
-1.398387146213602827e+00
2.161961094348272550e+00
-2.120897997930736856e-01
-5.129648062631002592e-01
3.834161878878160623e-01
3.532438173957908489e+00
3.112697772090564641e+00
-4.604798059087441331e+00
5.873524728540914452e+00
-2.409763620400896256e-01
-2.179367574997680190e+00
-1.587746886303625038e+00
-3.006773225755007495e+00
-3.719672185903182271e-01
3.391919119854375886e+00
8.541685297631205209e-01
-5.449709571022352428e+00
2.704827490173240090e+00
3.643895854362378728e+00
2.302203601745829609e+00
3.731499903699759813e+00
-2.282097193586405837e+00
2.021199280128974429e+00
3.919785249924535808e+00
2.524251955870460140e+00
-5.806312190355040315e+00
4.430267087721079911e+00
5.203606686009012439e-01
-2.158297032697978679e+00
9.720514687411971888e-01
-4.569407652337414971e-02
3.213846593472015067e-01
-5.513251593472039858e+00
-5.949982103125607935e+00
-1.238655674746244273e+00
-4.072251819409676621e+00
-1.361622647401407704e+00
-5.689312958187149327e+00
-6.423671762574496569e+00
1.851047185740543055e+00
1.330993719038063405e+00
-5.623947011384148320e-01
-2.412206109164281909e+00
3.484544501411845463e+00
-2.869931130259671725e+00
1.311181656000631746e+00
-1.319505488632152890e+00
-5.213724284359996242e-01
-1.750350837317401709e+00
-1.854992366364182632e-01
-1.859357748260854093e+00
-1.651382105864416916e+00
4.518659136076246696e+00
-2.743529384068143617e+00
1.337281904105852848e-01
4.080763760226111536e-01
-2.056820286710693058e+00
-5.384649399478639964e+00
-8.459005599752149607e+00
-1.684091664901735896e+00
-6.840470558202159879e+00
-9.614993338199100847e+00
-7.540918543789645767e+00
2.951851283038480211e+00
-9.621805941447865163e-01
2.236996774645442443e+00
1.022566021254993185e+00
-5.804476811829030858e+00
5.463359632753528317e+00
-3.634820365180398749e+00
3.722705311953374174e+00
-3.773139031580161618e+00
1.493692171592979401e+00
-3.005758229331225717e+00
-4.789181553006654823e+00
9.005990590310986033e-01
2.236938233361788875e+00
4.615434243245000179e-01
4.786598038280546752e-01
5.826591981980389079e+00
6.503226092538532122e-01
7.126374478932122614e-01
-6.082397065244955492e-01
-3.818806373670685872e+00
5.403676441848070056e+00
4.559816571174250655e+00
-8.646462856062257174e+00
-7.454384621554896562e+00
1.144002555044233382e+01
-6.736822193350051613e+00
1.073822400662708842e+00
1.537579539622960390e+01
6.996071308282697743e+00
5.567009644483258413e-01
2.521839898880124525e-02
1.254129645684176841e+00
1.297475739895570079e+00
-7.762367427297683697e+00
4.450711436905022467e+00
-2.422837282974874551e+00
9.690025285903988150e-01
-1.628813881933989516e-02
3.505740762801932142e-01
1.083923396306016862e+00
-1.729063079250425572e+00
-3.808229761631050092e+00
2.563858975501606796e+00
-4.099098558803163428e+00
-4.052495284851832302e+00
-7.374862937902065818e-02
-1.217901614794768550e+00
2.125312698163913883e+00
2.160254503780251412e+00
-3.889635580283836158e-01
-5.188107888107366783e+00
3.965603936569862764e+00
-3.374384675192231953e+00
2.367383432372228924e+00
-1.053302770615624634e-01
4.788851920923115069e-01
5.292239807740372726e+00
2.426055134117686585e+00
1.187657856542213608e+01
5.183516923302159185e+00
7.936688269597657275e+00
6.887273620807343733e+00
-3.313780222146396781e+00
-2.528709396986484670e+00
-3.117610438468867429e-01
-5.382583308798801092e+00
-6.817542657557661201e+00
8.662751538182819289e+00
3.340764328729608490e+00
5.032608672564430563e+00
9.439772028274471261e-01
7.866909001205364405e-01
-6.373044421844065166e-01
-1.066760316220104698e+00
1.064329088060404871e+01
-1.389952839250926075e+01
3.372753003161086394e+00
-1.977202842472609801e+00
1.224840128499451675e+00
-3.275034946566041771e+00
8.362162882690967747e-01
3.678073284637508600e-01
-4.982897375723929767e-01
-7.344792556335723033e-01
1.130168819152328030e+00
-1.935285128759951789e-01
1.515051518143921416e-01
3.791403573686647377e+00
1.561445313545875235e+00
2.495946192487032145e-01
4.255090679878229309e+00
-5.966263825044916258e-01
-5.594667270322115193e+00
3.442028917421959378e+00
9.599256370810790306e-01
-2.390088725939178982e+00
4.801588430265025131e+00
-3.828865808260570880e+00
5.318109873380937325e-01
-3.617350767930537891e+00
-7.366725241289504567e+00
5.451626791844209619e-01
-3.896640594687287087e-03
3.537679596004411398e+00
2.203365704985334794e+00
-5.683818174620346220e+00
6.484614155032264016e+00
-6.574937210504339546e+00
2.960277776992886078e+00
-6.800127272575920978e-01
2.679568511523389152e+00
3.129819981968533504e+00
1.495451783025421921e+00
-3.072683708116958012e+00
1.100319351754428077e+00
3.356882890098167871e-01
4.063838771899404456e+00
-5.360231392764818636e+00
-3.272454651175331186e+00
1.909735762440253559e+00
3.581570394330472751e-01
3.907069432778523144e+00
9.014962718927982399e-01
-6.964807493608594413e+00
4.197895956953876073e+00
-7.373007958281373453e-01
-4.426452838115047861e+00
-2.243818959260910795e+00
-1.820871140490141205e+00
5.308254523817252490e+00
1.813188993140613547e+00
4.761615501927034977e+00
4.839544019043242606e+00
7.309929611756853518e-01
-3.748440024329139586e+00
3.236409875070318520e+00
1.490443015980057684e+00
9.960382309158011260e-01
1.172071912144477590e+00
-8.131364801602293246e-01
-5.268389841225090464e+00
-1.461269809563179312e-01
6.751132868246750851e-01
-5.860264140053025983e+00
-1.501284559268203922e-01
2.614836536612612228e-02
-8.210788757079766853e+00
4.187466019518719107e-01
6.273895323740659169e-01
-1.918424730450300375e+00
-3.315256425809098850e+00
1.164068243010398795e+00
1.429006269529809137e+00
-5.655735039733909453e+00
-3.746375234258057851e+00
-6.022185990417208146e+00
1.053788906068819253e+00
9.199711589572562076e+00
1.979370753978171305e+00
-1.460554342118134175e+00
4.295689169165742172e+00
1.377181633675675032e+00
-1.373111758431173612e+00
2.620664281470702850e+00
5.909434319168926919e+00
-9.038277553050198421e+00
1.868884622314272992e+00
-4.353631717194734740e+00
-4.294785573623284058e+00
5.334012715956609751e-01
-1.606224159499875848e+00
-9.632529746600262399e-01
-4.177567450165752483e+00
3.315586018611861974e+00
-3.389412594727168493e+00
5.776573065916653427e+00
-2.795681186151739883e+00
4.792442976231214402e+00
-2.455682961830352729e-01
7.306476106950358096e-01
6.194427450773447585e-01
-1.663435201977021771e+00
2.597844739932554603e+00
5.282190353294379248e-01
-1.123765272693988626e+00
-5.383306834580862343e+00
2.297688667721175193e+00
1.067471940946151054e+00
-5.434941795259186748e+00
7.463701710914600884e-01
6.163061009399691814e-01
8.228544866287299531e-01
6.696359582060810167e-01
-1.439202117830472361e+00
-1.278408331212671500e+00
6.021570250270015023e+00
-2.832175550352673987e+00
-5.688762402921579975e-01
-1.576505239827594274e+00
-3.053553634417536689e+00
-1.877069513079296648e-01
3.064759316456163063e+00
2.695537126282408380e+00
-2.011803721113764709e+00
1.813277141618521382e+00
2.105361564990462231e+00
5.055793961819484927e+00
-5.364073813545953584e+00
-3.608273118451241768e+00
2.459708973086657480e+00
-4.344482899864479997e+00
3.977211074410288649e+00
-4.821251821301869356e+00
3.633940611961133715e+00
-3.082016216051225665e+00
2.955307836140995903e+00
-1.136402346912601002e+00
1.021720469638991435e+00
2.453289211819855264e+00
-5.237159848001053497e+00
5.617602612108650639e+00
-2.040452115538414990e+00
4.200732296518896014e+00
-3.872399423587370659e+00
5.405109018354112393e+00
-1.465569147351684753e+00
-1.211873375909946260e+00
9.942477453645873098e+00
2.451133381198414174e+00
1.082650989846835365e+01
7.918133616063469660e+00
6.201480878525764240e+00
1.185589122858511679e+01
1.791056127388905850e+00
-3.779118580820016060e+00
-1.423161604098295063e+00
-4.805117948011825568e+00
1.511295786346256165e+00
1.120711213967760678e+01
4.391976714413681648e+00
1.272509893500765266e+00
7.638219860137100525e+00
1.495692509988625352e+00
-2.127456826383055333e+00
1.571175051373306930e+00
7.648552416839924817e+00
-2.019777528383436049e+00
8.974353767506263679e+00
6.474031982166332355e+00
3.620055307590357874e+00
1.010173247993341183e+00
7.366421803916739508e-01
1.770058999920631759e+00
1.614812816207898960e+00
-3.894198146195239296e+00
-3.726331245619858734e+00
1.557900777936991554e+00
-5.836062386825509485e+00
2.597316712599529787e+00
-1.306433379595580480e+00
-5.609031799226653625e+00
-8.781245452558475995e-01
-2.726059569945602945e+00
-1.064121138060167837e+00
-6.777494249192173470e+00
5.682031537845224634e+00
-3.783694303842310536e+00
2.090224823919038410e+00
-4.277511805679480084e+00
1.204136999126980578e+00
1.094586628377453241e+00
-4.383259265578597130e+00
-2.820497481678761353e+00
-1.157974058990606459e+00
-8.820017367510777362e+00
-3.296777459477449490e+00
-6.177319692984455379e+00
9.730173183107244661e-01
2.552629344457336025e+00
-3.446912313403190264e+00
-1.760944472805989092e+00
-1.383785203209923820e+00
1.117165453570819311e+00
-3.793530377776979656e-01
-1.010062169708617619e+00
3.661894836126839081e+00
-3.100638743934092112e-01
-1.040670677688458889e+00
-7.886936215846632736e-01
-3.059900464599487613e+00
7.115521652618725934e-01
-2.904894830316226972e+00
6.512115951182880558e+00
-1.702483011205774499e+00
5.351444497428103908e+00
1.271515747170301802e+00
2.859020309603199639e+00
2.368125563055023974e+00
2.125960893692555143e+00
3.402226811856979172e+00
1.767878557576632659e+01
1.452366875255312095e+01
1.360134146859065041e+01
2.564749210601701890e+01
4.615205725888650967e+00
-4.994190244992318561e+00
-1.134938969754797000e+01
-9.915333401300220117e+00
2.153443589744538311e+00
2.036604576425348867e+00
-7.675543489763028693e-02
-1.277604641967958532e+00
4.945054975661947516e+00
-2.526929520845320187e+00
5.001404438916214890e-01
1.745058571204436138e-01
-2.225488182460424902e+00
-1.590366137353077802e-01
-9.063887564531075691e-01
3.380238689127317842e-01
-3.437787424340079223e+00
8.902477487804493217e-01
1.888733168620511549e+00
-1.946611218643074848e+00
3.774372224644441776e+00
2.952765853994604672e+00
-3.498065699945395179e-01
5.340987126477085845e+00
3.674558475103681943e+00
-2.634266037287082085e+00
3.252704525102413591e+00
-6.047762882517697669e-01
5.379520733798382359e+00
2.703531396324645897e+00
2.178320507013341567e-01
-6.761492981952267334e-01
1.997054148549294528e+00
-5.574832052852156217e+00
3.902114213712194690e+00
5.564610828804799958e+00
-1.231193811519669890e+00
6.053732099263380739e+00
-2.847501511407056984e+00
-1.100037177787398956e+00
2.455125739713705624e+00
3.394029712277930599e+00
-1.281328408540860719e+00
-1.697739351833846611e+00
2.918470862131870458e+00
1.330656107615238559e+00
4.861825541059155320e+00
-2.992711245382024821e-01
-3.390779493501167252e+00
-4.148687553392551131e+00
-5.758428831543778159e+00
-5.479783705379889902e+00
-7.440786493075491670e+00
-4.538186939101855444e+00
4.641563674616175361e-01
-1.264230921699047094e+01
-5.370946624618391674e+00
-6.229989973237477940e+00
-7.232088810209879703e+00
-1.323331621807265046e+00
-2.463400928392009082e+00
-8.541042526266505064e+00
-7.901009104146060835e+00
-1.189317821661174257e+01
-2.590902935172130217e+00
-8.785160219325703901e-01
-1.881963994655896144e+00
-5.390126313176346606e-01
-5.165154635746243450e+00
2.445336191365155010e+00
-4.470017285758819625e+00
7.463777718549026163e-01
6.780382597574834413e-01
-2.143892270092952579e+00
-1.765478260089174689e-01
1.524559372525937428e+00
5.286897100456861232e+00
1.605813281828574191e+01
1.022413731150586180e+01
1.291459509482768908e+01
1.896105281909786910e+01
5.816420216310542735e+00
-5.626767704465681419e+00
-7.328177926058150327e+00
-4.654981647461390537e+00
2.079300159743227461e+00
-1.038928119051736410e+01
2.284442298011776451e+00
-5.858029384422694719e+00
-6.695762007775317715e-01
-3.049159165399168536e+00
-3.435119373938432918e+00
-2.024596253171567994e+00
-3.430692784129100836e+00
-7.544315243436763296e-01
-6.934427631793587121e-01
-2.090967065961068183e+00
-1.410736736410201253e+00
6.569417995352689665e+00
-2.314227736193477547e+00
-3.150007026346929528e+00
-2.120659366324291126e-02
-3.924093326738084198e+00
-4.095859388231799514e+00
-2.112239965509443262e+00
-8.323948563835410042e+00
-8.999715577685474699e+00
-4.059062663260051274e+00
-5.233574461418061929e+00
-7.079144594386393985e-01
-5.251719452189076875e+00
-5.226093391528320531e+00
-2.312821135973592845e+00
1.905525275646549055e+00
3.281625482626892243e+00
-1.012579936737477704e+00
-7.647508037163359973e-02
3.430627714142449491e+00
-6.591480044372752367e+00
-8.013581597343977236e-01
-3.075690484197689756e+00
2.499842898248923806e+00
7.243716816918291945e-01
-6.078961974336321461e+00
-1.446756612428791167e+00
-7.040295835459484231e+00
1.035577101679999279e+00
-5.775333175645888106e-01
-5.663267727726873701e+00
-3.704416964967967019e+00
5.501087405442885547e+00
-6.743285511259681009e+00
6.788353629849753545e+00
-2.612415628706303838e+00
3.851571358175518434e+00
-3.189301431946809373e+00
4.744012126197600487e+00
8.606245445804088234e-01
1.801543012086740392e+00
-4.057040587345735361e+00
2.890041919269694226e+00
3.700607386734988236e+00
-1.103627180677373865e+00
-1.277095541910397147e-01
9.025976856956570149e-01
5.782743829127161561e+00
3.373688867090389287e+00
2.416283225821935776e+00
6.790797194240981938e+00
2.253885608154441833e+00
3.291153873488376735e+00
-2.983360373179889891e+00
-3.640698219534546087e-01
1.548770070045779823e+00
-2.442812660397635671e+00
4.838198130619512760e+00
-2.742922890547983550e-01
-1.164065545172154081e+01
-7.094654566937071749e+00
8.222858983297728130e+00
-3.972308782051968690e-01
3.120702071054954452e+00
-3.009912141411733355e+00
7.001855109385049403e+00
1.570815435975900565e+00
3.752734743181994626e-01
-5.577366484671395952e+00
-7.957030071368601298e+00
4.012953715217125072e+00
-2.970553609251158633e+00
3.665356704474208360e+00
-4.075293581645362262e-01
-2.089821625931307825e+00
-5.792794460608911011e-01
-2.184046215140587055e+00
-4.384957750234697027e-01
-3.434568623577842761e+00
4.324771008243979975e-01
-2.710064607948216020e-01
-5.318598876069506431e+00
4.694300749304229470e+00
-4.045096530879103369e+00
5.269068538454512174e-01
-3.383790727526950204e-01
-3.342503948940590774e+00
-6.544081021099946938e+00
7.186135526329076484e+00
1.372596948645212089e+00
2.831869342240164844e+00
-7.995165486528953425e-01
-8.592354747638262236e-01
1.425946870806300337e+00
1.333368943633057357e+00
2.747726541910430864e+00
-9.847054416314035663e+00
4.708352875477219257e+00
-4.203156641469238508e+00
2.538165212325977915e-01
-3.392653235003618484e+00
-2.061986094548499793e+00
-7.069241003919064514e-01
-4.309508602082300577e+00
1.152494081546831639e+00
2.553071265482286467e+00
6.660667215012214815e-01
-2.798518722522185254e+00
4.561016514328689375e+00
-3.083774935368523540e+00
2.396244500830270407e+00
-3.295834295634187949e+00
-3.616033990446981150e+00
-1.159618018508300041e+00
-8.742204435241666127e-01
-4.935640148128478621e+00
-4.884329862689175350e+00
-5.432369762381190625e-01
6.556576489735271851e-01
5.017109702829652740e+00
6.860305602632918442e-02
3.360583210303841328e-02
-5.070204682264584761e+00
9.090566137671772795e-01
-9.683023528829096449e+00
-1.234602279904757571e+00
2.026950885646530587e+00
-1.929324050382587030e+00
-2.233746759407480909e+00
-4.662585053136939273e+00
-3.116088416085877721e+00
3.232778773827693186e+00
1.589996817484679692e+00
5.325156079329590453e-01
-4.737242661213437067e+00
3.370825390817711487e+00
-3.278347668931004932e+00
1.695422805674198230e+00
2.113031807762755676e+00
1.656060027076522223e+00
-5.524298795813132879e-01
-3.872260253001306829e+00
-1.170992015201119507e+01
-8.372763572064043203e+00
-1.577136354959996645e+01
4.229613128453391657e-01
-3.021723915549077599e+00
-6.051888848152522371e+00
-4.800583840860300988e+00
4.710972071602918199e+00
-7.755958840136449872e+00
6.962542701404841772e+00
-9.961839454381674064e-02
5.021545600604290227e-01
-2.771026650061374497e+00
2.465373276976412509e-02
8.628283620249750374e-01
1.574127898049076935e+00
-1.813869391612817905e+00
1.179898263206320630e+00
-7.085750649556599168e-01
-5.585267704766121888e+00
1.622786220392287149e+00
-5.314155246372125774e+00
-1.400870793935760750e+00
1.390915263575225547e+00
-2.528191811395258615e+00
2.264865708408751455e-01
7.037812224043347165e-01
-9.314949776495772271e-01
-1.126277044102728775e+00
2.856273880101142026e+00
-1.477280260897770425e+00
-2.433530171252686447e+00
1.227667881070043210e+00
-2.986332235521349521e+00
1.573274047413491594e+01
-1.030002556241880995e+01
3.263528412354698816e+00
-3.291999258732690947e+00
2.468762692816863780e+00
-2.074611287218035116e+00
-3.061809922197758826e+00
-1.152789032877619357e+00
-8.120467642028174060e-01
-1.170522730284061552e+01
1.723769019653863310e+00
3.493452807896427537e+00
2.224247620373954071e+00
-5.418714207304185848e+00
4.427516796141559574e+00
-1.186474058610987647e+00
6.483676689766225687e-01
-4.656725521802217438e-01
6.925403332995946348e-01
-1.045732039980225014e-01
-1.684095176374019509e+00
-2.005899843309733477e+00
3.196146252671697940e+00
-1.308110789675677843e+00
7.152622813608350505e+00
4.379173880920843032e-01
9.993340381605713141e-01
-3.512934990168541827e+00
3.440717603529591440e+00
-4.100413215657424892e+00
-3.202901258310824506e+00
1.590893051399299818e+00
-2.919885271427887563e+00
-2.236857276074089906e+00
-5.959548540016984752e+00
-3.548002490416919841e+00
6.111684834271262190e+00
-5.251020460688303082e+00
4.970796443838491285e+00
4.142414484409270292e-01
-2.764327188339248398e+00
5.057924142756244912e+00
-6.658234099707248665e-01
-2.607838774623271849e+00
-4.371370863143106966e-01
1.089117492060956316e+01
-5.624517642936741169e+00
4.528606089512932975e+00
-1.787664553570651682e+00
-2.078609794912327224e+00
6.502528093034360523e+00
1.397119431758130359e-01
3.633633535345920595e+00
-1.757543353435156552e+00
1.139857849209772134e+01
1.999507670673749971e+01
1.463278478651966985e+01
1.820963188819489531e+01
1.204772022989717861e+01
-9.758180082293481661e-01
-7.085357796580837864e+00
-7.113449280826256604e+00
-4.994848584383399626e+00
-1.094167994575938607e+00
-9.446844570293016830e+00
1.395770724884823455e+00
-6.133400752369209563e+00
-4.624132142238256193e+00
-3.032500859514259961e+00
-2.443159588587225706e+00
-1.130319366193675290e-01
-7.640020828118698759e-01
6.730137274634757638e+00
-7.748343823434043764e-02
3.533617209555983685e+00
2.817260562761986442e+00
-3.890175495610048717e+00
6.745280410170453322e+00
3.730763778200085756e+00
6.848739450540042739e+00
5.086492448999956117e+00
-3.030529266691123524e+01
-1.696881123212633469e+01
-6.985897221466094820e+00
-1.147888084616688964e+01
-1.458151066584072097e+01
-1.550488500564797256e+01
-4.108421378542510105e+00
1.128239141403712953e+00
-3.703459084872632867e-01
-1.898055925123894871e+00
3.564882280046497431e+00
-5.299587147331338288e-01
1.043690587542256409e+00
1.899490274191789174e+00
-2.593362510776078267e+00
-1.478626900894263185e+00
1.401053246136126473e+00
-4.379184287046984925e-01
3.824347244216453334e-01
-1.825450198467834184e+00
-1.720859377150734204e+01
-1.572863435960966605e+01
3.998849473297084067e+00
-3.256465545451947108e+00
4.707019232676938891e+00
-7.700688261529638201e-02
-2.958052035978342875e+00
-1.419292254655947660e+00
3.671694971379633743e-01
-1.348779186020446330e+00
-1.922224843286817419e+00
2.829639288881356851e+00
-3.137354672105261422e+00
-2.524295970705956904e+00
2.390705665284532586e-02
-3.078222457518284383e+00
-2.521246848335004120e+00
4.468887169096267264e+00
4.039451855291192217e+00
3.198531281264120896e+00
1.260042074262232958e+01
6.914992288736598880e+00
-3.665616473887629567e+00
-1.909523886476794940e+00
-1.961890160370775460e+00
-3.618276776012022911e+00
-3.699597848700942215e+00
-2.714653531612366777e+00
-5.509301457767609378e+00
-4.423774668835231516e+00
4.283828276466371321e+00
-2.768407379080357167e+00
3.684625685171803777e+00
1.717309601935073760e+00
-1.237066293705882281e+00
-1.590084741930697931e-01
2.722978596617509517e+00
1.210825678472727818e+00
-6.938796403058716145e+00
2.861531956169764968e+00
-1.493505642261767852e+00
1.136779794610584204e+00
2.258799573480123168e+00
-9.040945920943783687e-01
2.250160867225310390e+00
1.017146090142775172e+01
7.321332446269811278e+00
5.943656102747117309e+00
7.639824161754552811e+00
-7.925646596961947843e+00
-6.427100617028211893e+00
-4.652360743919842001e+00
-5.814318865968173267e-01
2.327374881060442657e+00
6.214012857862471345e-02
-4.774934731238364094e+00
8.100905655476421385e-01
-1.009975665721320803e+00
4.446764298192537268e+00
-1.659036155512702004e+00
-4.106324309164479658e-01
-1.176963291721234661e+01
-3.327363269840402094e+00
-6.463925351689493226e+00
-1.030967990532219325e+01
-3.110995182974950701e+00
4.861967987753650355e+00
1.124175495031483285e+00
-1.542282469557067826e+00
-1.977998793715516124e+00
-1.366812647210756237e+00
4.585272828003603252e+00
5.180496882013442494e+00
1.886176614488833669e+00
6.072206033752717502e+00
6.245309340683095733e+00
1.145277832432810561e+00
-5.725557091047714486e+00
-2.176535217278491086e+00
-1.628696628115227973e+00
1.577986244924868275e-01
-1.197499986496726843e+00
-1.002960974713880127e+00
5.580999642904137303e+00
-2.044364915806717864e+00
-3.297295784861856038e+00
4.283723077032057236e-01
-1.443811614241758967e-01
-6.330351671019328386e+00
7.421930009787787164e-01
-5.462719455484939424e+00
-3.374371646409737302e+00
1.486570181950165992e+00
-5.500716094092509501e+00
-6.746179577039414177e+00
-2.755283344351043162e+00
-5.955628480976694616e-01
5.376665991165663350e+00
1.917044757005838873e+00
4.534647732589780489e-01
-5.554010326939930131e+00
1.941712102023083641e+00
-1.137144396695394910e+00
-6.603861734882455536e+00
2.290334149604104752e+00
3.173591114306732575e+00
1.224890890193030213e+00
2.149296136398909651e-01
1.280582901639467863e+00
2.781496965825688950e+00
-6.071384315559017253e+00
5.332875330455936869e+00
-4.894116250799863899e+00
-1.583658658711012412e+00
-4.259805680157972674e+00
7.112813448525757032e+00
1.098141471591097229e+01
3.745363325793970244e+00
1.193081728822832410e+01
1.565261887688139275e+01
3.188099807665195407e+00
3.995635855311335582e+00
-4.801712095298814376e+00
-2.396191396560968467e+00
-2.399570708849705358e+00
-9.581822542625034744e-02
-4.059162973903262639e+00
-3.214972550491201009e+00
1.183301174457741967e+00
3.691516239694676127e+00
1.298751099390235986e+01
2.497089112260861388e+00
4.077914633949808909e+00
2.788232556325936429e+01
-2.473621788635068430e+00
1.566966716232209844e+00
6.849014240561702715e-01
-1.114968711625150322e+00
3.088232285797309462e+00
9.159169517881304401e+00
9.152689675143133030e+00
6.229995952374693502e+00
-7.279203436427039708e-01
2.867907178613195551e+00
9.422896779668602507e-01
-2.459298117598466948e+00
2.491380151545691257e-02
1.670724844118270269e+00
5.521615405407446886e+00
-4.772694405872195955e-01
1.532081952295429594e-01
8.413138181003878557e+00
-5.485943323347029832e+00
2.369770740851687929e+00
-5.779031097885982682e+00
3.010947517390786921e+00
-2.324069004498130475e+00
1.086195400319944104e+00
5.633999050543857523e-01
3.453738769606451875e+00
-2.375354031559171908e+00
-7.786857041250565103e+00
4.845135362165124526e+00
-3.884563529683103145e+00
1.184976541723652632e+00
-5.392817382474344612e+00
5.044217112756569144e+00
-1.154402225307368468e+00
2.900473703239833778e+00
2.906026351668391960e+00
-4.424069334249074892e+00
8.228418275846618002e+00
-1.174154886473667836e-01
3.316065355910874590e+00
-1.477453642433056213e+00
6.292517380764413026e+00
4.695008335415137957e+00
4.453649867910964844e+00
-2.037304512478120166e+00
-2.286049182907927968e-01
-1.689843566913859618e+00
-1.627366496559522702e+00
4.938793300488859117e+00
-3.011978417660231333e+00
-2.711969021188052609e-01
-3.770300648757320960e-01
1.481750522147254223e+00
5.217649934514425603e-01
2.092905393606262265e+00
2.765092962958644041e+00
-2.969413291649650954e+00
-1.877006084314649104e-01
1.776236511243656002e+00
-6.620640247219067298e+00
1.888648988334305834e+00
-1.462202818161274787e-01
1.913046100223052770e+00
1.349257417111174417e+00
-9.322521444053126771e-01
-3.046527211653127232e+00
5.779950410716846676e+00
-3.023571364572845255e+00
3.259558099142146892e-01
-1.143258633899059573e+00
2.544158999111764685e-02
-1.738898321541036296e+00
3.352525396237243882e+00
-6.813175997426568209e+00
1.251436055925566393e+00
4.643356220573609860e+00
2.691222521267566115e-01
-1.117210827834325959e-01
-5.306301839137990584e+00
-2.294845719874765599e+00
2.589527153782968938e+00
7.100454286360520229e+00
-4.388875827212936898e+00
-1.035783180582494545e+01
1.337022276391553532e+01
-8.629175196236744227e+00
2.755977074497822699e+00
-3.294376643227275858e-01
-2.000452847894518715e+00
-3.514510695092709636e+00
-2.403446379884504935e+00
5.822310817342484235e+00
-2.046547818011736020e+00
5.644015428483316832e+00
-1.290517435771474375e+00
6.646212910440502109e-01
1.365728299376189669e+00
1.120189322822656930e+00
-7.374249231986105269e-01
-1.626128100238661001e-01
-1.559017033318566892e+00
-1.353888687632420762e+00
5.242399034173272021e+00
-2.550233858693783606e+00
5.315125719161407858e+00
-2.757781060074377510e+00
2.430237343967601438e-01
-2.249633283205003220e+00
1.470662309175253535e+00
9.604849406293634040e-01
-1.978439342512554155e+00
-2.468491948077836451e+00
-1.723620153328597193e-01
-1.123335702357397548e+00
-5.113454624800511938e-01
2.284593178133888625e+00
-2.242513622161891942e-02
5.210822991208603483e-01
-8.754440136031933495e-01
-1.264999501563075945e+00
4.695932727191470590e+00
-4.258490567543109506e+00
-5.212814981084465060e+00
4.662689483997954909e+00
1.959716154993802029e+00
8.317666762388741253e-01
2.300704925250329325e+00
2.558686309569494277e+00
-1.863477854532945011e-01
-1.921313105220555206e+00
1.356273237175933843e+00
2.336015856881071162e+00
4.289526782911774916e+00
6.353772155222737972e+00
7.024039175760043996e+00
3.960161828723072652e+00
3.907343014714361296e+00
9.689748733827227012e-01
-3.785624290873211173e+00
7.173061027551839608e+00
2.513535220541364357e+00
6.240324667636663492e+00
5.081592557828994217e+00
9.363844346661457152e+00
-9.701182496407378508e+00
4.365810606730145871e+00
-2.591713733658666197e+00
2.114302684433845947e+00
-1.725528806661880799e+00
-1.024428862154844966e+00
-6.259740002469306175e-01
1.095629254800410513e+00
3.717120458534322491e+00
-4.591105073325272734e+00
5.670688758558838138e+00
-4.019783983185586607e+00
2.190651002073197073e+00
-3.985479408272717183e+00
5.155196373145436439e+00
-1.829158950271003503e+00
3.030140823020709639e+00
-4.989554031895989894e+00
-9.721359296383750292e-01
1.188721299248979291e+00
2.351033202772122355e+00
-4.404204312869553384e+00
4.482952544903311853e+00
6.513064878458587614e-01
-1.872024623896214601e-01
3.315413194073990599e+00
5.836271547220980516e+00
-1.011027190187614089e+01
6.374009929467027824e+00
-8.344255998859545498e-01
1.867823867953681605e+00
-2.663349998733080870e+00
1.345912912691769270e+00
4.889563656866217911e-02
3.146673722942158857e+00
7.092290043645083086e-01
1.059684042448117980e+00
-1.111168183450366831e+00
-1.679616977433682656e+00
6.337715806058956680e+00
-2.055616124454124005e+00
4.088958798753966617e-01
2.562793738855685177e+00
2.463478756901998690e+00
1.024443570585625807e+01
-8.542555594790496087e+00
2.654623403928204173e+00
-6.112178575496960420e+00
-5.858693773321541620e+00
-2.628940262765699476e+00
7.364004614759964706e-01
4.323571431641527241e+00
2.238936814511031770e+00
2.407105449418619258e+00
2.001394241744316460e+00
-1.716285112978903404e+00
-2.837053872582179892e+00
2.265059922422588468e+00
-4.874167167585883753e+00
3.898347660461490283e-01
-1.230655088879479830e+00
-1.658989126129819303e+00
7.550923300965208806e-01
-5.402443540289742607e+00
5.899782930808673775e+00
-3.479252666678364303e+00
3.612479636897359292e+00
-3.159717071286550105e+00
2.262798994203536473e+00
1.047365597027978892e-02
2.097299119976217430e+00
-1.707134476605939089e+00
-2.834727188645941309e-02
-2.124377447303396504e+00
-2.942496655271963135e+00
5.280393693734528604e+00
-3.143174409554409632e+00
3.530821174420210262e+00
6.695797163418661935e-01
1.646994622683384035e+00
-1.154086277428427820e+01
-2.344922659838233336e+00
3.785977461101008856e+00
-1.130577238101902360e+00
-3.625933594467919630e+00
1.107961149506673415e+01
2.510303119452178766e+00
2.314082121364565925e+00
3.408706878165712606e+00
1.839031681549901043e+00
1.890014934905080546e+00
2.705713017421016886e+00
2.847324894885786772e+00
-6.452057398364706486e+00
7.110511954599862072e+00
-5.505124743287028721e+00
1.879100972241597223e+00
3.236426366863143222e-01
-5.322546909968664863e+00
1.576326300071305253e+00
-2.989897620765105679e-01
-3.513366581626889751e+00
3.509324244143012805e-01
7.424579496494295716e-01
5.641849233060992619e-01
-8.599628061528996170e+00
-7.883741826365896266e+00
-4.612170899390251044e+00
8.006691951871340862e-01
1.287917455656802934e+00
-2.335709878177628873e+00
-2.959823471738571854e+00
3.985423190533237542e-02
2.900228930502493530e+00
-6.036561697609253985e-01
1.037663272907239476e+00
3.488677627797817316e+00
2.135066015951737839e+00
-1.612563222437173593e-01
-8.911544050538181549e-01
4.893110473019548934e+00
-8.196102294823065515e-01
3.568499975951843428e+00
-7.371250984935760364e+00
-2.141824545632857735e+00
-2.668204410182123176e+00
3.471415808076118825e+00
4.281121955325696504e+00
2.024496093033775201e-01
-3.823886145687416249e+00
-4.419717229814311032e+00
-5.012950876224024910e-01
3.274460583109796152e-01
7.686643501984821159e-01
4.257831017749183822e+00
-5.002648764780136537e-01
3.708359516666873024e+00
-7.886637912560194863e-01
-8.169391986807911010e+00
2.658072123214670235e+00
2.390031456945261645e+00
1.142809540521480649e+00
2.832927149508003950e+00
1.278899118186683559e+01
-6.840102826109071277e-01
6.422510781076318231e+00
2.153263206952057196e+00
-7.444348652958135970e-01
1.740596248355168241e+00
-6.695570480707722094e-01
6.840470970790850647e-01
8.077846861549033974e-01
-5.128604454466495710e+00
-3.404070461095525246e+00
-1.509124392698011796e+01
-6.502879477196197300e+00
-7.758455901591936765e+00
-3.338449088864199776e+00
3.742367287537156084e+00
-2.099344618702385090e-01
9.825269391629659621e-01
1.623300109615947395e+00
3.228607132339086583e+00
6.747365318594071848e-01
8.164522196057336645e-01
6.520687205107984497e+00
-4.135428597793959771e-01
1.673987885077777626e+00
8.817832519045631923e-01
1.877427386380985386e+00
2.796719919662016274e+00
1.479688994961636750e+00
4.215447178125247163e+00
-6.671478963849752919e-01
1.583180953827081350e+00
2.081938090674042563e+00
-3.120138837814879551e+00
-6.502485279535503704e-01
1.469194737770669112e+00
-8.222980042233826836e+00
1.327464215045394802e+00
-1.230905912499982335e+01
-1.775315419760936919e+01
5.585356426300007726e+00
-1.486275405576008701e+01
1.590825773859278813e+00
7.317502591337261553e-01
3.069972248381099278e-01
1.063446492952328626e+00
3.095860658228873685e+00
2.236582978604093330e-01
6.236584496510501063e-01
6.029754299608169887e+00
6.348333125195373960e-02
2.934579349303914508e+00
1.871618964982316058e+00
2.148643038150800599e+00
3.308101708276714792e+00
1.887271042094067042e+00
-2.385940932014174454e+00
-4.314062596193963373e+00
3.152454516731649115e+00
-2.605758727909031069e+00
4.454931338381502015e-01
3.645813738106383095e+00
2.996997241767441089e+00
5.013772641317743251e+00
-6.295386533100415072e+00
7.466758949660992073e+00
-5.642680854667139201e-01
6.565607885756573614e-01
-8.574876744291860531e-01
-1.464218471840488700e+00
1.454168170218351985e+00
6.927631476560971446e-01
-2.087983721812121107e+00
8.057660456467133359e-02
-2.084918157216253398e+00
-2.281026501458032207e+00
3.193796638582232728e+00
-3.246518739184891533e+00
-3.479124807512951056e-01
-6.583993010599599849e+00
-2.589945738240977846e+00
-6.011908087260159128e+00
2.886804949899025807e+00
-1.652557003994871598e+00
-7.078558324692563630e+00
5.830530693031104938e+00
-3.103562012228719968e+00
4.795680239401996503e-01
9.917518258752882065e-01
1.284285942063579933e+00
1.450633320776936630e+00
-5.057351509595266137e+00
5.744435964390159910e+00
-3.359542183882939348e+00
-1.711139525487751056e+00
-3.836974604009207312e-01
5.228578575357266445e+00
2.847276623690720321e+00
2.091845570551130074e+00
1.030432832693140677e+00
1.460660978464927373e+00
1.462356371563330315e+00
9.615311527206609199e-01
-7.126536897700394668e+00
4.266471275803723984e+00
-1.343475981715696577e+01
-3.471844298500190718e+00
-6.497274659443760925e+00
-4.331090642181762540e+00
-6.585873969910081449e+00
4.525302763030420117e+00
-4.316826736056622593e+00
1.611336164918398817e+00
-3.569553923456314948e+00
-1.636420634333685786e+00
7.222103349641056935e-01
-2.519431989308851261e-01
8.899859112664747940e+00
-8.632852338791558111e+00
7.105510961721229535e+00
3.342497441570649319e-01
2.669110425283433230e+00
-8.092675001647074984e-01
-1.214493407415644599e+00
-9.007640140196885303e-01
-4.089675120147348575e-01
-2.517108695130595653e+00
3.738255903382880496e-01
-1.723443065495082305e+00
-8.463564143122700445e-01
5.312047234857917744e+00
-2.223249055816830300e+00
-1.814388607299794121e+00
-1.170014532275193142e+00
5.431409250379551912e-01
-1.148173361587475760e+01
-1.400852963605168977e+00
2.589608515725587257e+00
-3.140140282131554716e+00
1.543425988758155176e+00
2.714156072582577295e+00
-5.934397130178213686e+00
1.025758155278335026e+00
-1.435336278775834362e+00
-2.128512213904782513e+00
-3.439988195749857258e+00
2.491742627109933661e+00
-5.256364348664752661e+00
1.153767907604317244e+00
-1.186775295501833360e+00
-5.522939285038148682e+00
-3.425575458530348172e+00
-4.733619854950279482e-01
-3.434886281736257096e+00
-6.704683872953118851e-01
-6.585279045501880368e+00
-6.405587183978135535e+00
-2.882528373628319707e-01
-5.530771376596034017e+00
6.408970591079501955e-02
2.902308329569871059e+00
1.984340356850390119e+00
2.927763968429982544e+00
1.837864271419859863e+00
-2.488857342066971567e-01
-5.740048752540196197e+00
1.517965211384200375e+00
-2.162792706491385886e+00
2.230632526651670666e+00
-1.685677526946576243e+00
-1.208410093691349996e+00
-1.925743133865481793e+00
-3.541624742564919437e+00
2.117408289392769927e+00
1.022638186634992952e+00
-6.155180946893484162e+00
2.963237044086827421e+00
4.405309500279135371e+00
1.601705416166662399e+00
8.832747881645400811e-01
2.024436577334178811e+00
-9.437657953038568470e-01
2.500660597062087653e+00
-2.554073732398326690e+00
7.236331766770953688e-01
1.267415190622088073e+00
-6.141357968441231385e+00
-3.560051908049839398e+00
-8.818255016917219136e-01
2.754741584402361720e+00
-3.082982985631901762e+00
2.417284376496804832e+00
-4.812783379259311545e+00
7.129714155317437019e-01
7.876850766388162839e+00
-1.057473597149400479e+00
9.707113301635950098e-01
6.208270139847061886e-01
9.221265037227744932e-01
1.118107958158262916e+00
-1.659248851547722614e+00
-7.933189140870609002e-01
5.668103201528015056e+00
8.651476832448055099e-01
7.036722003398169889e+00
1.274260733101856058e+00
2.537989674544945284e+00
1.653888720392292511e+00
1.698857982700796798e+00
-5.672289294469314846e-01
1.750117086007338396e-02
4.591486754341297605e+00
1.361202329588785953e-01
-8.036635421459480400e-01
8.459913749913246406e+00
7.132887379692482099e+00
-1.030217292516731664e+00
2.214756291860977999e+00
-3.001031639062758494e+00
-1.163467007538016885e-02
4.087131949322713176e+00
-8.048268123801584073e-01
7.592208530718529857e+00
3.147508633711210813e+00
2.664040342687399310e+00
-3.672215208667656494e+00
-7.465478201675693759e-01
-2.276531615681011811e+00
-1.715494279185276749e+00
3.774081652799564424e+00
-3.535269058826666644e+00
1.470735822871546139e+00
-2.218351394302681356e+00
-1.111274557701176446e+00
6.998776050671843940e+00
-4.811009248995853582e+00
-4.470642374559961052e-01
-1.068242840234045588e+00
-5.966205669347979246e+00
-2.233692680693490917e+00
-3.074686523073681066e+00
-6.470937795402246229e-01
3.723512286894275491e-01
7.692789173959795335e+00
-4.680981243595345731e+00
4.232650616613624628e+00
-4.092582307784172535e+00
3.328186442382778054e+00
-2.152157538317274632e+00
-1.005538835637415751e+00
-7.436573394374977886e-01
-5.815559259727814956e-01
-1.331252260287554556e-01
3.812037522226164210e+00
-1.311881344003016148e+00
-5.665000002321984418e+00
-1.085183986763429143e-01
-1.067226934536291694e+01
-1.691414859647643487e+00
5.226686161823052679e+00
3.586732116753413191e+00
2.787295030258699402e+00
8.731174708539695573e+00
3.681492397918985304e+00
6.612668739833349463e+00
8.784907383121801416e+00
-1.626421917756375235e+00
1.789366627132280341e+00
-1.959488763719574589e-01
1.887272377449416838e-01
2.726090506352232712e+00
-6.055875202672014623e+00
9.209374954590357376e+00
7.235781820689912713e+00
5.697478781954801619e+00
5.632313681500818348e+00
2.360867702059726625e+00
2.539913687970964062e+00
7.072236215968599193e-01
2.548026992001626301e+00
-8.917929691185330299e+00
3.867749793870559394e+00
-4.356840071132989323e+00
-5.726692907890996720e-01
-5.077504573088453377e+00
3.868573058973739265e+00
-6.200371388676396700e-01
7.527655786986383601e-01
-1.653796056560570449e+01
-1.171540912413539992e+01
-2.475093915050386428e+01
-3.178507436402858488e+01
-1.595734878034292770e+01
-2.686756755006952346e+01
-1.856397018529550280e+01
-1.468081207564558177e+01
-1.020426584804828529e+01
1.391377927005182091e-01
-5.103811086712449763e-01
-2.158723221736536857e+00
-3.087659622988391028e+00
3.618272451163416559e+00
-3.069778934996815423e+00
7.181471336097668079e+00
-1.709763376086387954e+00
2.160735020251830854e-02
-1.204403734658565872e+00
1.673259478948484924e+00
-3.456375933108156939e+00
-2.202834568694734596e+00
-9.490435866856296032e-01
-6.710936052834220789e+00
1.563259068778608540e-01
3.383566163509796887e+00
1.544959447109246264e+00
-1.700352977494193452e+00
1.297872013512284539e+00
-1.327068048437952674e+00
1.045772094969006361e+00
4.834127547101917166e+00
4.830052038321598906e-01
-3.490942092219017634e-01
-8.050584705424956411e+00
-5.503435063013412787e+00
1.044083721641917073e+01
-9.090265574443510133e+00
-1.616201537611571704e+00
-4.992701022585489312e+00
-7.024733508186555397e+00
-5.371106740366858590e-02
-3.005767790813450802e+00
-1.769624456946886415e+00
-4.730643851864414079e-02
2.333120306166810209e+00
1.475799095607532863e+00
-3.782472938324148992e-01
-7.658274176309699532e-01
4.918006895512330168e+00
-2.387439390917843518e+00
-4.270203521026036064e+00
-9.978418797177113220e+00
-7.380886245786554056e+00
1.222049728786523737e+00
-4.990679601348112726e+00
2.084122102394703635e+00
-3.859636561499566465e+00
-5.645844266251274668e+00
2.560690776256208334e+00
-1.892688819942016876e+00
3.092940887334867939e-01
-1.540467976409534145e-01
9.927578148859996787e-01
2.140697437593798380e+00
5.167181421217888371e+00
-1.714830560953959915e-01
-9.553244136429087652e-01
3.608451815726778200e+00
-5.717713084165858994e+00
-8.121153648127328317e-01
-1.197791158231175768e+00
1.018810683526679473e+00
1.107438042599139916e+00
-3.010742540193225292e+00
-2.172321894973023415e+00
1.623292433674148105e+00
-5.287456319457943366e+00
-2.017236192571620901e+00
-6.210150830742017902e+00
-5.827379127094027389e+00
-3.838068319165477860e+00
3.588006126045814037e-01
3.224044855187011116e+00
-5.658168867368632782e+00
1.400177381041122437e+00
-3.716569747656618961e-01
-1.927435571552433391e+00
1.295677401061269940e+00
5.600698788229782066e-01
6.078611206998828287e+00
3.135490206945016123e+00
3.015852209227674607e-01
-4.910250645049708318e+00
2.300237411567974899e+00
2.541528951831048211e+00
-3.813068247024949287e+00
1.813499976315251283e+00
4.138481221472315452e-01
-1.105615098399788332e+00
-3.657493929486270168e-01
3.696565185924711727e+00
-2.089341354919801164e-01
-4.282992586238798971e+00
9.810628674978870478e+00
-2.416562071564691827e+00
-2.582364697409389898e+00
7.285390509129064940e-01
7.514587904412632469e+00
1.257976032363991159e+01
3.087191839729461318e+00
9.651900686073842550e+00
9.254574328113053028e+00
-7.127186845999430531e+00
-3.231285030244544498e-01
2.835026711420085554e-01
3.100846264973082869e-02
2.442252724083834980e+00
6.777407218610115969e+00
-3.167820138683138165e+00
3.424533902251435169e+00
1.038952529620572385e+01
-5.649873183178780733e-01
-6.438706144364041428e-01
-1.189819922405620733e+00
7.343291320594873273e-02
-5.831743128849518065e+00
-5.034791857362861833e+00
-1.717107300676525483e+01
-8.918607195226474715e+00
-9.913385659743141787e+00
-3.668346303447000523e+00
2.199489821287059943e+00
4.406204247737741109e-01
8.107550149634976111e-02
-5.047361694911711716e-01
1.590120388378781113e+00
-5.293591874675730724e-02
-5.736329199059715833e+00
1.130848546285891931e+00
-2.010733076748965509e+00
1.960624910090323469e+00
-1.966397025900961104e+00
-2.111091791551348518e+00
2.241560913314381764e+01
-6.207369899770825761e+00
6.523298866404840801e+00
-1.655068089216263694e+00
2.282001855267392187e+00
-8.545697223806829612e-01
4.256700014262504439e+00
2.432261006641992240e-01
1.066223660749039848e+00
-7.853879052192525911e+00
-7.073591851863946900e+00
2.526427389580244043e+00
-6.632196083834948297e+00
-6.045084491497192403e+00
-9.821436103410163820e-01
-3.784505485322594565e-01
3.318349999571610365e+00
-2.007393107386560294e-01
-5.620226563584672652e-01
-5.707541221320598268e+00
5.488355921730865283e+00
-3.408612321059920625e+00
3.116411653894063161e+00
-3.677986563549191512e+00
-3.508060923482039684e+00
-3.346041283040287251e+00
-1.386151533571504946e-01
-9.500439421040709931e+00
-9.111487781340255054e+00
-2.351921850045558759e+00
-6.613098709677016629e+00
-9.326744715192559099e+00
-6.908857381536010145e+00
-2.637208860963373702e+00
-2.551201997875899297e-01
-3.007871894887728659e-01
4.814824319344785941e+00
3.293783672472605506e+00
1.791673150863943409e+00
-2.966993852974170842e+00
3.007971341025819534e+00
3.465184050060678089e+00
-5.546498421146467628e+00
-3.071173618028386176e+00
-2.250431869222414338e+00
-2.007845598576106738e+01
-6.278280027652984430e+00
-2.300537840961599745e+00
-5.457545878047990406e+00
-6.147957913400157182e+00
-1.587726669525777679e+00
9.667379374857413055e+00
7.110812767450844341e+00
3.149865658837903037e+00
-1.682632089236860695e+00
6.828009338075041734e-01
-1.090197101088429932e+01
-1.630087484659367147e+00
-1.972724672914553390e-01
1.446390629805575090e+00
3.941327340645321975e+00
-7.341864255092859226e-01
-7.700562624634151865e-01
1.000524143286543577e+01
-5.747457385350376313e+00
6.028750889141539560e+00
-6.030227277332010916e-01
4.226272943277735727e+00
-4.816018215098500921e-01
8.210341993733022647e+00
-6.988669105903633216e-01
-2.022805284347832799e+00
-1.056203956699701862e+01
-4.050595773607663652e+00
5.411745448983626083e+00
-3.134951309055871604e+00
1.777989203558247189e+00
-8.037767552142595084e-01
1.895059287036296558e+00
-2.469021391587204128e+00
-1.303733872314037701e+00
-1.098471285005658515e+01
3.086391438011474531e+00
4.240267530195453105e+00
2.642510593233937222e+00
-5.333032796793788499e+00
4.356685870092594115e+00
9.876991307625136995e-01
8.051036333334288253e-01
2.408680359030462015e-01
-3.436865090070756690e+00
4.096126595968684114e+00
5.369216405170642581e+00
5.178787954702826823e+00
5.407427017109496248e+00
-8.306784944123092984e+00
6.946981208047321665e+00
2.286799162800645657e+00
-5.558544315953533044e-01
-3.109558226934509229e+00
8.258293090871305253e+00
2.435515188362308958e+00
-1.856695108699895513e+00
1.349617490909480466e+01
-6.978945451293370184e-01
-1.145974667036715022e+00
1.888413435771416626e+00
1.228100272616725608e+00
-4.017958199981693790e-01
1.377724295509556440e-01
-1.962195114074970714e+00
-2.007501445196333112e+00
5.883573272326664494e+00
-2.727403104240551990e+00
-3.937212288581366515e+00
2.906158064660039564e+00
1.351220041638848457e+00
-1.313290676911277099e+00
-1.442137884911177947e-01
-2.355586546656967872e+00
-2.415916046988105581e+00
5.670884550396741552e+00
-3.321155155722942176e+00
-5.863326769791137316e-01
-7.109827047692990343e-01
-1.008485796115841521e-01
1.166380184376017981e+00
-5.022612616033060640e+00
8.179259889868710331e+00
-9.256581598464538319e-01
3.628670355329435715e+00
-1.413619458723561095e+00
-2.532533668535477567e+00
-1.140975736802923413e+00
-2.046097267907353245e+00
-1.168501091357436517e+00
1.352425539464650051e+00
4.179846720800328264e+00
2.534268847177970851e+00
-2.396301331452823202e+00
4.496999349137499102e+00
6.285823270286502229e+00
3.212976636977566525e+00
1.189451610620345379e-01
1.318382106023591460e-01
3.838725228060548389e+00
1.046434384177616250e+00
-4.267990152774942203e+00
1.328583353984520876e+00
-1.910187479598850768e-01
3.273079421563567237e+00
-1.169020373193609963e+00
-6.358242711461817853e-01
-7.262057257595836646e+00
5.463141902593844357e+00
1.191555570170901746e+00
-1.718342936889412087e+00
-4.148216075735676078e+00
4.250440980730712859e+00
-6.442875119761132474e+00
1.069206580185759536e+00
-1.211217272095444386e+00
1.450888005530790448e+00
2.139999736273665576e+00
6.730182216444517973e-01
-4.320153381520945857e+00
1.982731674490507023e+00
-1.228361631107655283e+00
5.106568644131104229e-01
6.170653645624012640e+00
6.530400159368388913e+00
-6.204943109083794539e+00
-2.250941466661348367e-01
1.976532178324069466e+00
1.564117164389246861e+00
-6.923484072816388668e+00
3.236893229744355782e+00
1.091116932205138390e+00
5.602035752898619769e-01
-1.358755647351317819e+00
-8.622647393415411310e-01
-4.235791045157318635e+00
5.144037203535382297e+00
-3.858766080423010614e+00
2.954143471361483808e+00
-9.157836759864473875e-01
7.369094168674274137e+00
7.786528205596289220e-01
1.382350048410742938e+00
-9.175982554749795295e-01
1.915409218246053369e+00
1.078611149359417265e+00
-3.521401791447712259e+00
2.378215813653667687e-01
5.782769476656546281e-01
2.800095883658445306e+00
7.917308772087933377e+00
4.371594428962612966e+00
-1.323112356496524633e+01
-6.610109236563216362e-01
-5.592839139433491980e-01
-2.161389302608004659e+00
3.693887597259137845e+00
-2.156036078880152473e+00
-1.066772042853136071e+01
-8.895850794852631083e+00
-5.823895870174621514e+00
-4.008988116138106350e-01
-8.384140072975949931e-03
-2.107726086856673398e+00
-6.299109394601851708e-01
4.016154137742116603e+00
-7.809867671758462526e-01
-3.911945388530695844e+00
6.041949221841480977e+00
4.745548998959569609e+00
1.564227699844222386e+00
1.408531625567524204e+00
-7.275796939994590984e-01
-2.818837743896452697e+00
5.698601457893214928e+00
-2.520885665969180511e+00
5.781228440240077759e+00
-3.675072766410451136e-02
-1.435268813627185377e-02
3.338227669951656207e+00
-4.996706079986537041e+00
5.959496084230434754e+00
-3.145040825091331094e+00
3.752750588397620213e+00
-3.034486176728111051e+00
-1.543701786434925893e-01
-2.821953864171399928e+00
-1.185706989995487515e+00
-2.246818392071395554e+00
-4.683630692274252105e+00
3.562271737014307327e+00
-4.605232638292767078e+00
2.159385343499811594e+00
9.091198850417824273e-01
-1.728128070797339211e+00
8.085123856476869042e-01
-1.410164287270329053e+00
-8.722548257047082032e+00
-3.004690676714710573e+00
5.819463571750925546e+00
-1.121561577991861736e+00
2.119452561567376936e+00
2.025235594177779319e+00
-5.376451541971142056e+00
-1.434442322729809538e+00
-2.466981556003811082e+00
-3.718433479815447917e+00
-2.747118064601176135e-01
1.546549192582144405e+00
2.539951012828594923e+00
-5.533124211923771796e+00
5.304035186912680722e+00
6.301480735657298826e-01
7.291444550861004847e-01
4.378710370309252253e-02
-1.063306653535668289e+01
-1.225276533155702730e+00
-3.359930312906625804e+00
-9.382791896272189902e+00
-3.158327635890893159e+00
-4.216810275922577844e+00
2.168923704979691003e+00
-9.560369077537422822e-01
-5.969757523590325521e-01
1.261120047187939264e+01
-2.426262028243010072e+00
6.699016295572815416e+00
-1.284655928447780537e+00
6.568594567879276980e+00
1.281446880389551568e+00
6.428765176833000972e+00
-1.155528734494065957e-01
-1.974755082053743616e+00
-3.520499278242322561e+00
6.627914493215318892e-01
4.569294354620438980e+00
3.986367031647436443e-01
-5.691126225476144995e+00
2.313451316250762169e+00
1.990792419875197172e+00
-2.572936729215061114e+00
-1.462398614818744669e+00
-3.348152671373109346e+00
-2.345753376504934096e+00
-1.713459173395968094e-01
-5.619744257900283202e+00
-9.071287818238037204e+00
3.694521310271896564e+00
-4.082858808149135932e+00
-4.955626102840989811e-01
-3.387842240303620134e-01
-5.958725599909912019e-01
1.780811361211096955e+00
-2.806530189065494341e+00
-4.145367994947265267e+00
3.035266206362200236e+00
-3.851919548398611504e+00
1.672599630309435925e+00
2.219545736990602869e+00
3.741816246128764484e-02
-2.014046521065297313e+01
-6.897058664848707998e+00
3.498700112428299036e+00
-9.714747703128929768e-01
-2.780899683094300023e+00
-3.163248441995680227e-01
-2.543936880944637657e+00
-8.592159245902559750e-01
-5.748801167125714429e-01
2.615888250391119829e+00
1.112119712389508841e+01
2.377748689119042691e+00
-3.782280365363666075e-01
2.057486500741958579e+01
-1.396396364124102396e+00
1.504909248663701327e+01
6.555828144802632984e+00
3.624275898273325414e+00
9.545333884782116959e-03
2.008721289208663219e+00
9.869378803603117145e-01
-3.680199138475971576e+00
4.589570837284691618e-01
-1.382678927437529959e+00
3.560820954903874735e+00
1.098211243219486377e+00
5.181273904474015257e-01
1.573958931815420348e+00
1.453903419509981365e+00
8.664425474920824100e-02
-2.206785302210615640e+00
5.045333044733211203e+00
-3.869106893849521445e+00
2.086128637610281000e+00
-5.977485502604732659e+00
-4.911354613482799891e+00
1.525810413281914890e+01
-3.905072695721974796e+00
8.140710121818882428e+00
-2.523070366489144067e+00
-2.749386298138181695e-01
-3.563788503507550054e-01
3.489828950210223990e+00
-5.717497522325455384e-01
-5.839873662933769971e-01
-2.680793256239198730e+00
-3.120425346206962658e+00
4.011295284708987552e+00
-4.798229202091429002e+00
1.821242022833597263e+00
-2.623863190704776582e-01
3.271295570443983891e+00
-7.988584648900503016e-01
-1.207291847633878534e+00
1.482926910571614298e+00
1.550290430552859533e+00
1.468166981286223249e+00
-6.447099675944980568e-01
-4.553319990837599640e+00
6.175567076832138014e+00
-1.740642494993480893e+00
1.841716387055846393e+00
4.342623518582390818e-01
-9.164492633694930390e+00
6.434010524590911828e+00
2.390753368698112880e+01
1.658564588814931895e+01
4.232678911233828778e+00
2.532422391832183450e+01
4.919443834262047233e+00
8.829028370782875612e+00
7.994179446115793120e+00
2.927327048544294819e+00
1.726348550008892646e+00
-5.384226861165040262e-02
-3.182135979089842692e+00
5.425491973682142088e+00
-2.023959057078127621e+00
-7.336459133713400860e+00
-3.051601615786783683e-01
-4.345302326905740586e-01
-1.594714701529881928e+00
-1.326402158667829845e+00
-3.219206912226550088e+00
-2.420397645493769456e+00
4.198251506441380343e+00
-3.660399159346762410e+00
-5.612501895810566133e+00
1.010311398933197991e+00
4.608841108071033421e-01
-1.159584135193300281e+00
1.872299792569431354e+00
-6.254990177704001786e-01
-5.563582541223088818e+00
1.409382543892987005e+00
4.043380079270579408e+00
2.862389368697833891e+00
3.739571561414827716e+00
2.188723201074645353e+00
-1.155025151967235431e+00
2.964741728093919004e+00
3.192301629973015586e-01
-2.468078101284992276e-01
6.465510248920524283e+00
-1.718386940285907105e+00
-3.519461695408449553e-01
-1.150734666199740186e+00
-1.444697607469525247e+00
-1.014294724196211694e+00
4.391838235415962188e+00
3.020448151519566249e+00
-1.673458406371224783e+00
-2.286614171514639526e+00
5.141365845620677888e+00
-3.431070210704145751e+00
2.098473520286968652e-01
-1.330376303099248370e+00
7.113868314725967146e+00
1.937957107708832538e+01
8.543632387152779728e+00
6.551480879786468314e+00
2.784763601667531674e+01
8.169963012395876911e-02
-1.950838450914404110e+00
-1.107825736125267052e-01
-3.100085113804307638e-02
2.479604684349541799e+01
7.251484513126121634e+00
1.031129015645687730e+01
3.375022707603621441e+00
-6.723988035270885844e-01
1.054399822674888476e+01
2.159165379360012071e+00
2.230081579024836280e-01
-7.062644339036626417e-02
-5.472628114907368335e+00
-6.519740761213961733e+00
-1.162758142805970646e-01
-8.727980788360619968e+00
6.632572905713647327e-01
-3.054639748580854519e+00
-2.498256018092263719e+00
-1.252726887332567873e+00
6.728063249602814766e-01
1.200704821749312323e+01
-4.030277503056251542e-01
6.777468958992281856e+00
-5.488304830262338285e-01
4.299947082299913959e+00
1.126236112255894461e+01
-1.786833882321414269e+00
-3.631118359821820796e-03
-2.330612489707286072e-01
-8.518204035511828254e-01
-7.882889920323796762e-01
-5.332859201518125758e+00
-3.506640012346415425e+00
2.353199315212778142e+00
-2.917676029270532378e+00
-6.424400363812317050e-01
2.042525189874501379e+00
1.007054162157821287e+00
-5.176587947357828234e+00
1.163604912439127936e+01
1.409503219062971624e+01
5.896293615595119775e+00
7.827150333667615811e+00
8.172635096608862781e+00
3.327236236976038875e+00
6.076350537600331947e+00
5.188895383283347762e+00
-1.208679163069275475e+00
2.373275835270450607e+00
1.324909151949233088e+00
-3.730704259658077060e+00
2.471391399996777150e+00
-1.019180032417514870e+00
-9.594918782276811164e-01
2.636330089532858079e+00
2.845377398788973000e+00
8.504708871989421493e-01
7.545195668971585334e+00
9.733141364655998329e-01
2.881149941106427192e+00
9.883388304988219630e+00
-3.290933663144586685e+00
-5.052376735031375077e+00
1.389250883688428306e+00
6.252653502318390455e-01
-1.468088186846779220e+00
3.185331166960545968e+00
2.105653274375559381e+00
-3.532037063889619688e+00
4.250619722611189144e-01
-7.109962617530513063e-01
1.992421525713907071e+00
-2.661101447571831979e+00
-2.800448695229499130e+00
-8.449623962644350783e+00
-7.630155458452312800e+00
-2.390008084380438547e+01
-2.898571915825455036e+01
-2.998047082524008644e+00
-1.550379491065113235e+01
4.927877348262932777e+00
1.461847895720042478e+00
5.303211776246326004e-01
2.804174070924125850e+00
1.132728727188772133e+01
1.601215827745445708e+01
1.441201560382559066e+01
1.071687609539848474e+01
1.740472714325061787e+01
-3.630241807291789247e+00
-2.866530949810869089e+00
1.035437496231705473e-01
-7.061369976793730602e-03
-4.544591025281504493e+00
4.796213041972213098e+00
-5.267848339497247068e+00
1.111656910247834196e+00
-3.158192389594429272e+00
4.359661772478432340e+00
-1.338010889516581536e-01
1.731080831284261823e+00
-4.259768617765224419e-01
2.594764051915791292e+00
6.607368256668714190e-01
-1.959223225054396389e+00
-2.295583969949010150e+00
5.616599376670916577e+00
-3.289593687571787939e+00
2.094865838905314082e+00
8.069740470250003073e-02
1.068015430337583460e+01
1.674358211747229674e+01
6.044871322277148629e+00
2.792617278890617172e+00
1.957776462807014184e+01
-1.260554295864803365e+01
-6.795045276431140202e+00
-6.411518211468967721e+00
-4.082087127399620208e+00
3.003977816070611873e+00
-2.281574912507334574e+01
-1.155542716705540152e-01
-8.543515056045233536e+00
-1.686321942655532524e+01
1.380844653806348887e+01
-5.360452227387078494e+00
4.071061427967417323e+00
1.887948525480833917e+00
