-3.701295735462331926e+00
-2.306761529660289245e+00
-1.448502485506862225e+00
-1.042306255892809563e+00
-7.387780156496414063e-01
-2.788401989147576976e-01
-5.911821135637058688e-01
-3.602641658245356315e-01
-6.880989158621118040e-01
-2.863364383177149364e+00
-1.591804422288511045e+00
-8.235608561674448991e-01
-5.416853615434052971e-01
-2.046682755926829689e-01
2.273819034985102017e-01
8.903841751106307545e-02
4.897787156045809720e-01
-3.312435305997623591e-01
-9.116413080661801560e-01
-9.987039791473233119e-02
4.298566381829620475e-01
5.191580309227752377e-01
7.992583114608048378e-01
1.011991713504962087e+00
8.769418723485463696e-01
1.042753415929371430e+00
3.168769233282217601e-01
-3.822826691508452779e+00
-2.284413423710489166e+00
-1.445705736352535853e+00
-1.032757198329403270e+00
-7.283755912225711171e-01
-2.508159760368778857e-01
-4.983977577902382050e-02
2.701801924315255787e-01
2.361278816342987641e-01
-2.846948187964636112e+00
-1.595001493690884731e+00
-8.208768201540709297e-01
-5.335915290450848891e-01
-1.980755159004748966e-01
2.364378379325884905e-01
2.426538559776330040e-01
5.954805506496511081e-01
3.387193455320825497e-01
-8.996410543758960321e-01
-9.305653050720787134e-02
4.334633044620591624e-01
5.176534244841897170e-01
7.984354277656134924e-01
1.007602463721824160e+00
9.136223823065657834e-01
1.067401636327011794e+00
6.654533038474145235e-01
-1.463244740592835047e+00
-7.045412555976181546e-01
-1.013091877806466872e-03
2.602367867593759487e-01
5.005945670627710564e-01
9.418395466800761895e-01
1.318163640803013514e+00
1.340383116275623454e+00
1.297502377069410073e+00
-1.375448749779402347e+00
-6.264677877154072316e-01
3.299469764112987480e-02
2.787106312496465121e-01
5.227378584036839193e-01
9.471938804469978157e-01
1.329868646621101380e+00
1.337112153473699383e+00
1.299927052562446450e+00
-6.258471213084513263e-01
9.529403441100406380e-02
5.932945182451853094e-01
7.055755129896008615e-01
9.389953410841174186e-01
1.179749483505719843e+00
1.393886372658966089e+00
1.394960063758429625e+00
1.307990931075650121e+00
-2.064781860640542366e+00
-7.021377087107849579e-01
-9.982406168231106047e-02
2.951964632993086535e-01
4.889498152214042381e-01
8.457012091680000676e-01
6.809697304247388505e-01
8.325442739827332295e-01
-2.673479353573404715e-01
-1.451865011910686842e+00
-4.808645539743429675e-01
7.370583248890243133e-02
4.664496402151421250e-01
5.597705669973783715e-01
1.117861253267522920e-01
4.582722069093555506e-01
-1.103674773188810798e-01
-6.603869307525023213e-01
-1.575648391704264295e+00
-3.862167122646112394e-01
2.042155957920664400e-01
4.784548793703019554e-01
7.710420431661176854e-01
9.376466882723807350e-01
8.316159280993447034e-01
9.246308245959335981e-01
-8.794837165246191524e-02
-1.414652876148187355e+00
-6.040973905567098567e-01
-1.834021373208499089e-02
1.701909311423830395e-01
4.353857669717935974e-01
8.344020160372883632e-01
9.958794029574838946e-01
1.096232215913803598e+00
4.644923752071593581e-01
-1.919648385421863335e+00
-5.593045335683396457e-01
3.742170532550933432e-03
3.897189394823198927e-01
5.748609838837889230e-01
9.667024866977843578e-01
8.922741687538245925e-01
1.102448186136554487e+00
8.639087433896418255e-02
-1.964518557763068163e+00
-9.127271684109939942e-01
-3.843009306975169181e-01
6.677830962256832426e-02
2.286199556188519555e-01
-6.437757926004399056e-02
1.359346739862781483e-01
-6.453170756235531158e-01
-1.032787271515100080e+00
-1.866234872558087510e+00
-5.833754733636141721e-01
2.528724276951838795e-02
3.452604997144500532e-01
6.346976922988785130e-01
7.741072168980567270e-01
6.899840520508996322e-01
6.040076619041437889e-01
-4.944271230237878290e-01
-1.272950912173010041e+00
-2.435248376191044284e-01
2.997561769469148096e-01
6.413857053905359651e-01
8.579811262558905138e-01
6.965953651974881033e-01
7.967247081064587899e-01
5.255054468920329347e-01
-3.482851649398248095e-01
-1.535445827481598302e+00
-3.766371064187769013e-01
2.110894942130196739e-01
4.849776204248867906e-01
7.737923803038586623e-01
8.061316758222782930e-01
7.836365345534118676e-01
7.361953293315758318e-01
-2.654359827336087996e-01
-2.450373616810335609e+00
-9.995721280037421774e-01
-3.227616414437805559e-01
7.801668257337880663e-02
3.106444853483091295e-01
5.607042063587416303e-01
3.453547709170176616e-01
2.521087206449998397e-01
-7.157791898224056260e-01
-1.313979736057834691e+00
-2.388683396439068574e-01
3.204825853599412300e-01
6.182497400343393013e-01
8.759693556474782428e-01
8.287583321277686155e-01
8.534717234532955832e-01
7.754032596338574779e-01
-1.682588356884677783e-01
-1.505729920509107034e+00
-5.357932050682266967e-01
1.781261647832426201e-02
4.221634073176283586e-01
5.187199015476431363e-01
1.351125774139130264e-01
4.345505919276030360e-01
-2.253812723018684960e-01
-7.475041186468229792e-01
-1.701746087155210363e+00
-6.033251637322502026e-01
-2.942403429574495452e-02
3.331113890861867599e-01
5.532511241708547578e-01
3.284133217947922123e-01
4.744593299559147770e-01
6.373647268241970816e-03
-5.794288581400623972e-01
-2.074156370668883476e+00
-7.286981710350032282e-01
-1.183480391754044847e-01
2.787054070972748154e-01
4.004311080640825526e-01
8.780195030106293652e-01
7.678466273470355707e-01
1.059423498024324450e+00
1.466015037521846143e-01
-1.786638706894421613e+00
-9.470175312660550349e-01
-2.791209044755708635e-01
-4.154507139160865115e-02
2.551365190125476357e-01
6.827801337237074941e-01
8.858426941425940893e-01
1.014106690875420602e+00
3.902980007088013847e-01
-2.760798112451395614e+00
-2.170930404355752241e+00
-1.752455272274820564e+00
-1.176221060979454336e+00
-1.131570043705761419e+00
-1.664097458699323573e+00
-1.088438710317868763e+00
-1.192503390569181754e+00
-1.306385656327930800e+00
-1.171725370257504562e+00
-3.194865312234405064e-01
2.323499993751231008e-01
4.252645837397957540e-01
6.792585992468924694e-01
1.004928129340011633e+00
9.968427492907253606e-01
1.126897698365818101e+00
3.789974155040581882e-01
-1.802602598175123694e+00
-5.453581257030918339e-01
6.171455939496153786e-02
3.676988354685589711e-01
6.618190086024058338e-01
7.727986445881279698e-01
7.110952533342254078e-01
6.030363189112166733e-01
-4.790147741374921608e-01
-3.571137826106829394e+00
-2.180677525014458329e+00
-1.312037505530231352e+00
-8.846163443173726826e-01
-5.793191887829833853e-01
-9.985662152799248958e-02
-6.539620526122676969e-01
-3.764300934279176114e-01
-9.311751191920247805e-01
-2.473237014285783353e+00
-1.382135321319123866e+00
-6.417318346102292015e-01
-3.255047460420190664e-01
-3.171779685605594220e-04
4.380846030529151336e-01
2.497537358181050882e-01
6.416270486015513974e-01
-3.862717655374614534e-01
-3.103281506094198949e+00
-1.839153012731987946e+00
-1.395425745663522177e+00
-9.878052933208231190e-01
-5.280936984688965330e-01
-6.407072817783968643e-01
-9.249751563432934143e-01
-1.355815506892804612e+00
-1.391174882944406388e+00
-2.117229553134875708e+00
-7.248096647971253859e-01
-1.131118513897726580e-01
2.780080169295555681e-01
4.735478411453735714e-01
8.063384006110311253e-01
5.776477038648187845e-01
7.756469533285211826e-01
-1.996453457767762840e-01
-1.758064412651510366e+00
-5.476517599494780120e-01
5.140948580829024506e-02
3.693055476498657286e-01
6.431747678748781505e-01
8.443171694373684533e-01
7.203495643085811029e-01
8.081477892448724054e-01
-2.513319510506824006e-01
-2.136246200908749504e+00
-9.489136791160875939e-01
-3.291583674532429504e-01
-6.452051992859796081e-02
2.345387506492574714e-01
6.828197659891722671e-01
7.608880982897179290e-01
1.006724833916063044e+00
3.337193306418687055e-01
-1.553003859134024056e+00
-5.821618710967421118e-01
-3.327103304086032748e-02
3.807543164121383605e-01
4.712376092593641985e-01
1.595505714038366815e-02
3.565209227339609099e-01
-2.136395679874196207e-01
-7.039361068472900218e-01
-2.572899649351482854e+00
-1.897505486162289312e+00
-1.462666407429620952e+00
-9.065406274191556424e-01
-8.635744378434745405e-01
-1.355212640737876839e+00
-8.812165036846819621e-01
-1.331433945338520441e+00
-1.381714118960856608e+00
-2.814734014241703886e+00
-1.817808270574703400e+00
-1.419647144879571998e+00
-9.273222512847213439e-01
-6.171408738300371288e-01
-9.839120419710094545e-01
-8.636857870633833922e-01
-9.566108559419854718e-01
-1.172257200244380071e+00
-2.109327508669293749e+00
-8.301645141774688375e-01
-2.116722937121653381e-01
1.237693635435447859e-01
4.168350836863580211e-01
3.809653655933187832e-01
3.471112237470567741e-01
1.664065037449616313e-01
-6.099352140584374249e-01
-3.341678309593146157e+00
-1.931401446794932530e+00
-1.446934835074121128e+00
-1.049143737247959507e+00
-5.697298660380740731e-01
-6.101068597024554840e-01
-9.810101062489353652e-01
-1.233061017863003261e+00
-1.312724624450313682e+00
-1.871589892988306802e+00
-9.092336432867222928e-01
-2.444396947454713642e-01
4.461918860628073628e-03
3.018761392733603222e-01
7.206942221366046120e-01
8.836297986827735818e-01
1.014043807421171728e+00
3.418266332947950126e-01
-1.620327447404314558e+00
-6.217737478757341396e-01
-1.603451497681919122e-02
1.366302473488585634e-01
4.477841431469311573e-01
7.814429785592788003e-01
8.191263997427999932e-01
1.009359060154435550e+00
3.440224449423314734e-01
-1.439926033833671681e+00
-5.697623420989242904e-01
1.600217920668308216e-02
2.345144531835606505e-01
5.118217780336418166e-01
8.998481464280878583e-01
1.003300650820051265e+00
1.122849440624741568e+00
4.299965470408240731e-01
-1.687965217811166818e+00
-4.665709620134717017e-01
1.200795555817626564e-01
4.358643982463005218e-01
6.988885848517237820e-01
9.651526337435925029e-01
8.700384489637545959e-01
1.010193237586372028e+00
-4.705544652420804580e-02
-3.659661872961051277e+00
-2.224733412713150393e+00
-1.387195049147562642e+00
-9.892219817218670386e-01
-6.769742897857189412e-01
-2.163123065560459135e-01
-5.145365079730802593e-01
-2.727286621441140091e-01
-6.234957084462088295e-01
-2.886847289641681691e+00
-1.956827913907067229e+00
-1.582759271699782921e+00
-1.055979217634680722e+00
-7.764603661504908549e-01
-9.936054064970062383e-01
-7.090551249552138335e-01
-6.066613749963467583e-01
-7.389102868537886781e-01
-2.102826192664331018e+00
-7.299313134497058542e-01
-1.209095066694032411e-01
2.794150370598837418e-01
4.180824568732190438e-01
8.617361734847054366e-01
7.424210132366378945e-01
9.765797576349671827e-01
-5.050464061099042834e-02
-2.541247415454779723e+00
-1.178908654472042405e+00
-5.089822798514793689e-01
-1.169637359821668471e-01
6.975264520228914578e-02
5.115006167515350199e-01
1.051120090854271716e-01
4.757106126603339313e-01
-3.418915697435793155e-01
-1.855552213845754750e+00
-6.356938647538818987e-01
-2.812476229028367317e-02
2.840579734125185940e-01
5.741685592656001758e-01
5.687972646968275647e-01
5.335524712253065793e-01
3.433644591064596296e-01
-4.312795192297906310e-01
-1.201575748503851404e+00
-2.255306828675610331e-01
3.171411873969524065e-01
6.757174591972404665e-01
8.161125372698578850e-01
4.328647857230177864e-01
6.817551126483464285e-01
3.248037655446761041e-01
-3.348170690121675674e-01
-1.550400213880983813e+00
-4.404119501432526840e-01
1.323861564119768464e-01
4.549136080631707157e-01
7.058856202490435550e-01
5.782418943755203156e-01
6.425075946889506895e-01
3.624446745586111795e-01
-3.895082254481664341e-01
-1.285307862293017633e+00
-2.962653177766467194e-01
2.529047439700386479e-01
6.195516302648628182e-01
7.492603524841034979e-01
3.410820978294522576e-01
6.110051003519300084e-01
2.212032042991344538e-01
-4.078043087619012130e-01
-1.133441360138215614e+00
-1.508371577239621120e-01
3.833145786619838735e-01
7.360530812718093507e-01
8.950298010463557663e-01
5.923978339524651471e-01
7.757987284203602396e-01
4.336925460181586534e-01
-2.744623918474787261e-01
-1.980765132101299120e+00
-7.251510275655879134e-01
-1.325500410617754254e-01
2.402868922703673416e-01
3.725115541294067856e-01
8.894435056705476406e-01
8.729079589346278034e-01
1.148068534638475136e+00
3.471415335654703949e-01
-3.467209207143707062e+00
-1.987665167056905213e+00
-1.460055443423801558e+00
-1.048662089411315224e+00
-5.918771323278296803e-01
-5.684130541385433721e-01
-1.042539487770281159e+00
-1.296393558836560267e+00
-1.316996870720698043e+00
-1.630241290550654920e+00
-6.803425394363498135e-01
-1.338604290188907808e-01
2.939643551934749133e-01
3.676937002724356973e-01
-5.967227248037269144e-02
2.912309642482870942e-01
-3.786013243432594932e-01
-8.193306235661589332e-01
-2.277943910530363603e+00
-1.000225888997799739e+00
-3.648788293020763795e-01
-1.028555667883943384e-02
2.353697264105523990e-01
7.067196471404568747e-01
5.786881267013562757e-01
9.053210111228927603e-01
-1.163589942225614349e-01
-1.507837708243222163e+00
-5.583358251046450782e-01
-5.474442516959933565e-03
4.016137179024384940e-01
4.881863430696878892e-01
9.614390576538542343e-02
3.823981629654627512e-01
-2.735021961417625769e-01
-6.086458878855838250e-01
-2.790914874750253905e+00
-2.210529034148643213e+00
-1.792000069710639520e+00
-1.213730058104990572e+00
-1.169039265901754776e+00
-1.630474802802423184e+00
-1.024203193288494962e+00
-9.456983020580695953e-01
-1.113992934898483167e+00
-1.102222035581471582e+00
-1.221529655069726605e-01
4.097132348950215941e-01
7.606242132798693989e-01
9.334243834611073432e-01
6.225852087765928466e-01
7.907004998473567969e-01
5.635386715824091119e-01
-1.739490221276413784e-01
-3.071141670980159777e+00
-1.750350296960062613e+00
-1.266854116315204282e+00
-8.781319388446868768e-01
-4.214587803047344927e-01
-5.854347453118859956e-01
-5.745590770679926962e-01
-4.988811578880932296e-01
-6.547727703731357485e-01
-1.613201591930992773e+00
-6.691780359028685066e-01
-1.224749378989272858e-01
3.008156583157542419e-01
3.705337140943081309e-01
-1.366632740474206520e-02
2.987074782179616195e-01
-4.419538532863027114e-01
-8.347032199409365472e-01
-2.292061384248474720e+00
-9.334529540482744414e-01
-2.762669463611671650e-01
1.293826016551444247e-01
2.637471700082639203e-01
7.006107700728113619e-01
4.001568067175219623e-01
7.005840544558793459e-01
-1.921732506610158708e-01
-1.265022254095066190e+00
-4.178642250131970326e-01
1.509756251327643017e-01
3.467031121706769525e-01
6.030112818993634827e-01
9.399599529857985969e-01
9.649375850813683986e-01
1.095956708674459712e+00
3.680503809909542179e-01
-2.517022210030199769e+00
-1.370322131974234026e+00
-6.278390975766271476e-01
-3.287052751409343943e-01
-2.814299189678336113e-03
4.416268353654973500e-01
4.481580975279614854e-01
7.282232164722481915e-01
-1.226661251368323657e-01
-3.534188577144475651e+00
-2.117540610798271938e+00
-1.362011720696476580e+00
-8.938406959786078243e-01
-6.616350272260227428e-01
-3.135359253030231552e-01
-9.205031592588323042e-01
-7.499213751995621458e-01
-1.033483679119937992e+00
-2.583578198456159658e+00
-1.188031452906052055e+00
-4.766637179255593937e-01
-6.941716918070578446e-02
9.834895847933175506e-02
4.801652002359655391e-01
1.890808714237086352e-01
2.908352830448943660e-01
-5.715805644290652410e-01
-2.900718527366510369e+00
-2.010953020729833618e+00
-1.645900306706852279e+00
-1.103621208720304114e+00
-8.352187416294302169e-01
-1.082980713153636643e+00
-1.096545551563110621e+00
-1.511740023480106609e+00
-1.399561442041585391e+00
-2.700352797124389692e+00
-1.229607435593502496e+00
-4.960778954743561009e-01
-8.105801996094343098e-02
1.065792889469637378e-01
4.866720694423800064e-01
1.202855932252815813e-01
1.789923350309315098e-01
-7.153646609076342866e-01
-2.022159633029813719e+00
-7.801603657693945149e-01
-1.727965732367494067e-01
1.604912720000493953e-01
4.499810172236062833e-01
3.775018079091793655e-01
3.771428587606898142e-01
8.901187320626492705e-02
-4.764785900725779788e-01
-2.599932803781272561e+00
-1.947717558086488054e+00
-1.508746256043244749e+00
-9.571902729109491581e-01
-9.123481593620448304e-01
-1.178324169599036741e+00
-6.686809838216447588e-01
-6.173189979149532602e-01
-7.179422989151287293e-01
-2.326875860401308671e+00
-1.224357391571267994e+00
-5.097654348848206229e-01
-2.732768419615394517e-01
5.342049434825162091e-02
4.769943925019513586e-01
6.312316091039420485e-01
8.481505100009892884e-01
2.368800652880065916e-01
-1.871379076448856260e+00
-6.805624491884899596e-01
-1.129207814758135670e-01
1.988348279802272800e-01
4.090324484235770552e-01
9.171900617885351270e-01
1.029359442119105017e+00
1.205931287674273378e+00
4.702681162022460670e-01
-1.925401521647580161e+00
-7.184650018159278728e-01
-1.147053534721975548e-01
2.202056634814234526e-01
5.022058070627698489e-01
4.314826635373849584e-01
4.852560099830293683e-01
8.563231470873135243e-02
-6.823584448357109533e-01
-1.782873265387817430e+00
-8.401623685367500816e-01
-3.132430348381981533e-01
1.394298275268503473e-01
2.026353833729261644e-01
-2.860780405048971575e-01
1.002851439633577618e-01
-4.285022607907623127e-01
-7.930876587890798302e-01
-1.919977715007647578e+00
-9.533069150840598471e-01
-2.870359322589930429e-01
-3.689339459014554651e-02
2.547625852443484717e-01
6.777542867552622807e-01
8.515757717689593775e-01
9.847321461238960350e-01
3.274318425814195521e-01
-1.811286791237374683e+00
-5.514972505997477459e-01
3.676019270800565814e-02
3.855966880796144469e-01
6.271560741213818568e-01
9.046981756387413309e-01
7.317279871491543242e-01
9.130003689314462045e-01
-4.272330371740199612e-02
-2.642042516537404850e+00
-1.999989379083074281e+00
-1.567885738708109766e+00
-1.004819103355619525e+00
-9.577810633357639603e-01
-1.338808133114455901e+00
-9.719784175177476060e-01
-1.592158105489752673e+00
-1.426250945693963823e+00
-3.658673336502719309e+00
-2.215903515543685032e+00
-1.358815601815185792e+00
-9.161527366542370210e-01
-6.246998801192106265e-01
-1.533083956139922044e-01
-7.004692442289500720e-01
-4.407158344217377288e-01
-8.669500357980368666e-01
-1.170421894438242960e+00
-1.900600760352118002e-01
3.478322934778088626e-01
7.038802855762352761e-01
8.637024137112963018e-01
5.560489974838007665e-01
7.522234916464040078e-01
4.054691148699033354e-01
-2.912044910277201692e-01
-1.152818616963788401e+00
-1.635748069774379254e-01
3.742363864332374224e-01
7.275065297426194233e-01
8.930031350395297718e-01
5.921178212662601137e-01
7.477203083003740591e-01
4.329663339136597955e-01
-2.131294141882260351e-01
-1.777801527314703200e+00
-7.312869824213736880e-01
-1.185219446671506860e-01
6.758954029270483610e-02
3.877220479052366220e-01
7.779293173288164276e-01
8.632526885662700211e-01
1.052233720644255355e+00
4.194244442501914860e-01
-1.093670512343612566e+00
-1.133325187736376333e-01
4.156650705351909170e-01
7.645395675685352499e-01
9.299509804951542336e-01
6.094624311952968609e-01
7.950097296486191567e-01
5.403012036684545771e-01
-1.712469563224504332e-01
-3.476975956813793900e+00
-2.049285040317137874e+00
-1.341774638999834179e+00
-8.859167465197209657e-01
-6.507076694335128808e-01
-4.333574637122316608e-01
-5.757248979833781144e-01
-3.587813432432455096e-01
-5.175472976973213290e-01
-1.722905532143805818e+00
-4.760347404463975973e-01
1.199062532392730224e-01
4.369184593832882157e-01
7.106598768965024515e-01
9.522717133970795000e-01
8.480782059749618629e-01
9.253158023282869182e-01
-1.545663506003825682e-01
-1.393549288533367569e+00
-4.187890763137532280e-01
1.354360197193112125e-01
5.198796836093091400e-01
6.298843573332965073e-01
2.428271167797748931e-01
5.034763034016913608e-01
-3.812258318658587330e-02
-4.603782236270775319e-01
-3.062369709025564379e+00
-1.956214838929462463e+00
-1.564629675142117371e+00
-1.126147939383407737e+00
-7.086133633393179032e-01
-1.010144072575819507e+00
-8.854723177812403589e-01
-7.530598823215303161e-01
-9.827777232818022402e-01
-1.512569811390654051e+00
-5.793740185685669619e-01
1.690412201485293198e-02
1.770733089842646268e-01
4.825991319278706837e-01
8.167135678275283528e-01
8.608688943088949053e-01
1.041735739766985747e+00
3.810794156597042126e-01
-1.119876912571394545e+00
-2.768148225137080920e-01
2.736360771099483058e-01
4.059107376019329139e-01
6.851240463081991194e-01
9.548221380587950113e-01
9.120330506450317065e-01
1.075795840916609736e+00
3.722879634218034806e-01
-3.284475758531997691e+00
-1.801404224266772935e+00
-1.242135367673024682e+00
-8.357148920731470865e-01
-4.154003159118147548e-01
-5.464070178787512333e-01
-5.393822740469013111e-01
-4.175787008919781829e-01
-6.140721515030345135e-01
-1.493500072063111306e+00
-3.437383763674334847e-01
2.472168431533887101e-01
5.184734951380898238e-01
8.121184201063136321e-01
9.056319144964061207e-01
8.739988375335175919e-01
8.381188296868200549e-01
-1.685595418859595074e-01
-1.255130606669666582e+00
-4.005528147026987673e-01
1.587698015728753465e-01
3.692340423996515741e-01
6.360702493033832949e-01
1.004641855952337570e+00
1.063297920117139528e+00
1.187770830387154142e+00
4.676740930377197292e-01
-1.343855499216523475e+00
-3.554346755728785556e-01
1.959766354222203244e-01
5.718232130138322100e-01
7.040702970165212404e-01
3.458325895304806274e-01
5.738544714799733715e-01
8.972012121717501398e-02
-3.900898086531469633e-01
-3.497271411922915796e+00
-2.096256653019482830e+00
-1.240890440324243560e+00
-8.243486080356130508e-01
-5.112401887555358959e-01
-3.420378361089427416e-02
-4.850881166567203584e-01
-2.083921425136691929e-01
-7.187735906476296899e-01
-1.999464506446510415e+00
-9.928915077728226457e-01
-3.115232582320369148e-01
-1.060398131514189018e-01
2.112824204448950360e-01
6.120569008390767118e-01
7.627248958153201031e-01
9.426065194222524868e-01
3.517747388791650498e-01
-1.538788218130358043e+00
-3.603414711424478001e-01
2.292473365592394563e-01
4.958870249090073234e-01
7.909671065400213363e-01
9.281899325799677358e-01
8.289311695798391444e-01
9.073807487368856783e-01
-2.425624404590006125e-02
-1.234769795195196140e+00
-2.315861918189863478e-01
3.055705163810200631e-01
6.624945396466358494e-01
8.453290603611129939e-01
5.777527233189576616e-01
7.191530601507987175e-01
3.994382653557148055e-01
-2.437492468090192155e-01
-2.986145856205358218e+00
-1.792626101938321614e+00
-1.355652419449159485e+00
-9.372019195079462905e-01
-5.154156191618567417e-01
-7.202995164527993266e-01
-5.526148466022203776e-01
-4.172217236843770438e-01
-5.536944965802745866e-01
-1.921815349709304455e+00
-6.529874290277976057e-01
-4.345695222802566093e-02
2.736307615905504420e-01
5.610955130954945469e-01
6.409602477961416911e-01
5.665400142249997772e-01
5.111164735352404787e-01
-3.722635163124018431e-01
-2.154786929479655111e+00
-7.913114025918137617e-01
-1.466006075332928205e-01
2.471722417919647030e-01
4.649225486690996556e-01
7.678092149017168300e-01
5.816141877861813470e-01
6.285109629029217437e-01
-4.034536075349524076e-01
-1.261508015543968186e+00
-3.546077574104555818e-01
1.989628412969303428e-01
3.180056288022464206e-01
6.390799941332596656e-01
9.381536277055145812e-01
8.892622579552464934e-01
1.094590136523893698e+00
4.443148213846014882e-01
-3.696676515920466422e+00
-2.275692016838905207e+00
-1.407170306870465293e+00
-9.544515954612233788e-01
-6.664670306404885114e-01
-1.888535274895430660e-01
-1.006741767523997133e+00
-7.038708671498650205e-01
-1.059598446790840809e+00
-1.173564161682730367e+00
-1.808687141021980693e-01
3.555896276533980771e-01
7.114056635313373844e-01
8.785459603919658633e-01
5.790773945753391327e-01
7.358903740162155982e-01
4.132658081162827179e-01
-1.969350915374992184e-01
-2.305868944260368814e+00
-1.316198450248235341e+00
-5.766323679375102707e-01
-2.835880236510172070e-01
3.156292543239345300e-02
4.735344679019751757e-01
4.636227254790051822e-01
7.652112893710459884e-01
-1.007948647276489668e-01
-2.172025388071919583e+00
-7.965644816972131670e-01
-1.662607476426695985e-01
2.277426784458590758e-01
4.295994444893339037e-01
7.329962482444132288e-01
4.764750329671626483e-01
6.573631206618489875e-01
-1.469279867346426349e-01
-1.878329055259371438e+00
-5.527069999064885275e-01
3.183429895409325278e-02
4.046426506066209128e-01
6.227185964987144162e-01
9.700570622992529257e-01
8.670584029547457883e-01
1.027303179775751252e+00
1.194737934595071875e-03
-1.427820312618334864e+00
-4.608246933269141699e-01
9.367251861341660546e-02
4.834868980381449299e-01
5.805400135281725271e-01
1.964126726377436460e-01
4.911694978220522145e-01
-9.545392939181876479e-02
-5.698922806974622279e-01
-1.140498156455965306e+00
-1.544175514101822078e-01
3.810610235113625066e-01
7.334194354645026115e-01
8.956518879990574833e-01
5.959789890334761253e-01
7.802480060435630360e-01
4.599608429448579505e-01
-2.277683150387074806e-01
-1.631309055525879126e+00
-6.863486561458751467e-01
-1.416142548888397745e-01
2.864267354100236140e-01
3.560563153648283463e-01
-3.078264866729968005e-02
2.677497673870059547e-01
-2.993556233259596078e-01
-4.666637197386215297e-01
-2.674263660716810431e+00
-1.539407175104152037e+00
-1.080741420199219593e+00
-6.311400027534708190e-01
-3.057815923163521021e-01
-5.415291285698352608e-01
-3.995378634209162394e-01
-3.277423616462342704e-01
-4.265439271224343298e-01
-2.515522410270068843e+00
-1.335472240821788725e+00
-6.007704266403942617e-01
-3.030335495288666858e-01
2.166737593349879823e-02
4.665272909194382311e-01
4.877690525571391489e-01
7.626239578655894524e-01
-5.315653161630702617e-02
-1.277630051059631011e+00
-2.905779511502158963e-01
2.553308516031896347e-01
6.224405910942135689e-01
7.668058803144888191e-01
4.361171138182544094e-01
6.660728289439101779e-01
2.444151564418300393e-01
-3.652216168975951915e-01
-1.756635453707511507e+00
-9.208701918598440894e-01
-2.753436706173446047e-01
-3.285902488511706354e-02
2.523126933592412247e-01
6.787509038120271843e-01
8.850865409824100194e-01
1.012258473834997563e+00
3.965369025514581813e-01
-2.029163275655111676e+00
-7.378160248993653747e-01
-1.218259477972868932e-01
2.674802801514495898e-01
4.087405121744066561e-01
9.200730058106211251e-01
9.119561371877179523e-01
1.141384862263718381e+00
2.248942059803284432e-01
-1.343844372843635560e+00
-3.638227019393114325e-01
1.860517836810905712e-01
5.626947274762369444e-01
6.775692001732885883e-01
2.646383303797086861e-01
5.276219045248621287e-01
1.014216436275931915e-01
-3.612244447002851411e-01
-1.985968871771043975e+00
-8.400223320290151063e-01
-2.197046930659167507e-01
8.314459371439751612e-02
3.543329479468154131e-01
8.188593180907758340e-01
9.667816555350849939e-01
1.134194025771718461e+00
4.232460702564956323e-01
-1.111678338306729685e+00
-1.334145899305065053e-01
3.995729115178976443e-01
7.501875434252418540e-01
9.096195449377177944e-01
5.584474702523193335e-01
7.415614521161723038e-01
5.226686659750392483e-01
-1.396717494861294262e-01
-1.438289331736057886e+00
-6.118360491966240433e-01
-2.873742290355270693e-02
1.662456304447646194e-01
4.297332551447701765e-01
8.367247698581510296e-01
1.008891980633261243e+00
1.109582752117447502e+00
4.912424677611216262e-01
-2.274720929755569720e+00
-1.107964027699124276e+00
-4.240365718222031122e-01
-1.369085826607123746e-01
1.784414665572197356e-01
6.219588929913819619e-01
7.623470087910071413e-01
9.494876301052188605e-01
2.396250028760361361e-01
-1.196093910714093544e+00
-3.231651475379905825e-01
2.246995526382026265e-01
4.247238159424021609e-01
6.913360824923857617e-01
1.035724284557243413e+00
1.062811480450480905e+00
1.192785963699908081e+00
4.660674781489621554e-01
-1.858488238720085839e+00
-6.384549169949444991e-01
-3.192747694957730198e-02
2.775975238812677937e-01
5.686523754015300192e-01
5.552304913827990074e-01
5.483421795770631046e-01
4.174134579511182275e-01
-3.486440306774410969e-01
-1.885365906240826117e+00
-5.819191103494893991e-01
2.451729662064612222e-02
3.769277740478547689e-01
6.294300574897044864e-01
9.025590677104868842e-01
7.755641893529782172e-01
8.571909610447874250e-01
-1.677125107551670491e-01
-2.148097577205950515e+00
-1.168938726082330071e+00
-4.585393030960451255e-01
-1.811051223788335829e-01
1.327354943277432586e-01
5.697794327657370594e-01
6.729232010247793161e-01
8.997979582647200880e-01
1.541862028157035269e-01
-1.367385963395931325e+00
-4.066887055184050248e-01
1.497571827371039221e-01
5.315988550938680612e-01
6.398072470958882096e-01
2.581931266152935334e-01
5.460506120061675572e-01
3.193207754137761950e-02
-4.700901299783694087e-01
-1.208696772774007666e+00
-2.276043715956659608e-01
3.165435791292621759e-01
6.755575608933815923e-01
8.171305759930260759e-01
4.619340228517900826e-01
6.626415654026176494e-01
2.997383512996640853e-01
-1.922661326846094032e-01
-1.755170713012048189e+00
-5.003372071913575470e-01
8.338243878450603275e-02
4.224421619110693693e-01
6.669133282725909773e-01
9.581245895301024884e-01
8.045623747989251173e-01
1.015910916851959778e+00
1.454114176389191548e-01
-1.609749673212927279e+00
-4.174512891307844975e-01
1.835673249146458352e-01
4.664669992387415753e-01
7.627707944644258609e-01
9.153624628047490885e-01
8.566091664381655368e-01
8.588062286455250272e-01
-1.241300784754562625e-01
-2.101453198005936773e+00
-1.257458121333283385e+00
-5.320236825803047465e-01
-2.438281329560746946e-01
7.697516841900160778e-02
5.157390366733187737e-01
5.388640677620547548e-01
8.204979036226546230e-01
-4.009237185110548114e-03
-2.032683912787270231e+00
-6.574139709891287930e-01
-4.959625716361890091e-02
3.443453182009477143e-01
5.455945501318119062e-01
9.030556746443099136e-01
7.522494993099620997e-01
9.007460099923898511e-01
-1.070964669722534734e-01
-1.273972393095950562e+00
-2.991538820607197446e-01
2.521239758523513563e-01
6.180759236603445839e-01
7.428007745995479638e-01
3.128638531492857200e-01
5.840139289306720549e-01
2.657525765304891152e-01
-2.873932966594736071e-01
-1.980342862929326264e+00
-8.578967256135291430e-01
-2.452018312407181488e-01
-2.366924500507701108e-03
2.980920939611748088e-01
7.431723598086781291e-01
8.505907639299060685e-01
1.053695349621801114e+00
4.903344854934628128e-01
1.662772043079465689e+00
1.616659901023381529e+00
1.545610625403464278e+00
1.500963626217307390e+00
1.421212665707749290e+00
1.331123218310850786e+00
1.232175194336111668e+00
1.152172460078255911e+00
8.434070437254727048e-01
-1.076432964425365402e+00
-2.354107764396358438e-01
3.108348886704867531e-01
4.085698945271225568e-01
7.034774435550507077e-01
9.456144512825397364e-01
8.643403899865910178e-01
1.047587695623265258e+00
4.778107836811522069e-01
-1.218656059603997921e+00
-2.277011928991335421e-01
3.141269568734555984e-01
6.738616557739007806e-01
8.221983924906877128e-01
4.948204701416208384e-01
7.125162390328093620e-01
3.452854568230656063e-01
-2.621173230121384701e-01
-1.384914322175133439e+00
-3.577093359802758776e-01
1.932675305029044888e-01
5.536594362516660262e-01
7.426631826625387234e-01
4.942392382094183412e-01
6.763870006098271492e-01
3.234710879262074346e-01
-3.131285026378538561e-01
-1.553423531322366991e+00
-4.203083906770066491e-01
1.621975629284133080e-01
4.574647111425473867e-01
7.354307163855391405e-01
6.978899912810921924e-01
6.868651050600634855e-01
5.642974793342516726e-01
-4.507350690213930700e-02
-1.145431439345025115e+00
-1.580678192398344561e-01
3.758050158734382862e-01
7.294368812006442049e-01
8.943285681139052645e-01
5.501373763904007230e-01
7.092818282604335112e-01
5.345091792982468171e-01
-8.249739986039353323e-02
-1.098983840387893762e+00
-1.131485088818483670e-01
4.188113031837761291e-01
7.696255445507675930e-01
9.344082145654712956e-01
6.254402586600883440e-01
7.698094630119427517e-01
5.263822610724013806e-01
8.246579868577240055e-03
-2.460006140133643271e+00
-1.336605622229571910e+00
-6.082879172891989539e-01
-2.984330890517585266e-01
2.170568861411003789e-02
4.677159410125605876e-01
4.667455148942523668e-01
7.619885301202440342e-01
-1.300912775471455918e-03
1.788094487743019156e+00
1.705829415383828040e+00
1.595831273812353235e+00
1.538317723543038973e+00
1.505931696008675269e+00
1.404444489596010204e+00
1.310604635618028535e+00
1.202112855146092230e+00
8.823001080111273486e-01
-1.772166651283836103e+00
-5.154304572957947306e-01
7.484975600837846799e-02
4.046369972673913296e-01
6.602875025002249432e-01
9.180571008087395901e-01
7.439457255773875843e-01
9.505747194650652210e-01
2.810434486928967135e-01
-1.322456769269815258e+00
-5.206307470007496274e-01
5.527221503938255925e-02
2.520133576048095292e-01
5.129550961663278397e-01
9.085627092146111305e-01
1.064298469742360087e+00
1.171652004524858182e+00
5.563750806446527974e-01
-1.720533388541455100e+00
-8.731656728156540481e-01
-2.173480611307379018e-01
2.083869675197061455e-02
3.129738380257969244e-01
7.401243571920571584e-01
9.506971110883154497e-01
1.073280311465312220e+00
4.854785288596737969e-01
-2.080155858992720930e+00
-8.994665218895583347e-01
-2.676400444367514897e-01
4.701512742550646717e-02
3.186488668237172361e-01
7.900458997942081396e-01
9.117868537809121765e-01
1.113893171328691256e+00
4.123820055990143341e-01
-2.204669238162383138e+00
-1.090576323921217172e+00
-4.228289387299074553e-01
-1.724987768515199582e-01
1.539572711779609859e-01
5.794994856783964865e-01
7.419073388367923849e-01
9.498358881132943354e-01
5.576064432197557208e-01
-1.225964709595991131e+00
-2.378482180608609831e-01
3.044643883153653752e-01
6.651689252489138005e-01
8.098271324681365346e-01
4.627967228706581504e-01
6.967701810243459581e-01
4.188296085941149993e-01
-5.724588669689186643e-02
-1.220185205313236487e+00
-2.367495216635336908e-01
3.066708903285711441e-01
6.668992111230257480e-01
8.059835236392932645e-01
4.549820565677951678e-01
6.607317619238113338e-01
4.130484047511491230e-01
2.365685654174355113e-01
-2.159274302727970607e+00
-1.073600387008530221e+00
-3.886420118216253883e-01
-1.633812167064931375e-01
1.576226783768319428e-01
5.707066924538470865e-01
7.704428965736016544e-01
9.505093103575279478e-01
6.587491672651391017e-01
-1.443057455755203389e+00
-3.865958103467137530e-01
1.675199903535951329e-01
5.148323277552201427e-01
7.295063912862947975e-01
5.127091684347566680e-01
6.563414928389269543e-01
5.170519869921422762e-01
6.358728741343230850e-02
-1.100253774646997140e+00
-1.129894740757520222e-01
4.170832542110774477e-01
7.672070618408872722e-01
9.335776099333629174e-01
6.301857893735022254e-01
8.051518793046286149e-01
6.498755612678911442e-01
1.711093885484592236e-01
-1.129846544028438871e+00
-1.492850934682703190e-01
3.844051468427624463e-01
7.371905078979615888e-01
8.984193218666383096e-01
5.930760581624248129e-01
7.595905791129746731e-01
5.884011329059086748e-01
4.101506762356885716e-01
-2.063965889420261934e+00
-7.711316327559737394e-01
-1.714075217100370363e-01
1.872933231582981362e-01
3.973148268311186837e-01
9.002393083794506534e-01
1.013272004043991315e+00
1.215626268309462299e+00
5.393024935656174357e-01
-1.651603856093208700e+00
-6.981664106572221806e-01
-8.926786237854257566e-02
1.440072454009183600e-01
4.387317806701656608e-01
8.355430975080765377e-01
9.953750378549331979e-01
1.138469016210378548e+00
6.515928636589722878e-01
-2.271047543354793863e+00
-8.494883052952473257e-01
-2.195553454026809015e-01
1.871434727826173372e-01
3.708056555081094552e-01
7.129080900067564786e-01
6.282082861612556801e-01
8.581300548747181622e-01
7.947681239776366313e-01
-2.393520081343535555e+00
-1.271729984182504491e+00
-5.493736427366032737e-01
-2.595585355531602745e-01
6.440008086584815550e-02
5.149490090653754404e-01
6.787710017530864670e-01
9.052245221445150980e-01
4.792304521399502470e-01
-2.853959527753708425e+00
-2.003404368209408037e+00
-1.647516069379672654e+00
-1.080675977185878267e+00
-8.490374524518226051e-01
-8.582571007013545250e-01
1.381781018605669070e-02
3.461202877225560415e-01
3.290648349889532809e-01
-1.451091192270311359e+00
-4.891756105401701138e-01
6.597094856826613007e-02
4.621974605632766520e-01
5.580292598019415129e-01
1.894611593816264150e-01
5.092392798678986310e-01
4.897913586089113203e-01
5.063844979293585791e-01
-8.314296949117842006e-01
-4.905223563635235234e-02
4.465155370151852599e-01
6.075240488271820283e-01
8.417012684672023903e-01
1.104650556951897844e+00
1.068709306177981766e+00
1.207181352355292336e+00
7.375847641112917019e-01
-2.298108799060898377e+00
-9.410646164124001345e-01
-2.771715886745167445e-01
1.274777214006247161e-01
2.807911188836296756e-01
7.621722293557879890e-01
5.858639643918402973e-01
8.487475175650321946e-01
2.569521749119834664e-01
-3.396550791688210946e+00
-1.974223158553791047e+00
-1.450419431036570339e+00
-1.044243392344211152e+00
-5.950767188021520715e-01
-5.976270811743341627e-01
7.788268833174530337e-02
3.985020753305957286e-01
3.589123076896958975e-01
-1.384371112794778425e+00
-4.163034016317349595e-01
1.374593968379707043e-01
5.208592742825771671e-01
6.258031665826633283e-01
1.425548372312960832e-01
3.646272772216057612e-01
4.058612011354294502e-01
2.728874109507243295e-01
-2.394964965847345972e+00
-1.402701175539375011e+00
-6.632583731823740170e-01
-3.479938096828339988e-01
-2.240587206037389714e-02
4.269719679347369068e-01
3.523423168115528137e-01
7.120363625234147342e-01
2.065634147323983094e-01
-3.112303930041639966e+00
-1.953058442177897813e+00
-1.219911351976760594e+00
-7.705371728711500889e-01
-4.995824841429307162e-01
3.344694272252096701e-02
5.416467096427023398e-01
8.179145050830625152e-01
8.703327293567076905e-01
-1.972651071548070734e+00
-6.074336867379460658e-01
-1.010336358203756287e-02
3.737677904781223637e-01
5.860976282841994234e-01
9.342501080853408135e-01
8.396029452479002453e-01
1.008491007316190791e+00
3.692583050780504639e-01
-2.116074257073380149e+00
-7.451394269708702112e-01
-1.306791209100606477e-01
2.652807704103861686e-01
3.847540417761141640e-01
8.785069971366208375e-01
8.879023239595411621e-01
1.135902551204291511e+00
9.249652574534308336e-01
-1.027170503484397424e+00
-2.248290019001510931e-01
3.010012784371062233e-01
4.790826759422910919e-01
7.260070071437085826e-01
1.031539060796203833e+00
1.048898874920380919e+00
1.194995201149324560e+00
7.263744910859935011e-01
-1.759363312833367443e+00
-8.390219827870808444e-01
-3.089398202265514759e-01
1.375044538248788029e-01
1.904791363395451631e-01
-3.476528227102246849e-01
1.217594891975233018e-01
3.096232440982868428e-01
2.037235347822320963e-01
-1.705990739027319458e+00
-4.565685745684915919e-01
1.284346020205560657e-01
4.449817118207015643e-01
7.080604021660883429e-01
9.807789019166593958e-01
9.406608423091250559e-01
1.127654705203693597e+00
9.221914743143907467e-01
-1.415307462112245673e+00
-5.836317429597251971e-01
1.752895756044561132e-02
2.518664378099422230e-01
5.267162216948968467e-01
9.325712083530796059e-01
1.109409590212540264e+00
1.226317473605002872e+00
6.903585331350575727e-01
-1.721218298349314502e+00
-6.452925448838376932e-01
-7.834146312973150339e-02
1.982649499584651642e-01
4.355962181347057816e-01
9.290437761371870273e-01
1.074062299581081792e+00
1.221755569128571084e+00
9.995328212663161516e-01
-1.656344490623857801e+00
-8.304359269890921880e-01
-1.859094937873896902e-01
6.246173261035944252e-02
3.598093163990064847e-01
7.894114267176529642e-01
9.990180394310418377e-01
1.134863751418867306e+00
6.250183933863764363e-01
-2.657369898939073494e+00
-2.030916111302567550e+00
-1.598064564888820982e+00
-1.036381327590103041e+00
-9.957836145746158385e-01
-1.121896865264277565e+00
-1.918113698630453667e-01
1.792979281253134216e-01
1.011555239698327530e-01
-1.120137107210819494e+00
-1.290558259096807880e-01
4.025729789451439333e-01
7.535804834776973493e-01
9.314068752920661165e-01
6.206866290923093166e-01
6.414713184012287295e-01
7.166710601853263363e-01
4.287963224314430000e-01
-2.426746135199177257e+00
-1.691249756628216971e+00
-1.244125190114425461e+00
-7.057509842330155214e-01
-6.618121468271249697e-01
-9.487684921340957533e-01
-4.642282769983365615e-02
2.872904414295212594e-01
2.103011275012594550e-01
-1.155638322824411590e+00
-1.761339737257940075e-01
3.617523643305889380e-01
7.164739386271704591e-01
8.700562928538766450e-01
5.336487918278588483e-01
7.399755939865187981e-01
6.234142890752628619e-01
2.856302072878190712e-01
-2.806123814253448590e+00
-1.932236149402056569e+00
-1.283353065791777770e+00
-8.151525034647107981e-01
-5.795538070468674308e-01
-2.622971818798016871e-02
5.296891835368100487e-01
8.130499653005264227e-01
8.692007515167390341e-01
-2.144539774993182935e+00
-8.381611630065650687e-01
-2.106150899019659517e-01
1.317092119455161026e-01
4.287848777291324853e-01
4.324685105039982602e-01
4.899110183369675964e-01
4.773456878290960881e-01
2.457277616305134638e-01
-1.189023605198083589e+00
-1.932760513373673328e-01
3.422318163413912706e-01
6.981093445054478153e-01
8.666365589856829255e-01
5.353295760671555881e-01
6.577150817548488293e-01
6.432034606084221506e-01
5.197626992001582735e-01
-2.278136444051476417e+00
-9.433074747602786525e-01
-3.104784059761447890e-01
4.769725570571474449e-02
3.480246441349965081e-01
3.691752928033451009e-01
4.088720312270864299e-01
4.236254800212250204e-01
2.294142745140196893e-01
-2.458647299552904730e+00
-1.034953531077285271e+00
-3.709088169113741174e-01
1.590622909612085176e-02
2.686414650446599106e-01
5.149590522720797203e-01
7.269818548365658550e-01
9.364608597849568561e-01
9.514152988189421567e-01
-1.575189779134142265e+00
-3.798417833175029568e-01
2.063673637298888697e-01
4.752261719448265254e-01
7.685944831555844292e-01
9.399982599457369359e-01
8.308818142999909728e-01
1.033999867313589949e+00
5.495349654609131829e-01
-1.352536526089503477e+00
-3.587207018787342272e-01
1.937750663964873110e-01
5.688267465078687968e-01
7.063148412046504898e-01
4.173409535712860330e-01
6.978143836515497966e-01
7.584434807352732344e-01
8.007175720028973931e-01
-3.214105712723828390e+00
-1.944476250430092312e+00
-1.529052101694466703e+00
-1.124467572267751070e+00
-6.431616826430524014e-01
-7.396672066871597950e-01
-1.135769488169090791e-01
2.569784334142668492e-01
1.956809620964942154e-01
-1.215920092242816608e+00
-2.297629004660244612e-01
3.123831517096473109e-01
6.741623957637004061e-01
8.238152375666013549e-01
5.348035794285410649e-01
7.662324702417271372e-01
7.818642359103536998e-01
8.021155266863372324e-01
-2.076328530469554234e+00
-7.135981332832106450e-01
-1.011097350497623809e-01
2.967477516639921986e-01
4.814129249016660950e-01
8.639805658705460578e-01
8.915453845097437435e-01
1.091602547180244631e+00
9.858468595637766008e-01
-2.054256495924689396e+00
-7.143687464636828688e-01
-8.975479391237828342e-02
3.027949001454928180e-01
5.098202352865028875e-01
8.487763731431747782e-01
7.327225755595505596e-01
8.853824841808718427e-01
3.723953589252118612e-01
-2.038517323795384861e+00
-6.735186968467410384e-01
-6.144549089538865055e-02
3.461451713383821294e-01
5.054415041063204939e-01
9.435124471649424249e-01
8.851668990574275142e-01
1.101234631298776412e+00
4.968690684694588855e-01
-1.463524967590364767e+00
-4.968682289627944226e-01
5.687656194880214011e-02
4.538677597083649595e-01
5.526504494769972631e-01
1.289133310451779091e-01
4.770631003222539634e-01
3.948999613118954199e-01
2.295749398783319684e-01
-1.166539256922168866e+00
-1.775207699775530890e-01
3.536318447243227969e-01
7.087693395793416284e-01
8.883333643998387874e-01
6.307799562355216327e-01
7.944313943246901211e-01
7.811810154308383991e-01
7.499887973913335060e-01
-1.188520727498511453e+00
-1.972910638718537446e-01
3.399588941634063000e-01
6.967328467185430751e-01
8.462112071357973386e-01
4.975566523759569204e-01
7.122245236047594075e-01
6.131795709873028022e-01
3.143089373804306419e-01
-3.590217407370017710e+00
-2.231473614488040713e+00
-1.393684061000943109e+00
-9.557744390314825145e-01
-6.457461128015625773e-01
-1.318196395718435332e-01
1.336355655217799920e-01
4.932432070817415748e-01
5.125261432534234940e-01
-1.072458116778574500e+00
-2.400936642712607760e-01
2.946577455960520675e-01
4.263976611078698076e-01
7.062021388578552106e-01
9.776769415458873569e-01
1.067632716110666236e+00
1.218254448089318487e+00
1.056878585237511770e+00
-1.228990132665970014e+00
-2.667067251306063924e-01
2.809950735357003571e-01
6.421046571535821146e-01
7.752251035924409006e-01
3.884151082729312976e-01
6.290067456452470562e-01
5.654909599782131924e-01
3.205127732622419234e-01
-2.816763125624180297e+00
-1.961381738241172679e+00
-1.604899338402976827e+00
-1.038948298082874366e+00
-8.184142292064300328e-01
-9.129583661528639649e-01
-5.650571777998009831e-02
3.062591317747682673e-01
2.374840346663794066e-01
-2.047519841798278062e+00
-6.557850724117166852e-01
-5.601815647043374008e-02
3.383972769477350262e-01
5.030056547992409754e-01
9.158029259453526194e-01
8.324194812242912134e-01
1.106006467665942017e+00
6.488210091882223862e-01
-1.674337925153066120e+00
-6.206049733805266699e-01
-6.056854411825516454e-02
3.391047924817007231e-01
5.092660704449519793e-01
4.287068336340521535e-01
7.873905301263764978e-01
9.480936601720437729e-01
9.770411268491744350e-01
-1.287717937436179350e+00
-2.283711665465789076e-01
3.258237514587271622e-01
6.387701888617621782e-01
8.846674631671690436e-01
8.113210407222889442e-01
8.718904286550206439e-01
8.610577595051457367e-01
4.378991415013506194e-01
-2.244023439312465840e+00
-1.271133732697062646e+00
-5.368310418769008940e-01
-2.257706561885745311e-01
9.237064560544888669e-02
5.768547826267629297e-01
1.001397860075317725e+00
1.128835204918503532e+00
1.077707465033310275e+00
-1.946080846858056601e+00
-1.092109379159588833e+00
-3.898259104849910450e-01
-1.119835596732444427e-01
1.982397491271495060e-01
6.464762880746263152e-01
8.326588312206213427e-01
1.032874782437714467e+00
5.555501196789602858e-01
-1.591868086866942811e+00
-7.752704491376485318e-01
-1.423198831666526998e-01
9.335878643649959951e-02
3.742301099721937474e-01
8.002899942819392543e-01
1.011433121332950824e+00
1.144695172326805732e+00
6.709840366715736915e-01
-1.269726560773155821e+00
-2.952813741437709250e-01
2.557172469691160188e-01
6.235276899259850625e-01
7.567317442036662900e-01
5.102194561822390728e-01
8.146843747254782775e-01
9.162142896148030013e-01
9.496357344350668805e-01
-2.829086017909236528e+00
-1.407395209239655332e+00
-6.087397189128533892e-01
-2.690102686511617325e-01
7.379548571431963910e-03
5.640721318678255658e-01
9.550912628004817329e-01
1.106404071558285240e+00
1.063683773894438689e+00
-2.122526564817147854e+00
-7.345446390705530071e-01
-1.261312717880563317e-01
2.728998452134580588e-01
4.563362882193538472e-01
8.086329689414342159e-01
6.434076896603485585e-01
9.497921691980372172e-01
6.612575554723609805e-01
-1.553450153237330156e+00
-3.791861139306459960e-01
2.137159728511823231e-01
4.872270336944646840e-01
7.794433407616165876e-01
9.397543994804021805e-01
1.034153108581618463e+00
1.158396806470057161e+00
1.047250321995753186e+00
-2.296150128463464668e+00
-9.496125170356372047e-01
-2.705889453136895439e-01
1.422141712699162008e-01
2.989886907681353345e-01
7.203348325205567448e-01
5.561333993719753677e-01
7.554925848534531641e-01
3.909102884741804118e-01
-1.650560061118966582e+00
-7.151786586505988197e-01
-1.663639332270090421e-01
2.629157849507055555e-01
3.357620088930814983e-01
2.412799019784498955e-01
6.764085868645661748e-01
8.917892099414228557e-01
9.486108750447693749e-01
-1.589657620004492289e+00
-4.025536377107652442e-01
1.896994743904277803e-01
4.588393067591846619e-01
7.569896265447978445e-01
8.515067182679610935e-01
7.309538330208338319e-01
9.386928936187096673e-01
5.909119548543726452e-01
-1.795365304417922969e+00
-5.489043327707907594e-01
6.142077090636906961e-02
3.850057614483982649e-01
6.509898006150857119e-01
9.038286420735832660e-01
9.681414604588864936e-01
1.136140461539291380e+00
1.048357143805342284e+00
-3.656179343776791768e+00
-2.133935670063023426e+00
-1.306289773226253725e+00
-8.623772761254160368e-01
-5.855621606222671804e-01
-1.145691675240823187e-01
-4.881727591536672017e-02
3.300539935333443031e-01
3.190738727237756867e-01
-2.507534005866888460e+00
-1.385479031573420450e+00
-6.594329227949857763e-01
-3.357109089178350603e-01
-8.892509390802567221e-03
4.439398225595830860e-01
3.850638196818985670e-01
7.495850933310789221e-01
3.823298036125192811e-01
-1.707013387494938472e+00
-7.517990699422725243e-01
-1.246860993718706540e-01
9.801987474240515807e-02
4.017839011879634770e-01
8.181315817721178663e-01
1.125628143107615386e+00
1.220845847329986578e+00
1.112587355676359469e+00
-1.467151963830829908e+00
-3.096119104682626411e-01
2.686504764576612692e-01
5.335908584784369024e-01
8.245914143599613055e-01
8.900987768933282807e-01
7.535492177639662170e-01
9.878634234921233048e-01
6.351106584722768789e-01
-1.138906599597230951e+00
-1.454302434680521117e-01
3.890540360192023539e-01
7.413555431684238917e-01
9.062409219501668112e-01
5.946299276301157954e-01
7.568796563207722539e-01
7.182534250573947565e-01
4.219014320029060849e-01
-1.843290383725337156e+00
-5.912121890037885796e-01
1.313582563756840113e-02
3.197783221183872482e-01
6.112534825888997769e-01
7.041978337917899067e-01
7.647028781231632877e-01
9.695793830901908716e-01
9.844661561941150385e-01
-1.021269867300239387e+00
-1.996339913007564304e-01
3.336572949073353667e-01
4.608359526877416901e-01
7.528466841191870929e-01
1.040245530652425643e+00
1.200785561599842843e+00
1.284531278910712171e+00
1.131794197180217010e+00
-1.058907351747913950e+00
-2.456523055437175029e-01
2.719854077334487030e-01
4.677505065168766074e-01
7.196938304956606025e-01
1.052365638452685603e+00
1.104955341142943137e+00
1.252674894603209577e+00
8.267332082982430386e-01
-3.160907367128396928e+00
-1.930852447858733001e+00
-1.119851077085343816e+00
-7.249492899399345713e-01
-3.958489881903321517e-01
8.749122826625141403e-02
2.065188691708202129e-01
5.696848809776382527e-01
5.830603374211951184e-01
-3.604633743338400809e+00
-2.103502811840763265e+00
-1.265645325644931152e+00
-8.290307038961512998e-01
-5.429462157975569747e-01
-6.573353998683478805e-02
-3.371571970827062781e-02
3.475655404433584672e-01
3.386498542137818535e-01
-2.355295135370524484e+00
-1.345833068497931828e+00
-5.728484221291160194e-01
-2.361681424090839587e-01
7.661691623210328816e-02
5.917961199979656639e-01
1.033394805629824331e+00
1.165889739754248700e+00
1.119407161130485884e+00
-1.554259835631414788e+00
-5.792156480978148947e-01
7.064749766833458219e-03
2.160023114430041913e-01
5.091825386769212036e-01
9.321705039759631273e-01
1.182741069503903564e+00
1.269207115143140552e+00
1.130379106099633768e+00
-1.328145355512252879e+00
-4.520472504178609241e-01
1.117523296575269470e-01
2.842647901238051777e-01
5.593257939486711017e-01
8.900239655947592698e-01
1.045154038563071541e+00
1.230025030585817580e+00
1.113700171699863795e+00
-2.713459580595714460e+00
-1.988596576567824625e+00
-1.312481758084132588e+00
-8.155666907502573393e-01
-5.861097149476004464e-01
1.205721406030051818e-02
5.885088826722910671e-01
8.849638451317731747e-01
9.564330418729612981e-01
-1.256707761424548764e+00
-2.741658473614326241e-01
2.718517390192527472e-01
6.372600630968004998e-01
7.698732825700238536e-01
3.433909745280835368e-01
4.866780333065053310e-01
6.041267235285819881e-01
4.774204701052623956e-01
-1.626276138515250436e+00
-7.302495567431964707e-01
-1.075927801598416805e-01
1.166756345687396529e-01
4.184481869164916046e-01
8.411089778073181922e-01
1.180141071436602962e+00
1.237914085686997456e+00
1.147508721900573958e+00
-2.910286048214007160e+00
-1.492636019809514991e+00
-9.327806112854161169e-01
-5.413864335343681056e-01
-1.425739987849199975e-01
-5.913962378543156234e-02
5.095362011952179193e-01
8.562487425079343684e-01
9.319842689139880010e-01
-1.132746393621531400e+00
-1.304543117420770837e-01
3.996258322463825396e-01
7.504571942782846117e-01
9.303152089936820301e-01
7.415200718008790881e-01
9.610415768396259883e-01
1.041216403518708367e+00
1.035651199868118377e+00
-1.515027066885786811e+00
-5.903235145590912669e-01
-2.286605761814092599e-02
2.549401688510511965e-01
4.931807369162992116e-01
9.878678299216481218e-01
1.245111357887957571e+00
1.305461691002585356e+00
1.158557228632761227e+00
-1.746643120305917396e+00
-5.335101912897839416e-01
6.519806397080142590e-02
3.667511433363325746e-01
6.596086070610863716e-01
6.796425916067669881e-01
7.215978666384473827e-01
7.223970441837140877e-01
4.399006832928230026e-01
-2.649089502474833324e+00
-1.987386002564340393e+00
-1.567297609514179957e+00
-9.991652443249424698e-01
-9.361327979387970011e-01
-8.476163291014263690e-01
1.126803047452581558e-01
4.727461388012184074e-01
4.989440809253218312e-01
-1.379624504976828758e+00
-4.119131749139735565e-01
1.427927928988200201e-01
5.253072556240443447e-01
6.275361511059369679e-01
2.037145397008133518e-01
5.343719785748771711e-01
5.032961798008050991e-01
3.666558177385684236e-01
-2.178371722494269580e+00
-8.335285707305168934e-01
-1.987226657076045511e-01
1.576857943091411196e-01
4.230158511713836833e-01
5.619008258230865360e-01
4.782839038410077737e-01
7.540655027058280613e-01
6.677036877851537655e-01
-3.666096631360135305e+00
-2.091352748177470300e+00
-1.446804101676962162e+00
-9.941728360770423212e-01
-6.644157550987976890e-01
-4.488224759280080023e-01
-2.104591556890721138e-02
3.653632702313031611e-01
3.829663883175072892e-01
-1.835493534617416600e+00
-1.006730933173441089e+00
-3.252993743124882875e-01
-3.905534787082347997e-02
2.693309375094609104e-01
7.305083789498025837e-01
1.140547697941358241e+00
1.214162379081703769e+00
1.160980217354073973e+00
-1.898964508092888970e+00
-9.671682889471460154e-01
-4.583217552876279188e-01
1.893068039978947764e-02
9.188305689236923868e-02
-3.405597747507048134e-01
2.010307433524874954e-01
4.041039588896950252e-01
3.557381394972624067e-01
-1.978870341716242320e+00
-9.814807960764734274e-01
-2.973104292152846106e-01
-2.396137219154430981e-02
2.750236646932365803e-01
7.222338603723961192e-01
1.091848936126110337e+00
1.223594522933419304e+00
1.149046952424435108e+00
-1.109397199124127154e+00
-1.169193157738786931e-01
4.124073259122497115e-01
7.637024656339509443e-01
9.300934823133744089e-01
6.048558906736559715e-01
6.913561512957246968e-01
7.609670523433432754e-01
5.204775383157715929e-01
-1.520420528425877382e+00
-5.587884581917105242e-01
-7.563848577491884793e-03
3.999684333115786083e-01
4.876128378538528430e-01
4.218062632685614516e-02
4.300814957936169303e-01
4.718032205516847766e-01
3.806045258777997486e-01
-1.989891890239991579e+00
-8.042383339943127707e-01
-1.956317300133184889e-01
1.588955295941994472e-01
3.723966221659333886e-01
8.738690342063356598e-01
9.873106033816819727e-01
1.208906861660067777e+00
6.989459957278022495e-01
-2.678724282021911485e+00
-1.607598760888287348e+00
-8.730972714898661557e-01
-4.954957511119575941e-01
-2.431996397985392022e-01
3.206244413672314497e-01
8.042221514791002557e-01
1.039688011077523289e+00
1.073786744136254523e+00
-1.287761713250828555e+00
-4.418177746964847552e-01
1.415872045814030866e-01
3.174067379846657322e-01
5.868462465047067367e-01
9.389568975631499281e-01
1.201252649764027014e+00
1.288099665881778266e+00
1.177311488143992557e+00
-1.912880633324496760e+00
-6.190927567562406475e-01
-2.181393757404491342e-03
3.255286635634757064e-01
6.062811292897390958e-01
7.680240296757522289e-01
7.338654128069049820e-01
8.091034938800818477e-01
4.966205775394828548e-01
-2.060042639460471392e+00
-8.757142416188495870e-01
-2.778818583672901799e-01
4.184775108824138196e-02
3.009964376702989886e-01
7.757654567953848890e-01
9.315307020667343840e-01
1.173206612679371430e+00
8.667787477861162992e-01
-1.798491999012249654e+00
-8.534057591754528049e-01
-2.119842653935182786e-01
3.796972987832931967e-02
3.322166702578784325e-01
7.486614090520137266e-01
9.534776222358930520e-01
1.120738185071363135e+00
8.184635753841429384e-01
-1.524837060411609935e+00
-6.411057489007013777e-01
-3.722775603447184278e-02
2.093474329577447723e-01
4.925527871953216952e-01
9.117791566680634174e-01
1.110112037194789236e+00
1.235924126532605527e+00
7.685565310014913498e-01
-2.005470819624798118e+00
-9.778677263731397895e-01
-3.004554106594489182e-01
8.464121652045841770e-02
2.748225629632679579e-01
8.025318769335000324e-01
1.164001887932973878e+00
1.240493454345874103e+00
1.173379147982585913e+00
-2.098379171841120883e+00
-1.170284571934593343e+00
-4.468184897895479124e-01
-1.678460523552783579e-01
1.508545455189109763e-01
6.010470583801723610e-01
7.499625825147286928e-01
9.948711983506847156e-01
5.852647487675468607e-01
-1.861733619413858509e+00
-8.857398815119122970e-01
-2.313978326919950423e-01
2.776964394793444979e-02
3.131859453748874200e-01
7.474257260171258688e-01
1.092463453992358557e+00
1.247621402688387615e+00
1.170723300504135311e+00
-1.203988630987607111e+00
-1.682352327714179974e-01
3.646999226238858416e-01
7.076377478035605906e-01
9.193264565552903278e-01
8.081894085740016775e-01
1.003110116100409233e+00
1.107952495809088500e+00
1.093661263621816815e+00
-1.380885071151831678e+00
-4.210427594633487369e-01
1.365116069565490142e-01
5.188845637894238250e-01
6.213237329840373135e-01
1.346438083386404527e-01
3.821686072695433256e-01
5.847128021556047273e-01
5.604615136291939415e-01
-2.630293383860155210e+00
-1.995907941637416139e+00
-1.564319826695353299e+00
-9.997828323018742580e-01
-9.535405993694470173e-01
-9.451327742016293332e-01
2.590373597441133352e-02
3.991365235863153504e-01
3.823737507547328995e-01
-1.387594409976820709e+00
-3.124117527054347532e-01
2.467938269293331044e-01
5.713026666892879746e-01
8.112277298358960831e-01
6.890119773578509133e-01
7.866654139509667854e-01
7.901408156926319482e-01
5.418304699933801372e-01
-2.694801230557803073e+00
-1.252940308305631856e+00
-5.205276312018868312e-01
-2.194965600843318543e-01
3.562756682016789828e-02
5.767912045557339606e-01
9.962203719549878045e-01
1.166668123929703427e+00
1.156949634020046025e+00
-2.017109348679145597e+00
-1.169697581896138816e+00
-4.561160629594626648e-01
-1.814929720570459815e-01
1.314104037744854847e-01
5.836659847663893119e-01
7.572894201822738536e-01
9.916696880499217270e-01
6.330629179376665583e-01
-1.917083925586762438e+00
-6.940703889965571527e-01
-7.304777686807568948e-02
2.517347198120739593e-01
5.312770727071892685e-01
8.126351086249332667e-01
1.160489380490611788e+00
1.249479918558435321e+00
1.187145175885051085e+00
-1.237708122190212423e+00
-2.530874746420558874e-01
2.946099214547347467e-01
6.574487980786473118e-01
8.088129676125519474e-01
7.559090159459288527e-01
1.096575221801075584e+00
1.195501464903082400e+00
1.171768445480207754e+00
-1.554864246985522280e+00
-7.211762395683852800e-01
-9.689198017429785648e-02
1.506364768064562543e-01
4.388081790915934755e-01
8.601976344393872376e-01
1.066133386306824971e+00
1.200298460646105791e+00
7.729519463573588656e-01
-2.064219882302459119e+00
-7.152349681517110591e-01
-9.094187123368842329e-02
3.090273061835926427e-01
4.437304016991048261e-01
9.442079978850256294e-01
9.635637744760343626e-01
1.198571647091468906e+00
7.085536937997617413e-01
-1.179587756473139182e+00
-1.888341474391567187e-01
3.509818031404350891e-01
7.080253034482564267e-01
8.587969450974702879e-01
4.799097754463055865e-01
6.052564838545201331e-01
7.312135724121725522e-01
6.937836701397848138e-01
-1.679888425221189641e+00
-7.351728428639091595e-01
-1.986843546326958754e-01
2.395354436864087500e-01
3.076015410831328678e-01
-1.444649594373849932e-01
3.316549848304563008e-01
4.690835824872671700e-01
4.297322180901707034e-01
-3.447080105633562486e+00
-2.154084404281586984e+00
-1.286602219586277185e+00
-8.426959778694543823e-01
-5.442095594696177985e-01
-4.672141163650398582e-02
6.597597003123593928e-02
4.515560192805022632e-01
4.825809858525315632e-01
-2.563405822789185606e+00
-1.511757581713017107e+00
-7.440505260625104311e-01
-4.142689990015464008e-01
-8.194664570119887526e-02
3.746578547616629673e-01
2.979926644064908037e-01
6.857071414788751262e-01
5.030563768847347017e-01
-2.360917597207194074e+00
-1.292865967552726536e+00
-5.808673167366968926e-01
-2.351630024389185503e-01
-1.367511040849462992e-03
5.301249109038957963e-01
9.630781439446828296e-01
1.152533890458175669e+00
1.152188787592489438e+00
-2.495027205024787254e+00
-1.259775985602852755e+00
-5.528802113093022053e-01
-2.465440510798074525e-01
7.966031444396735883e-02
5.327683992895095866e-01
6.243825814416724684e-01
9.252644407926772230e-01
6.369821565477792324e-01
-2.037925313841849828e+00
-8.561933954020934934e-01
-1.945778061777331258e-01
1.890004992471590317e-01
3.610754782755696279e-01
8.889766090720316871e-01
1.234985274213443063e+00
1.288695681817460637e+00
1.216441182140556299e+00
-2.274017708634441970e+00
-1.278167740576963807e+00
-5.023992404528749844e-01
-1.445107510852971511e-01
1.635900542496203092e-01
6.848470225856340132e-01
1.123338780116181157e+00
1.253612418926346450e+00
1.212260923835279058e+00
-1.590450197636032792e+00
-6.409244959935476160e-01
-8.150229681112231006e-02
3.348653370328240064e-01
4.351222336128812151e-01
5.243718353037982727e-01
9.383515951083257756e-01
1.126180756021731399e+00
1.143806502888821353e+00
-2.873684154963723980e+00
-2.044969360843046147e+00
-1.687353396606063427e+00
-1.121493228242026907e+00
-8.804219813158439267e-01
-7.955556593852076697e-01
1.270316693383042317e-01
4.862850073658527839e-01
4.885497092503882643e-01
-1.184450069956921592e+00
-1.846347005679059017e-01
3.551597209792656806e-01
7.098176991851279372e-01
8.698197699409910832e-01
7.168932806324449514e-01
1.015329444418914262e+00
1.138466443505703474e+00
1.144582775388932827e+00
-2.301100228996475927e+00
-9.754095920194846281e-01
-3.507125495370446155e-01
5.983151988952451969e-03
3.011900058324037399e-01
3.228893040120692226e-01
4.386422885043232411e-01
7.314098569881146705e-01
7.319547468616607322e-01
-2.061492520416678076e+00
-7.693685594868846511e-01
-1.483073381806358504e-01
2.102065571415440981e-01
4.670866737199481089e-01
6.468506641354208053e-01
5.764862085309661044e-01
8.584416207074897498e-01
7.833357100970880227e-01
-2.143848788340019684e+00
-7.614716877853212607e-01
-1.301409706953245426e-01
2.731430952376208143e-01
4.133733516210580938e-01
8.890370989840010729e-01
8.413756617846920305e-01
1.085511141192916806e+00
6.737145023333382943e-01
-3.240614168366097836e+00
-1.908319334496552999e+00
-1.093897335044314634e+00
-7.120654477695474993e-01
-3.757786103009689849e-01
1.376086217567355774e-01
4.976419727986146069e-01
8.892101537742892470e-01
9.759904887327247591e-01
-1.554868926377326543e+00
-3.750551614630780461e-01
2.211247972754416813e-01
4.934355304170583434e-01
7.900890741945217899e-01
9.122732702198899091e-01
8.927315369060895289e-01
9.972592703717201301e-01
6.403758343379075679e-01
-2.753953514117904788e+00
-9.250865250373849769e-01
-1.650704283238987879e-01
9.636376071797531084e-02
3.281767150741816130e-01
8.531948853529163213e-01
1.202506879952434771e+00
1.282974068661768774e+00
1.224773938308044263e+00
-2.452756909357869386e+00
-1.055288969830382229e+00
-3.966890850963607495e-01
-1.098058321237584123e-02
2.648648052954961085e-01
4.020418414622699554e-01
4.261993242424035877e-01
5.843438435543060194e-01
5.334053935259327472e-01
-1.140580886180485143e+00
-1.531071028738981710e-01
3.815217030204967052e-01
7.350456664728794998e-01
8.923689995480325043e-01
5.414261834669996665e-01
6.644753416759473508e-01
7.515738813757497638e-01
5.912856271046269541e-01
-1.682632124322853917e+00
-7.444049225960018834e-01
-2.062113872013012217e-01
2.312423038464005987e-01
2.990894063285715054e-01
-2.012444874918492832e-01
2.836678714429168857e-01
5.544008938103578421e-01
5.574031372268590800e-01
-1.528704709366480285e+00
-3.871994542096574565e-01
1.885722655615554855e-01
4.839095482328228948e-01
7.565681204392940007e-01
6.980096965012833055e-01
6.477883648063113009e-01
8.684009527972552656e-01
7.440128303594925052e-01
-1.963494391298303832e+00
-5.880006602217175971e-01
-1.038852425653218926e-02
3.836368310292964656e-01
5.406547775652876808e-01
9.897547628199180325e-01
1.060012406872514301e+00
1.299505540024272765e+00
1.201744912288076561e+00
-2.509230373847697315e+00
-1.765929591536241627e+00
-1.346946134323752098e+00
-7.871392077658999620e-01
-7.249248754106033532e-01
-7.846255692605417220e-01
1.658852619455766508e-01
5.260583212503104900e-01
5.466638034230855148e-01
-1.413230739471290187e+00
-4.399789065150517264e-01
1.126953124426410269e-01
4.994890424191173461e-01
6.036762975415380650e-01
1.411230572193059862e-01
4.539202372883779923e-01
6.842994538956364003e-01
7.312648375285564217e-01
-1.478929358925047843e+00
-9.701749526983252103e-01
-2.420712414444118332e-01
4.552281071506129873e-02
3.360183087768270904e-01
8.207342504989789678e-01
1.231644581359129909e+00
1.286262584133410547e+00
1.237339086025694757e+00
-1.671671270089795103e+00
-4.283106940381514738e-01
1.717944764069295749e-01
4.574439764957762278e-01
7.487793839532375095e-01
9.347844709897866755e-01
8.894976491056088008e-01
1.042242014645272885e+00
6.996453999338922980e-01
-1.167150421855979614e+00
-3.657630125251452036e-01
2.043412874530196877e-01
3.840242770018952312e-01
6.616803717318587852e-01
1.035471503952130057e+00
1.319872623389178434e+00
1.348535975844918022e+00
1.262649313283095376e+00
-1.311031552935842948e+00
-4.820042078170244104e-01
8.265578565865679128e-02
2.986066309537763197e-01
5.629433955834299841e-01
9.296531176524797102e-01
1.059558897552979939e+00
1.221741586205039143e+00
9.266789624569596873e-01
-1.921727417237868885e+00
-8.975369112628973634e-01
-2.445795967180143249e-01
1.182397367102702365e-02
3.136931394343777102e-01
7.327319795062835484e-01
9.684390767320405491e-01
1.169579133883787092e+00
1.005255533663830692e+00
-1.189304278273531690e+00
-1.955627894535476030e-01
3.413857606884310170e-01
6.993666567189255057e-01
8.576038002462564869e-01
5.295907970951190258e-01
7.268371506694918383e-01
7.350212696372258048e-01
5.785815896617708676e-01
-1.940188019452175894e+00
-7.582011901360997674e-01
-1.626428494943250314e-01
1.657241036026477765e-01
4.078897743527762909e-01
9.043605612546554706e-01
1.074258804636418096e+00
1.262053163225900443e+00
8.320218156970311529e-01
-1.151516098179987235e+00
-1.540916536197198816e-01
3.750123685798830708e-01
7.247153989391857953e-01
9.227676661863365437e-01
7.050419773119996902e-01
8.193772275125641436e-01
8.470252993573308409e-01
6.317041793473320288e-01
-2.598756267466396430e+00
-1.946631398756570208e+00
-1.517457229317802581e+00
-9.513275925816445655e-01
-8.986209058792381521e-01
-8.457771256153805428e-01
1.182890504955549510e-01
4.881948183434407507e-01
5.078696549324964726e-01
-3.089661754727366372e+00
-1.855448434595216911e+00
-1.426614574726964291e+00
-1.017420695995016944e+00
-5.547442187014326453e-01
-5.997381671779562495e-01
1.703547018582545203e-01
5.370235239711151909e-01
5.772901017901543863e-01
-1.024629756595317298e+00
-1.817817191760069950e-01
3.302365332901890937e-01
5.045418788277263866e-01
7.599977781212829964e-01
1.057682513863159812e+00
1.136955601204771238e+00
1.347784925101145115e+00
1.246279066658544821e+00
-1.114681814103231083e+00
-1.179739186758613917e-01
4.134545315594483350e-01
7.634720252298035081e-01
9.354505611076404659e-01
6.413050464922283034e-01
8.184341400309395054e-01
9.570368114289581341e-01
9.764390575442251086e-01
-1.724254184352682406e+00
-4.919068621764648985e-01
1.088937084087112650e-01
4.167255611201680643e-01
6.934368962614809728e-01
1.017502789975760935e+00
1.295512332375184039e+00
1.356073925376615641e+00
1.266135602656202952e+00
-1.111430028433008976e+00
-1.204738027123350430e-01
4.119479144691948758e-01
7.635405277053107787e-01
9.372197314537619173e-01
9.045402776297888359e-01
1.225694698789181025e+00
1.294140765760671830e+00
1.261782110830526715e+00
-1.808113688781879391e+00
-5.500208107598550944e-01
5.848514558156273080e-02
3.816135066816266352e-01
6.491918520621806632e-01
1.008097661070513684e+00
1.306227114696361324e+00
1.348767675792537091e+00
1.269056061354754350e+00
-2.209406518567775368e+00
-8.813827545864488799e-01
-2.747715556227290357e-01
1.117775231595579122e-01
2.710359293973599315e-01
7.637764266637708799e-01
7.805126645059909940e-01
1.098900313435246190e+00
9.295140072528098596e-01
-1.580139641241967707e+00
-6.994633829324202745e-01
-7.101906943622630919e-02
1.581088478363060490e-01
4.430289262285493912e-01
8.619083927271197210e-01
1.066902339304799829e+00
1.205956182738422200e+00
8.341666652818782168e-01
-1.104405946485853773e+00
-2.722981700969314689e-01
2.645268550328262469e-01
4.649344888142410426e-01
7.124913907438541472e-01
1.051417485224594994e+00
1.126258715449646619e+00
1.280236279577454672e+00
9.497164858060395121e-01
-1.830664100608324185e+00
-5.155590845903892383e-01
6.290130564823409598e-02
4.321179822672482906e-01
6.426597894049256299e-01
1.073873222130673266e+00
1.334415297726599059e+00
1.397022534665400384e+00
1.284894802556348248e+00
-1.680736168874673364e+00
-8.540855430884497501e-01
-2.015783487631343518e-01
4.944656573329291732e-02
3.340177833131492968e-01
7.582609969283526929e-01
9.861056348250731851e-01
1.141176868460930471e+00
8.081394646469979293e-01
-1.149887383338037417e+00
-1.433876056838595814e-01
3.870753796061614516e-01
7.388496004951901064e-01
9.201888338541205359e-01
6.225602248996420229e-01
6.631241850737935595e-01
8.518660884737060401e-01
7.706443353835329413e-01
-2.166487880665580956e+00
-1.327736726044536297e+00
-5.783855397248250929e-01
-2.860128930140600767e-01
4.498006772791650343e-02
4.968978532779140811e-01
6.349004306505057205e-01
9.413686563505827554e-01
7.687369977348268435e-01
-1.545895919466013346e+00
-5.141791652857198303e-01
5.423400514340220163e-02
4.422671570325368284e-01
6.059799765654554360e-01
7.933618105938476939e-01
1.166731664335381780e+00
1.298785227323941527e+00
1.265014628100431082e+00
-1.082062304050508184e+00
-2.590144792628601977e-01
2.965643246666782584e-01
4.681395385114263119e-01
7.263297373935313495e-01
1.070203693009274204e+00
1.353024267183856821e+00
1.381560867255102965e+00
1.305464508951029501e+00
-1.128578186466468569e+00
-1.356864443557438127e-01
3.932819694654164921e-01
7.431817739850853366e-01
9.297993805434648928e-01
6.515832553830285256e-01
6.769107782508173576e-01
8.903563087938510812e-01
8.322538550202144281e-01
-2.185760899309224570e+00
-7.795326746181953093e-01
-2.394195102090941607e-02
2.154086225909625230e-01
4.276433446416119111e-01
9.455547086798079537e-01
1.287589559333321088e+00
1.343203556897482942e+00
1.293958190618090365e+00
-1.964923520443536464e+00
-5.839129590329829034e-01
-1.335364387418472992e-02
3.848073083373273473e-01
5.403910525263796449e-01
9.790579642107719582e-01
9.740286098580079877e-01
1.284651831380222431e+00
1.103470862260174767e+00
-1.573158741671458083e+00
-3.644851768995610031e-01
2.227332403988435128e-01
4.917786928223569776e-01
7.869785825519064471e-01
9.742769066519536558e-01
1.078151672154048946e+00
1.289556209771545836e+00
1.257379155088733880e+00
-1.853789055043101097e+00
-5.727947446456339575e-01
3.737861288678504673e-02
3.663773914256614472e-01
6.380272015770144245e-01
8.548283337141489024e-01
8.084611715131401199e-01
9.601903950497520102e-01
7.315573449972850861e-01
-1.325645503009571735e+00
-3.070608827432858012e-01
2.405428989912225535e-01
6.064223090243077152e-01
7.702505097887477614e-01
5.391213773311143154e-01
8.708625536659985178e-01
1.088426762379244961e+00
1.166130549704943897e+00
-3.334777422715762274e+00
-1.999728132161010308e+00
-1.248003257697665624e+00
-7.880791568858211971e-01
-5.334157616250623235e-01
-1.998699030964275480e-01
1.920463264560479943e-01
5.815406160378081557e-01
6.828012428965105629e-01
-2.324102977109781865e+00
-8.941281317860558797e-01
-2.285989897706329765e-01
1.803589252807634158e-01
3.565529373281456915e-01
7.321142776251625683e-01
6.375533412149534396e-01
8.483456387520907915e-01
7.110382821587775126e-01
-3.480083927251390374e+00
-2.101022925091192484e+00
-1.253768438355802761e+00
-8.232652081217914919e-01
-4.979874824335845385e-01
3.376818261920911529e-02
4.756468934832227546e-01
8.942241543909336121e-01
1.007902148791577357e+00
-2.730735522729139220e+00
-2.128830271685781650e+00
-1.720840086791651791e+00
-1.143471547706688352e+00
-1.069540302302124601e+00
-7.168229408526849422e-01
2.554873559941745476e-01
6.488006352825641532e-01
7.190608716365868291e-01
-1.293917489913277041e+00
-3.096005919232826531e-01
2.387700908585731197e-01
6.082318013219907282e-01
7.433539636771255843e-01
3.694063912743141276e-01
6.389519952616453669e-01
6.951810123468068481e-01
6.379808583114772169e-01
-1.418817274530132622e+00
-6.988810923481606485e-01
-8.806151800795625206e-02
2.122102022899566287e-01
4.758919585115394812e-01
9.559662025867916579e-01
1.326220635501644152e+00
1.365685832408254585e+00
1.316200626610157132e+00
-3.173828714971306919e+00
-1.894542539740375009e+00
-1.469403932386935230e+00
-1.071488427622239614e+00
-5.908034148647349770e-01
-5.848325685645274774e-01
2.132983560216398233e-01
5.899917206053656438e-01
6.626669867293062399e-01
-1.314356913332785037e+00
-3.426241744594551997e-01
2.085831268039919362e-01
5.809151097701038546e-01
7.019498217425802489e-01
3.055196785968075646e-01
6.066606384062624979e-01
6.727166664404931051e-01
6.294513364384780596e-01
-1.452461822236218669e+00
-4.441217864333243392e-01
1.092195888821864552e-01
4.930632564480517122e-01
6.414862482847459857e-01
2.831194810703887010e-01
5.709059118571349067e-01
6.969206995664286586e-01
6.852902172263748426e-01
-2.200353253517184804e+00
-1.149787048641182086e+00
-4.472455363569867726e-01
-1.592733862925625188e-01
1.624745185696677696e-01
6.168763162361481367e-01
7.762635022022377207e-01
1.034080858908248635e+00
7.793328089423972038e-01
-1.247609205037926161e+00
-2.429564757347252857e-01
2.984764540203452832e-01
6.602161891716686881e-01
8.217279375356021376e-01
6.119631465581990559e-01
9.431528359129719430e-01
1.137880964693314345e+00
1.206565079799847506e+00
-2.047648177122818769e+00
-8.434071195655228337e-01
-2.327607494626054152e-01
1.140508192708749036e-01
4.039838620421495330e-01
3.046556737719514629e-01
5.177957472672699568e-01
6.665022799073767601e-01
6.750932613253440850e-01
-2.202848382251566317e+00
-1.216755474456786557e+00
-4.983427683092173655e-01
-2.108452711265333401e-01
1.062182386443313725e-01
5.658350256928084132e-01
8.037941851680179273e-01
1.072585180503490943e+00
9.768640016943319626e-01
-1.991858249248319002e+00
-6.744185818390764364e-01
-7.802348666468987559e-02
3.089346698558161908e-01
4.409940746540707557e-01
9.519297937753766758e-01
1.127804434667916578e+00
1.350549292841601190e+00
1.294314418295617442e+00
-1.162122468906221062e+00
-3.310180345644888056e-01
2.141525302325364699e-01
4.075877330231697515e-01
6.583632888232107128e-01
9.808798063013043356e-01
1.146120517771835434e+00
1.369700879941804006e+00
1.324432741448726913e+00
-1.864754600532017914e+00
-9.788764405631212862e-01
-3.084746289196017011e-01
-4.222780639277459724e-02
2.726101673965374839e-01
7.222781355502893019e-01
9.416942086222946928e-01
1.129301755048695233e+00
8.329971412289366439e-01
-1.220963192849327195e+00
-2.363151086280452506e-01
3.052589960371556721e-01
6.660467947362943564e-01
8.061540317040922776e-01
4.357029103799777148e-01
6.643094952277808218e-01
7.359572561487233155e-01
6.676859763594302777e-01
-1.952499384500484103e+00
-8.449592584289364883e-01
-2.368621763545611658e-01
7.449798199229547280e-02
3.543074094984665634e-01
8.275221874498830399e-01
1.005400464273129346e+00
1.208964771126785465e+00
8.557870109819639692e-01
-1.882905405066714000e+00
-8.154006883719568943e-01
-1.603282230973155364e-01
1.231255625296532596e-01
4.220388387864812962e-01
8.798416735053875559e-01
1.258824582024915761e+00
1.379062312194912820e+00
1.317144490835810311e+00
-1.525248052937026921e+00
-5.548088911750258534e-01
-1.837723020965189961e-03
4.056686041776279561e-01
4.989653112330025841e-01
6.664342502700233706e-02
4.735665626480543566e-01
6.343897449612396766e-01
6.481308861830149537e-01
-1.568492361612886965e+00
-4.007616468664548792e-01
1.948848635979418820e-01
4.745926080929248614e-01
7.666029898797198650e-01
8.123016924301126318e-01
8.352859977599276231e-01
9.314714873499922998e-01
7.455830139035741766e-01
-1.856519597192652693e+00
-7.852173852471368010e-01
-1.147527370286846177e-01
2.640091267579485756e-01
4.563930503652867121e-01
9.725559237758588660e-01
1.338860277643711072e+00
1.372358522282000504e+00
1.314018725634657825e+00
-1.735419814181799802e+00
-7.929660479965761066e-01
-1.575905903414106524e-01
1.491433609100555058e-01
4.255298554536426359e-01
9.067193477176765937e-01
1.285525024904946356e+00
1.375011889535559417e+00
1.321241274814550781e+00
-2.482315810561648295e+00
-1.223981920704876325e+00
-5.440085946978926446e-01
-2.259602941487525163e-01
9.298645146666878469e-02
5.555494485625436241e-01
7.733411124588485119e-01
1.133841992578221936e+00
1.149756900335576093e+00
-1.352166997891442124e+00
-3.639821660217981147e-01
1.840341607092203791e-01
5.607239820790133056e-01
6.954148200084939724e-01
2.817663946748167336e-01
5.050971786227879123e-01
7.910101412556556078e-01
8.362627441801629979e-01
-1.312595283075535857e+00
-3.192008099400850951e-01
2.435485913689198756e-01
6.048508019774528899e-01
7.631221133915823129e-01
9.390791996612296577e-01
1.293104410338488330e+00
1.353822270707764952e+00
1.331208364980805747e+00
-1.574977782728959719e+00
-6.195548070726216716e-01
-7.344875784662494023e-02
3.439193842484724595e-01
4.192395626279753484e-01
-5.210980640141249509e-02
4.315661478068358314e-01
7.752397464957808682e-01
8.568967083479197555e-01
-1.156586396097481817e+00
-1.733898521182801744e-01
3.622459183118297288e-01
7.173944578870403710e-01
8.737545818760776850e-01
6.113131950518911895e-01
9.138688942660744274e-01
1.108311989076775195e+00
1.181792221611344340e+00
-1.371425412551549039e+00
-8.492806426860722846e-01
-2.125654126246350195e-01
1.153852634183823722e-01
3.754177135651958208e-01
8.977588191147158891e-01
1.316412860264454920e+00
1.366342207987133683e+00
1.318458616805110450e+00
-9.401653215600931368e-01
-1.419989370864457867e-01
3.687880152555779723e-01
5.372224117925511466e-01
7.903946560438924740e-01
1.081593951810329468e+00
1.204612700871812825e+00
1.406936270247912679e+00
1.330684660277318354e+00
-1.795539705974716904e+00
-6.895083833750486058e-01
-4.644481841797963584e-02
3.056610492802835366e-01
5.156835584551908713e-01
9.535854864038489920e-01
1.310533172913913802e+00
1.374786668952229007e+00
1.321787193439591057e+00
-1.705159863370093953e+00
-7.527435309918363293e-01
-2.160622255614023657e-01
2.241420885814881803e-01
2.956832554319621664e-01
-5.599112312133289193e-02
5.159261969968734762e-01
8.732235339304973420e-01
9.643425579788409419e-01
-1.606972802498781938e+00
-7.706916230311153804e-01
-6.626746943217594332e-02
2.078212624533662956e-01
4.713148848601731444e-01
9.203587534676000992e-01
1.311425818770354246e+00
1.350717535891525989e+00
1.309444192300428300e+00
-1.426624469009653895e+00
-6.074433654259162596e-01
3.511058042470032586e-02
2.825872458710142476e-01
5.391647135287407355e-01
9.607635267226694031e-01
1.336272139024690331e+00
1.363044175722767593e+00
1.320000972737895184e+00
-2.555354023239023054e+00
-1.526209270458311451e+00
-8.563975135890951051e-01
-4.465341239452693678e-01
-1.108439154569082763e-01
4.592011442417758826e-01
9.779205181592931506e-01
1.233509484041199533e+00
1.276759184711528716e+00
-1.212586462533739917e+00
-2.206444811285888097e-01
3.191087564420995171e-01
6.775766585830783617e-01
8.509178896622857646e-01
5.569627045432985479e-01
7.547061135439222523e-01
9.896540758270157001e-01
1.042326708173677119e+00
-1.533359562575304702e+00
-5.538318227489424928e-01
4.414420327179728598e-02
4.299260828637854193e-01
5.628465714291627231e-01
8.807064920056696389e-01
1.252821521184712239e+00
1.345636351598120450e+00
1.318765361932156432e+00
-1.356820030252083642e+00
-3.766982963581032573e-01
1.827063103424839130e-01
5.583418114316015535e-01
6.799142565202341837e-01
7.110628670054295331e-01
1.100157483058482155e+00
1.267108561627388275e+00
1.270467496744048130e+00
-1.568481905017745204e+00
-8.754210624178186961e-01
-1.539265871254661411e-01
1.145409476160647727e-01
3.771503154945658465e-01
9.336809017187902571e-01
1.305994241595834549e+00
1.369723942428063834e+00
1.318824880219864770e+00
-1.312267431703258547e+00
-3.110048031663570356e-01
2.378846566519034755e-01
6.034047933480415349e-01
7.722022444368341620e-01
7.833190555854940840e-01
1.140870962955565782e+00
1.289064736535662004e+00
1.279530421867309586e+00
-3.318566026462414609e+00
-2.124204534265571098e+00
-1.278099771978856269e+00
-8.341163828098524524e-01
-5.305209672972572843e-01
-3.510216171994067630e-02
1.922825567138354841e-01
5.881561512797462976e-01
6.953711244688207671e-01
-2.231159427537775741e+00
-9.424753150904997545e-01
-3.138112459770095453e-01
3.995071429423669579e-02
2.757352306060323333e-01
7.626177701820300303e-01
7.941277920591434114e-01
1.092469521563371959e+00
8.053004658409721461e-01
-1.487629416629778989e+00
-4.963589271753177656e-01
7.156482910225862859e-02
4.617604311733204958e-01
6.008665219674726998e-01
7.814649249315078761e-01
1.164052741430982252e+00
1.311028420865370414e+00
1.286655514314219984e+00
-1.538778675570407595e+00
-5.317940221742570861e-01
4.006307865664633650e-02
2.949428789231380299e-01
5.577270258487165844e-01
9.827557412751087851e-01
1.170121573361864620e+00
1.364556798298696805e+00
1.206470405381834921e+00
-1.479606449720578754e+00
-3.153735811813132561e-01
2.687369719146358027e-01
5.312398366119940318e-01
8.210499576019046897e-01
9.059503338395361594e-01
8.428281331046408864e-01
1.081380441031865924e+00
9.283097352987076389e-01
-2.575077201978155372e+00
-1.233144640725819974e+00
-4.965867290655595068e-01
-8.048467407268025675e-02
9.931254758312618725e-02
5.083861990517365426e-01
4.183780973775396705e-01
6.988307551457081379e-01
7.081258556663911907e-01
-2.550352735006270244e+00
-1.824147662057645114e+00
-1.407898101425859583e+00
-8.413609056672299857e-01
-7.652709861886487497e-01
-5.850559191897158895e-01
3.277161783614568336e-01
7.323566660382598847e-01
8.184849809963061773e-01
-2.569182973048132812e+00
-1.819888852148002556e+00
-1.411651237377075319e+00
-8.349452211297628823e-01
-7.451394269708702112e-01
-7.148499966260482008e-01
2.167045514676012863e-01
5.875280695782518769e-01
6.476364345351282026e-01
-2.757670653291098173e+00
-2.155591029608757925e+00
-1.741567409169649583e+00
-1.164861613716584365e+00
-1.085721129201170809e+00
-6.929115643511717382e-01
2.809311369514778667e-01
6.798246007953556713e-01
7.586274990193110357e-01
-1.610299338048595041e+00
-4.160532678226752656e-01
1.745239634780529903e-01
4.569458992191167690e-01
7.509221077636055730e-01
8.043571648739139546e-01
8.245049862371329752e-01
9.276101676145984687e-01
7.583152253431244549e-01
-1.372849340951323605e+00
-5.298125373608010280e-01
5.492617669358438454e-02
2.626362917171848332e-01
5.276647854327972675e-01
9.177181418513244981e-01
1.088902415474232388e+00
1.229606458346713893e+00
9.001952043853925778e-01
-2.383027893377598350e+00
-1.312147723510822095e+00
-5.790117141086604802e-01
-2.733593779346246144e-01
5.057193023894469841e-02
5.065444137065524544e-01
6.090258740645184687e-01
9.371740105094467088e-01
7.936755754858808576e-01
-1.340869091891893516e+00
-4.605414400400774100e-01
1.310451022213718064e-01
3.491842983826511926e-01
6.156014248216287177e-01
1.011179093647627703e+00
1.328220687513121723e+00
1.419706150387601618e+00
1.337762107606166762e+00
-3.465846577275732532e+00
-2.203043308912651099e+00
-1.365682902104182306e+00
-9.114110803863305632e-01
-5.870109452217250334e-01
7.342402178119666195e-03
5.456716523584477230e-01
9.680343045411541336e-01
1.089837008654946926e+00
-1.804174767866774554e+00
-5.587656682436960009e-01
4.455240561939947247e-02
3.406386885572721956e-01
6.337708116110940537e-01
7.022751557625345198e-01
7.261417692104240595e-01
1.060431164805102577e+00
1.084209070417714971e+00
-2.125946382288623315e+00
-7.927460533163490641e-01
-1.135585932479189625e-01
2.327678741744575175e-01
4.912542083301563722e-01
9.673225740169255626e-01
1.337657649557536965e+00
1.360408463112378730e+00
1.311475912830480040e+00
-2.684521005781806746e+00
-2.028049540028483477e+00
-1.614662872860951559e+00
-1.038105388640658822e+00
-9.701460183601033904e-01
-7.147517022541749476e-01
2.494613953302916021e-01
6.324241622128027318e-01
7.009368230509123165e-01
-1.298188627900491277e+00
-5.923245114648365561e-01
4.939119041523578474e-02
2.832378147016113568e-01
5.463778097661623478e-01
9.648132598056994302e-01
1.344859020199196342e+00
1.344638675654206361e+00
1.309013328894237382e+00
-1.964897904740119161e+00
-9.213944848937445364e-01
-2.529133381282449577e-01
2.144656526196793075e-02
3.292201615724961172e-01
7.742913880828062867e-01
9.984202740696060951e-01
1.185650862539341377e+00
9.571367678269088186e-01
-1.994752037846125425e+00
-6.255560164826167169e-01
-2.418529267002234376e-02
3.712942571991991181e-01
5.540253435274401506e-01
9.550879622144866632e-01
9.099063832085155790e-01
1.135374964012476617e+00
8.214791799439417064e-01
-3.285365947057123481e+00
-1.838282786940232949e+00
-1.124633634985494623e+00
-6.812091285949574138e-01
-3.868893690279196496e-01
-2.802088780811275853e-02
5.917919781127130019e-01
9.917667584955621729e-01
1.077540038572155634e+00
-2.024546579860878381e+00
-8.500047818729886684e-01
-2.684401406327828199e-01
1.033925576364682769e-01
3.594912538679810865e-01
1.480857838243859748e-01
4.793388316585835418e-01
6.767946615837682200e-01
7.113008013490096371e-01
-1.151616981046069244e+00
-1.609848725570366124e-01
3.734948281544755999e-01
7.251970952287588590e-01
8.968392230404150789e-01
5.824301842555581477e-01
6.850347269239536185e-01
8.404362153880480246e-01
7.742560639723701232e-01
-1.169800378099091320e+00
-1.665641518943504762e-01
3.662045300862266650e-01
7.204692791000982810e-01
8.936830421976273975e-01
5.996041876696306394e-01
7.567586732523744475e-01
8.231869740704859106e-01
7.177163970436183371e-01
-1.546568341538542724e+00
-6.273680224818324325e-01
-2.496571494819898804e-02
2.057002569583956386e-01
4.779100362505235844e-01
8.626191228645010423e-01
1.116770407503921758e+00
1.351193799620483027e+00
1.330375451742781268e+00
-1.919857736108060209e+00
-6.246487004600346227e-01
-2.568385751543616254e-03
3.542186795978201075e-01
5.917061684947192424e-01
1.030422971140161792e+00
1.358095921602136436e+00
1.372883746756992540e+00
1.308721535188345220e+00
-1.582808077341645747e+00
-3.902177423708545478e-01
2.068928421733311762e-01
4.811724936735826130e-01
7.770877244722740329e-01
9.008660431634589738e-01
8.882643584294399597e-01
1.016874277258834391e+00
7.826863707653345381e-01
-1.951301369678112962e+00
-6.706350883743644742e-01
-8.750642828198480772e-02
2.762273821181293609e-01
4.361424747079561959e-01
9.603961443255583097e-01
1.111220563365444169e+00
1.360516947040621094e+00
1.177842790717441357e+00
-1.420641138651700164e+00
-2.868410781561477330e-01
2.932825708020235234e-01
5.648503309113960258e-01
8.476681342553651355e-01
1.072693739062216434e+00
1.377726980415319380e+00
1.401460042980468446e+00
1.327540007438064995e+00
-1.977549413210532459e+00
-6.251463860576540466e-01
-1.697542480216222491e-02
3.683515512485882049e-01
5.512464837757707903e-01
1.048973310614638610e+00
1.374112460716283790e+00
1.394171694364411795e+00
1.318324168388284701e+00
-1.240512621088432743e+00
-4.028322411023814720e-01
1.452660898248097909e-01
3.565569389050783911e-01
6.230610816466265467e-01
9.836949990328339721e-01
1.117252936283269493e+00
1.306358692478386763e+00
1.132233025792964032e+00
-1.591590301114777839e+00
-3.989852173867942109e-01
2.029737501031161906e-01
4.746627765772813978e-01
7.690179918410733340e-01
1.059760169056911616e+00
1.366992137448224787e+00
1.391090735232565212e+00
1.325156550130125455e+00
-2.267220786549790645e+00
-9.200452007529611453e-01
-2.846839297244835310e-01
7.955858242940971881e-02
3.561084203097510947e-01
5.189874300146340991e-01
8.465725069387851631e-01
1.170380926734882587e+00
1.250532016748626685e+00
-1.280464489996934851e+00
-2.910045664906610319e-01
2.672485761340286370e-01
6.303410430835808542e-01
7.771589065231049309e-01
9.348820027045198211e-01
1.293120617982094656e+00
1.361793225382319728e+00
1.336272139024690331e+00
-1.171340248049923760e+00
-1.657609562556233707e-01
3.654085611287365976e-01
7.124401343170725376e-01
9.136414994603233586e-01
6.801682734967855470e-01
7.241449354929621052e-01
9.703245215165466897e-01
9.610787371508869859e-01
-1.209330730957185907e+00
-3.941375015800552828e-01
1.906014333648128334e-01
3.984258483905865900e-01
6.603471496835046084e-01
1.047214660197462566e+00
1.366253325174085376e+00
1.403258552366777101e+00
1.335785328395388660e+00
-1.700435603290534559e+00
-8.057390655668494883e-01
-1.694397743001506973e-01
1.035050561492443094e-01
3.960144096831402782e-01
8.368226025775737931e-01
1.059044258491185664e+00
1.216713152026257738e+00
8.940951194440053262e-01
-2.154135678740606519e+00
-9.964936264930830401e-01
-3.619559953028786969e-01
-4.935875348362842030e-02
2.488199180124802123e-01
7.173669770661100786e-01
8.390684634828851074e-01
1.105254963019120185e+00
8.136547871294884660e-01
-1.754634205724376228e+00
-6.066463945860387508e-01
4.692621548021154833e-04
3.766316171404776036e-01
5.348374738743602030e-01
1.066412140111708817e+00
1.385065305229034927e+00
1.411803827657548194e+00
1.330500720849090879e+00
-2.057444297142015710e+00
-7.917271155415197548e-01
-1.602745886391808705e-01
1.822688091201696836e-01
4.738285366059431514e-01
5.367851071378076933e-01
6.103146983784248913e-01
7.386360543500104514e-01
7.112801362282524797e-01
-8.797892600499991334e-01
-1.201191288632827564e-01
4.148769768856151452e-01
5.573497873005867076e-01
8.208165273647820559e-01
1.129707355876952590e+00
1.386356435384751729e+00
1.389284955178125003e+00
1.310051354328150675e+00
-2.156740848102719266e+00
-7.874036359300651267e-01
-1.544122921835491546e-01
2.430730500224556889e-01
4.518915167706872849e-01
7.741134725442840869e-01
7.018240984978640906e-01
8.971048764151805521e-01
7.620218201244540746e-01
-2.513548596395294155e+00
-1.082427817382272117e+00
-4.176648686400199484e-01
-3.351660651166821214e-02
1.736509863149849620e-01
6.546900514159353923e-01
5.438084925561512684e-01
8.707446534139866579e-01
7.510618748979789316e-01
-1.438421324968029325e+00
-4.467532991922493202e-01
1.065749114295111571e-01
4.935961180989164587e-01
6.319769569215414329e-01
2.703397138199387650e-01
5.869690218233165613e-01
6.866518236772611861e-01
6.793000307183912900e-01
-3.557362537383793821e+00
-2.070508555995746125e+00
-1.256964753361176301e+00
-8.332364635627925731e-01
-4.931850920857785425e-01
7.109493157980505129e-02
5.720824998740852152e-01
9.920678980668352631e-01
1.112950330094571338e+00
-3.055643474278002980e+00
-1.689662998377951864e+00
-1.194632347205705658e+00
-8.046420298964737094e-01
-3.539679330244683841e-01
-3.263502228342629596e-01
4.218652054277723384e-01
8.151314479070571606e-01
9.006059067956723174e-01
-1.846415180942699408e+00
-5.985163954013944521e-01
2.842538551036268707e-02
3.361041689820338241e-01
6.233262930557469383e-01
9.847306608454658994e-01
1.339511107282705726e+00
1.381182944286105885e+00
1.325730130111277161e+00
-1.197206041836271107e+00
-1.833338543420116873e-01
3.509450912113688537e-01
7.015636109017870936e-01
8.997778805024390092e-01
7.315802242334235039e-01
9.726629221066527275e-01
1.168962626601812049e+00
1.224015328096063282e+00
-2.136729618778769879e+00
-1.169361207284775439e+00
-4.612801033633379122e-01
-1.632264343586943001e-01
1.464485663764574508e-01
6.070042937994859500e-01
8.145080614747794989e-01
1.068118576956206267e+00
9.145499815766641172e-01
-1.648496687154386020e+00
-7.141956038888399583e-01
-1.057190734175321167e-01
1.591023402212806415e-01
4.461561158278958272e-01
8.766696430757354719e-01
1.089582708083205675e+00
1.251897272800973404e+00
1.005492904724860859e+00
-1.869400452447326000e+00
-5.963000047535026438e-01
1.215324019345277219e-04
3.554356841507940179e-01
5.952953129224459738e-01
8.798998412504545064e-01
8.165519806800912717e-01
1.126120703443386217e+00
1.032252237503301417e+00
-2.469964827186807543e+00
-5.938062321915675845e-01
1.119851341114024568e-01
3.266392505721451567e-01
5.210590299149994165e-01
1.006352384215772000e+00
1.333715849964643541e+00
1.373014988163535843e+00
1.334015407213576587e+00
-1.381216511953226922e+00
-3.421911213732651835e-01
2.089809908413351736e-01
5.649575262342105830e-01
7.628449979031144412e-01
5.048324641555047565e-01
6.209823741377830109e-01
8.376965803913377639e-01
8.283141471669279721e-01
-1.204847269865092052e+00
-2.242815342816766866e-01
3.167699276712672707e-01
6.760511025538606944e-01
8.266448306109642763e-01
4.593219685020930032e-01
6.175121860633937532e-01
7.893396892648730789e-01
7.565192146060046863e-01
-1.880580422816173547e+00
-6.332769234371840028e-01
-2.998487008109168919e-02
2.825150620536884261e-01
5.739464043910813551e-01
6.228104969764436394e-01
6.586409112115156894e-01
9.052205831185062834e-01
8.993217310174116408e-01
-1.315230244123257730e+00
-3.228654238932376908e-01
2.233249389402060248e-01
5.923582706480982063e-01
7.437366607175631694e-01
4.008506667001849322e-01
6.574878622389810356e-01
7.277469750000696846e-01
6.877670283539578655e-01
-2.092763094592771544e+00
-8.427680178053708060e-01
-2.438756768852706203e-01
1.131568095897233367e-01
3.229716317936889292e-01
8.173187016161945762e-01
9.739869485551323480e-01
1.274830207992517783e+00
1.166729339942107480e+00
-2.596787179104224297e+00
-1.518299418686620994e+00
-1.073289530221348098e+00
-5.964964147284426144e-01
-3.139324154323632765e-01
-4.869390901616599265e-01
2.647862894730117489e-01
6.197793114407594839e-01
6.849560685771763913e-01
-1.448782727063914200e+00
-7.110754036088711150e-01
-3.662779658860075560e-02
1.830708004930385324e-01
4.303154941844967163e-01
9.735746320210156846e-01
1.323552242938846435e+00
1.366819649650071966e+00
1.316929215196192438e+00
-1.248909103473248461e+00
-3.575472405328566361e-01
2.062492244142653808e-01
4.088932024589291281e-01
6.832772930737932571e-01
1.074300894907153303e+00
1.368575166010562283e+00
1.428093559079653962e+00
1.343882626362386867e+00
-2.628696220416241847e+00
-1.403092250349268877e+00
-6.791968914958225190e-01
-3.532698938172857406e-01
-1.689812683450081163e-02
4.558154496622867091e-01
7.131530145714489732e-01
1.093690463549536140e+00
1.147495438604531959e+00
-1.429987616605699507e+00
-4.819554365655813744e-01
7.180653222038728412e-02
4.667582927904718182e-01
5.600918057469201905e-01
9.294126824045821633e-02
4.436473817587912594e-01
7.051117120827850027e-01
7.438942562822693505e-01
-2.350977037382027568e+00
-8.297421015456627469e-01
-3.920146826628109066e-02
1.876331767108369020e-01
4.171265810211381431e-01
9.845627738195928957e-01
1.322176474757456255e+00
1.362906563285150030e+00
1.323209384212760575e+00
-1.447722269943419349e+00
-3.000554681947664726e-01
2.820557622823934851e-01
5.516882539699392574e-01
8.379115314060399111e-01
1.073638588444192354e+00
1.373716086009053816e+00
1.411560221733733078e+00
1.333648436491204459e+00
-1.734301281650231452e+00
-7.668068360073438949e-01
-2.377738555004321186e-01
2.106483573833294598e-01
3.008140437106266440e-01
-1.233853520652914704e-01
3.924967004455142683e-01
6.377404583839423324e-01
6.833701724787789589e-01
-1.746069925156085834e+00
-5.395026364022112997e-01
7.120912819311819852e-02
3.711522030887493551e-01
6.648622492816610441e-01
7.708431005566358518e-01
7.761045206919632289e-01
9.001731498058516134e-01
7.684630642049667948e-01
-3.143680729487927206e+00
-2.006698916672869704e+00
-1.606768076066411366e+00
-1.171121544362159650e+00
-7.298464706643501554e-01
-6.186154782042874167e-01
2.606130653514237006e-01
6.335524364739643088e-01
7.127479228644840736e-01
-2.948526828967826141e+00
-1.528123059466999445e+00
-7.915551959333967380e-01
-3.644505116883101636e-01
-1.404674648823580063e-01
2.316740257093934108e-01
2.728962926208551854e-01
6.221250504156785599e-01
7.096059816576584245e-01
-1.241991182228183277e+00
-3.646736440432242765e-01
1.766914490592826903e-01
3.899628327014399432e-01
6.574125530686405483e-01
1.023659958254126812e+00
1.142909925680902550e+00
1.305095112541271085e+00
1.044910824526630311e+00
-1.760327389546762378e+00
-5.177939308035037769e-01
7.916296823843907426e-02
3.952119705696325869e-01
6.655068508131133376e-01
8.968838540395878134e-01
8.233053727225413398e-01
1.131483088341037391e+00
1.034464316656345861e+00
-2.567950179737826577e+00
-1.466213044189052184e+00
-1.005299268758911957e+00
-5.302898339505986991e-01
-2.348378625185715274e-01
-4.837847656379293260e-02
6.462600415641811535e-01
1.029977058294891723e+00
1.127138056413241829e+00
-1.870810542299674362e+00
-5.771158373639040384e-01
-5.204437189814874881e-03
1.658699173306539265e-01
3.867893795098215626e-01
8.931203354053407484e-01
1.263312569905739036e+00
1.356491067443690079e+00
1.338803267240300521e+00
