-1.905196841666307206e+00
-7.040676430040473388e-01
-5.584796762543640936e-02
3.150249542958318272e-01
5.351881269591173274e-01
1.019471422369442770e+00
6.642853796692964607e-01
8.856808384316228189e-01
-1.142222200009860855e-01
-1.905422779369864372e+00
-7.610511727746409605e-01
-1.951210275213289269e-01
1.775151240122606888e-01
4.972294257447296695e-01
6.437804369959851947e-01
5.648505687464998593e-01
-7.817008473050970907e-02
-5.225428009532292473e-01
-1.757334437374070468e+00
-5.289845602982384820e-01
1.341099008344111276e-01
5.245449071973146138e-01
7.059933082436927743e-01
1.182595031928219242e+00
8.951454014001459791e-01
9.682224885195549469e-01
-3.725368362329787870e-03
-1.502579662762085766e+00
-6.986388323925304400e-01
-3.508671746378670686e-02
2.196606025003630391e-01
4.800240824305654908e-01
9.155440245624764106e-01
1.095661174489093836e+00
1.255960724338414103e+00
6.459407786053938949e-01
-1.750616659327402624e+00
-5.800751730128992367e-01
5.868632711741559455e-02
4.247248723683653693e-01
6.215568154557143954e-01
1.130446682581411455e+00
8.767550238759168613e-01
1.147943579271713865e+00
1.128271878087045016e-01
-2.300893869855947571e+00
-1.083721218690008703e+00
-5.240835286810127114e-01
-1.702687378173125821e-01
1.686180818376151191e-01
3.310928967405820100e-01
9.245619561750355320e-02
-5.661703220200364761e-01
-5.522713187063904572e-01
-1.989237932650159912e+00
-7.152748642613370178e-01
-2.177080320156715709e-02
3.668721242836497920e-01
5.825513644080057007e-01
1.022449059267740212e+00
6.776958891418627395e-01
6.423537560977076177e-01
-1.540162591981470708e-01
-1.735761369819809996e+00
-5.340779458702218374e-01
1.035379417898527055e-01
4.747152029257815098e-01
7.358071801886212349e-01
1.059636191709413922e+00
8.938906272337757697e-01
5.594774291263010513e-01
-1.489361920562840003e-01
-1.816767988337195217e+00
-5.839841558242513386e-01
7.799701034849987336e-02
4.640592231667140521e-01
6.724956772553700723e-01
1.090019965870142160e+00
8.665131795584042340e-01
7.786099743495031866e-01
-1.480040159143413137e-01
-2.138623859875491640e+00
-9.684618645204977616e-01
-2.802193523387928042e-01
1.073298075071641711e-01
3.535164409607100544e-01
7.838398070031962206e-01
2.354537516629015281e-01
3.014747283095907671e-01
-2.694468706100570654e-01
-1.735993034146984026e+00
-4.949673858628196865e-01
1.514726983333911647e-01
5.301246468907619969e-01
7.561209948549132420e-01
1.146226770279962226e+00
9.655938793161098488e-01
8.169138682148082697e-01
-1.047177491615423478e-01
-1.944421949537808780e+00
-8.031792884005911626e-01
-2.370232106740402522e-01
1.311056297881867116e-01
4.584541451520381949e-01
6.020201842727230801e-01
5.064846985781205069e-01
-2.036066982179852991e-01
-4.171498455412702699e-01
-2.050064165145619288e+00
-8.041119074620494134e-01
-1.809205986781627917e-01
1.996662408407259837e-01
4.766058041064058504e-01
7.385470935025219008e-01
5.087095633233491565e-01
6.052885133667121331e-02
-4.245273431320210067e-01
-1.787530689675138174e+00
-6.360824304759660208e-01
-1.804440364613666206e-02
3.311848861684970058e-01
5.826590551053434375e-01
1.060904483486559524e+00
7.857191778092729173e-01
1.123907209962157205e+00
1.669834673438873596e-01
-1.618572654710598524e+00
-8.627948733559398509e-01
-1.580577262049832621e-01
1.252110618122722341e-01
3.964695881218021078e-01
8.361510697135375869e-01
8.956052124838470574e-01
1.145524224854822526e+00
4.022045475469356868e-01
-2.852899091921137220e+00
-1.979414298754086809e+00
-1.672360519045327010e+00
-1.422748894150852372e+00
-1.019287357925453774e+00
-8.879511787068626871e-01
-1.019323201243630850e+00
-1.097627065803387092e+00
-1.080654509769017446e+00
-1.373842323651402575e+00
-5.841788629513330333e-01
3.935775890392352594e-02
2.628392428090545185e-01
5.349930189883795872e-01
9.506515590950872507e-01
1.169166283063610257e+00
1.325464570415909371e+00
6.885709069221506162e-01
-1.910942366197254660e+00
-6.901460378647586991e-01
-1.100035890207748737e-02
3.814163115920710112e-01
5.957122752018315648e-01
1.029037507229280557e+00
7.067724427020770639e-01
6.398610130595933088e-01
-1.387852406084923440e-01
-2.966428850615395518e+00
-1.839322209233513750e+00
-1.088997075591433328e+00
-6.982426241126945543e-01
-4.166900093901914071e-01
2.275780418200637478e-02
-4.480422261390492600e-01
-2.444632252396977401e-01
-6.941672199068357196e-01
-2.150802647172511683e+00
-1.153072786877892497e+00
-4.074021057671953772e-01
-6.480457803510183967e-02
2.258611422440616467e-01
6.781017943720963892e-01
2.752743762804480410e-01
7.404841514848709005e-01
-1.778559062574196770e-01
-2.940795043114520002e+00
-1.772032554658686809e+00
-1.244562954154027956e+00
-9.557371998727101081e-01
-6.402216271104206324e-01
-3.509791201242805636e-01
-1.002417499769640896e+00
-1.267610259597042432e+00
-8.728814153638524420e-01
-1.884825635685496215e+00
-7.164561541257516986e-01
-5.406438088690004862e-02
3.290287407113492990e-01
5.386062090858141360e-01
1.022500245636720484e+00
6.119635693514929864e-01
8.356784820684942661e-01
-5.790516860322302700e-02
-1.897921695971744205e+00
-6.455609709322901457e-01
2.164159245098648196e-02
4.071289065521407347e-01
5.939159158621064583e-01
1.066076997856085340e+00
7.761337766080068645e-01
8.587440678750155598e-01
-1.068262398838307203e-01
-1.882187124036288628e+00
-8.329117030248456288e-01
-1.620522448459132125e-01
1.236229548723471600e-01
4.193164610649047219e-01
8.498792584483565449e-01
8.625243486352379696e-01
1.159690010352308454e+00
3.603782367425463762e-01
-1.976014480421772745e+00
-8.394857003428097819e-01
-2.751983686336140211e-01
9.217798501509698317e-02
4.191994240482247447e-01
5.683152796206688562e-01
4.537377723828345810e-01
-1.431855234162740798e-01
-5.595014484663627385e-01
-2.700459731201732883e+00
-1.803288677496629688e+00
-1.457501043699307886e+00
-1.194188240631044895e+00
-7.875460512124712320e-01
-6.764023589044499962e-01
-8.492466544029260156e-01
-1.288349307200941318e+00
-1.069830320652435107e+00
-2.882491527376306983e+00
-1.775163174112027065e+00
-1.304030911230412926e+00
-1.026716591303652004e+00
-6.717749503503158692e-01
-4.839680988585982613e-01
-8.298039099534492147e-01
-8.720771870738827092e-01
-9.301679239865822124e-01
-2.175934382686007584e+00
-9.302058763858283008e-01
-2.622520361235884390e-01
1.246634889879975616e-01
3.626171239987959760e-01
7.084703174980335749e-01
3.770750865403453833e-01
2.377021922739836202e-01
-4.106787233354023958e-01
-2.978152592131679821e+00
-1.813694447035262725e+00
-1.262005488802094400e+00
-9.787317593920460412e-01
-6.821915128589013388e-01
-3.851375356467232058e-01
-1.053182599351915050e+00
-1.152773516202975079e+00
-8.218290878523064613e-01
-1.797638368518492236e+00
-9.184138937309297424e-01
-2.340028099894316815e-01
4.151996122981237158e-02
3.414458041331193683e-01
7.766588381780017425e-01
9.264541833089868783e-01
1.149665301523505212e+00
4.320394146616615139e-01
-1.585772302672176615e+00
-7.263793465913463976e-01
-6.328663731317944741e-02
1.729681622770299076e-01
4.242131938150471848e-01
8.448348724996478376e-01
1.015670929643405662e+00
1.221914634374395181e+00
6.174574949733031559e-01
-1.578149118234841275e+00
-7.193774612539886038e-01
-6.973636112542001830e-02
1.749706322834545524e-01
4.800463201698116911e-01
9.127033326028918259e-01
1.121596638233749665e+00
1.287179937580367417e+00
6.493462555404918568e-01
-1.777847778826646019e+00
-5.632665262591896038e-01
9.430226610421177380e-02
4.774479146937805618e-01
6.531775279544461688e-01
1.155575591505134447e+00
8.897569115615940882e-01
1.052421894475565667e+00
4.375980001941334047e-02
-2.996436273037470066e+00
-1.860219701049797392e+00
-1.097222221518963536e+00
-7.041916072025716788e-01
-4.429727835507176192e-01
1.057739944471141648e-02
-3.790530502573309923e-01
-1.477592243015845019e-01
-4.332605062602870594e-01
-2.911822350415760763e+00
-1.853800872223539509e+00
-1.417974257744925914e+00
-1.148131603578795845e+00
-7.976314073089996182e-01
-5.454378490212525854e-01
-6.233060282202369518e-01
-4.857843073723240868e-01
-5.481104582359282995e-01
-1.856916881586771373e+00
-6.758092451912469656e-01
-5.558192576341699359e-02
2.999965705719187525e-01
5.361560278623318521e-01
1.022592844673673174e+00
7.150542468499961890e-01
1.028296136511239078e+00
2.572316937702367676e-02
-2.170416550112285403e+00
-1.034628694310289587e+00
-3.568437936502378283e-01
5.456049242434428577e-03
2.945609061781401250e-01
7.433314831940693868e-01
1.728531960724237204e-01
5.543026385891306473e-01
-1.840807305409823402e-01
-2.026269973115895517e+00
-7.780486542116792359e-01
-1.043169393528657340e-01
2.823479395669395986e-01
5.088638379773895437e-01
8.870170956794241057e-01
5.640535194672076091e-01
3.912241930249877875e-01
-2.727188769103622845e-01
-1.669734356869452707e+00
-5.505114634740906343e-01
4.726875096141971294e-02
4.170928785504747771e-01
7.070261198246070578e-01
9.262173180705607356e-01
8.405678256852923136e-01
3.423690039580185585e-01
-2.913599339001413102e-01
-1.929385569207470175e+00
-6.571094818955505179e-01
-1.739002806896799633e-02
3.632267467901632019e-01
6.115521871088734907e-01
9.447120925387323398e-01
7.166761841107249786e-01
4.055954693953015555e-01
-2.657265137418965972e-01
-1.760225142906850726e+00
-6.108147596027588833e-01
-1.373755330362576646e-02
3.589284414880138385e-01
6.540019689410657699e-01
8.567805834541810661e-01
7.692725936999758041e-01
2.525174366788313085e-01
-3.460114161951331480e-01
-1.649122541141904819e+00
-4.894137012824728017e-01
1.196094726239793488e-01
4.867639602527042419e-01
7.699937197950132983e-01
1.024368188643315580e+00
9.126783838870726751e-01
4.421127581821931996e-01
-1.284841138911716196e-01
-1.748952103117906054e+00
-6.326818267712012167e-01
-1.053962371863476077e-02
3.097697792330947331e-01
5.846832078747280503e-01
1.044838021358805991e+00
9.318073595277485133e-01
1.249100914357589964e+00
3.518813261126461645e-01
-2.998800358415578682e+00
-1.826272143852984975e+00
-1.256428187975507926e+00
-9.622042395786668534e-01
-6.858798676263534455e-01
-3.466582123489819756e-01
-1.141083365840432684e+00
-1.206180126116650708e+00
-7.988769267331693458e-01
-2.032448463596260968e+00
-9.171331190937938027e-01
-3.768866134526981937e-01
-1.913366349193129992e-02
3.252005111296635831e-01
4.400271226370002231e-01
3.435978933489263754e-01
-3.357430551419416376e-01
-4.980652134942700759e-01
-2.004739862227157499e+00
-8.944530184096580738e-01
-2.141423539749118254e-01
1.298441177584065132e-01
4.511406134986689076e-01
9.055287225283769059e-01
5.396700386777878444e-01
9.721149161853407383e-01
2.560505423795490440e-02
-1.953951108094492684e+00
-8.197958003552432427e-01
-2.578569804944290111e-01
1.124059272864546266e-01
4.378481258310422120e-01
5.916248292752060989e-01
4.667419638865575870e-01
-2.372930834048900817e-01
-4.784979773944367798e-01
-2.875507020590703178e+00
-2.006929152535368299e+00
-1.701019359074143811e+00
-1.452986282009386176e+00
-1.051518142349232354e+00
-9.080834853796507788e-01
-9.565519769536531269e-01
-8.385751756765419396e-01
-9.083039222330516749e-01
-1.613142787423631264e+00
-4.496215154720141771e-01
1.592075033295250741e-01
5.250110274149738521e-01
7.993786930852373462e-01
1.074792323051198428e+00
9.663186057480525060e-01
5.943621229018579699e-01
-1.445947543604389207e-01
-2.862522666876461841e+00
-1.679902279409984933e+00
-1.101505997949314697e+00
-7.837779712551877775e-01
-5.137380020953543625e-01
-1.901495467544939977e-01
-5.268996504166495454e-01
-3.835531955456663034e-01
-4.731547934297063995e-01
-2.082963772276138048e+00
-9.097762993442557455e-01
-3.749500611454034682e-01
-1.807204395862690646e-02
3.273804742240888910e-01
4.490663304205202988e-01
3.428977749742993519e-01
-4.217228183197333502e-01
-4.331604499429344557e-01
-1.969167038086694355e+00
-8.284500290106499021e-01
-1.726166998062362290e-01
1.887057444578532639e-01
4.477862606396471601e-01
9.146500159025765520e-01
4.323319346899505700e-01
7.726642376506882570e-01
-5.271385932587500239e-02
-1.460991468035294227e+00
-6.699529751436772429e-01
-3.592159670605582500e-02
1.902703130836035372e-01
4.654398807951092842e-01
8.845562365166880214e-01
1.119576448695809079e+00
1.281188734558617259e+00
6.555024262523022616e-01
-2.184794910539892498e+00
-1.174112970392516830e+00
-4.566376730128620665e-01
-1.525536680292776393e-01
1.363552452994076791e-01
5.718395150196603494e-01
4.586851089131699921e-01
8.337402195946005401e-01
-7.228204790219977527e-02
-3.040559369202252782e+00
-1.804151084683608186e+00
-1.144582837407497555e+00
-8.353556625128749635e-01
-5.309695189905452306e-01
-2.073397030920026141e-01
-7.534841123372355565e-01
-6.620226301775165023e-01
-6.793286745973139418e-01
-2.222976871856116698e+00
-1.074318368237963117e+00
-4.098791576771371181e-01
-4.657336334659128996e-02
2.186764640608062638e-01
6.376022818310415063e-01
1.657441679046691985e-01
3.670826633541582895e-01
-3.521004078481222987e-01
-2.957512116746705999e+00
-1.905842736228018586e+00
-1.509866892364362334e+00
-1.257321333654225493e+00
-8.617901280109292461e-01
-6.614366303096361754e-01
-1.090011786180220321e+00
-1.461115569983892915e+00
-8.705588068462702944e-01
-2.273864840523942110e+00
-1.107915631343746599e+00
-4.183398459298029448e-01
-3.145924730501868660e-02
2.452966162521784954e-01
6.895711829314004060e-01
1.181786408402952550e-02
2.364719419210198903e-01
-2.461606913913347849e-01
-2.152007548505503021e+00
-8.985313338809118866e-01
-2.435136483931802376e-01
1.445907681870088612e-01
3.899906421562081560e-01
7.236998301884954854e-01
3.760729448237663530e-01
1.479413643075862261e-01
-3.087609216762146058e-01
-2.729027426321412264e+00
-1.829015934342058891e+00
-1.484269671284888403e+00
-1.224552487959166491e+00
-8.290752392523619285e-01
-6.727570878765014584e-01
-6.110059159752938562e-01
-5.023522169264351689e-01
-5.280699308419617433e-01
-1.957230306779667250e+00
-1.061154130009404506e+00
-3.407272716468244256e-01
-6.020031758323738519e-02
2.050058019411749310e-01
6.431917934289127503e-01
6.689879917640384477e-01
9.881973777356932720e-01
2.668739568324561273e-01
-1.661479317641229470e+00
-6.442213564173616680e-01
-2.089449371867960203e-02
2.599421443504158491e-01
5.618641374851243153e-01
1.002057928895186301e+00
1.053891110051608182e+00
1.343736237123000166e+00
5.536704754094742276e-01
-2.133293555373689809e+00
-8.689725002433636991e-01
-2.199755640543687996e-01
1.646570954579576473e-01
4.235665083440406375e-01
7.361046167127518469e-01
4.432922738642871008e-01
1.264205956352507376e-01
-2.262816077178734786e-01
-2.157177913538377290e+00
-1.041359008272910502e+00
-5.223021847370451498e-01
-1.741601993213708066e-01
1.800420972523939234e-01
3.096669631060949279e-01
1.574543974784325395e-01
-3.347743947517579088e-01
-6.144815777498616738e-01
-1.878668023846825408e+00
-9.463970776873403823e-01
-2.594263466013567165e-01
9.415799120762013974e-03
3.089686387880170026e-01
7.476604855021719009e-01
8.887074161915283765e-01
1.114741882300827269e+00
4.007073631618034981e-01
-1.810189072280360634e+00
-6.138351699342545764e-01
5.747380189164340292e-02
4.416045954218900671e-01
6.288479765555659018e-01
1.122082786913868091e+00
7.855616677000993864e-01
9.655947763116689009e-01
7.364071506971343883e-02
-2.747183373129271189e+00
-1.875360129004139287e+00
-1.557471623849699505e+00
-1.302620359929795857e+00
-8.812291442983678502e-01
-7.663475294330936993e-01
-9.503221261571777045e-01
-1.539832698125942700e+00
-8.827292849610195447e-01
-2.976334109479635170e+00
-1.874288720156079391e+00
-1.133198940222398310e+00
-7.541271874393500330e-01
-4.637976703976660064e-01
-4.455626498645354205e-02
-5.050806701561935119e-01
-3.280566061620219798e-01
-6.327088301847342278e-01
-1.675531718621667165e+00
-5.185952761286198864e-01
8.756302103481161669e-02
4.566683465762648719e-01
7.412596340447630272e-01
9.882332140552665400e-01
8.859830708748240857e-01
4.202319061317797977e-01
-1.113106069280500043e-01
-1.631377348657423454e+00
-4.871301311257448807e-01
1.256561657910282848e-01
4.951293332130959346e-01
7.723663146254494682e-01
1.039067650200885318e+00
9.084710892790198722e-01
4.552340317171985618e-01
-1.857341727693374855e-01
-1.690275608289443010e+00
-7.513968305661560265e-01
-7.544440136860926238e-02
1.708177215521560210e-01
4.398414135826241855e-01
8.630563950571652487e-01
1.034487883196704150e+00
1.250680679627547809e+00
6.300221963244110324e-01
-1.588960621855618260e+00
-4.533068697018754478e-01
1.538479208744839011e-01
5.184922109539565893e-01
7.970302982572083916e-01
1.057441379965192940e+00
9.592182288059772910e-01
5.584351653034365093e-01
-1.154744564381346150e-01
-2.954836673342981168e+00
-1.748450007953258778e+00
-1.070159551696820088e+00
-7.302268796322587407e-01
-4.686147908792481220e-01
-9.322442023176445713e-02
-4.618985594296551311e-01
-2.561735807184087887e-01
-3.471001487520248285e-01
-1.737162128904198077e+00
-5.847951595091709365e-01
8.236042316583956635e-02
4.738192967411153922e-01
6.668373100314743951e-01
1.162500298284288469e+00
8.448943836811960706e-01
9.677965390865020945e-01
8.864529009428165351e-02
-1.864838865800286127e+00
-7.025771811323416882e-01
-1.245995296924027051e-01
2.509525058025826039e-01
5.580114768297811390e-01
7.376487612931376114e-01
6.252607873084539136e-01
-1.323504017962943112e-02
-3.484140842109457181e-01
-2.968415935453096566e+00
-1.871699093341540721e+00
-1.394841129454986284e+00
-1.133594376241092050e+00
-7.950284768567483784e-01
-6.039561196727462056e-01
-8.314171529422936802e-01
-6.923661872025589359e-01
-7.609153604250578073e-01
-1.594284046521345477e+00
-7.288226925663717770e-01
-6.168830595618265966e-02
1.715817983287659110e-01
4.303309845190112504e-01
8.455246974590562292e-01
1.011369210718755740e+00
1.238348237251176709e+00
6.417812216069865849e-01
-1.382737929377796604e+00
-5.427023515132948228e-01
8.213051200991008938e-02
2.884330580604378413e-01
5.494714021497987266e-01
9.325813669768927561e-01
1.058081267358208954e+00
1.297278821311154351e+00
6.755099900314673889e-01
-2.859515676821696051e+00
-1.659754052672837821e+00
-1.045606516639901340e+00
-7.098058006045775414e-01
-4.629831187984851382e-01
-1.183333001069944296e-01
-4.738328312802095876e-01
-3.060704519500288545e-01
-4.484742811213274782e-01
-1.754597562906865083e+00
-5.382489522135814886e-01
1.225995183196510185e-01
5.091844556658940979e-01
7.137621232631703450e-01
1.158050334339502108e+00
9.076287948742687295e-01
8.740306408306534047e-01
3.691995254555576617e-02
-1.438983897585948801e+00
-6.192281051754616739e-01
1.320383802789476882e-02
2.482817160286831804e-01
5.506366567672901224e-01
9.740159631750430203e-01
1.206990212186739297e+00
1.364093760021488189e+00
7.335696591481480899e-01
-1.819775856533160541e+00
-6.535853167645951922e-01
-5.224353057541061829e-02
3.206919927624212185e-01
6.184237519292347107e-01
8.257856092301811834e-01
7.063933896349854358e-01
1.162655238772452027e-01
-3.049472732653490947e-01
-2.900258246495736714e+00
-1.775854941681668686e+00
-1.026607332020461616e+00
-6.425020744711597009e-01
-3.697625801665611611e-01
7.142634291438051952e-02
-3.199328725784708061e-01
-8.848290598367136717e-02
-5.116377995426912850e-01
-1.801955961846872567e+00
-9.465350360779579697e-01
-2.382464766813588708e-01
1.971493085354475081e-02
2.832314240151778129e-01
7.158751954467367229e-01
8.495101973914884752e-01
1.106770326506830493e+00
4.862609125721012449e-01
-1.728278383095933401e+00
-5.278225752305180096e-01
1.400536444724058693e-01
5.305430051855304363e-01
7.146045637333546807e-01
1.182148989175666243e+00
9.079949233048945079e-01
9.501475877182753438e-01
6.051264016835172094e-02
-1.705093813288990567e+00
-5.349398008330112919e-01
8.652715683479321462e-02
4.573558347509308897e-01
7.302952352068362574e-01
1.009314575004234493e+00
8.646004805308981078e-01
4.371785170928141895e-01
-1.738160610537339279e-01
-2.897721441163275902e+00
-1.730201372706878571e+00
-1.199574371713414189e+00
-8.961390646569329377e-01
-6.010022364626447233e-01
-2.981219442290501398e-01
-4.799859016983061832e-01
-3.173660824110443035e-01
-3.847146210642546915e-01
-2.016989686915561464e+00
-7.809279111812617025e-01
-9.851513305435270762e-02
2.833593887075451789e-01
4.946265809507710554e-01
8.999543098520038642e-01
6.148558610029543070e-01
5.668414054826851345e-01
-1.834662262258131005e-01
-1.983965588672897518e+00
-7.901288087421882711e-01
-1.155107741140445482e-01
2.688022021779153947e-01
4.973934078044002782e-01
9.721674850189080397e-01
5.313508115957709110e-01
6.742884279115309853e-01
-1.909564201782300644e-02
-1.373582277215453118e+00
-5.122364150173417396e-01
1.302404194834727302e-01
3.462379192815438489e-01
5.976014229776213105e-01
9.985288074316416296e-01
1.139277297121779275e+00
1.336815546487710726e+00
7.322405875488094962e-01
-3.073844443086612088e+00
-1.887647329299761978e+00
-1.117469535944730419e+00
-7.156120436525152950e-01
-4.235433770881320559e-01
2.121429991663065576e-02
-8.343336166792165720e-01
-5.871341130004772424e-01
-5.435737891326151150e-01
-1.666759178026892885e+00
-4.990452219072116780e-01
1.142666892871953971e-01
4.828324643885093526e-01
7.596769194039891815e-01
1.025248013086614396e+00
8.935333477733180541e-01
4.364832916619168501e-01
-1.573578287049525459e-01
-2.042735187340187775e+00
-1.110850173806955388e+00
-3.643885443894921417e-01
-4.420181863457320337e-02
2.464466041924660844e-01
6.991600735811064338e-01
4.805316864843310887e-01
8.742880952676185258e-01
2.656165710968420163e-02
-1.889564037763375337e+00
-7.742218451137652391e-01
-1.075044001268731370e-01
2.753932068674215250e-01
4.909747775255085545e-01
9.623412779411755213e-01
5.299459748912834778e-01
7.194420895249387105e-01
-7.435159071576097692e-03
-1.794582162243022472e+00
-5.895487011368001351e-01
5.326911141491615792e-02
4.292429833385649207e-01
6.327426045739702465e-01
1.142795868247360902e+00
8.354032304645977458e-01
1.069356704823368087e+00
1.635742916850776996e-01
-1.884104012987098065e+00
-7.498068292519884936e-01
-1.789412269597613903e-01
1.898713845915424303e-01
5.098322703416442447e-01
6.562891432962039140e-01
5.776014167937891797e-01
-9.444205487209486605e-02
-1.991588232974773609e-01
-1.628849009962175520e+00
-4.856662252877009811e-01
1.163969232571265139e-01
4.845107280342044742e-01
7.673357357231949116e-01
1.021124696867029336e+00
9.157983672919285389e-01
4.718779070811133236e-01
-1.004383955975772340e-02
-2.046179154287582236e+00
-9.228828420892152273e-01
-3.779813372182851405e-01
-1.930019706078425074e-02
3.196765560989321409e-01
4.621523050187956172e-01
3.242382398009525657e-01
-2.444032046417506931e-01
-3.224046973326890608e-01
-2.753047107470814048e+00
-1.553709170352182367e+00
-1.012328203307267360e+00
-7.007853019247358706e-01
-3.798013570175962084e-01
-1.229040534983402017e-01
-3.676112807586667253e-01
-2.331879448865875892e-01
-2.722669443193289074e-01
-2.174368300716484903e+00
-1.161530943795539672e+00
-4.382963022357640459e-01
-1.395143359513367765e-01
1.554042976169741908e-01
5.883472766256104824e-01
4.902930459735134194e-01
8.631065193632547761e-01
7.443964620384611267e-04
-1.775735665639413874e+00
-5.994320077856964968e-01
-1.552900372392085988e-03
3.695917033750319991e-01
6.609606427901995040e-01
8.721351918454348651e-01
7.817393934313028314e-01
2.617525203384928889e-01
-8.282299324568218046e-02
-1.744661068003479754e+00
-8.973579265193498689e-01
-2.003345768942167426e-01
9.248510255385411494e-02
3.719043334385228605e-01
8.164248113998531231e-01
9.000485409220487787e-01
1.138229078186615562e+00
4.361330240108412526e-01
-1.775375321627069347e+00
-6.646139054116431133e-01
-4.075080863425043637e-02
2.976005111024831451e-01
5.920930214444491968e-01
1.075081011664746011e+00
8.295806202545176200e-01
1.190053062657739691e+00
2.828697532527196801e-01
-1.804406569776625391e+00
-6.654830516024436982e-01
-8.238539925085780480e-02
2.929667761303300644e-01
5.989672396331415793e-01
7.858794498615587765e-01
6.861690205102002338e-01
1.363958063985917790e-01
-2.665200938081576654e-01
-1.794287802890607741e+00
-7.874875928542488523e-01
-1.161390930025764379e-01
1.916705123632915508e-01
5.156634882155011201e-01
9.625650474987454963e-01
9.297700525439280828e-01
1.234977378615911281e+00
4.258514220044359311e-01
-1.597573728081897793e+00
-4.745895557280284671e-01
1.371606571156570864e-01
5.013826729808773530e-01
7.805312561284306616e-01
1.034970706170307508e+00
9.398018329391605308e-01
5.503710462334734377e-01
-9.624194626715262824e-02
-1.515504118558445690e+00
-7.288937205862110469e-01
-6.882455078254691438e-02
1.885040088674495573e-01
4.645985667418532916e-01
9.053877073988905178e-01
1.095158496375756352e+00
1.255819500237529196e+00
6.637863201044883477e-01
-1.966727620381544916e+00
-9.968619254527476548e-01
-3.083763840362375164e-01
-2.994552621388301902e-02
2.734818522950488995e-01
6.989606827183024729e-01
7.183766663427333388e-01
1.051076882563526160e+00
2.382510804182460529e-01
-1.445311777071882187e+00
-5.787970687450540996e-01
4.574660496227971052e-02
2.703693890661896249e-01
5.520956430771387646e-01
9.635658752505382729e-01
1.197083572782587035e+00
1.373999230329194132e+00
7.438253268768865167e-01
-2.084889064439136241e+00
-7.900288385099264454e-01
-1.241855575844758169e-01
2.564736257734355762e-01
4.826291709681472808e-01
8.420937652121558425e-01
5.953179790309913733e-01
4.701906099416340301e-01
-1.685707653106531534e-01
-1.894211441058296863e+00
-6.553776824390665778e-01
2.450900873192824250e-02
4.051324431136978932e-01
6.061155263932217485e-01
1.100336607251140686e+00
7.565673437731555984e-01
8.989395912217861273e-01
1.416905804891493981e-01
-1.942956862674937835e+00
-1.011404854167454959e+00
-2.815614074622020402e-01
2.221354564757578587e-02
3.173839432477184030e-01
7.663680401577925849e-01
6.696466775675218308e-01
1.010245749885586131e+00
2.105927064131414561e-01
-1.874101968687584163e+00
-6.993832461979095916e-01
-1.227757795777958405e-01
2.466472360239174433e-01
5.580567182346423127e-01
7.133451245474974334e-01
6.436882761809573639e-01
3.535773955298155552e-02
-1.073195399255965771e-01
-1.699298740345144720e+00
-5.510345724040516258e-01
5.111755829479837365e-02
4.233191571169455658e-01
7.124996006107462421e-01
9.410768901330013314e-01
8.278852955674524949e-01
3.120781633117841736e-01
-1.318684566939709590e-01
-1.727769375339895497e+00
-5.623971379002870030e-01
1.006417144403510405e-01
4.826037488492906369e-01
6.639551288537652862e-01
1.167312304934941647e+00
8.620702241323910942e-01
1.064750450187793129e+00
2.286087704811652632e-01
-1.868708391286115766e+00
-5.698519150760439356e-01
9.252088793596753569e-02
4.820965163309146595e-01
6.751885543378749466e-01
1.141881499707358971e+00
8.674110235464517205e-01
8.945698569189532989e-01
1.578949342651307375e-01
-1.930594406708585842e+00
-1.070264898242293539e+00
-3.454878904824586483e-01
-2.415259374888696631e-02
2.746980604880013277e-01
7.286543217009405771e-01
5.480360802557132649e-01
9.274164389717030055e-01
1.218963485469049951e-01
-1.860076579892733895e+00
-6.694839288180223225e-01
-1.485458375237951739e-02
3.612759534732462585e-01
5.801405273397223228e-01
1.083902623223459871e+00
7.171137766151204351e-01
9.472229696395525478e-01
1.704850851454213501e-01
-1.780780579892223603e+00
-6.112351321878594090e-01
-2.056477980106593065e-02
3.496333005114350967e-01
6.478477328889087339e-01
8.361843873491506818e-01
7.659120279933158137e-01
2.945289330117596971e-01
-1.795531272581472326e-01
-1.725807780736426267e+00
-7.804462261572120418e-01
-1.118190928934303663e-01
1.590677471016701261e-01
4.498433773876601149e-01
8.766542137479210739e-01
9.746473504642410024e-01
1.235633288645796135e+00
5.834836959449820615e-01
-2.009780907698528019e+00
-8.462507818721354269e-01
-1.704403448377901364e-01
2.111392575482570200e-01
4.425789021544832003e-01
9.004840868755459304e-01
4.629482906644523110e-01
5.672756349164935763e-01
4.274706674754096686e-02
-1.271353826057667558e+00
-4.472016426761636909e-01
1.774720182934760304e-01
3.810943389164625494e-01
6.195038172954959732e-01
9.927175018478284763e-01
1.091081197695993321e+00
1.296338945763735984e+00
7.448533450011215473e-01
-1.711852322823457229e+00
-5.502336581987197217e-01
5.021941789506442766e-02
4.179023440476125062e-01
7.047003167228742537e-01
9.266963486035872943e-01
8.382938223164219105e-01
3.557361247191216380e-01
3.919445634740875012e-02
-1.814503989773194714e+00
-6.302160344801250869e-01
-2.171582331509787009e-02
3.504845684755736879e-01
6.284066150960108121e-01
8.771944585778725934e-01
7.543986481856007620e-01
3.563556514342186010e-01
3.523518958286536024e-02
-1.856803426442243943e+00
-6.267409597676424360e-01
3.286147683136098063e-02
4.163627718004714318e-01
6.422573010554836204e-01
1.025556742273207034e+00
7.751257186873047322e-01
6.052004586131127795e-01
6.833311154223642436e-02
-1.650445117298697584e+00
-4.864619126760716394e-01
1.225383629968842536e-01
4.882560467056762388e-01
7.668483399147236756e-01
1.021562775688642732e+00
9.269901726108175088e-01
5.709610874755599585e-01
-8.028007793487442617e-03
-1.621306406322129856e+00
-4.477013761732868136e-01
1.624497925249647201e-01
5.281097439077682143e-01
8.046007150717249257e-01
1.076230772304180405e+00
9.523170649153425149e-01
5.398784544438570698e-01
5.437064891513551657e-02
-2.168491629536056120e+00
-1.169009292122547450e+00
-4.509174064370651824e-01
-1.494083759573295034e-01
1.575263250091049061e-01
5.933061933245569186e-01
4.775238732860462298e-01
8.542278719023568279e-01
8.993806681485598531e-02
-1.737262523656232238e+00
-5.862193379307941710e-01
9.060582827887044043e-04
3.710377654426695315e-01
6.656736151355414632e-01
8.539042838559058879e-01
7.832855417781030560e-01
3.089234131660977822e-01
1.279050113336638594e-01
-1.816334114239990249e+00
-5.928594459577221087e-01
7.524736486907171451e-02
4.613302547399754094e-01
6.435903812867039830e-01
1.138768930310683603e+00
8.254909986044959291e-01
1.000442778531889454e+00
3.585026143791520403e-01
-1.436349483849791664e+00
-7.114677645832498953e-01
-6.090271746213701126e-02
1.782716828112849428e-01
4.784045140768501403e-01
9.311936376710582275e-01
1.160951259570820460e+00
1.313122662496757131e+00
7.650499939073772682e-01
-1.636307648113356494e+00
-8.946939397016381301e-01
-1.976736362075718623e-01
7.251096126239486850e-02
3.747777266866324508e-01
8.313378528083669172e-01
9.730718651503373895e-01
1.191164307149182200e+00
5.751981875070104611e-01
-1.846761226832765557e+00
-8.432253082319687287e-01
-1.750943824196911358e-01
1.204031154336408505e-01
4.571924778600902073e-01
9.085742247054315879e-01
8.646060672866412444e-01
1.196375798571200466e+00
4.928074839576596089e-01
-1.957448417891358927e+00
-9.902215519748401862e-01
-2.819362320630418584e-01
-1.166588036319382571e-02
2.743201104017783387e-01
7.023603069533032039e-01
7.285282350154135278e-01
1.067569361642795034e+00
5.937704318057893671e-01
-1.719018154093657103e+00
-5.619757379873073777e-01
3.425453954680355434e-02
4.022249081525506864e-01
6.894607559357647242e-01
8.909401167211028483e-01
8.121061796119779519e-01
4.215055377540364856e-01
2.669077978092303516e-01
-1.683933807701981422e+00
-5.613005164303001004e-01
4.302834028288941848e-02
4.137379543666510062e-01
7.034472972611103270e-01
9.299257564019457467e-01
8.226490579627573352e-01
4.145160969056158606e-01
3.143480229071390908e-01
-1.862922154658134488e+00
-9.948777528531941305e-01
-2.891826062709056955e-01
-3.506495255436142128e-02
2.376282443432231883e-01
6.670156401683056124e-01
7.735924525693810283e-01
1.060488031552730526e+00
6.969643733691470722e-01
-1.877591166801852118e+00
-6.462688862323509031e-01
-2.311339473940299608e-02
3.468844425557545685e-01
6.097116590777100775e-01
8.695368827469319717e-01
7.152387672766388205e-01
5.395927057338705257e-01
3.306620402602392650e-01
-1.585326476282131525e+00
-4.528828740340465897e-01
1.520539599873580172e-01
5.143055876698537920e-01
7.881057047609436594e-01
1.035661992805111176e+00
9.229398176214000937e-01
6.510663527242102067e-01
4.581804360823791833e-01
-1.636354575402896749e+00
-4.755553070922366454e-01
1.292302106670961959e-01
4.979457342244437146e-01
7.780551575402600006e-01
1.039528846717859167e+00
9.205573700548667082e-01
5.804841692716887769e-01
4.691092620364400445e-01
-1.826639002406040158e+00
-7.212768824689431701e-01
-8.918385060471487047e-02
2.056184342078288818e-01
5.330485217554594701e-01
9.933596037524200506e-01
9.260864048922871072e-01
1.277083009809232284e+00
6.666133614497998794e-01
-1.751399598822307668e+00
-8.358169067166786315e-01
-1.645481353286577519e-01
8.348297183029920743e-02
3.694288684779463705e-01
7.908446757013614103e-01
9.647386257892500705e-01
1.251010146814472979e+00
7.710740232873359856e-01
-1.992166467036174060e+00
-8.331239537658868821e-01
-1.463014684129587406e-01
2.335508760007536377e-01
4.598278654570429613e-01
9.261325760401009077e-01
5.546731371905451180e-01
8.179321029749174743e-01
7.224623443906157405e-01
-2.127877121146958039e+00
-1.139889539213489567e+00
-4.304643275667898727e-01
-1.424083557537015043e-01
1.448526185439441005e-01
5.778952517033503211e-01
6.056583684791267963e-01
9.822180437529822727e-01
5.308951949229226974e-01
-2.899678880461189490e+00
-1.893925282870665194e+00
-1.481266657307512835e+00
-1.219662685778353906e+00
-8.392744121900729271e-01
-5.248706926742114920e-01
7.219727128017018603e-02
3.842057336197158834e-01
3.931216032730132648e-01
-1.901714055561797290e+00
-7.608710881105781310e-01
-1.928293286850533417e-01
1.813190439571854273e-01
4.983576594687244010e-01
6.649693587646144932e-01
5.867533834454345953e-01
4.439687747905483595e-01
5.462105544252666700e-01
-1.137768438472313459e+00
-3.896130875027917773e-01
1.752110475824877611e-01
3.675032644237530843e-01
6.175796348260380597e-01
9.873967505296379343e-01
1.126510934072414205e+00
1.369496941866864326e+00
9.031531292156240731e-01
-2.079122425490095072e+00
-8.498229046936627284e-01
-2.041754535966305295e-01
1.389562053637860284e-01
4.266482859261850891e-01
8.995425737583840897e-01
5.370676188825058706e-01
8.882234270765912987e-01
5.507746741597359108e-01
-2.969915612572886499e+00
-1.816160230964061872e+00
-1.239918473585227998e+00
-9.500695778303837047e-01
-6.851279348314539552e-01
-3.627283811622408760e-01
1.556775674422591904e-01
4.416595766766215347e-01
4.309927668806847745e-01
-1.846969189581077142e+00
-7.081805640893296117e-01
-1.295546882515343223e-01
2.409172250087932843e-01
5.525587464497679901e-01
7.127325426550569221e-01
6.595109416218678522e-01
4.504413895426742087e-01
3.508276132525327551e-01
-2.257421232462012206e+00
-1.232399061936866547e+00
-5.139196618174657338e-01
-1.940267472177845676e-01
1.270534882459656567e-01
5.902707763859145196e-01
3.793094332338029506e-01
7.820916243954719738e-01
4.988121531021116883e-01
-2.903333245111229477e+00
-1.730778801531911881e+00
-1.028204477522397742e+00
-6.661049359124459057e-01
-3.944002238395332149e-01
3.852274294883424599e-02
3.276612358454527585e-01
6.763470323652018834e-01
7.968094427093986853e-01
-1.787193626578410077e+00
-6.423853898375148086e-01
1.130428556588792405e-02
3.842805412294329481e-01
5.835037498812007950e-01
1.083904578035972177e+00
7.584935050281832458e-01
1.040768676680087657e+00
6.384615011634686699e-01
-1.816395587694134672e+00
-6.479339519827749250e-01
-2.546048819932291915e-02
3.163055286979462588e-01
5.726575416152684950e-01
1.047847013370418967e+00
8.499639736803606960e-01
1.183748678206143712e+00
9.016467368849367947e-01
-1.264910574958018508e+00
-5.437820957913351849e-01
4.799320544447556458e-02
2.541822158962253608e-01
5.194366864414868834e-01
9.121825618563562665e-01
1.102703679356845656e+00
1.346235593537082886e+00
8.879967240537759432e-01
-2.156919991086307054e+00
-1.049653231091654204e+00
-5.391025473295584236e-01
-1.934033699819472374e-01
1.671040412383381635e-01
2.533091682235970032e-01
2.698741762670447963e-01
3.122813602641475450e-01
3.308003728462947102e-01
-1.759287534827486121e+00
-5.459937809779983331e-01
1.182325417803326006e-01
5.065733511711019155e-01
6.857551097217620129e-01
1.184284869557696185e+00
9.254284961580796498e-01
1.120503546266559347e+00
8.667508125208945868e-01
-1.549743290852720889e+00
-7.688721957988011724e-01
-9.564745225130380502e-02
1.424002009939805413e-01
4.590487192880552958e-01
9.154688577636943547e-01
1.166816398940431432e+00
1.352019175566105513e+00
8.903902775667563718e-01
-1.600989925291366411e+00
-6.146560687716421389e-01
2.261542627540153935e-02
2.997266721628227826e-01
5.906665329567336586e-01
1.023582702298805325e+00
1.176238150874417743e+00
1.391062245469688818e+00
1.075379479369490632e+00
-1.604142042174279803e+00
-9.146788381200853246e-01
-2.179279839848962119e-01
3.201783394860657078e-02
3.534733216581458226e-01
8.083650655785068473e-01
1.000553560200382108e+00
1.239862793699488375e+00
7.803457727179741177e-01
-2.757283884927167250e+00
-1.897122530475622737e+00
-1.594569285444791262e+00
-1.341343659959785883e+00
-9.183021748758614100e-01
-7.268516769228864360e-01
-1.895575265758626671e-01
1.137149945641257875e-01
4.359847781527904087e-01
-1.641901104114588561e+00
-4.531177503818584196e-01
1.579678360254790637e-01
5.240750846293579235e-01
7.946414817691055399e-01
1.072182603787988908e+00
9.664793008251156836e-01
7.647696415703285622e-01
4.935515418130027032e-01
-2.585060512614091088e+00
-1.677294812623962850e+00
-1.290794887463903251e+00
-1.017132564354346069e+00
-6.109938571904186544e-01
-4.633761579211070902e-01
1.079621838625697758e-02
2.739420051427102210e-01
3.714852816654997669e-01
-1.628677335360826595e+00
-5.119284983116024756e-01
8.902183814199138290e-02
4.563854262745752344e-01
7.366828890034192723e-01
9.503851615830377630e-01
8.291089413650760687e-01
6.169349251200760831e-01
5.889876078466411702e-01
-2.861382896993164504e+00
-1.888257954485937917e+00
-1.486404416318659383e+00
-1.203103935500643429e+00
-8.202356049552013140e-01
-3.432797511387090106e-01
2.619289429524012669e-01
6.201674301959569924e-01
7.418480136182881157e-01
-2.186920500045086424e+00
-9.378432078723318854e-01
-2.682020573443552047e-01
1.082333400817345886e-01
3.457367988739688536e-01
6.523193171220631470e-01
3.768595833671782303e-01
4.718902370273749258e-01
5.621967006993614513e-01
-1.689690396010798068e+00
-5.130482895227267415e-01
9.766032527877221980e-02
4.677288487574888798e-01
7.453042620335030843e-01
1.007278129058061245e+00
9.028742270536430636e-01
6.586738647373466815e-01
5.622781881512880497e-01
-2.229731938054375195e+00
-1.003944966712306819e+00
-3.487950020909256210e-01
3.515909694120053497e-02
2.729140488734856929e-01
5.714801013566387367e-01
2.999165432513060114e-01
4.121118058896438008e-01
5.552325321421612836e-01
-2.226943439408615610e+00
-1.014558652201364986e+00
-3.307759846439659590e-01
5.920880054076476523e-02
2.948491649318212837e-01
7.056831724528190852e-01
5.102699606187415249e-01
7.879778368237823072e-01
8.894469590986709973e-01
-1.796075669495470040e+00
-5.549698166661263254e-01
1.054738320181172334e-01
4.933624524517896681e-01
6.663305440357615295e-01
1.138124521550568424e+00
8.298125081989815577e-01
1.070735326777117802e+00
6.593690585251711367e-01
-1.822953150230529396e+00
-6.449930123073082111e-01
-5.130178947700156367e-02
3.226603451245602106e-01
6.194229575839514945e-01
8.329974214326687498e-01
7.461644558444877617e-01
6.072064021968148761e-01
6.898877124305274888e-01
-2.998814076887366120e+00
-1.852418824783867768e+00
-1.358747697301915247e+00
-1.096971898343819918e+00
-7.708718315666235332e-01
-5.607613720364854615e-01
-9.642366231760073070e-02
2.006661417179270712e-01
5.180642841302528501e-01
-1.695474479070631757e+00
-5.457279397001497667e-01
6.117806548759225499e-02
4.323096002496655266e-01
7.180843953905587940e-01
9.589185664142826360e-01
8.598968392178133469e-01
6.484182155320964425e-01
6.950224055508389398e-01
-1.845092217796036271e+00
-6.796260910547744505e-01
-3.557796853432353829e-02
3.452542069290996385e-01
5.614698989427010511e-01
1.049158964268686489e+00
7.786755184849833977e-01
1.050519863417336941e+00
9.564357429862958559e-01
-1.952427679632048996e+00
-7.234769076556171186e-01
-6.547257826878769005e-02
3.101167397890199351e-01
5.205865465084160704e-01
1.000155067894372474e+00
6.481910977641306415e-01
9.165047280403604280e-01
6.615824403836279011e-01
-1.828887985190065013e+00
-6.418431110323382649e-01
-1.630857329904844902e-02
3.478844207139542566e-01
5.719379035917153686e-01
1.072451604916388357e+00
7.743226985589859446e-01
1.131829174326410392e+00
7.270135414984255640e-01
-1.931915461145011337e+00
-7.713816547275752500e-01
-2.099094907999060622e-01
1.577958878584138080e-01
4.759035409874449729e-01
5.667136356404861575e-01
4.990343287701179964e-01
3.622125777834300231e-01
5.497165637969787522e-01
-1.691567087842104966e+00
-4.919727290595816149e-01
1.245402285389994729e-01
4.937111896968766067e-01
7.670003232712634400e-01
1.049185538927037920e+00
9.294937869180368573e-01
7.148011594635667043e-01
6.979600167276962530e-01
-1.684854631106014855e+00
-5.264758886662933568e-01
7.181429777767354972e-02
4.354090766590468231e-01
7.162452252410520526e-01
9.199013989355571130e-01
7.966377887723702367e-01
6.072995525329716315e-01
6.129798235716549248e-01
-3.080817846443349328e+00
-1.900571886904619756e+00
-1.172698502799433884e+00
-7.787684353238590873e-01
-5.149114607225508955e-01
-4.868173730900486607e-02
2.007281957072973022e-01
5.107912188809000664e-01
5.728144849340236489e-01
-1.303089750037354388e+00
-4.664042782479964067e-01
1.361023399756421670e-01
3.398750207382973398e-01
5.877670447086557060e-01
9.640723088188531964e-01
1.119825694926880555e+00
1.312645168709777987e+00
1.133991383917238194e+00
-1.731010686376646346e+00
-5.839497638990094330e-01
3.156675896429625688e-03
3.712274787986592495e-01
6.634802590502474340e-01
8.349614005896361935e-01
7.288909302921490196e-01
5.567754854950721644e-01
5.915675390180153981e-01
-2.889726547909015064e+00
-1.880144331970927007e+00
-1.487777124611553425e+00
-1.241195560704460243e+00
-8.336926649589238014e-01
-5.939680541644499767e-01
-3.366902918908989961e-02
2.512071291626442049e-01
5.519107143526660320e-01
-1.794932534997921270e+00
-6.372233661452761933e-01
-1.916243995151336102e-02
3.428972150700080324e-01
5.518512468788557834e-01
1.047381574003540372e+00
7.231660710625138488e-01
1.136981492409536720e+00
7.200386549994522989e-01
-2.082232035387473257e+00
-8.332999960269635853e-01
-2.385763032826143937e-01
1.396275056286536420e-01
4.390953544719571333e-01
6.618977147531759364e-01
6.103143803336620321e-01
7.374093038108104903e-01
8.607761601717109912e-01
-1.707012736374363016e+00
-4.962266785327699159e-01
1.429622348126490250e-01
5.127266434475699075e-01
7.439155047504336649e-01
1.099474704209710163e+00
8.474537447641202759e-01
8.800187531499570337e-01
7.115651337443600344e-01
-2.190761340192684425e+00
-1.236323005821959420e+00
-4.976882777271168234e-01
-1.745694168207448382e-01
1.006082947913251174e-01
5.529684318115001274e-01
7.713769359028140871e-01
1.042305064849156970e+00
1.104858675327877071e+00
-1.800323836780304720e+00
-1.015390541328982765e+00
-3.105698060288510920e-01
-3.927201631697375961e-02
2.743548488172568023e-01
7.318386177789687475e-01
8.050827667369094831e-01
1.117267650014447833e+00
7.351641506478401311e-01
-1.533085218412549189e+00
-8.859690409856587623e-01
-2.162393551131516212e-01
3.473005269743695278e-02
3.475680117699311844e-01
8.055416707522907727e-01
1.028138549546658176e+00
1.250567905866530660e+00
8.467957205770482165e-01
-1.785603982025937730e+00
-6.011202575067197129e-01
-4.148659462831595819e-03
3.677696581719964719e-01
6.633536672725638406e-01
8.822493489746147111e-01
8.100812159637050813e-01
7.072599038083204892e-01
8.035607999223345344e-01
-2.702985963239136424e+00
-1.497967727423431539e+00
-8.463149574595718594e-01
-5.036536407233981327e-01
-2.347710086876328983e-01
2.516616793225532889e-01
6.601350862237702621e-01
9.451558530157704308e-01
1.055450062436586789e+00
-1.910184677569929157e+00
-7.278970411936330764e-01
-8.201031333182966232e-02
2.824874405958883727e-01
4.910274023108232577e-01
9.713749797916619855e-01
6.374176790364419753e-01
9.812965963440971606e-01
7.062575630816995131e-01
-1.799335970104021465e+00
-5.448212197367691134e-01
1.227736447307588019e-01
5.117010789162049766e-01
7.058299219068259189e-01
1.163477308426566825e+00
9.586345230944345319e-01
1.068905270437610300e+00
1.012432568115429588e+00
-2.016613501840905265e+00
-8.690160193448416281e-01
-2.272391968742398238e-01
1.431229355818499915e-01
3.962593477857120905e-01
8.593928700739600357e-01
4.938088881332485247e-01
7.810196662961739200e-01
6.814789413838665544e-01
-2.068392836746057561e+00
-9.386806874131005118e-01
-4.040628273784116486e-01
-4.717964891781137315e-02
2.937157145744903053e-01
4.511842567391520231e-01
4.822713529695586976e-01
6.657622901493411849e-01
7.984874907004286815e-01
-1.803477803354467168e+00
-5.790926180601009277e-01
8.067883804158468286e-02
4.561171310330657258e-01
6.449388675351114264e-01
1.085088623521121898e+00
8.094558604090891230e-01
9.741154459071929006e-01
6.780455240190862432e-01
-1.822806538964433676e+00
-6.313044082454221106e-01
4.844584019532220676e-02
4.380550596917842654e-01
6.261265044205905905e-01
1.107083465902811037e+00
8.745523611986056878e-01
1.065091569073172373e+00
1.016060306170659011e+00
-2.959942556581161011e+00
-1.851116205358117162e+00
-1.100104506056498677e+00
-7.405763740953720253e-01
-4.665308685002502176e-01
-3.452572645967497827e-02
-4.833124047033809413e-03
2.820133393591772730e-01
6.134674973603821968e-01
-2.205958387918048214e+00
-1.223966234204776127e+00
-5.102260233294995118e-01
-1.903737803475512580e-01
1.238050525720315043e-01
5.897372259020863261e-01
4.068331295987832608e-01
8.029720916290806754e-01
6.595746756755090923e-01
-1.710620873075426429e+00
-7.667059362344991191e-01
-1.023519851547980974e-01
1.554707191761551255e-01
4.231303515556723016e-01
8.456010859006964919e-01
1.078286854709188169e+00
1.276803545184625577e+00
1.171069463023005852e+00
-1.815011152034538666e+00
-5.253515336850010931e-01
1.306175545450855013e-01
5.135422602639343470e-01
7.063084109486997830e-01
1.144047650723509113e+00
9.057716205346790783e-01
1.024704493812514272e+00
6.979897294397595653e-01
-1.638004101606332918e+00
-4.759596223781297208e-01
1.288681002042950663e-01
4.899333944448376332e-01
7.639312054505047467e-01
1.001503941520480279e+00
8.437230452683014414e-01
7.216376388794021324e-01
6.845712149822168469e-01
-1.984885323280543901e+00
-7.222539528734948089e-01
-4.754929032908255387e-02
3.382694226228913359e-01
5.495420415037316486e-01
9.699774930535116635e-01
7.401866566353321186e-01
8.679567506096153018e-01
8.926802957760406887e-01
-1.190433507026696258e+00
-3.695204329071869465e-01
2.344103300744324880e-01
4.364752904636680642e-01
6.821642140960145761e-01
1.060396583708741236e+00
1.231748016151008818e+00
1.393689993117150028e+00
1.207922071239985407e+00
-1.355892347079207028e+00
-5.540213112625503866e-01
4.898062972490454386e-02
2.549630907284387016e-01
5.282593905611794316e-01
9.360689340266235003e-01
1.151548204566361200e+00
1.393388524245490645e+00
9.744090461459321562e-01
-2.762275471446517194e+00
-1.694026529309431206e+00
-9.318481977158631357e-01
-5.514028641518863294e-01
-2.716018709238933737e-01
1.845396714066191990e-01
2.665795139280383030e-01
5.813081345042970804e-01
6.405518928368143516e-01
-2.959001204224458004e+00
-1.821511817334455552e+00
-1.073893320115727468e+00
-6.991053352100834450e-01
-4.219965858942043568e-01
2.071065694401210897e-02
1.169737786102558776e-02
2.993818935410052506e-01
6.342025534071319415e-01
-2.376413035455348322e+00
-1.456115242979220792e+00
-7.155393087218242520e-01
-3.560239843057000919e-01
-7.710242349635890169e-02
4.095764288022722965e-01
7.985016590762403776e-01
1.059798241977543798e+00
1.151313536955739458e+00
-1.470265525198611645e+00
-5.969788682718044637e-01
4.640032065330872840e-02
2.915372419075992205e-01
5.674168949747510071e-01
9.854109481613804178e-01
1.213168651696074019e+00
1.387674519474802803e+00
1.205213189642252658e+00
-1.500887807604438962e+00
-6.873875870774237562e-01
-4.238269450287748819e-02
1.767437915270181348e-01
4.417596932121233833e-01
8.392030173621203293e-01
1.051707411734077446e+00
1.260638369379157853e+00
1.146746669110616512e+00
-2.767177051232890150e+00
-1.904882993664131163e+00
-1.535232864489344706e+00
-1.272086029901352999e+00
-8.529706381541360960e-01
-3.469296282732428072e-01
3.074452739559015990e-01
6.780220046804378287e-01
8.179468400209009005e-01
-1.770291294412700722e+00
-5.917737231862210123e-01
6.601803429390914156e-04
3.729567505573867514e-01
6.644662334161435258e-01
8.578578543736782303e-01
7.955351480169738920e-01
6.304978742616705878e-01
5.580153549525831425e-01
-1.584208774772899009e+00
-7.260887790522022600e-01
-6.920072592578271897e-02
1.899363766851363544e-01
4.550207721138417871e-01
8.763161305761806297e-01
1.130572347164848335e+00
1.310908653107009769e+00
1.203994238874992018e+00
-2.643216984498129918e+00
-1.473349882433356628e+00
-8.420574481968950975e-01
-4.829080641345623315e-01
-2.194770288667440006e-01
1.150338025004428444e-01
3.517783034277258136e-01
7.115331115450643784e-01
8.422940480185682199e-01
-1.613875236036574234e+00
-4.529526814405458457e-01
1.652777396453662118e-01
5.324724328248929828e-01
8.035367189153749257e-01
1.094690641069527848e+00
9.879546720380821823e-01
8.662069868661426142e-01
9.084332756188748803e-01
-1.481015574748511865e+00
-5.529354541577427007e-01
7.993035396071401788e-02
3.454373575387179041e-01
6.358787783309819419e-01
1.065734998401696609e+00
1.270217117511826199e+00
1.451911339782463228e+00
1.222687522349168887e+00
-1.998309889885454549e+00
-7.163530153446734383e-01
-4.685704053564997140e-02
3.350514855018564275e-01
5.501317798890885680e-01
9.158001550961678561e-01
6.122328764733585560e-01
7.329200551625805193e-01
7.253942124603428576e-01
-2.781502764708604136e+00
-1.861564956230324031e+00
-1.519509759190385889e+00
-1.263671062126747291e+00
-8.506956353334607090e-01
-5.319099481725098055e-01
1.577452626258190327e-01
4.930622539203410870e-01
5.515867931976057292e-01
-1.836153694064555086e+00
-7.113775744240675714e-01
-1.357565333289792453e-01
2.313011229101150923e-01
5.408480869948696368e-01
6.485433782149544468e-01
5.672393707742299229e-01
4.700842595319315587e-01
6.661114476887708413e-01
-2.117263760112627402e+00
-8.817844848910245670e-01
-2.079080456642845021e-01
1.690104709970851049e-01
3.838966375518542695e-01
7.875383382711906854e-01
5.306400087581938374e-01
7.688492035473247777e-01
7.091606999471027351e-01
-3.069182336231139008e+00
-1.835457329648960911e+00
-1.228442591209089496e+00
-9.554434774171642886e-01
-6.941985748343707519e-01
-3.840433316118966323e-01
9.427856510985040822e-03
3.130365768291567541e-01
6.701612737368811690e-01
-1.827238815641522240e+00
-9.846178904670098708e-01
-2.886328075875774224e-01
9.312826286899352976e-03
2.938529741776904070e-01
7.334863906541362333e-01
9.776395660915843111e-01
1.202505778659205271e+00
1.203925656979820014e+00
-2.242046388708458071e+00
-1.144773209532744529e+00
-6.402264104974751957e-01
-3.134311877901286292e-01
5.408323036115935539e-02
7.710384177544109263e-02
1.690198815441693869e-01
3.577074059139885298e-01
6.496868482414616119e-01
-1.914379578231908186e+00
-9.943870694389608245e-01
-2.992738027630236775e-01
-2.114384713692840298e-02
2.532404113170583226e-01
6.842838983917155504e-01
9.234175580774217629e-01
1.181206521240002916e+00
1.194508463152738731e+00
-1.594300245449786546e+00
-4.580223982584996634e-01
1.520956306909761746e-01
5.140256411165202710e-01
7.876771724426857579e-01
1.038145262742964370e+00
9.103968172227970834e-01
7.815801938670082771e-01
6.716916455989598855e-01
-1.984283384714419007e+00
-8.232027550544668282e-01
-2.723230768208012020e-01
9.224687492232531982e-02
4.195886477723219654e-01
4.891249591446458211e-01
4.384088784172212039e-01
4.345322073679498409e-01
6.638976923393622442e-01
-1.826198965616719905e+00
-7.513925518409253490e-01
-1.190607146962375518e-01
1.741075207351135690e-01
4.991988482393269755e-01
9.527053494919525134e-01
8.581918344142451804e-01
1.257975359771747792e+00
8.582516356996320317e-01
-2.644135114457081936e+00
-1.852739099501298448e+00
-1.387287645182803342e+00
-1.085213159884667489e+00
-7.113207572722085592e-01
-1.520810939050380450e-01
4.563072002016276829e-01
8.073481171582937987e-01
9.489103216545774488e-01
-1.439414143288085590e+00
-6.016869562294107077e-01
2.580625740746252464e-02
2.519168196704287821e-01
4.993520992847765294e-01
8.993199752192085894e-01
1.156834517072034441e+00
1.321747656948825345e+00
1.240884624284473992e+00
-2.011847977181696390e+00
-7.292254245010435509e-01
-4.851951370435126504e-02
3.299977890916160894e-01
5.309521878021945529e-01
9.592240413318535719e-01
6.217028804751191240e-01
8.259742730245041020e-01
7.675270446836228722e-01
-1.995172126272914959e+00
-8.293393035884140119e-01
-1.931344407363134452e-01
9.183879818646643878e-02
4.129902785904631668e-01
8.405668886786830107e-01
7.736818275340048290e-01
1.192267160047773888e+00
8.886427752253367451e-01
-1.872953628935843939e+00
-9.639646212749383158e-01
-2.672182159361529141e-01
-2.386812571214708134e-02
2.694593671270602009e-01
7.040798666828399499e-01
8.897949934412148210e-01
1.201701582456901951e+00
8.806673381660758970e-01
-1.588944152812614474e+00
-7.721120359238599073e-01
-1.313389518765916419e-01
1.118062290237417655e-01
4.349247265838168675e-01
8.917872063459293397e-01
1.125399957546526108e+00
1.347973249876290858e+00
9.568741756112578711e-01
-1.856356862602521973e+00
-8.670578810311158069e-01
-2.008670670623581289e-01
1.558590503086363654e-01
4.380610266558422339e-01
9.004447947243138239e-01
9.767852570214725638e-01
1.192424732634718376e+00
1.210511826442655092e+00
-1.874775506398459468e+00
-1.067745297255839443e+00
-3.537693129341982767e-01
-7.270403369446172548e-02
2.411319677054634680e-01
6.993639899063404108e-01
7.221241520995266283e-01
1.068595645853440690e+00
7.958885124502820263e-01
-1.877803921922087449e+00
-9.624637830488763646e-01
-2.796240806247744515e-01
-2.088518608997735199e-02
2.516488578844324753e-01
6.787049359915749980e-01
9.401591497166555955e-01
1.193120163549117541e+00
1.214322475129048451e+00
-1.649064805960659408e+00
-4.631891925425250522e-01
1.682198958416977752e-01
5.381900862231634441e-01
7.940230644033438034e-01
1.129877174471112244e+00
1.008943790054987577e+00
9.656967159766822739e-01
1.004320162819597906e+00
-1.841602706593136185e+00
-7.097800069348246810e-01
-1.377164058873361907e-01
2.379863616929696890e-01
5.466754648918125126e-01
6.991499517049826196e-01
6.733913604267459663e-01
6.035764514041866979e-01
6.175858969639766993e-01
-2.750117582329929977e+00
-1.865282104605911595e+00
-1.559733456245231187e+00
-1.310822417130843354e+00
-8.821264334579095312e-01
-5.768695119216277201e-01
4.851919291114213661e-02
3.424430419151803795e-01
6.754489542798268742e-01
-1.805479910856244263e+00
-5.749832102957089797e-01
6.469379462140022186e-02
4.340624703548820462e-01
6.772295868002170538e-01
9.928476674570194671e-01
7.216721102728875792e-01
7.994775396929223454e-01
8.036116307641962830e-01
-2.761994064376300795e+00
-1.640002352621187764e+00
-1.083717924701293800e+00
-7.497841400958383806e-01
-4.670131560419266137e-01
1.012545872609762476e-01
6.521396135525986404e-01
9.655451382122450799e-01
1.089441841455848436e+00
-1.853925084748723418e+00
-1.088613679271834389e+00
-3.751674412064470165e-01
-9.841947613657973937e-02
2.128296824251008079e-01
6.675464573318744543e-01
7.283943805555763706e-01
1.065545049013209011e+00
8.230345203708203661e-01
-2.084660959566045246e+00
-8.160465679795190219e-01
-1.440147546774530607e-01
2.418524854242634636e-01
4.907460730907367008e-01
8.698546191372263925e-01
9.373614943745509631e-01
1.131570685436161128e+00
1.201078621407074998e+00
-1.736804152284140645e+00
-5.612126273025054290e-01
4.798997545841030693e-02
4.219969283685331418e-01
7.082375481966519670e-01
9.640217971069198200e-01
9.546691666317055347e-01
1.019875206234659659e+00
1.115470608744071779e+00
-1.578880207617361808e+00
-8.266033329477484592e-01
-1.746502545578226540e-01
6.361105667159117072e-02
3.850299201507331182e-01
8.437874257658795063e-01
1.067071410981778934e+00
1.304800690509182681e+00
9.481868312806441823e-01
-1.760935384206784748e+00
-6.488185771235224220e-01
-3.783400820154197292e-02
3.003157975625855292e-01
5.612808747930961850e-01
1.049694396894405246e+00
8.126955836311999803e-01
1.226565772146932076e+00
8.926367778893603555e-01
-1.683922428420148165e+00
-5.206759699533577423e-01
8.792774302018668831e-02
4.564487360476627287e-01
7.408510490338032772e-01
9.785794555984379528e-01
9.030251309684267369e-01
7.394317567768209365e-01
7.200531013334889874e-01
-2.086563541281255318e+00
-9.641648557190231061e-01
-4.406597563983586374e-01
-8.938746832764020434e-02
2.584075143431553978e-01
2.920730437581594563e-01
3.038767880471083815e-01
4.235748892814037436e-01
7.127169698089255157e-01
-2.821786639488949699e+00
-1.852698113574396732e+00
-1.102909539453064136e+00
-7.064433760850711286e-01
-4.194565929222230927e-01
6.097621568949924964e-02
1.196625358208434492e-01
4.086207830571012556e-01
7.460125015940459736e-01
-2.249949254826278722e+00
-1.335452664975858683e+00
-6.073868487526254967e-01
-2.664751137311452966e-01
4.450978514870143621e-02
5.117392433093037596e-01
3.379943196141838579e-01
7.135825355012991311e-01
7.636503412040102079e-01
-2.560369287551233164e+00
-1.533951774870081719e+00
-1.042330252988346251e+00
-7.146929690828812687e-01
-3.729353063509369681e-01
9.468217009980893495e-02
6.184039809375624364e-01
9.397854312548943323e-01
1.076536039595303640e+00
-2.108541696269229160e+00
-1.140508028197765755e+00
-4.326997455594805975e-01
-1.362412966594543917e-01
1.858901993060314561e-01
6.279756129089011374e-01
5.929620665458312789e-01
9.808386893513426630e-01
8.110038592184354300e-01
-1.778863289567085060e+00
-7.301859063430088392e-01
-7.657138759915127491e-02
2.647262251495607344e-01
5.420020026119145573e-01
1.008756931948350921e+00
1.101171966952488424e+00
1.294267878468926769e+00
1.267527370383588980e+00
-2.352741722466550556e+00
-1.508452522257165640e+00
-7.762120802376368811e-01
-3.915685891249179318e-01
-1.075665181253836339e-01
4.142150685005454025e-01
9.137916656072030408e-01
1.168966174742856134e+00
1.259663778725492067e+00
-2.015920235979135722e+00
-8.768527130479598641e-01
-3.234252962797934949e-01
4.314422124995299229e-02
3.731953824284309773e-01
5.605478320474449605e-01
6.801541690432970633e-01
9.110126191272863716e-01
1.053042836241619984e+00
-2.943543681649738897e+00
-1.928036389172892662e+00
-1.550464516510187130e+00
-1.297657769628377311e+00
-8.893171571789185714e-01
-4.749010633486230315e-01
1.763972917277087660e-01
4.446650023403952989e-01
7.483790745417955304e-01
-1.690954565539259491e+00
-5.068709538028314254e-01
1.049866785652729118e-01
4.752778164284658935e-01
7.549433638077980291e-01
1.019096659999200627e+00
9.597133876750963966e-01
9.439695158896664884e-01
1.052086798090516861e+00
-2.237116766065525564e+00
-1.034536397741778302e+00
-3.729799938972461759e-01
6.390573480999995996e-03
2.391201475505984886e-01
5.556852366612312633e-01
4.592884053804025535e-01
7.233303038426480702e-01
7.759518390073555372e-01
-2.079835914179771539e+00
-8.359038374137697236e-01
-1.581389876910442305e-01
2.155455730255395608e-01
4.246893984902565533e-01
8.487055460105135118e-01
5.850740797407959493e-01
8.567514100897987150e-01
8.138696298996604961e-01
-1.902776177110705458e+00
-7.018480624644544141e-01
-7.534754738060576995e-02
2.686271589096686507e-01
5.234025311239424161e-01
1.009181660637641365e+00
7.189334578967786493e-01
1.112335992590851363e+00
8.781547688083616299e-01
-2.677957610080582196e+00
-1.648661710699870442e+00
-9.183801135346835176e-01
-5.426949381136120243e-01
-2.631641257521700750e-01
2.051518546912025343e-01
4.027221493147546960e-01
7.843213052101640770e-01
9.208798616210072119e-01
-1.813051346951151110e+00
-5.637858305593327346e-01
1.052149118887807933e-01
4.876991151758990894e-01
6.753717927219656803e-01
1.119347633358281469e+00
7.734827800792847263e-01
1.018127832900360463e+00
8.719916850395605934e-01
-2.000664453293439227e+00
-9.863903273820415762e-01
-4.163135268123313582e-01
-1.381809551183220686e-01
1.128924325635008025e-01
6.038375440808093630e-01
1.011721581245281332e+00
1.212462476224195118e+00
1.259340237379987126e+00
-2.319706570204405960e+00
-1.057528474048767375e+00
-3.852121668207996730e-01
-3.540684354225287229e-03
2.288994190022544672e-01
5.713211713955613780e-01
3.471492491389322477e-01
5.689349705762486442e-01
7.936257343914308038e-01
-1.639862166796818288e+00
-4.916415328750001201e-01
1.106190640637766537e-01
4.769208130173656079e-01
7.566072520649920197e-01
9.862914210221191968e-01
8.574110414821456416e-01
7.652416513863997682e-01
7.480317703509793414e-01
-2.113732179424318236e+00
-9.738575377326618154e-01
-4.422643104032292216e-01
-8.822593935883277227e-02
2.590938111552762435e-01
3.470554922784846452e-01
4.178210755385982633e-01
5.465582997871396564e-01
6.638791333940478046e-01
-1.866570640789622981e+00
-6.163947257293366233e-01
3.632020317102141460e-02
4.125263195580713971e-01
6.380904032652489066e-01
1.002587255589169279e+00
8.004527169848083545e-01
8.848968511873305243e-01
7.916350016007225321e-01
-1.720086949226468764e+00
-5.698244257273978874e-01
6.188031669655522787e-02
4.262646648578864439e-01
6.371385993463490882e-01
1.137873425291177742e+00
1.026204442281566154e+00
1.324680370264762930e+00
1.204595511580801803e+00
-2.649790627733950465e+00
-1.724359934784400528e+00
-1.356814523219966206e+00
-1.089477064695754116e+00
-6.741011890137067475e-01
-4.120305063009692126e-01
2.244856587679295579e-01
5.094893163777080014e-01
6.756159231055446357e-01
-1.865038196991437136e+00
-7.315266107201230383e-01
-1.519933000927941591e-01
2.235347935665897567e-01
5.346783123714607955e-01
6.974215110553073638e-01
6.730777287227083239e-01
6.663410563246926488e-01
7.425630908618888748e-01
-1.551275926922763615e+00
-1.021746200368481405e+00
-3.654957342703539780e-01
-2.062366555355225894e-02
2.490777256057669642e-01
7.233060320551349953e-01
1.133568133486470453e+00
1.287657057183181797e+00
1.312478368242239846e+00
-1.750721509606508075e+00
-5.833969499741171738e-01
9.119652128518578038e-02
4.710982510817113833e-01
6.495873191539189850e-01
1.118748037217008218e+00
7.587576194686130870e-01
1.064096342936940554e+00
8.971919682438650456e-01
-1.228161787349196121e+00
-4.321568757043748876e-01
1.775247584955841618e-01
4.048905581210767712e-01
6.586747652048702273e-01
1.057836651894457081e+00
1.339633524014389065e+00
1.461419621240229505e+00
1.345886451823683050e+00
-1.507013010405646058e+00
-7.401500457164944535e-01
-1.194347130793556727e-01
1.116829223912667451e-01
4.025120602694219896e-01
8.271025952367468959e-01
1.066778449085063585e+00
1.327276854933027384e+00
1.024498887834085714e+00
-1.857814806418730758e+00
-9.717405164835362097e-01
-2.829921456923762957e-01
-1.983233255047991278e-02
2.615129910401289282e-01
6.963012494785231210e-01
8.664525656235027018e-01
1.198734552182561197e+00
1.008164813494289769e+00
-1.674134967342753910e+00
-5.274931092570535052e-01
7.950740910151035679e-02
4.430970112949390027e-01
7.232660503797052609e-01
9.380093276739362995e-01
7.552159590512733667e-01
7.286557223433827168e-01
8.352805437386260357e-01
-1.831107702162034556e+00
-7.342650955072996810e-01
-1.107144987779414697e-01
1.735083313865340704e-01
5.049576283507053454e-01
9.527745507993422569e-01
9.500628714111875039e-01
1.324395407100643851e+00
9.797373686808026338e-01
-1.674549995974174088e+00
-4.735687783768109949e-01
1.500296046269290751e-01
5.124192183156021096e-01
7.720722668080503004e-01
1.059273368999598119e+00
8.129657633310012343e-01
8.557989463245084805e-01
8.713162523251097857e-01
-2.704958648695974244e+00
-1.842561688326615377e+00
-1.518981170771154465e+00
-1.254578286582597846e+00
-8.336581645220453307e-01
-4.967627362360921284e-01
1.531636031633406003e-01
4.365412934729842598e-01
7.703297679037738321e-01
-2.989689512789102999e+00
-1.784758545303448241e+00
-1.279832759584648594e+00
-1.013857358369800510e+00
-6.796327039196411457e-01
-3.745088110706352169e-01
2.202766450503917395e-01
4.989688133748387822e-01
8.163036907627267968e-01
-1.308873775473280210e+00
-4.918559233971618871e-01
1.139011385393122605e-01
3.148379945677983738e-01
5.817607528320715149e-01
9.675582330880986293e-01
1.146632780357829784e+00
1.378875373754324229e+00
1.235914244079340474e+00
-1.635905152051988276e+00
-4.460652695845148674e-01
1.622538095295591454e-01
5.298143990030362849e-01
8.032272264111687265e-01
1.080660318315234569e+00
9.871367419757829387e-01
8.571008473634542657e-01
9.061346451596612450e-01
-1.771566707237024918e+00
-5.828475671040359574e-01
1.039754682611428865e-01
4.850875071877180367e-01
6.856496968584129270e-01
1.173878126905112618e+00
1.169606303080964249e+00
1.329783888482626741e+00
1.310922491434661552e+00
-1.609000723703291058e+00
-4.397708170391779192e-01
1.781214462163916712e-01
5.467320097123813394e-01
8.199049940488560839e-01
1.129331407441067858e+00
1.143266933664943696e+00
1.208765950158829261e+00
1.267287716195721670e+00
-1.855353764994696730e+00
-5.868291171054337285e-01
8.752168840985045939e-02
4.650339843542423690e-01
6.792691446856752302e-01
1.166591354990856200e+00
1.224757771981277887e+00
1.361122050148771079e+00
1.331445466718651716e+00
-1.844955214899875351e+00
-8.090697332922273111e-01
-1.872151127586318409e-01
1.289743680992212760e-01
4.225084863899581933e-01
8.783802194970445898e-01
6.665984834835166906e-01
1.086242455569579768e+00
9.423643357058508752e-01
-1.564831828386350265e+00
-8.449543991181045488e-01
-1.752924004177607020e-01
5.930108246676654704e-02
3.736920850151074780e-01
8.291499462154252598e-01
1.074262619098310445e+00
1.307843003086756939e+00
1.014180787532450889e+00
-1.321268947028299223e+00
-5.870036982166506601e-01
1.257728951522936976e-02
2.149061028988167588e-01
5.089116457658897641e-01
9.277653402992510623e-01
1.171985568649908105e+00
1.408805114833997063e+00
1.086370364429904756e+00
-1.674932196416721197e+00
-5.179594119948371933e-01
1.306151540269276656e-01
5.041823140485793830e-01
7.083565937081179875e-01
1.216379123044408095e+00
1.231698588155058172e+00
1.421516356126604874e+00
1.337231331579840754e+00
-1.600572989533737722e+00
-9.437198949113249080e-01
-2.682749798420386300e-01
-7.736851075112538903e-03
2.912263204977547648e-01
7.547699868892377983e-01
9.775410485416501372e-01
1.231183094716687743e+00
9.841911533757606856e-01
-1.652287537356514013e+00
-4.609126414551467654e-01
1.468735094057260493e-01
5.110851458641021416e-01
7.792250136387333104e-01
1.053088696004772062e+00
9.404499095309156731e-01
8.666629503566597448e-01
8.202595011828220928e-01
-1.951016477672409044e+00
-1.186373344904876337e+00
-4.613812594260850997e-01
-1.729807878741019822e-01
1.374735048554964756e-01
5.843776406517421362e-01
6.072941376690458304e-01
9.868155452519986603e-01
9.199383912085578041e-01
-1.970469877174329643e+00
-7.506988424762665035e-01
-1.429545501910613470e-01
2.358796495368338519e-01
5.321406765428587926e-01
7.980189834432386276e-01
9.399398968116253750e-01
1.150191149483023256e+00
1.261695242741979195e+00
-1.203829593486224203e+00
-3.806582280571693122e-01
2.055459982148268028e-01
4.242131938150471848e-01
6.646055430049486734e-01
1.051902651946728495e+00
1.351239823729855738e+00
1.463224573456545663e+00
1.395032667856040742e+00
-1.631762563872484195e+00
-4.591618169860233190e-01
1.592356627580540640e-01
5.245609430392467187e-01
7.907287068231813043e-01
1.080028709883720461e+00
9.739585196372290143e-01
8.945108088662970802e-01
8.492796260826628307e-01
-1.538887320469826570e+00
-7.550909806921769496e-01
-1.913354698378727514e-01
6.480556202573342639e-02
3.191197304940723289e-01
7.873597353975302360e-01
1.174303703991319558e+00
1.335843750311271005e+00
1.357224775529396021e+00
-1.725893766800528972e+00
-5.792977678365204275e-01
2.979059924135808723e-02
3.833161557994098079e-01
5.882034918388721056e-01
1.093633667226300288e+00
8.653725377786857242e-01
1.277512408328444149e+00
1.080680094806630187e+00
-1.704852301256303937e+00
-5.201546475301178640e-01
1.381659083895089846e-01
5.286661953308885442e-01
7.103292383748446293e-01
1.187654281118538879e+00
1.039703030611978773e+00
1.228602836297505663e+00
1.236849095821154432e+00
-1.956495846520851734e+00
-6.724841031938618707e-01
-2.880712108592145809e-03
3.804468280086282239e-01
5.692803034701485743e-01
1.030308254274892921e+00
6.836894438070776348e-01
9.735540486601358401e-01
9.436549133516644039e-01
-1.798457052039113213e+00
-5.971582947822995369e-01
9.599385878812066730e-03
3.838821402497842872e-01
6.673937764927685423e-01
9.151468426666136136e-01
8.700312637512606084e-01
9.132909690951162007e-01
1.051509838471494485e+00
-3.021607384365639248e+00
-1.722949969101754242e+00
-1.065149672340261366e+00
-7.346865290409547722e-01
-4.824197161426188041e-01
-1.270009739498445256e-01
2.428860761253848477e-01
5.389940300468893941e-01
8.894595367642514905e-01
-2.035305458299899506e+00
-8.480109334804354360e-01
-1.886586242799877522e-01
1.773010510780523852e-01
4.146264646025805134e-01
8.729033468644927796e-01
5.564129768062224812e-01
8.576314530450145357e-01
9.265594685387019691e-01
-2.833019421276061323e+00
-1.780749504445442000e+00
-1.053356808894968744e+00
-6.586568199147125879e-01
-3.903178414852085942e-01
9.248923187117563671e-02
4.297639513583870197e-01
8.004061769454405839e-01
9.749551356714752925e-01
-2.795943092536868235e+00
-1.963017281650576429e+00
-1.662223774751437899e+00
-1.394200196833548233e+00
-9.641820078718347231e-01
-4.606801338439082683e-01
2.895780054287201422e-01
6.272114321212808319e-01
7.625116397640013810e-01
-1.784965282224568961e+00
-6.212618342139857308e-01
-3.010689752786544979e-02
3.384393038796993936e-01
6.329105776743503275e-01
7.928438283388066221e-01
6.420365702544683639e-01
6.734434557193244020e-01
8.832305955690992194e-01
-1.531898678963852012e+00
-6.466357568958915891e-01
-2.162974454882280601e-02
2.704917838670726216e-01
5.676330215992341222e-01
1.002545365404898803e+00
1.250293836389335667e+00
1.439028624901379505e+00
1.384290250149440071e+00
-2.991202707773739977e+00
-1.822579076175747215e+00
-1.310211336630474177e+00
-1.043959689763470200e+00
-7.191906437881816494e-01
-3.568261639353690340e-01
2.647740423734698534e-01
5.480427795622191400e-01
8.857401958547821419e-01
-1.840659148003721546e+00
-6.548034737958640106e-01
-6.612880162187061150e-02
3.038246070588408454e-01
6.017551712984325896e-01
7.392531612328858692e-01
6.092001465461547305e-01
6.461895167691783515e-01
8.782362139868401529e-01
-1.886552914206582221e+00
-7.168678318970922447e-01
-1.263220082138421241e-01
2.469457395666275756e-01
5.414002581458334795e-01
6.934620382968823549e-01
5.717201722161957544e-01
6.818818573801709304e-01
8.839571517688624702e-01
-1.987919539391371559e+00
-1.049957347747199066e+00
-3.571582048200176440e-01
-8.081496227732756776e-02
2.389550910942084827e-01
6.923097376684361759e-01
7.298702245330759286e-01
1.093189710959654448e+00
9.568053688500541831e-01
-1.722612599915450904e+00
-5.505059185132216149e-01
5.871663096030450835e-02
4.291156697497297001e-01
7.113759259536239776e-01
9.666836877703729458e-01
9.238357779771620981e-01
9.644193289627017718e-01
1.099594829278890851e+00
-2.251751818317198062e+00
-9.767376582917693950e-01
-3.247054821523746582e-01
5.684873608595048672e-02
3.110734440014747415e-01
5.493674097347378549e-01
4.227670652822842490e-01
6.415850083309878604e-01
9.064051239801035331e-01
-1.985968014349495325e+00
-1.147377644436797128e+00
-4.203189216133508266e-01
-1.406075971006086889e-01
1.521761763690313574e-01
5.907366520313989122e-01
7.063895964967432661e-01
1.090268458216505865e+00
9.960821838191180611e-01
-1.727075217261994755e+00
-6.074735862633050543e-01
3.259357761725460646e-04
3.394779603318355821e-01
5.842164952041751791e-01
1.068397305245758266e+00
1.038870088712915862e+00
1.362112550895191010e+00
1.319588036707591616e+00
-1.469596646978768906e+00
-6.372148484846944516e-01
3.895603322268917802e-03
2.236585554867471237e-01
4.816376848467076033e-01
8.819918890011558821e-01
1.114360156761792231e+00
1.356370273756035694e+00
1.328517768085077266e+00
-1.670483436790730192e+00
-9.887422725002492641e-01
-2.887221098529690333e-01
-3.115219564051160267e-02
2.991077942480542262e-01
7.516305954425906988e-01
8.902217821222377925e-01
1.204321674936506215e+00
9.960580642842155052e-01
-1.745817976894447288e+00
-5.695726901420352650e-01
3.033660563578425076e-02
3.964488021949857388e-01
6.852063627257223288e-01
8.680161889314729207e-01
7.105542871634851210e-01
7.228151452572009195e-01
8.893073874878018037e-01
-1.716415127903880400e+00
-8.386083399560622098e-01
-1.891824734135104658e-01
9.446153358706045611e-02
4.352303069108742761e-01
8.806892426420046549e-01
9.019670817532583484e-01
1.271943561486955643e+00
1.014256111998288912e+00
-1.783911012153947206e+00
-8.539048324330856810e-01
-1.785127847099860499e-01
9.899874297086913577e-02
3.989023376531708465e-01
8.283291890251326395e-01
1.104288787970918007e+00
1.354694011485380933e+00
1.383447713220008923e+00
-1.959655391890592124e+00
-8.187420055396305019e-01
-2.608282606133660586e-01
1.053016835307135357e-01
4.289143133182936607e-01
5.054779911855034058e-01
4.724128765515569484e-01
6.050181754411292356e-01
8.734346761993426744e-01
-1.842321812489816635e+00
-6.059621054394487283e-01
6.047635460870745550e-02
4.418970494680276584e-01
6.456408668001819562e-01
1.045859577478225555e+00
7.042725681655120917e-01
9.400972258116870872e-01
9.604968105791390487e-01
-1.527886080509842426e+00
-6.413614369414186722e-01
2.542253377196249456e-03
3.542780119328287070e-01
6.162918645445646382e-01
1.087744577873288154e+00
1.260976964195279715e+00
1.404394079873602097e+00
1.390273157447202701e+00
-1.723203966534364584e+00
-7.792582580381371971e-01
-1.248923815324388953e-01
1.752023553280095125e-01
4.794847011954180283e-01
9.161949784569914934e-01
1.146600009208725179e+00
1.385205097649656159e+00
1.385499014673307716e+00
-2.163593317662151350e+00
-1.102605198649221352e+00
-4.085198584369053032e-01
-1.105917190127954364e-01
2.031916824413700084e-01
6.367891123192186420e-01
6.382968451327247772e-01
1.046893028465848863e+00
1.093206726584433408e+00
-1.840561400991993057e+00
-6.608044736013262144e-01
-6.750825817251497607e-02
3.072652432637610898e-01
6.029633479839440202e-01
7.926825092440997755e-01
7.613209339468113290e-01
7.663992297975905643e-01
8.453709366899233579e-01
-1.782508991327166115e+00
-5.807566084194498712e-01
5.371562885955327021e-02
4.192356043801138687e-01
7.052401740750149362e-01
1.022853418721815233e+00
1.201097869463086498e+00
1.328953418783489937e+00
1.369593631437413528e+00
-1.999547182729313866e+00
-8.722026259125515990e-01
-3.264911368138930792e-01
3.891595456603438169e-02
3.739050443410279478e-01
5.071372668015664553e-01
5.576259805014032178e-01
7.255033112191549005e-01
8.480408996958765933e-01
-1.670382771957159784e+00
-5.046188747291789900e-01
1.058079691781390885e-01
4.726870017528861379e-01
7.549172366971981241e-01
1.009774173796014862e+00
9.554138653476418330e-01
9.360985206870250375e-01
1.065047644690406470e+00
-1.323305523681165941e+00
-7.815423171827392546e-01
-1.651447982066172049e-01
1.680037988224877266e-01
4.636839625197324288e-01
9.185543556854305347e-01
1.210159303007565912e+00
1.372291557200743695e+00
1.391500310698606802e+00
-1.269180607926200022e+00
-4.490576581395930300e-01
1.485165324250619090e-01
3.512762002831094077e-01
6.107596838203598333e-01
9.886243568289542205e-01
1.188887763547464838e+00
1.415688371205383156e+00
1.372136109037698670e+00
-2.147934566618726837e+00
-7.899403702178235953e-01
-1.329707121309652851e-01
2.106836477508915451e-01
4.924936005208958578e-01
8.657344395122925640e-01
1.145632303765768523e+00
1.325870597931778416e+00
1.365686825409130334e+00
-2.104368435570894036e+00
-9.696016794419589635e-01
-4.416134099380092937e-01
-8.364323508928760142e-02
2.626002735588656711e-01
4.032928808497773243e-01
5.031089794495416934e-01
7.583141417054725109e-01
9.115835032900193591e-01
-1.635844280703472764e+00
-8.760146308734737541e-01
-2.222236922196247910e-01
9.917550408702173470e-02
3.689448905225501396e-01
8.230928923517527585e-01
1.258408086559368533e+00
1.385528786249332178e+00
1.405929797278989701e+00
-1.492403689932020994e+00
-6.697869636484942157e-01
-4.871945070147883777e-02
2.224715291781592108e-01
4.881015475486840671e-01
9.108310427496056905e-01
1.289463998463624250e+00
1.409935221182342824e+00
1.410931562097128555e+00
-2.657053316580846758e+00
-1.670048129551801264e+00
-1.053509173406365740e+00
-6.954055166465704652e-01
-3.926256056669664152e-01
1.646119519644851370e-01
7.471819224850960728e-01
1.102385571712787282e+00
1.258380930266506326e+00
-1.729308766089411309e+00
-5.290506478039391780e-01
8.547966061759959544e-02
4.552302917281929595e-01
7.319991985586623562e-01
9.980688732907256888e-01
9.229321503777667690e-01
8.822307939924551867e-01
9.714329588444082786e-01
-1.973500789472631300e+00
-7.828997607748136023e-01
-1.666438199518296692e-01
1.911311729154847039e-01
5.052077739343946439e-01
8.036533586233460813e-01
1.069572886615286267e+00
1.265864762616058847e+00
1.338951641939308157e+00
-1.815729912209740338e+00
-6.679599428567741803e-01
-7.849042003954523339e-02
2.964838526401962215e-01
6.011313959830197895e-01
8.193043786600636702e-01
9.096652638004212310e-01
1.088245414142744227e+00
1.228823613331657905e+00
-1.430071257843912091e+00
-8.437673533267918691e-01
-2.334208371995342701e-01
6.883106327635028776e-02
3.352644902258074544e-01
8.031372055378770414e-01
1.187542487232027932e+00
1.358142365167088084e+00
1.387194221585525300e+00
-1.821258119844746171e+00
-6.027335082563305413e-01
1.696720402388640636e-02
3.921592693368376459e-01
6.762422225797858344e-01
9.471220224100044272e-01
9.825108233345083431e-01
1.131960796160860649e+00
1.255877474021679152e+00
-2.935287943640173758e+00
-1.823984957289851661e+00
-1.078205120831730479e+00
-6.978234463290158285e-01
-4.193873410419564629e-01
4.912623018412676928e-02
2.446479282523286169e-01
5.421347868306106710e-01
9.127008016756554820e-01
-2.115699282637389267e+00
-8.778145834255643987e-01
-2.201236064968244421e-01
8.869482827936274461e-02
4.169577385119156987e-01
8.644190649272811555e-01
6.975256929677600137e-01
1.117972507441711505e+00
9.836175032500358295e-01
-1.918913583232879194e+00
-7.438357630636865947e-01
-1.542098498507049054e-01
2.203401309352492621e-01
5.240940679884837916e-01
7.703641341594393843e-01
9.335539112511912485e-01
1.153317930934991020e+00
1.276895428147929445e+00
-1.623028856896200356e+00
-6.731627600774292564e-01
-3.938914686843453250e-02
2.078519240394067213e-01
5.101487048662988188e-01
9.362497292236602320e-01
1.103439053031220363e+00
1.390892277265432631e+00
1.202545353125860084e+00
-1.747841426322768843e+00
-5.263748156295924296e-01
1.291222303349813805e-01
5.057058319036936700e-01
6.978880675522828314e-01
1.134454750179884508e+00
8.414448848867625008e-01
1.089736796630284665e+00
9.817898625960206349e-01
-2.294890510318115862e+00
-1.104014813078413537e+00
-4.336774913868557957e-01
-6.586369561181497356e-02
2.059171480913567498e-01
6.328009126046754140e-01
4.077705286017855313e-01
6.827148546289354414e-01
9.285567996096920629e-01
-2.700954989819418728e+00
-1.757907425611908936e+00
-1.390345641157248568e+00
-1.116235594454783042e+00
-7.050053630107736558e-01
-3.489592763953742183e-01
3.326915151881935095e-01
6.924972017248466338e-01
8.256259847877484015e-01
-2.724136024389906208e+00
-1.760900552456557522e+00
-1.389966497710523052e+00
-1.131513261431929873e+00
-7.134855134078986749e-01
-3.735076291731083131e-01
2.652225311958171794e-01
5.419677696075668738e-01
8.831115969265962429e-01
-2.842741380545966479e+00
-1.977843495168061683e+00
-1.677730877606792737e+00
-1.407350029772771904e+00
-9.745084154234504581e-01
-4.511574208163944832e-01
3.081147545692890510e-01
6.516995414254805885e-01
7.955274372511735859e-01
-1.836448753849984294e+00
-6.238286756789571674e-01
4.653753601335617468e-02
4.297127182125744516e-01
6.334119177344228468e-01
1.034018252408090754e+00
6.935796278575045992e-01
9.368557325062233376e-01
9.666139866358177679e-01
-1.511774185480853738e+00
-7.777741193205596204e-01
-1.337886415782127414e-01
9.395675955954860270e-02
3.923749714449006332e-01
8.434973644080587807e-01
1.131860440147288704e+00
1.340758526053889010e+00
1.086536945419792177e+00
-2.113939692192092323e+00
-1.178671231719643053e+00
-4.582198555855423461e-01
-1.675040417840815976e-01
1.539881143599304003e-01
6.029732474698094036e-01
5.877902772194308900e-01
9.741354541741494844e-01
9.583790349873213543e-01
-1.482868706514108181e+00
-6.226352348764734312e-01
4.458900730533285790e-03
2.397510127739834185e-01
5.039029854844651046e-01
9.151106419348239429e-01
1.234657942802045216e+00
1.414497377437486714e+00
1.405388238895693975e+00
-3.143466873305775344e+00
-1.931980836652408051e+00
-1.157958227046863575e+00
-7.572266400021975263e-01
-4.925102170227210197e-01
3.020924251036326280e-02
4.643941735226627676e-01
8.489134060674254911e-01
1.036946894089140425e+00
-1.936974669002508698e+00
-7.148367654786299541e-01
-3.962687444558313926e-02
3.434948315018381271e-01
5.484270497983442239e-01
9.598996083737740825e-01
7.736228432768130769e-01
9.845036575238902410e-01
1.031136456502856014e+00
-1.557753027096062448e+00
-6.434557048830258363e-01
3.981798966260214484e-02
3.747053156572765498e-01
6.369089024151015632e-01
1.091321131451438164e+00
1.300567408983191786e+00
1.410836135604089714e+00
1.400104202768362338e+00
-2.796720883942382052e+00
-1.893935652048690077e+00
-1.572647948358229186e+00
-1.321623748801022735e+00
-8.793302598786512103e-01
-4.287001043797321609e-01
3.007955810490287041e-01
6.021989255211772640e-01
8.149689014075955917e-01
-1.230739969941386125e+00
-5.846039381162214665e-01
5.065565380249976296e-02
3.119902737679700611e-01
5.775146521176319769e-01
9.909351750535685399e-01
1.340010068816677391e+00
1.442636949904763766e+00
1.410277415864543249e+00
-1.852882970601872792e+00
-9.264788152229707086e-01
-2.424251658275202448e-01
2.256677116887399401e-02
3.323300157925773157e-01
7.731899097726375736e-01
8.990937815066737393e-01
1.249022068366520077e+00
1.039554064291052349e+00
-1.884064811641501080e+00
-6.383433394087820734e-01
2.943158762643931919e-03
3.716974107960685503e-01
5.816467766001520712e-01
1.083480061704698239e+00
7.711395620889279767e-01
1.154216815768252857e+00
1.010217732551631054e+00
-2.806351596923132963e+00
-1.613706548446740330e+00
-9.827397562241663165e-01
-6.310858373547794109e-01
-3.782365596572540567e-01
5.819900395763736266e-03
5.028474841166487019e-01
8.762229929390867866e-01
1.026749844476317008e+00
-2.299390859813284393e+00
-9.973511283106722969e-01
-3.925690042537433588e-01
-1.596696964668157734e-02
2.653024500255627416e-01
4.306784121633510654e-01
4.184684263250973979e-01
6.501468240372895169e-01
9.209827133393730936e-01
-1.676557678303703058e+00
-4.916740736865113370e-01
1.195626437553672650e-01
4.862926933048523082e-01
7.596230374643060390e-01
1.007198317509174545e+00
8.686005556457619958e-01
8.468451950868413070e-01
8.815919101575202532e-01
-1.652641798270977347e+00
-4.901989783758104458e-01
1.153179934885569802e-01
4.803489189352419531e-01
7.508505312289379674e-01
9.932405068586934727e-01
7.764135393967714904e-01
8.215085233553131028e-01
9.287572144181159839e-01
-1.683736361879429433e+00
-8.284105297553151503e-01
-1.530902236056880805e-01
9.272106358447575192e-02
3.624031792388265338e-01
7.839517909060439438e-01
1.032296521806953304e+00
1.307727545930115198e+00
1.308949659083287420e+00
-1.665667379450301633e+00
-5.570354743409122733e-01
1.224833735098380394e-01
4.751612067450302623e-01
7.145662592687974657e-01
1.201444107095883229e+00
1.342288842151891037e+00
1.444444872390234114e+00
1.403767747351594597e+00
-1.758563413018061183e+00
-5.689987827672178256e-01
9.318758110978699050e-02
4.763875120226607751e-01
6.627145185629154112e-01
1.106182690208710184e+00
7.515867425520184053e-01
1.031804320297813771e+00
9.866270850806589943e-01
-1.649112140753041356e+00
-6.271970570612118712e-01
-4.043888886886630452e-02
2.586114590329190444e-01
5.459244847058672967e-01
1.004249908210891329e+00
9.517441483182160766e-01
1.351073658606817496e+00
1.156310530846242024e+00
-1.752101147905237521e+00
-4.576030797111103054e-01
2.123566991972752338e-01
5.846315200697397296e-01
8.035854139100047089e-01
1.268992150156680765e+00
1.333642932423876104e+00
1.429483529964161281e+00
1.398885470942850429e+00
-1.531031440051467518e+00
-5.136116999917322845e-01
1.253450347060755810e-01
4.627426817770368683e-01
7.114817193870490719e-01
1.197524532233756434e+00
1.334712168625983075e+00
1.469118090684093714e+00
1.404598014446931886e+00
-1.467500590803234362e+00
-6.850436379140424359e-01
-4.421418852491462714e-02
1.788627363977876583e-01
4.581841366478713318e-01
8.759627842862415248e-01
1.097333347564956485e+00
1.371390278473766156e+00
1.158095262795930225e+00
-1.804034691300729687e+00
-5.004476058864564258e-01
1.790947732046186125e-01
5.511472446977515594e-01
7.688704186609535141e-01
1.247772677764203531e+00
1.344139518054307869e+00
1.438417649168054924e+00
1.404159679645791803e+00
-2.158093687501745794e+00
-9.670542265647101843e-01
-2.860420214930496918e-01
9.905521119223389959e-02
3.296404063969016751e-01
7.197177531820042606e-01
6.979631445309403270e-01
1.031797248865282013e+00
1.174699006424207992e+00
-1.783091003154908094e+00
-5.683920551194888704e-01
5.399868547464325985e-02
4.231030690544496653e-01
7.105617607458813989e-01
1.015230978239367809e+00
1.184208528765753554e+00
1.316760160979045580e+00
1.367989011290727808e+00
-1.648630920307365688e+00
-4.740650049055895043e-01
1.493565846507538541e-01
5.191900933557540565e-01
7.769174649703188829e-01
1.086656976888558557e+00
9.791775241715168221e-01
9.380865703988943149e-01
9.393938002030202128e-01
-1.332071134980141069e+00
-4.867440007367869192e-01
1.134208629786426781e-01
3.528257293994246369e-01
6.075625880581171367e-01
1.009917005476293372e+00
1.339627282957781107e+00
1.465179453249698671e+00
1.421698253942484724e+00
-1.718487131800944034e+00
-8.503108084119208598e-01
-1.889875696074152511e-01
7.061530835061839706e-02
3.874235324787638768e-01
8.383316073589904827e-01
1.009539362545551322e+00
1.302291828192422063e+00
1.048950708300220747e+00
-1.950286570330669544e+00
-9.460608032531869771e-01
-2.748943040735770671e-01
1.872549781129297444e-02
3.528635470172020727e-01
7.982034261446306900e-01
7.593998802921517743e-01
1.153695481436969095e+00
9.896327298052350896e-01
-1.456174416309827802e+00
-4.944948445974982065e-01
1.251008988115001885e-01
4.496393023676489853e-01
7.115308773006777665e-01
1.187499373981119488e+00
1.341806248172904281e+00
1.512252057133948613e+00
1.407471763824326594e+00
-2.140314654993791699e+00
-8.826904256277884331e-01
-2.115928692106791298e-01
1.699963246868855526e-01
3.936073590301493730e-01
7.425031269706782178e-01
4.981573828545973748e-01
7.263809201926846315e-01
9.379862167106985948e-01
-9.125028344428975924e-01
-2.071256115574064138e-01
3.672494410233324014e-01
5.654440297420493255e-01
7.987810646576460893e-01
1.169330293387729425e+00
1.433920549002828171e+00
1.520126625854875790e+00
1.423171712141941381e+00
-1.912093847843761241e+00
-7.958253738790894705e-01
-1.273357733069368503e-01
2.446574904589002564e-01
4.619570595866687168e-01
9.234099039802370346e-01
6.031183995003733811e-01
9.056863522461483518e-01
9.637733144643703120e-01
-2.102033923417255590e+00
-9.942723824696128032e-01
-3.311505233653516678e-01
5.589610589153414487e-03
3.208490044354559423e-01
7.733146111714470639e-01
5.208614531162717443e-01
8.803807987461521600e-01
9.513655337983066840e-01
-1.915954727249744360e+00
-7.145030216526816469e-01
-1.336381977245179042e-01
2.358701922148689345e-01
5.344518970450135020e-01
6.723859784012273799e-01
5.439912248209404222e-01
6.615681822576678917e-01
9.119571596088045240e-01
-2.857083666032380176e+00
-1.814178722186320591e+00
-1.063030250630150997e+00
-6.797021484861466289e-01
-4.055400410020218449e-01
9.885483167329109366e-02
4.773719353707158719e-01
8.674727052126836035e-01
1.054515304492787298e+00
-2.862207819846771528e+00
-1.645439384684745265e+00
-1.079470218218503863e+00
-7.816058990674813467e-01
-4.775033177459253597e-01
-1.387805022012580380e-01
4.541998832732921376e-01
7.596437143254284319e-01
9.367486329525782640e-01
-1.888147909208954811e+00
-6.649315455420441445e-01
3.791974240925748835e-02
4.014456193215659718e-01
6.426381516127834814e-01
1.092293978539742749e+00
1.248262708673545607e+00
1.385091154461087104e+00
1.390507194569740701e+00
-1.686583170416613431e+00
-4.845576011953606765e-01
1.413783970780737587e-01
5.108723859886155072e-01
7.738444163742644877e-01
1.085970939042279149e+00
1.004478820949885609e+00
1.025428950624073243e+00
1.126656829805623206e+00
-1.964369481723918343e+00
-1.083141136876166755e+00
-3.829617645897428480e-01
-9.890356437537113632e-02
2.054620772670802398e-01
6.487226177689315865e-01
7.351839899087097008e-01
1.110487183747617346e+00
9.990542752228603884e-01
-1.769309835118647589e+00
-8.392822348182503722e-01
-1.643870475653395613e-01
8.924334506052258864e-02
4.019759541246065160e-01
8.369040261610857234e-01
1.010658042592031958e+00
1.329901055514412844e+00
1.083820508700654717e+00
-1.841877081190918419e+00
-6.620888523233847689e-01
-5.090326221560452979e-04
3.706604842588579474e-01
5.538555514020689907e-01
1.041564104845949190e+00
7.530687470024780561e-01
1.106357668712039777e+00
1.031396240589049329e+00
-1.806558037567804975e+00
-7.126751688387712447e-01
-1.346494392564871190e-01
1.023766877581506057e-01
3.389102744056782801e-01
8.305623846077555550e-01
1.228807351524083380e+00
1.375446917566458982e+00
1.396158206149656911e+00
-1.784360104858302876e+00
-6.125303835065090130e-01
3.965604937278277738e-03
3.755082732605985463e-01
6.437300848676493770e-01
8.995221036416868321e-01
7.720992291324820789e-01
8.295138435846611813e-01
8.907484811701094074e-01
-1.709522686618138554e+00
-5.488115714747047180e-01
5.372512145403748191e-02
4.198520751122395978e-01
7.046018400327610509e-01
9.150798138382917335e-01
8.116938404935992724e-01
7.859757968229251768e-01
8.637357616579096620e-01
-2.069967448163578361e+00
-7.797789497581554263e-01
-1.097195442326383413e-01
2.662003282706399410e-01
4.780050380562776979e-01
8.538707877532425439e-01
6.243577395285342391e-01
8.856844241384916883e-01
9.620679747215599154e-01
-1.819143669383614714e+00
-6.186033449921088945e-01
-2.644941361961453824e-02
3.427535624186207053e-01
6.283112292259359632e-01
8.070486482702313724e-01
6.349615357174700492e-01
7.096702430607526590e-01
9.212005772841429518e-01
-1.796082965671893961e+00
-7.726533848853812669e-01
-1.656227030909107056e-01
1.318707951510216247e-01
4.460406591907140617e-01
8.869623723814415994e-01
8.142076959525876845e-01
1.226609095123665449e+00
1.128737979240092004e+00
-2.739389043453158479e+00
-1.561238540711596512e+00
-1.051286438191391337e+00
-7.630086021617145109e-01
-3.998454206230319663e-01
-2.075074558106872191e-01
3.089310039933445551e-01
5.772686719167564595e-01
9.082882144320052475e-01
-1.127283749289482051e+00
-5.711656479423423693e-01
-8.528318472708773523e-02
1.737201991766669784e-01
4.355536154235458701e-01
8.856286412469102087e-01
1.256652109162556430e+00
1.391455628515836818e+00
1.401042451562557689e+00
-1.314531355262577916e+00
-4.714204525259310663e-01
1.396077504108254042e-01
3.770973704537153304e-01
6.420509087378432067e-01
1.044432852182957117e+00
1.338635519786957273e+00
1.489356850542200794e+00
1.420460399128581797e+00
-2.337122267827125288e+00
-1.242007007766693150e+00
-5.191687982646907562e-01
-2.109944416102325637e-01
8.771638849240551150e-02
5.299988737520587856e-01
5.926551844136869196e-01
9.975921864722894217e-01
1.088197295943309717e+00
-1.917029514959682102e+00
-7.634178278062736522e-01
-1.987431903337823491e-01
1.739858344858192796e-01
4.895203772788248031e-01
6.100217623444242898e-01
6.198145974921536183e-01
6.860172430433641999e-01
8.267921468961811904e-01
-1.710670527683640252e+00
-6.597414023923726667e-01
-2.192438946072667108e-02
2.167302841712295536e-01
4.841923995634243583e-01
9.230307629025172877e-01
1.260845509917060792e+00
1.391005817153456503e+00
1.400410405612299902e+00
-1.700286990273613075e+00
-4.822862350224436656e-01
1.994507383761920938e-01
5.747591097002486826e-01
7.879733094486636169e-01
1.251085215068718615e+00
1.296532093018766707e+00
1.412000155294683035e+00
1.388919037603114193e+00
-2.113756920531131733e+00
-9.902952180570780971e-01
-4.475188981994832615e-01
-9.755867765884634890e-02
2.458152740777383161e-01
2.979349990190933162e-01
3.946786260945932545e-01
6.056583684791267963e-01
8.847845583626703370e-01
-1.925204686348600092e+00
-6.907625015797794754e-01
-1.590093396738181258e-02
3.672930433207615142e-01
5.658075450635994263e-01
9.780510153005197438e-01
6.488551061593332836e-01
9.071589303918375924e-01
9.691577618365684321e-01
-2.975814070836784175e+00
-1.906142319880437253e+00
-1.444595226781167918e+00
-1.170911177859635055e+00
-8.233227661979641843e-01
-3.514879899438577704e-01
3.189080396931590067e-01
5.970098416030928945e-01
9.163473983371652754e-01
-2.565696889710599393e+00
-1.382344238529981784e+00
-6.880127315470641047e-01
-3.149330472401802306e-01
-5.630094053648103392e-02
3.305666589561737090e-01
3.049029568409082902e-01
5.824057382154752549e-01
9.255925150601693741e-01
-1.455334616329990505e+00
-6.358035752585131650e-01
-2.155509536400398302e-02
1.945353575544885305e-01
4.953949386168780000e-01
9.144046835373795812e-01
1.149649865761167122e+00
1.411211612993035880e+00
1.139570348620174700e+00
-1.856659027114411220e+00
-6.105317104816695428e-01
3.838319048927418820e-02
4.182869781266931319e-01
5.932184927854158296e-01
1.076134302521697839e+00
7.956860157422332991e-01
1.113737417125036933e+00
1.028842224849376930e+00
-2.686454189942635296e+00
-1.518224899825470153e+00
-9.802689717757668841e-01
-6.623684005396868191e-01
-3.203889090038702370e-01
-8.545933101454256803e-03
4.863060735806913892e-01
8.812188870823204345e-01
1.041140463252964832e+00
-1.663230054889347942e+00
-8.407843342717072899e-01
-3.002667714773536445e-01
-7.519667324463931435e-02
1.501588667379486486e-01
6.824785267959416757e-01
1.119674454869455271e+00
1.317273771611876976e+00
1.372324856231667001e+00
