-1.348582416387565042e+00
-6.789610661373167710e-01
9.897769435025122534e-03
-2.011484618228289722e-01
-3.368783498496905060e-01
5.772313029579827226e-02
-1.473537750534226864e+00
-1.288803429379391075e+00
-1.284211201315238471e+00
1.026769143162134107e-01
4.240163561485724153e-01
1.054697835963914754e+00
5.251694160206232809e-01
3.300146287871895123e-01
6.039473126401286862e-01
7.184881007263418384e-01
9.812544215581079365e-01
-3.971770609930976303e-01
1.820837007127622531e-01
1.720763324162188634e-01
6.354567094708239994e-01
1.082635974436726573e-01
-2.073518324351332487e-01
-8.786865603670017399e-02
3.284009780595618655e-01
1.466797554275438564e-01
-3.063004903736158413e-01
-1.252862283634242679e+00
-7.882950753308003433e-01
-1.746369813214474487e-01
-4.625536967957169510e-01
-6.022359390208309460e-01
-2.329368850832579663e-01
-5.031924301723008641e-01
-2.177243817600809650e-01
9.216789280749789759e-01
4.340366745973850415e-01
4.046186815574975282e-01
9.156400476677243327e-01
3.280406134463317858e-01
1.154947262028108296e-01
3.321778525736522880e-01
4.201876990166265036e-01
7.048042672264439590e-01
8.757284308723453092e-01
4.948576952957382535e-01
2.106134947536147661e-01
5.369830436658004080e-01
-6.548721650284402250e-03
-3.094704700770575800e-01
-1.252719244665902731e-01
2.893903762862830575e-01
-1.113888313640690603e-01
3.749869149330082307e-01
2.486763516420822384e-01
-1.923227843383224500e-01
1.926742271474483348e-01
-3.409817892399892580e-02
9.225270556492638774e-02
-8.218880378706869272e-02
-9.039815061909467486e-02
-3.751989317867209656e-02
5.164211110666885179e-02
7.187512335700294575e-01
2.204461560171637469e-01
6.137979443562845416e-01
2.650873377037263334e-01
2.126282789162589060e-01
-1.378767704968336394e-01
-1.550385892758657791e-01
4.160277296300414485e-02
1.226707904355481835e-03
-1.563448191030165080e-01
-2.275845680509614999e-01
3.266275589517407818e-01
8.855461353308780037e-02
-3.116523934124599271e-01
-5.233143249206791969e-01
3.697264074764918251e-01
2.046086732017844412e-01
2.432130848485772601e-01
-2.370915417014468840e+00
-1.820228076879643719e+00
-2.717490670057863822e-01
2.133176933187461988e-01
2.448511767464725819e-01
-8.367018528278912237e-01
1.141911684267464949e-01
-2.654333657741680605e-02
-2.044869458067676352e-02
1.115985727501125624e-01
-1.889699801731568613e-03
1.912721508042017696e-02
2.838899873482961939e-02
1.646610996800748627e-01
2.074620966053468407e-01
5.257647908576308371e-01
2.499257387750398185e-01
-4.556519702551285050e-02
-4.403621505433754635e-01
-1.409425987823555992e-01
1.043389459665828162e-01
-1.046708919570313312e-01
1.082285019518832853e-01
4.054176298724755934e-01
-2.048864249087984368e-01
1.462077343359336479e-01
-2.205402653929779133e-01
1.858121601304294401e+01
1.842184498322848807e+00
-3.380609726670486648e+00
-7.563351642933843211e-01
1.755493660753286722e+00
6.132663314168232960e-01
-4.974676424901400273e-01
-1.853446775464364649e-01
-3.165161313365286722e-01
3.883240152572397519e-01
1.128815573039769093e+00
1.526014132660735489e+00
7.148543214896415643e-01
1.824696619375942297e-01
-7.603911296376519857e-01
2.619919439552140239e-01
-2.360288611702347078e-02
5.319641584406725743e-02
3.884255720949150170e-01
4.015338425307096171e-01
4.138733054385889676e-01
3.292495939364635249e-01
7.148013345673193131e-01
1.654358668274931166e+00
7.837124395811168043e-01
4.344532209449589177e-01
-9.332381021288965739e-02
1.793115310037340093e-01
8.971232109552573775e-01
1.065917867617341752e+00
2.649774203636716674e-01
-3.273932391400870556e-01
-5.643796492116602836e-01
-8.227911028731690890e-02
1.097908653047392907e-01
-3.015384554322276256e-01
-2.908002839961184027e-01
-2.664676821979566346e-01
-3.354988194119524758e-01
-4.939992099667651071e-01
-2.609467312311513632e-01
3.956622817664208203e-01
-2.044506259580596563e-01
-1.008148902826869198e-01
-5.224714865388672136e-01
-6.388596128873341717e-01
-7.819440442651252043e-01
-8.380956244695695334e-01
-9.944480722393289618e-01
-5.672479879087387600e-01
2.480326129841380345e-01
-2.365007867244315332e-01
-2.440653232291875863e-01
-1.537024987633825446e-01
-7.298664687864528933e-01
-1.424502099479227235e+00
-3.050625753736636511e-02
1.226966885889855918e+00
1.426553091657913885e+00
5.760017730753047571e-01
6.017882332288766456e-01
1.214896544715821092e+00
8.096569030493883101e-02
-7.966935043081733170e-01
-4.714269367723564197e-01
-1.807849228926770857e-01
-2.305204785014451294e-02
4.350480274482181331e-01
9.109514953289161721e-01
-3.072997274449126293e-01
-4.564482795283949373e-02
-1.152011958349532517e-01
1.091058608581582934e-01
6.678280517237793201e-02
1.104676234708793781e-01
5.133156580199459834e-02
1.683337826856236286e-01
2.948883293777760928e-01
3.255643277218788212e-01
1.683114600099540892e-01
-2.069182622039978936e-01
2.239168828952264878e-01
4.853770957246483775e-01
6.169629562411226287e-01
4.955671133238499504e-01
5.098500374615239084e-01
5.272218961039202290e-01
1.105785959587960443e-01
3.918178845374883229e-02
-3.442326217013023659e-01
6.222801842247259740e-01
6.631814928654298225e-01
5.443073894964309822e-01
-4.498726053493966592e-01
-5.062359422648452512e-01
-3.453053014204437998e-02
2.418210482118415272e-01
-1.125276228848734877e-01
-1.826676005210613532e-02
2.147321524475520604e+01
5.316185812963711399e+00
-1.323174639180234147e+00
1.963188942717794538e-01
1.980637047441398346e+00
8.258499606549336569e-01
-2.988840780643828299e-01
-5.730433627629043930e-02
7.133112864833575373e-02
-8.356807784058853938e-01
-6.223103459614242466e-02
-3.564625674805124156e-01
-6.454118902518530820e-01
-8.802100848374113662e-01
-3.896339838123114574e-01
-1.097611810738427174e+00
-6.575856469523794212e-01
-7.139717918489347781e-01
1.701694433246577765e+00
-3.253066794932381267e+00
-2.590437619635522992e+00
1.600960047012514598e-01
1.874290134455529611e+00
4.550274112421801020e-01
9.452741416382438866e-02
-1.719153361541355673e-01
-3.655049150882435094e-01
3.689760644984933502e-01
9.750111351595714959e-01
9.121118077253246303e-01
-9.703151943024353188e-03
-5.487804196761796316e-01
-5.393398532742392781e-01
-8.351222831281240877e-02
5.654423460629046105e-02
-2.742447247292416068e-01
1.205410202175207424e+01
3.543162441823166198e+00
-3.550312450710197965e-01
-9.968537733022606595e-01
5.019419146238226492e-01
1.879199910216897834e-02
-7.598652440774508188e-01
-9.232207803789579392e-01
-1.277139434965705034e+00
-9.855779254876942730e+00
1.150078249265261832e+01
2.005908616139483236e+00
1.036903592731124091e+00
1.438871679658803027e+00
6.766054929253887407e-01
4.303657367241316978e-01
9.236184028896594622e-01
-3.538916050568008953e-01
-3.449557246824362933e-01
1.411807488414921652e+00
1.742783481966272419e+00
7.247703003275592915e-01
1.864555381398359801e-01
-3.867477986655337707e-01
-8.205503970241848632e-01
-1.104907177508967386e+00
-6.405790341643681218e-01
5.615025733180997181e-01
2.103367059223196223e-01
4.866281697656127392e-02
-6.310100903967148511e-01
-4.637791968921849972e-01
2.984108492303712001e-01
1.328432885432962070e-02
2.304560974693370401e-01
-2.705422283046411414e-01
1.041495044934632963e+00
7.644969026200802986e-01
4.932257418319511699e-01
-4.377161851359605560e-01
-6.640368339874858084e-01
-5.392523233520675197e-01
-5.186900739823562673e-02
-2.180890329195908361e-01
-1.371029903550649576e-01
-8.877478905976929902e-01
-3.648587794529682404e-01
4.082148913379379795e-01
-2.279661584630699456e-01
-4.056793993886693150e-01
-4.135780360758358754e-01
3.120663781419052984e-01
1.684349749836784871e-01
2.360459072440395378e-01
4.952218800771051033e-01
4.529935807679529858e-01
5.433798873543769226e-01
5.712508277169059401e-01
7.210689688016456156e-01
7.697711304517133035e-01
5.461323819587727835e-01
2.481595518999783201e-01
-5.719246504161346750e-02
-5.877704162789917364e-01
3.276426078483945376e-02
-9.967573846470435817e-02
-3.026409231820321177e-01
-4.780376006848553461e-01
-2.054461218217867435e-03
-1.213187721216301584e+00
-1.047863131918866264e+00
-4.859926051019854421e-01
-6.008909050569630761e-01
2.746391338121645723e-02
-8.603747557453782224e-02
-5.086761397732323386e-01
-2.476078193274158235e-01
6.171133402406889790e-01
-4.715608576099703519e-01
-6.645245637831587171e-01
-6.513154518734780574e-01
2.033815980713299609e+00
1.479328006088463709e+00
1.152728377871428567e+00
4.317305168750990574e-01
2.846696926539875050e-01
7.024376409604796700e-01
4.047822399134532456e-01
4.196860539874732732e-01
-1.811760944964801168e-01
-2.321439803365562771e+00
-8.236419808784475327e-01
2.614188054118000148e-01
3.125733115992193056e-01
3.941019357825127356e-01
-4.169287770074090460e-01
-4.634596290347937075e-01
-8.546443853752700992e-01
-3.070251701950020840e-01
1.089632515811374169e+01
6.574201095101225301e-01
-1.928250254974675393e+00
-6.666580223355782486e-01
1.390307804583550189e+00
-1.468141852235214095e-01
1.383159732809844666e-01
-2.938170309702467856e-02
2.307592576667684137e-01
5.087042359127144087e-01
4.836811149213554595e-01
9.766749744976001013e-01
2.357197924203912609e-01
3.013283627589471558e-03
-1.758673438245509091e-01
-2.675507208540113813e-01
-7.730448219296320866e-02
-2.382218524381940206e-01
1.015515702233413009e+01
-1.250314237163033582e+00
-3.020180931839729244e+00
-9.761835604129612820e-01
1.602907096106122697e+00
-2.256458892515188219e-01
-1.540080090209267061e-01
-2.433153859626053794e-01
-1.551845834065626040e-01
6.072721502687612460e-01
7.665670108333162425e-01
7.304504007899089713e-01
-5.328119292852022404e-02
-2.241674537241797049e-01
-1.777537006092360650e-01
3.515171624170623788e-01
-2.409987688428702132e-02
-8.293650647153399946e-03
-1.955020187261451881e+00
-1.314149116304644815e+00
-4.247385000621540230e-01
-3.281894372548574967e-01
-2.479664531837096619e-01
2.832234284030751281e-01
-1.222830672851580314e+00
-1.052063183406805713e+00
-1.044272850059727809e+00
-1.356789051109824618e+00
-3.494509250846306592e-01
-3.782691283645796543e-01
-8.194976281303059107e-01
-9.107623262977557754e-01
-6.218131119185197342e-01
-7.384007277606409181e-01
-6.421756149437081174e-01
-4.900553253250774510e-01
-3.075522027113361645e+00
-1.738092302230232367e+00
6.917421464710336865e-02
5.521351998563803765e-01
4.284371751443316612e-01
-9.243862386149145349e-01
-2.152808534154653786e-01
-3.233725959102867198e-01
-5.615075980583853626e-02
5.623111076699207622e-01
9.990957133896376519e-01
1.442161000778184210e+00
7.628294196019914652e-01
5.595361386100675682e-01
8.611105578455462428e-01
1.112433337728552796e-01
6.611831306350423043e-01
-4.493364169995910928e-01
7.178043020348989778e-02
-1.021172882383868802e-01
6.841218870117340978e-02
-6.394205005075612180e-02
1.515521502532652665e-01
6.129213603767097451e-01
6.465224926512658232e-02
4.473546414650403924e-01
-1.545346867532807478e-01
-9.436657145182489326e-02
-1.878845185218882552e-01
-1.879240195754422749e-01
-3.226512301546193284e-01
-3.330098081240357999e-01
-4.142701428914838391e-01
-7.388101604195464189e-02
-7.316748599234035311e-02
-1.646405662847431339e-01
-7.699954610056647386e-02
-1.880090096653685983e-02
2.947837277087122024e-02
-1.902900617087695534e-01
-1.957656245916248594e-01
-1.959845694115203707e-01
-1.048033500905489468e-01
1.498500571149164462e-01
-1.243740914545584525e-01
-3.883259367015142183e-01
-3.255627930041468110e-01
-3.142083194500027155e-01
-3.771415367596209212e-01
-3.320668226788598409e-01
-3.316953454051224104e-01
8.472906228469387346e-02
1.271494465228344417e-01
-2.522483939692322930e-02
7.359063899680162724e-02
2.797712390532280935e-01
3.550181134333894595e-01
1.184730343705055061e-01
4.528799847920002980e-02
9.653542328958562846e-02
-1.047713484776253146e-01
-1.129113374480944371e-01
-5.800656675541514540e-01
9.920371210393499894e-02
6.947580175281666826e-01
9.342655264693732198e-01
-2.555909286631483784e-02
-2.104837191859074974e-01
-1.225240823208504637e-01
2.586340559224822311e-01
-7.951877717628794140e-02
1.835179741994934222e-01
-2.312341271664363873e+00
-2.388965403417591560e+00
-1.254009601555979181e+00
-4.012551906586113160e-01
1.563986322536929097e-01
-6.012550664886112672e-01
-1.071505905927946145e+00
-1.492289491082390951e+00
-5.779491092064709123e-01
1.619935181769452948e-01
3.549469557622106919e-01
4.498519278701378354e-01
4.392405047133426388e-01
6.120809169515174508e-01
7.151286655807030934e-01
5.766970623103733207e-01
2.819553165639550607e-01
8.913560454776829622e-02
1.844173083354804632e+01
3.951279029577383195e+00
-9.518234908128447858e-01
3.531842547654446274e-01
1.474759811050846636e+00
-3.734600437681179219e-01
-3.789324845537994091e-01
-2.998196260681824585e-02
-3.561245155825023545e-01
6.130620045775706656e-02
5.156799851302206195e-01
5.331241850545511696e-01
3.559839244515633494e-01
4.403307898443910018e-01
6.570513321981983346e-01
3.498644314517220244e-01
-2.539627074391139772e-01
-4.395075666683718185e-01
-7.449574409741499537e-01
-9.146730672436317877e-02
-4.305125569790267948e-01
-7.792194551551836490e-01
-1.046086491150744147e+00
-5.475472633594624661e-01
-6.960078944527088307e-01
-1.035558121160554401e-01
-3.501259695161516028e-01
-3.203810154777076979e-01
1.694074341252190530e-01
3.509424857656039398e-01
2.157070329846425549e-01
2.003862970195402771e-01
9.755315018582579045e-02
-8.267139381648305752e-02
5.210917084559323065e-02
-1.836126028444838021e-01
-1.030824256853004384e+00
1.940095753285479493e-02
9.801311907898827350e-03
-7.555275455130989748e-01
-5.542995880665162467e-01
-6.733257627446748161e-02
-5.260106408118847554e-01
-5.805528108495926487e-01
-4.014227219902161692e-01
2.093740594799341492e-01
6.976173113842747409e-01
8.101271367459346173e-01
6.664747930252148400e-01
7.350509642023210777e-01
9.340580188234706149e-01
7.130009834743115116e-01
2.146653054941593530e-01
-1.814138866340009315e-01
5.398808165177932938e-01
6.814547151614819276e-01
7.746080270447047722e-01
-4.362219525856363828e-02
-1.342851651791378553e-01
3.628463253667679744e-01
9.504313363070600318e-02
4.195239787993498282e-01
-2.273625921834742103e-01
2.432678675034235738e+00
-3.109795508445628798e+00
-3.055630525909568185e+00
-4.729067337433413010e-01
1.337540504761502325e+00
1.608075582217625976e-01
-7.406315631745359618e-02
-3.217151241361123071e-01
-2.998436432307555188e-01
5.712397383221330394e+00
-7.236675151085625313e-01
-1.963719974641959132e+00
-9.407373900688831281e-01
5.032624509704055615e-01
2.695176295837420910e-01
1.064795689675431367e+00
9.118506349287688328e-01
5.357915247492467392e-01
1.262874043602168328e+01
1.974592066263773926e+00
-1.362632909342686549e+00
-1.157887001762945456e+00
3.006145284651386418e-01
-6.070768261453801662e-01
-6.023049881465708522e-01
-8.729631563896053104e-01
-1.761524294076742825e-01
-2.893919190806740538e+00
-2.826704549280301126e+00
-7.297165482374424750e-01
8.984942226553088718e-01
1.544927256034267726e+00
8.039038637431041856e-01
3.702563311242583199e-01
7.672368941842869772e-01
-8.724254175244898490e-02
-5.276729594700334536e-01
3.031591579405658599e-01
-3.456186440568847495e-01
-1.415986740494955765e+00
-1.665840550998152425e+00
-6.343888025160935307e-01
-1.460134529208725995e+00
-1.198125211230377518e+00
-5.469837852456648220e-01
3.075813381437103811e+00
-2.403114366312367078e+00
-2.441057774770131861e+00
-5.077534496908334138e-02
1.211769632039588762e+00
8.578906613505538070e-01
5.911889428122498735e-01
1.107515389423963104e+00
1.568380593523572009e-01
3.661864526345240400e-01
4.707608323138346984e-01
6.519426823743915689e-01
5.469331201047651358e-01
7.331078902354533078e-01
1.197810108201234014e+00
1.257730168195538567e-01
4.053928495314851888e-01
-3.091985320964855954e-02
-1.362732386191173095e+00
-4.800689026640496126e-01
-6.753023922435897886e-01
-1.038796593811000424e+00
-1.268481050896207440e+00
-6.377025286043352947e-01
-1.121454803948294998e+00
-3.333309993284309658e-01
-2.565133203236814596e-01
-1.917758755758480205e-01
-3.433135256963359971e-02
6.495040621439267525e-01
1.723531137367342314e-01
4.842144919751179694e-02
2.029064437076004979e-01
9.227627819666754938e-01
8.832115972979615037e-01
5.305033960391912773e-01
-3.314248199835652553e+00
-1.737341045333433698e+00
4.337011049327855194e-01
9.900510512154293563e-01
1.011835112707578199e+00
-1.530744446942608750e-01
-2.261036538780047955e-01
5.906379263132564839e-02
4.627125401096830043e-02
1.665973921591183515e+00
1.683442178451012516e+00
1.271988168854659706e+00
3.115389012524075740e-01
-1.374168904116586376e-01
3.638141742601163076e-01
8.141752333877352310e-01
1.077006771034234811e+00
3.915869773225036932e-01
7.445457362782677002e-01
1.049269658806275540e+00
1.262566533357827536e+00
1.251555283152082199e+00
1.442371869263099793e+00
1.512321559199626853e+00
6.237589533136971287e-01
3.201643318044785080e-01
9.356339507549737977e-02
7.070046740054784173e+00
2.969525090545928947e+00
-1.075280638609383610e+00
-9.010358744968137712e-01
1.347820359816506608e+00
-2.482717443096551790e-01
2.480589019203641166e-01
1.328524841486581343e-01
3.720796975218831348e-01
3.128690930208105070e-01
-1.192759557758515804e-01
-2.073338222180205748e-01
-6.784913247593021834e-01
-3.864678598687988353e-01
3.178043249632172551e-01
-7.814946728689699251e-02
2.712652945821387648e-02
-1.637154526553645240e-01
-1.126717759155912768e+00
-1.217495952096794010e-01
-3.347955315159093503e-01
-7.457978305217229931e-01
-1.041492276166794628e+00
-4.088413393238997107e-01
-1.891460036397570876e+00
-1.584631021736488510e+00
-8.463473095979870964e-01
-2.393981777344493977e+01
6.584943274197698315e+00
9.302209082754625546e-01
-7.599172895859810373e-01
7.986518547942199620e-01
-2.044766344165764305e-01
-7.626884795405637352e-01
-9.053362070470852840e-01
-6.982974960211646431e-01
-1.562261421523956917e-01
2.099950290596996061e-01
1.639746659496070513e-01
-5.396101384502430959e-02
-9.633895046272186735e-02
-1.405828389887975594e-01
-3.318527248399820717e-01
-2.249080981383136113e-01
-3.018417555440930933e-01
-3.671762876044538659e-01
1.399019537616689457e-01
1.470476210065354561e-01
-7.509625343132200759e-02
-9.702227851155999228e-02
3.382488012617382994e-02
1.114715977424777377e-01
8.059379547757375417e-02
-4.393518031123073153e-01
-7.577140178679891980e-01
-3.832241710700989845e-01
4.584878545384801773e-01
-2.076516732151088493e-03
-3.713899857238255053e-02
-1.962048440136862915e-01
-2.586872205793246948e-01
-6.948648120604683509e-02
-8.609915310797852661e-02
2.958917321799510169e-01
3.672237721325168902e-01
4.246216561972489534e-01
2.108754947064420404e-01
1.504868115788932370e-01
4.244819878670134244e-02
-4.300489040425240633e-02
-2.216174899037007262e-02
-7.918356740580556608e-02
-1.994737935886538693e+00
-4.946098278568456519e-01
4.354201866376409408e-02
-4.788986639404252954e-01
-5.263686433163587974e-01
-2.707658751347345460e-01
-1.087805257975106521e+00
-1.090859304551664355e+00
-4.152413529734114150e-01
-6.448211551607492265e-01
2.453134146857767206e-01
6.647482021560855436e-01
2.424220099083066460e-01
-5.454350324972256220e-02
-1.222114130053370135e-01
2.094984324974716872e-01
-1.698914884053316990e-02
-1.628988227467519645e-01
7.688365118642610796e-02
2.262128436606872239e-01
1.512693336095498331e-01
-5.990500354370602992e-02
-2.231703677398962429e-02
1.673950797571778781e-01
2.839723972598047208e-01
-5.048473530860167480e-02
-2.102922280875466066e-01
2.483859409754692049e-01
9.109958375095045247e-01
5.377911082783334296e-01
-6.024589241479908486e-01
-8.048414574920940145e-01
-4.213600924711513596e-01
-5.326405948829753684e-02
-1.381741838939399558e-01
-1.154298759010844860e-01
-1.241470404818627582e+00
-8.697501484152163620e-01
2.346164408078610653e-01
1.561620543666366046e-01
2.322162383673072594e-01
3.493787038969447070e-04
-3.606193722656009792e-01
-1.742421439171303321e-01
-2.117406609370972026e-01
-2.084699255397590267e+00
-1.548586042947227126e+00
-1.399992045330424387e-02
4.222863019061387502e-01
5.699192313836437540e-01
1.632536334817882573e-01
-2.927323800870242909e-01
-2.033094794618709455e-01
-3.111156370890195699e-01
-4.754353976509488877e-01
5.998678004779790518e-01
7.493528259863415641e-01
-1.001435069429271046e-01
-1.494162394142106998e-01
-7.658221316122899858e-02
-5.017298963848442206e-01
-7.359440831915574632e-01
-4.180172116541582827e-01
3.032627490483343416e-02
6.007494928010352897e-01
3.673152492123556989e-01
-3.405604406472252932e-01
-3.443805223062162413e-01
4.430527839745141971e-01
1.140185743036646326e-01
-3.012768068323169041e-02
-1.216020731911385960e-02
5.190065189698780834e+00
-2.448846048116620544e+00
-3.278711229727447662e+00
-7.812968245791347410e-01
1.556514012793970281e+00
-1.851330005930363620e-01
1.750181822943705501e-01
2.241068426760908505e-01
-2.922331085171182147e-02
5.519182712326637513e-02
1.213810947881751034e-01
1.313682185444624544e-03
-2.567073860463651158e-01
-2.535080438902591049e-01
-1.069112834197411266e-01
1.608062548787440593e-01
-1.269915233949354613e-02
-2.173717572191058156e-01
7.532555850512641982e+00
3.822337368756243969e-01
-1.660783621038906421e+00
-1.204642694256297331e+00
1.262105066356494776e-01
1.702442892573307331e-01
-4.398267837858737539e-01
-5.471453922489661892e-01
-7.337531449465003464e-01
-1.435121838063846411e-01
-6.195856762618497104e-02
6.322962206576339117e-01
1.836963302465280667e-01
1.096311136990956586e-01
9.138564692096225184e-02
2.913296987503081192e-01
4.123188582334085250e-01
2.601527432006588980e-01
-3.545065704869151957e-01
-5.382812075700198901e-02
1.917857948505561072e-01
-3.245113468346636637e-02
1.274966822698325730e-01
3.223354448606328693e-01
-2.501189531421036949e-01
1.320247703884540880e-01
1.517564900050591067e-02
3.436315130499624504e-02
1.168476228658917870e-01
3.795296279697561725e-02
-2.772600532259169581e-01
-3.693130212440633997e-01
-3.853348681016672272e-01
-8.962231964125440264e-02
6.457410835258357504e-03
-1.906977479987923274e-01
-6.489565502073408876e-01
-6.803342313261251384e-02
-7.735418685340218758e-02
-7.483559897672936723e-01
-6.020901180342089765e-01
-1.655369090799078124e-01
-2.390283866944063751e-01
-2.859138091694366501e-01
-1.871063101126540715e-02
1.062190187516355078e+00
7.647283183235629167e-01
4.959823326508672192e-01
-2.560555232248944990e-01
-3.811744403723794639e-01
-1.757464959867106880e-02
3.082535118610961189e-01
3.548512329543145327e-01
2.809989255265782915e-01
-1.066788605494216613e+00
-1.606771165646592836e+00
-3.319483290613447490e-01
5.744984658758075513e-01
5.241955386982849463e-01
-4.812372472364756515e-01
-6.988012844350585152e-03
3.072528542033294285e-01
3.005767324911710892e-02
2.235331853861839690e-01
3.337947966764573393e-01
8.332407147778470025e-01
1.046114943516703727e-01
-8.146327896801720814e-02
-1.099445795052118174e-01
-1.402613160237492496e-01
1.481886527880466910e-02
-1.119803987300837106e-01
-7.490971690084825774e+00
6.659125220526644462e+00
-1.182584492452181335e+00
-1.408911119186223804e+00
-1.432783836882027595e+00
-2.755512218942341440e-01
-1.808238821605209878e+00
-1.737374330143740320e+00
-9.129627206099002468e-01
-1.245576777725467960e-01
1.345007699484904173e-01
1.313163520201380552e-01
-1.286459018695005618e-01
-1.558861899687334351e-01
-3.928067605692127373e-02
8.973408903298847605e-02
7.198382594951428792e-02
-3.021856267278997255e-01
-1.136596827063305781e+01
7.990440937202922811e+00
-1.348806158136893085e+00
-3.811531440067794096e-01
2.239416869250623610e-01
5.937544200992470600e-01
5.015065343484190752e-01
7.211102694677186120e-01
1.488257070404855609e-01
5.276447741186924834e-01
5.357196524615317479e-01
4.338157157523677698e-01
-2.454078545312573800e-01
-1.751571855654768251e-01
4.724993785150814474e-01
1.510290383326334113e-02
3.600337823663779524e-01
4.625271925625602798e-02
-1.326890137534612712e+00
-1.132466864896494840e+00
-2.737683407648810463e-01
2.187848746023386779e-03
7.400549809498055409e-02
-5.599505120245018563e-01
5.017115500992801458e-01
-4.452886541029761613e-02
2.061366628235717507e-02
1.228070479308944890e-01
2.386251503209276537e-01
2.863146052361081328e-01
1.681336465363751087e-01
1.694207617411774280e-01
3.591868695590915150e-01
4.931464013604637819e-01
3.142201813910823760e-01
5.302143651227388121e-02
-3.944547978121760168e-01
2.406466904304908339e-01
3.069915563049102070e-01
1.071714723083688620e-01
4.702248954881593085e-02
1.608930534896721443e-01
-7.259993045878501694e-02
-4.468769231287385291e-02
-2.296408999713763777e-01
2.693739356941798890e-01
6.665118962871126040e-01
7.858583641945398046e-01
6.292251908040499275e-01
7.500796650126737575e-01
9.874111492753883113e-01
2.570489905927972885e-01
-1.843265615028850113e-01
8.658271537546835539e-02
-5.988189660881573229e-01
2.097327849333139038e-01
4.770274340340431851e-01
1.265459264504955605e-01
3.175730217541075651e-01
5.564484363934312228e-01
-2.076595164562246021e-01
-4.302223928817094228e-02
3.521067981236616351e-01
9.566075678043599595e+00
8.359014299814805371e-01
-1.585781424777113813e+00
-8.906266712374778516e-01
4.947374806324110752e-01
-8.364116640079025111e-02
9.169487687782325036e-01
8.633282254209153628e-01
6.368525765755861379e-01
-3.698292333296183676e-01
-1.533781863576781368e-01
-2.056192888258098206e-01
-3.413166190215083384e-01
-3.307365426693213428e-01
-1.993047358229804167e-01
-1.721699135851225693e-01
-2.465824378015693888e-02
-3.421961555648996706e-02
-1.933804227349553528e+01
3.804180900601826565e+00
-3.609212500001487189e+00
-1.086739469765281907e+00
5.765798729062489025e-01
6.895375955898852549e-01
-2.037548377062473881e-01
-8.598301778529104933e-03
1.857970944666828828e-01
1.085708987300237638e+01
2.132362663672027203e+00
-9.751765456847481806e-02
6.342784361460878095e-01
8.853942605802079813e-01
-1.339284740771512494e+00
1.092744034205110348e-01
7.639621951849528969e-02
-1.051325325029104328e-02
1.923849411756943517e-01
-1.898801850406448000e-02
-1.465752296050036874e-01
-3.184062729634805633e-01
-2.700638625316263419e-01
-1.470535527099453843e-01
1.998134462093985597e-01
1.323824209317853717e-01
1.793239155474242730e-01
-2.415463779607016193e+01
4.591415581760831977e+00
-1.000737021379592306e+00
9.596469143242595257e-01
1.841023650885627028e+00
-2.311397020081647560e-02
-3.294969850006550516e-01
-2.735915880952265178e-02
2.718222285982153236e-02
-9.268236862556139544e-02
4.726042771112358432e-02
1.560346607648867845e-01
-7.852802003029639780e-03
-3.125477038329951135e-02
-1.021193143678470333e-01
-4.419520316003962279e-03
8.278845748825117146e-02
6.524722934077212266e-02
2.249216631850687875e+01
6.022189814128846574e-01
-5.343289054390524484e+00
-1.748644721364389198e+00
6.200716143516532552e-01
8.351415620561075670e-01
-4.142028595026375215e-01
-8.220327377550284975e-02
-1.033757900978737321e-01
3.925470587091402397e+00
-2.915884548570066404e+00
-3.034660701647809766e+00
-1.075263435420441782e+00
4.964317398022159433e-01
-2.349584145396914070e-01
4.087391554257205906e-01
2.997973769917299247e-01
6.167839586635341931e-01
2.545233857515649678e+00
-2.728917958445821856e+00
-1.873383927101792690e+00
6.517276391530975044e-01
1.911114591164138510e+00
5.653692194182623892e-02
2.468203204950876126e-02
2.365218137551987898e-01
5.828139075360337304e-03
8.026414196128025536e-01
3.298716171958504528e-01
1.258604499436807023e-01
-3.420118510709593274e-01
-2.099567781076771833e-01
4.840152662995456656e-01
5.252114442575841480e-01
5.690224510135096780e-01
6.074264658074073342e-01
-5.188351313683602362e-01
-3.113141309013879310e-01
4.482080467787000755e-01
4.256783023528944443e-01
4.664236031891744183e-02
-5.563784511985755410e-01
-2.055158638444275210e-02
-2.288589244327216277e-01
1.354141813842328450e-02
-1.387845592522049465e+01
6.485643090600667016e+00
-2.647786127660353817e+00
-8.767170208323321612e-01
-2.073053698080492765e-02
4.305913197799093872e-01
2.009540676248901536e-01
3.166819474257654421e-01
3.521246774046300487e-01
-8.077927354143939198e-02
5.873764513576747864e-02
5.918104590030633105e-02
-7.971310479300341978e-02
-9.349895209603935331e-02
8.055194955634967235e-02
2.863688215943024362e-01
2.587057430132048697e-01
1.761118011894804436e-01
-1.679619538901334364e-01
-4.904249167699540300e-03
-1.015442159332360650e-01
-3.143866055285573502e-01
-3.040191591331078969e-01
-1.273174517646405435e-01
1.066005332532059813e-01
3.599713077182317700e-02
-2.194114150036502106e-02
1.255446349697105501e-01
5.151737390904514990e-02
3.067908599868418226e-02
-4.695043846474744598e-01
-1.739641677127501118e-01
4.713466834621527490e-01
2.216271832889487453e-02
5.783917670915537934e-02
4.810725514023708738e-02
-1.820344887188249661e-01
4.947834001494650913e-01
5.179902347062187440e-01
-1.929903886102861954e-01
-4.619580175737157957e-01
2.229785081895850098e-03
1.413722214413715428e-01
-6.990506777674722338e-02
2.205769060093629164e-01
-1.231516880886988652e+01
2.879404170709344957e+00
-2.832778194827992202e+00
-9.930179721295055995e-01
-3.874607687459367122e-01
6.035983985146551323e-01
3.813167324588359053e-01
5.450497996716873184e-01
2.388101620424220028e-01
-3.923208566958850119e-01
-1.535941138181250887e+00
-4.662849186398615453e-01
3.106687483215254120e-01
2.551009488629169542e-01
-8.207236535244178954e-01
-6.122184476159878846e-02
-2.594316550326636328e-01
-4.183191435319495027e-02
-3.090233183092545022e-01
-3.067140000380486065e-01
-3.425997620744715699e-01
-4.221783905135090276e-01
-3.831889497857531302e-01
-4.127727697705666499e-01
7.439327181270480316e-02
2.102343525857626183e-01
4.446905242760349486e-01
-1.403205251629812356e+00
-7.770644257081015249e-01
1.739416115664420281e-01
-2.065781963614891359e-01
-2.655527397180381111e-01
-3.539575717191345561e-01
-3.116965771284716316e-02
-6.021601147561294470e-02
2.217338882169285208e-01
-1.512841112792427278e+00
-1.710233313793774856e+00
-3.535813820681949493e-01
6.676548206289092402e-01
6.456476729134921211e-01
-1.582152183976981707e-01
3.176903440029869574e-01
6.472878471415954849e-01
4.858272867004129192e-01
4.828800911010004970e-01
3.798231550845910798e-01
7.877031884879908130e-01
1.324384107847696446e-01
-1.859360558851499423e-01
-2.335148396188058695e-01
-1.455645969851316335e-01
-2.350894847002979460e-01
3.416298773734167266e-02
-2.221748209215782810e-01
-3.227589187108237390e-02
2.578896836514840696e-02
-1.436980709278066481e-01
-1.841364716032937998e-01
-3.692830058597876795e-03
-3.851653126644866143e-02
3.176309154449248606e-02
7.719825909439541334e-02
-1.995845838114300996e-01
-6.176541029853543918e-01
-7.327819962391479702e-01
-7.728876777745168347e-01
-5.152853684443772231e-01
1.252242300582588064e-01
-5.144870881063431933e-02
1.823627897298530087e-01
4.208189450239451790e-01
-2.089790838869406697e-01
-2.982665905664281247e-01
-1.821320715034714099e-01
-3.707672424763159835e-01
-2.957487894461092170e-01
-2.178435414796989766e-01
-3.006438566443626059e-01
6.395288318966294017e-02
5.376736883290327285e-01
9.513348919959814520e-02
6.721234112262282345e-02
1.631803934062445727e-01
7.739725198758048985e-02
5.481511134897765203e-02
-7.222342007935138308e-02
-1.243302569087298137e-01
6.791613895502413012e-02
3.297494082336538401e-01
-2.428370478333194693e-01
4.640534005259640271e-02
2.150621678743828979e-01
3.398069681920741492e-02
6.320260822068533846e-02
2.509742588957548093e-01
1.533192709614598082e-01
8.388546374771739533e-02
8.375557428298595342e-02
-2.017985831816199749e+01
2.253859403662635597e+00
-3.525083083986439991e-01
-1.465677211851270201e+00
3.212429227811705590e-01
-7.345576219616289926e-01
6.387961711148496535e-01
9.318247469029441454e-01
7.072150788973636804e-01
-7.020308980631884133e-02
-5.329743205326700067e-02
-3.949810897870701526e-02
-2.139012907810045883e-01
-2.826928861671104687e-01
-1.331542755826764790e-01
1.955608823787795270e-02
1.212117911867940795e-01
3.597050922820125840e-01
8.463957623000721575e-02
1.102388165299331979e-01
3.148513466585434878e-02
-5.028780377860876394e-01
-2.688501318499355586e-01
2.805034176681936442e-01
-1.548006182812161069e-01
-8.953391209170005749e-02
2.961223464195832933e-01
1.584458964742091958e+01
1.216555115674110843e-01
-5.843694022963401125e+00
-2.850207031394414781e+00
-7.689471169420691865e-01
7.029503255150901797e-01
-2.588032016848036410e-01
1.403831812024085024e-01
6.038102267679913010e-02
-1.772654399196555985e+01
3.600748801053903048e+00
-4.060116101835306246e+00
-2.438873193204472045e+00
-7.827302589775414488e-01
6.422548488375587894e-01
-3.191957973585840547e-01
-8.666180638818395121e-02
1.814180096893812377e-01
-1.973959286604656072e+01
3.657956317125328649e+00
-2.966010798117943104e+00
-8.607975495269342137e-01
-2.644166489300783240e-01
-4.280190157500844972e-01
-3.783176284491817087e-01
-2.159762518815094845e-01
1.474917624493475299e-01
-2.259014065806301819e+00
-1.890278499563057490e+00
-6.404870464904875993e-01
-3.372148528417839852e-01
-3.098418824755510073e-02
9.264949040206388320e-02
3.459803925074512176e-01
1.988361676023102376e-01
5.598360604347092373e-01
-2.532886423985183932e-01
-1.198046314400239981e-01
-7.466132439892708694e-02
-2.378996243331593929e-01
-2.753777981340684855e-01
-1.255564708707314625e-01
-9.369577994142135047e-02
6.852133449209107940e-02
4.486989202329737525e-01
-1.786103432995810036e-02
1.561649154105491238e-02
-5.386702612835289616e-02
-2.651792748787275555e-01
-2.329074622627435309e-01
-6.626814023914745500e-02
-6.756379292556052157e-03
-1.075365693880011714e-01
5.099292367786464331e-01
-2.706275636355726655e-01
-5.019753776568641745e-01
1.910636971546975094e-01
-2.556548495592322889e-02
4.837034339750697493e-02
1.017555555499863040e-01
1.724626130771559906e-01
1.400630650428686119e-01
5.391331367495210136e-01
2.014702097714351492e-01
-4.750809638804716073e-01
-5.093142027119149651e-01
-4.321844375300962215e-01
-6.724255615210633641e-02
4.136760323721474508e-01
-2.815429666042178480e-01
1.482942572456994595e-02
6.971188734755586758e-01
-2.985119778817087455e-01
1.556880316459325342e-01
3.469362337693735476e-01
1.885238011560123050e-01
1.654964433040951310e-01
4.005131001566743509e-01
1.822583354299723846e-01
2.500413746854788233e-01
5.171986616630179778e-01
-5.816110615937947897e-02
1.407609633575726826e-01
1.447346499961476018e-01
-2.284636085859737681e-02
1.150370339210217939e-02
1.809819689081087757e-01
2.521114086955800540e-02
-1.136378286021949291e-01
3.771996051744997969e-01
-2.089573007859610243e+01
6.632613751763316579e+00
-6.830172146276837497e-02
9.388862579386442198e-01
7.878011917525451491e-01
-2.797081549529593647e-01
1.696243483971803662e-02
2.062390157434309534e-01
1.605591681272041937e-01
1.240374209701725761e+01
2.382838683742499519e+00
-1.354338804089083061e-02
6.978233227033762143e-01
1.376700725246916779e+00
-4.803517090700340497e-01
-7.070537739465777571e-01
-3.691158878600971360e-01
-8.163423466219552060e-02
-3.674278357566734265e-01
-1.445841557579629066e-01
-4.804815867587882566e-02
-5.400403468160031029e-01
-3.681758955749842577e-01
2.566334759584307790e-01
-2.630076003227593828e-01
-5.136126993558016995e-02
6.059980446656462183e-01
-1.873478259886558916e+01
8.253429883139274281e+00
3.547168741676428039e-01
-7.476359423850207353e-01
-1.829100861206898743e-01
-9.696697179088219487e-01
-1.696076029630322612e-01
2.939780332556938824e-01
3.875651527416612563e-01
-8.252227309754518458e-01
-4.380666181029511663e-01
-5.553354243287610403e-01
-6.525057730057691741e-01
-4.587331126520457492e-01
-2.686455163381223227e-02
5.814248398817458696e-01
3.985493403567136328e-01
7.442731619937650311e-01
7.303069555210534025e-02
-6.356119023848395833e-02
-2.159855176585639622e-02
-1.005070977719552672e-01
2.747700910918304817e-02
1.227993268483933836e-01
-4.234905387050808545e-01
-8.116649829208080758e-02
5.366048881315936825e-01
9.967474593330278410e+00
1.863444042244106313e+00
-2.672233244680266573e-01
4.259889579571978779e-01
1.014127215858654729e+00
-7.776327648866310227e-01
-2.799604495611207611e-01
1.660729582602335774e-01
2.461696326305915505e-01
1.153570195123668540e+01
-2.060310128146863873e-01
-2.917905574032934268e+00
-5.306240388571795696e-01
4.459581841372403099e-01
5.998795318626160000e-02
-2.568325232799886226e-01
-2.087906404253379866e-01
1.482213944073138556e-01
-1.911493620459628451e+00
-7.761970641100655044e-01
2.179817602073003124e-01
1.318937580624270911e-01
2.096016440960262461e-01
-7.664513745393340960e-01
5.207205430643117028e-01
4.769400425059941995e-01
7.873618054469263550e-01
2.724020134202060350e-01
-4.550396971460220902e-02
-1.198694348539806609e-01
-7.701896959314348534e-02
4.866207304725831545e-02
-1.654451079051105777e-02
3.151609295696957032e-03
1.130084531798198205e-01
5.066867014781265555e-01
1.126105611884721525e-01
1.270013758327036157e+01
3.257287478330064823e-01
-2.215663972491177525e+00
-1.380189432497870294e+00
2.722138549845043443e-01
1.813634662852086632e-01
4.647882125225442085e-01
3.901244285583037041e-01
-4.257108725462995236e-01
-6.001803729697607892e-01
-6.973957706198656570e-02
-2.742552849563902329e-01
-2.704832788845742408e-01
-1.376886061746291912e-01
4.902062613523214818e-01
4.319149353058663876e-01
9.232933677718987431e-01
-5.204635614993130543e-01
-1.918546388254311230e+00
-7.183713235314862500e-01
4.485096105599327143e-01
6.267939597917027150e-01
-2.941743761565264736e-01
7.958797874123865745e-02
-1.990107143664963940e-01
1.607533056752983858e-01
2.956391021264239902e-02
2.629684045908903256e-01
4.270049813773331149e-01
-3.753142598384108797e-01
-3.851972212237503856e-01
-7.543192913698842927e-02
1.271579838071341950e-01
-3.076464758387897902e-01
1.008084455331802361e-02
-3.290636633310619885e+01
2.144188973771526729e+00
-1.949451696735561956e+00
-1.259480378548160528e+00
5.005737922762193426e-02
-1.123917895699908520e+00
-4.879395084960613249e-01
-1.061628833318215837e-01
-2.686749154923226413e-02
5.636842289666962325e-01
6.559528691793583555e-01
7.279514210806790064e-01
6.936493697434610306e-01
8.219466216305910677e-01
6.942567935110709465e-01
3.241463888297173024e-01
6.418832456640415352e-01
7.840492621930670314e-01
-1.317997424059964007e-01
-1.047319503439219229e-01
-1.248133952962202260e-02
-3.192490381413302658e-01
3.458831799236060378e-02
5.974995821463076062e-01
-6.004696796669434233e-02
-1.574886662798072670e-02
1.786328333304846305e-01
-1.211213861674825942e+01
4.860561337497960821e+00
-1.800059020218034656e+00
-1.171138474509397120e+00
3.799332622388952307e-01
1.213745655496271558e+00
-1.684687104317642847e-01
3.096525735691506021e-01
1.087903083451186581e-01
-2.112229854183031719e-01
-2.630076751553173109e-02
4.121211197787404967e-01
-2.901133405562107970e-01
-2.838931562483720805e-01
-7.311455477727064889e-02
2.075792278983078498e-01
3.391626906471550268e-02
3.669438521443510459e-02
-4.766478503521523358e+00
9.685255844883775111e+00
-9.560324901939959430e-01
-1.013022183232826112e+00
3.146253505012223117e-01
4.985076555979294222e-01
-4.523643842688256922e-01
-1.855524771456340538e-01
-6.626387284095854036e-02
-6.939657614553522702e-01
-8.333195093591524993e-02
-4.035055786904955255e-01
-7.963176362556555477e-01
-1.088550312414274357e+00
-4.892504629590030962e-01
5.258088531200629800e-01
1.027562810494688117e+00
8.210655173119970618e-01
2.526645652449683449e-02
6.116234807994905265e-02
2.427649749257903555e-01
2.448631518589944600e-01
3.154526542803059996e-01
2.619365403691276128e-01
3.698077173307381255e-02
7.338978271474153048e-02
1.522995032385113245e-01
-1.081070610176712576e-02
3.492275615687140400e-01
2.251328713921596780e-01
7.796068846387184392e-02
-8.597526545044832658e-02
1.040763667830985201e-01
7.602265406182630025e-01
9.294785970969067224e-01
8.379530887309926124e-01
-2.993903708269122707e-02
3.821820225679461308e-02
1.254050713167273734e-01
-2.358278144014344657e-02
-3.884383273573942946e-02
1.252333429115203844e-01
6.929717555567063009e-03
-1.653245769778548951e-02
1.302412267894079712e-01
1.664015633317363074e-01
6.808328292352308075e-01
3.545842609711850613e-01
-1.240094253636579158e-01
1.700765321324194598e-02
-3.305118406005291831e-01
5.690543894234439959e-01
5.991216602833093763e-01
6.341493662327598591e-01
2.591504275345601210e-02
3.343045647935251607e-01
1.084482514723572821e+00
1.073476314925848829e+00
7.356869742433379544e-01
3.896799329119106092e-01
2.563942392719082974e-01
3.132301422336073449e-01
4.830178522026628563e-01
2.246699769489510778e-01
-7.100139028680405029e-02
-8.828631654148763608e-02
-1.540707467593621927e-01
-8.501369748747844568e-02
-1.097557562663981079e-01
-1.809637851384288676e-01
-3.399017190019018586e-01
-1.784536605631950254e-02
-4.215847386122753560e-01
9.295082930568793547e-03
9.480731507166588745e-01
1.310454731850121624e+00
1.074410901584406330e+00
6.246773059705434950e-01
3.666348260970881401e-01
4.153590237388192774e-01
5.467728006057293033e-01
-4.998181763714255599e-01
-1.262118211601055140e-01
1.678208424007615884e-01
-8.869915139002602922e-02
9.591112710920257634e-02
5.727829932653569767e-01
3.488700114938986796e-01
3.330674427523774295e-01
5.805007557123520456e-01
2.223517098164748962e-01
5.121231878357488387e-01
5.946591300683153891e-01
3.618541482160329142e-02
-6.027449624278016262e-03
1.074700924725797702e-01
1.923871872257550686e-01
7.573045481981971472e-02
2.141817432734161586e-01
-2.190781516774985005e-01
-1.023055450864198967e-01
-1.795246226994851035e-01
-3.227019641470014744e-01
-2.596105563636337266e-01
-2.461563937516979272e-01
-4.753383246815759966e-01
-1.237216365907261584e-01
2.219389200661013029e-01
-1.358821705480090847e+00
-5.217606943744191872e-01
1.054057537145586254e-01
-1.149660829814603824e-01
-2.773384292434676324e-01
-4.687328886041137177e-01
9.983563123232519487e-01
1.043815880881352021e+00
8.166388710929700645e-01
3.500397759087212762e-02
6.817889557498710111e-03
-3.748242520934486760e-02
-2.068297335503270773e-01
-1.600031414625927018e-01
-6.409482939101925070e-02
-2.405715466607663278e-01
-7.542808381315044275e-02
1.939655305431149113e-01
-1.396513539013186367e-01
-1.533225853247820736e-01
-8.140016167808915293e-02
-6.452802765283282005e-01
-4.308760762453921478e-01
9.632569127752985128e-02
-1.302953515982173405e-01
-2.637559437057995781e-01
8.764456309459910111e-02
-1.513544743784902114e+00
-3.216433736982288849e+00
-1.804737683993714148e+00
2.605357339432729999e-02
5.582179059606483529e-01
-3.083757820288394735e-01
-2.182657809529104931e-01
-3.735737098732961337e-01
2.168401731766579632e-02
4.139104107238947172e+00
-1.167748243821690624e+00
-1.234254120170996227e+00
2.618133134183834310e-01
8.578682385937540511e-01
-4.087926098295739941e-01
1.824511805563236999e-01
-6.927591065729227227e-02
2.529495534017333486e-02
4.251788647855684333e-01
7.229231213645187504e-02
1.195154431804501399e-01
6.567076699064264278e-02
1.065000116567624000e-01
1.741113961313770775e-01
-1.592773878408581256e-01
5.505897680242050063e-02
1.666440377819086438e-01
-2.010276894329179609e-01
9.632508267434329585e-02
7.531183468666149960e-02
-1.171625594453693936e-01
-1.105346867762945912e-01
-1.003813830658193962e-01
-2.679158386466132802e-01
-3.075558662104605490e-01
1.588951433002236055e-02
-1.721666540763329700e-01
-7.022564558499509724e-02
-3.334741084628227437e-02
-1.813944396206264575e-01
-1.803667393379434492e-01
-5.798184486572533630e-02
-1.028995040544318645e-01
-1.280632107919876805e-01
9.215073325044202332e-03
-8.711294520243530570e+00
7.887488354618523267e+00
4.816599796878800355e+00
1.170662395921388210e+00
6.154848620544561832e-01
-1.067005125958482431e-01
5.035975238697916190e-01
1.476868301316420773e-01
5.130867701938426340e-01
5.872303188429098819e-01
-2.062735682221506217e-01
2.470178566694139766e-01
4.851087796564366311e-02
3.163461001772195635e-02
-9.227465575549943788e-02
6.271838174551065508e-03
-2.527982015937040305e-01
-1.246901155807649160e-02
-2.037569592416381137e-01
-3.161754506509580898e-01
-4.291535977165257254e-01
-5.812993258257415086e-01
-5.746065072472855695e-01
-5.459987714858542951e-01
-4.001806641513878660e-01
-2.972438030028569655e-01
-9.650891967576386010e-02
-2.162620573473115482e-01
7.468623645635369401e-02
-2.187978422819645552e-01
-6.710006389747570354e-01
-7.761507446331176174e-01
1.015771477050234906e-01
6.565906211897093447e-01
7.303690700693185045e-01
5.380630007102945589e-01
-1.387196821557126647e+00
-1.720017066740086031e+00
-3.464842557291663572e-01
5.155973513134604058e-01
6.898703884230030781e-01
-8.547034818004941581e-01
2.936690266303372265e-01
-3.080877534180914441e-03
2.187357574636974653e-02
4.356245033766785735e-01
1.258558387475927354e-01
3.574976201374242546e-01
2.730475361851100735e-01
3.651869363642893385e-01
1.174625239222765009e-02
-2.190724862497980541e-01
5.322764667891027174e-02
2.012430888859814415e-01
5.906609677492761223e-01
4.922536514910017535e-01
2.225738489306782752e-01
-2.797538634019283155e-01
-2.680704291338185108e-01
3.286049082443836533e-01
4.486841548671119395e-02
3.601342840346610091e-02
2.401824082837474006e-01
1.621742434375176289e+00
8.298278439656882055e-01
8.441659313026794731e-01
3.216244038676005501e-01
2.535413922072718429e-01
2.724549682856624577e-01
5.641988305259644232e-01
4.192156098343597370e-01
4.027742253966763442e-01
-2.028367545230132241e-01
8.350318528294245368e+00
-7.209352403130904197e-01
-1.032395826397009442e+00
1.822450615120282114e-01
7.586256265910303886e-01
-2.023084184493908477e-01
-1.356498977147304053e-01
-9.502204857897862678e-02
-3.540188819088936789e+00
1.009495805314093708e+01
-1.564527607215709493e+00
-1.332002018523636311e+00
2.827324519308224149e-01
9.795385859567674602e-01
-4.083542477944170912e-01
-1.647815312004420607e-01
-1.147718224143128990e-01
-5.468451791791596461e-01
-6.782110506160433927e-02
-6.793946552122202831e-02
-2.266180041738280193e-01
-1.406655911110556156e-01
-4.936720086306036620e-02
-1.648852603333506306e-01
1.287448762178145523e-01
1.140829150587945318e-01
1.608046937722390934e+00
4.367003644876597535e-01
2.648256275657400183e-01
-3.091296938001203976e-01
4.313941736406786548e-02
2.268804893078402996e-01
1.108487727264334088e+00
8.238255753047353247e-01
5.066390549442658653e-01
-1.319058839195542898e+00
-1.070411946579119977e+00
2.686342943538154726e-01
6.773490402708280955e-01
6.153199143704577434e-01
-6.237399595842508804e-01
-2.893682143952110430e-01
-2.375885838749042522e-01
-7.721297844855118386e-02
-2.154230116129396411e-01
5.996545229122533099e-02
2.454494216288609920e-01
4.595332074830054542e-02
2.767611181236710460e-01
3.812592381013163445e-01
-1.317290167580315030e-01
-2.441330646483343136e-02
1.305694255241524326e-01
5.702950541457428635e+00
-2.198853760231882504e+00
-3.080547327200727104e+00
-6.737598533179440796e-01
5.682841865716714569e-01
2.841874653019150210e-01
-1.544787904201148088e-01
-1.800886303346014017e-01
-1.334486983412929741e-02
-1.293442063555100274e+00
-1.435115273501148536e-01
3.937076078183224248e-02
3.767133993053931821e-03
2.857113526148467031e-01
2.986733542172599343e-01
-1.021534835632451066e-01
3.162118626860071502e-01
2.829400465228637529e-01
3.722812096200722731e-01
3.067196636245270724e-01
2.236736266307073617e-01
-2.916185849408733932e-01
-2.532827057656682479e-01
2.678559487058857630e-02
-7.444485513243335670e-03
-1.639679073942230947e-01
-9.310467108850066509e-02
-7.053498242474502689e-02
-1.655372704389479199e-01
-1.005023623860875626e-01
-4.614520872241636429e-01
-1.789866463271769792e-01
2.407762248475729672e-01
-1.596257941093715549e-01
-1.994474441458151948e-01
-2.207347813830604424e-02
2.099959203466275959e+00
-3.120564181644807533e+01
2.250241521219493279e+00
-6.431594050132821705e-01
-4.106572766068170011e-01
2.062226645547284576e-01
4.971828435107586985e-01
-9.735792767985900625e-03
3.709037866403200323e-01
1.762822008546909069e+00
1.272298982808061396e+01
4.213328482542132991e-01
-1.566894046134155616e+00
-6.515029134935429456e-01
4.744865602323031228e-01
-3.003704846277855528e-02
1.826217744067000492e-01
7.016133626395669454e-02
7.572172029150050498e-01
1.873792532073086381e-01
4.910551703297985626e-01
-4.829267088652045709e-02
-1.321522646371924015e-01
-3.269748046432791044e-01
-1.361992794368404591e-01
-2.857590259854594361e-01
-2.040611873461808390e-01
4.256512436872021410e-01
2.104802685664817485e-01
5.204232331367474734e-02
-4.069309909571017791e-01
-2.320569649349890351e-01
2.722323426594433493e-01
3.937918330092372160e-02
7.109617923045533083e-02
-3.254260903684722678e-02
-1.380289105768095215e-01
1.281609956392627814e-01
1.857255391270648814e-01
2.444149832186712223e-02
3.941736762932498972e-02
1.533130230079006451e-01
-3.607383525815011788e-02
-7.436834107097428648e-02
-4.362382431285907747e-02
-3.142456167085218299e-02
-2.059409689634343898e-01
-1.728649303392436609e-01
-4.587716868192762143e-01
-3.000230919000803631e-01
-7.881429874261763890e-02
-6.710631301510988633e-01
-4.346467754996822808e-01
-9.559769488453084829e-02
2.987499028884935126e-01
-3.008537837626527045e-01
-4.346064947153901493e-03
-4.599259229542729810e-01
-4.779477783377626965e-01
-1.990059265220447682e-01
5.228315934915174212e-01
1.684138903401748988e-01
1.768697504960907163e-01
-1.774202488089795082e+01
8.250787773831710581e+00
6.921253545946963737e-01
-5.742887364783433313e-01
1.250596592910083737e-01
-9.613087650989334820e-01
4.553833452313055252e-03
2.715799732278187939e-01
2.568552043246983066e-02
-4.001270631751265405e+00
-3.012170593685405606e+01
5.864183912034983237e+00
1.481786496648141105e+00
9.558868195478991137e-01
-4.850522153551023452e-02
4.184725719858287674e-01
1.547071348173836292e-01
2.907708178880205607e-01
1.905194757479092837e+00
1.474433625837230721e+01
2.207040877327738126e+00
-1.034644599925202524e+00
-4.544698337415455924e-01
2.993858166588506120e-01
4.232873800249936092e-01
-7.139048389387515903e-02
3.019949267403302384e-01
1.194884684052933022e+00
2.513309561079709042e-01
2.887325271498809576e-01
-2.862088194115850956e-02
1.135106784205447833e-01
2.995545542745154388e-01
6.536976159717973189e-01
4.237284192685350503e-01
4.270300385046787994e-01
-1.372019057282978238e-01
-2.437408818100458563e-01
2.608914880113678003e-01
-2.705318126333011719e-01
-2.540376576322845859e-01
-2.784247855882729383e-01
7.257503525722035220e-02
-1.231808520567981846e-01
-1.443857700009730793e-01
5.890955650317827308e-01
-9.823186720966263774e-01
-3.439141747624497869e-01
-2.613954913352674672e-02
3.877801377386065895e-01
1.224537565949531531e-01
-3.705433732983945960e-01
-4.992264663935100377e-01
-2.824369744365921586e-01
-9.583605489289523938e-01
-5.618080175602010312e-02
-5.764343413895478552e-01
-7.889634461637650142e-01
-5.081903749665870329e-01
-5.776909538575559777e-01
3.078462729023566380e-02
1.197260685401086711e-01
1.503290203737148167e-01
-3.300947910228212434e-01
-4.283403014586857349e-01
-4.756051403644250275e-01
-4.776472398620541515e-01
-3.703253578949060598e-01
-4.059386670557397214e-01
-1.940983408150417644e-01
-2.298591381706696357e-01
-2.558720565445424255e-01
1.228927120819925500e+00
6.702769079152453013e-01
8.103113832549190265e-01
5.057930527970200957e-02
-1.789137644972776942e-01
-4.177264121345949377e-01
-8.651929990914787594e-02
-2.528645089340352259e-01
-2.496560538004608254e-01
-1.382952747059483789e+00
-2.420602652896329254e-01
1.287879357977033956e-01
-2.367116401719346341e-01
-2.527666413924136157e-01
-5.051250952586716636e-01
-2.227798409946591951e-01
-7.209364612231158875e-02
-4.461506282977828475e-02
8.553707378791762517e-02
1.797206204881025837e-01
2.307019929243476208e-01
2.210373268112998321e-02
7.886893165970200459e-02
2.036239437524791362e-01
6.440779229581247711e-02
1.387831396861337885e-01
1.348587102061754861e-01
-7.473160667702970217e-02
-1.661575746889038807e-01
1.758216020172747862e-01
-5.529807982447229042e-01
-5.265678485271911846e-01
-2.056687770229352341e-01
3.928550215385570032e-01
8.105989178433033182e-02
-2.963943804932204010e-02
-3.307601868111387788e-01
-1.114535704073993244e-01
2.702433463058355190e-01
-1.338877221353029501e-01
-4.059627886111920603e-01
-4.423949106551753885e-01
-4.650833671897671717e-01
-4.660292722496416351e-01
-2.300442348628521649e-01
-4.161386859648336101e-01
-3.561146981905321390e-02
-2.304275288176960979e-01
-3.879447032327797418e-01
-3.751457988808580835e-01
-1.747832973307857918e-01
3.008706261349934352e-01
1.591150094601469500e-01
9.746529885085514211e-02
1.547284449588363364e-01
-6.145029680402783884e-02
-3.320372290495535866e-02
-1.336408483215111853e-01
-1.263132940713581065e-01
-5.646628108906166787e-02
-2.216248592505432879e-01
-1.782683655439972759e-01
-1.770506943174399161e-01
5.417432705966797324e-02
4.906496109064990563e-01
9.824920068052648281e-01
6.812056685734884098e-01
4.135757064650159021e-01
-1.781805300728182551e-01
-3.940870512166244621e-01
-2.648149053542117604e-01
-1.387916110672324788e-01
1.285848058634715230e+01
6.106520563719078365e-02
-3.529729506571593678e+00
-2.535971077300830157e+00
-1.187284264773928566e+00
-1.537697046025303105e-01
7.616609746978583173e-01
2.521527021485154840e-01
2.687231719801712049e-01
1.111971071023971414e+00
3.814479257939101253e-01
6.422646024124267772e-01
1.877670624520712261e-01
1.131940069007840721e-01
-4.906097270783713049e-02
1.719293433073013910e-01
4.660781402013698671e-02
-1.008991244531391995e-01
9.319543879925402674e-01
8.853852453574836412e-01
9.979279282724748956e-01
9.051167640091291045e-01
9.690116120261873522e-01
8.887389314213146596e-01
-1.798887269243763520e-01
5.619633971143399992e-02
-1.710496502207451558e-02
5.629209214381966642e-02
-8.820921915788159096e-01
-4.704667980829398966e-01
-4.771640504072962030e-01
-2.237976873800045230e-01
-1.176799754932662950e-01
1.003527182378778776e-01
-4.976107985839772069e-02
-1.244887691264944390e-01
-4.963916343635800532e-02
1.053453408872595393e-01
1.657555565235625528e-01
3.132098513517186239e-02
6.703115332180943631e-02
6.754247438651689306e-02
1.204667571721499894e-02
8.980655039542852214e-03
-6.067369580538519575e-03
3.382088542387833852e-01
2.003066117393072498e-01
1.774032939561769606e-01
1.069404543041507089e-01
1.381426169207142507e-01
9.892613690935390947e-02
-3.963991536101644231e-01
-2.254031763148510448e-01
-2.271079452111711416e-01
-1.436746854783590344e+01
6.877800624876804214e+00
-1.264273257058685429e+00
-1.881259373155235726e-01
4.919223298813587553e-01
-1.009000531058066863e-01
-1.308862848639367471e-01
-4.393248844460202057e-02
-1.614379915801892884e-01
-3.296006888613629005e-01
4.252325556574093612e-01
-5.511966139242610585e-02
-3.171268083584058983e-01
1.732138377754552372e-01
1.106453705429381873e-01
4.807863245584425016e-01
2.989474133958419100e-01
1.228759593632454683e-01
1.350167615643266705e+00
3.733131222807705152e-01
5.573350766490807739e-01
2.802316386408096327e-02
-6.167150819394345146e-02
-3.062755219346052771e-01
-8.300005224108703006e-02
-2.733406944133745520e-01
-2.233448236421827493e-01
-2.435368111037786498e+00
-1.699026588346619349e+00
-4.426062216295362783e-01
1.369207278864290334e-01
1.651635527182858387e-01
-3.113777008463310958e-01
-3.966902172009511562e-01
-4.294651000816592235e-01
-2.998574485712942606e-01
1.126523230025702915e+01
7.472629219606063966e-01
-1.134063329170007517e+00
1.099203002366105353e-01
1.366881752501164948e+00
-1.015464788036218452e-01
2.965910977878362040e-02
-1.366220360829601410e-01
-3.245514038220708719e-01
-7.852449523895671746e+00
1.222137585372234092e+01
3.269671006651043932e+00
5.304082855139987673e-01
6.713658474739572224e-01
-6.908847776544787544e-01
-4.247229485623099099e-01
-2.409896572309947194e-01
-3.495355858729223275e-01
-4.070912605576075372e+00
1.051217495224560849e+01
-1.008430349035173368e+00
-1.002192305991645549e+00
6.188858002086622401e-01
1.181344471536102114e+00
-2.507020117657872693e-01
1.574898069108279786e-01
-3.339897935638381360e-02
7.127529250838419150e-01
1.297276399796699620e-01
5.414814004411109272e-01
1.319881331497596219e-02
-6.042357717218532071e-02
-1.313950007841309942e-01
-1.973465893297481760e-02
-1.744536949671393888e-01
-2.088148770072600080e-01
1.551066851591935025e+00
-3.482300943824827044e+01
2.958341995027353732e-01
-1.578513402544311495e+00
1.626632633509874915e-01
8.433322795540801886e-01
-1.879827652180646735e-01
-9.706735621956319449e-02
-2.063090251864300173e-01
7.397536732484491506e-02
-1.358081202105961838e+00
-9.777392962535622623e-01
-7.455982581397122555e-01
-2.869153996190810241e-01
-8.231182411719663305e-02
-4.754014561473923067e-02
-1.707711131399057281e-01
-2.129777282428575169e-01
4.323896165477631448e-01
2.007572931854130216e-01
2.414288280977392176e-01
1.198958584207571003e-02
3.504025316647933763e-02
1.089992226919416114e-02
-1.305319171117310384e-01
-2.931530107645453562e-02
-1.352769221216522377e-01
4.402987490138619009e-01
-1.314273448396329202e-01
-2.080512621742580670e-01
-1.752704179071146173e-01
-5.398177161445674027e-02
-1.337328212324432886e-01
-2.233007743969811776e-01
-2.431758925428160467e-01
-3.702918752012312464e-01
-1.166065392825128999e+00
6.626653868457045571e-02
-2.244556775248345015e-01
-5.387279408590666119e-01
-8.249870517438732120e-01
-1.701375996736646246e-01
2.345327657964339507e-01
2.254093319568981624e-01
9.350745981136253382e-02
6.310561500284512793e-01
2.460182293780890928e-01
-1.030708648358168861e-01
-5.881449437750264631e-01
-6.256222877525245973e-01
-1.839866426914406050e-01
-2.570183826480468836e-01
-3.175010790251633908e-01
-3.411402783714051479e-01
1.917493326113654417e+00
9.787584233474565520e-01
1.065103714048214467e-01
-1.715718451169789549e-01
3.701075204090485404e-01
2.022444185657285010e-01
4.540667716338017690e-01
1.836020704262372183e-01
1.307157130342989637e-03
5.618111119401715037e+00
-3.207863528071322889e+01
1.253341538879317429e+00
-7.103184135469939875e-01
1.372495439809290063e-01
3.563233145502169297e-01
-2.455380203309213694e-01
-2.483183216969181081e-02
-2.122400271563791296e-01
-3.937769455835195553e-01
-1.229714402277748975e-01
2.298720782160993681e-01
1.234967309448181810e-01
4.253074212778535368e-01
3.426554704423326880e-01
7.100635784486585000e-02
3.298957638593016245e-02
-1.763833522379519014e-01
4.681133893850983330e-01
1.359676566664989872e-01
1.601673001873742397e-01
-1.026582098647936675e-01
-3.358104759623731228e-02
1.146901493173112414e-02
4.781979222411532338e-02
7.254004161998271749e-02
-2.299009564391509830e-01
-1.200652020578161006e+00
1.020672818766530909e+01
-7.368497421330771902e-01
-1.371824274610786709e+00
4.778294244841416738e-01
1.110872022020278571e+00
-3.417057726503927584e-01
-4.856839856976070957e-02
-1.476661119947079992e-01
1.310829821515482152e+01
1.498563631959623388e+00
-1.366783128394881253e+00
-1.620432008284227454e-01
8.620436282799855965e-01
-2.106599774865813013e-01
1.541021997347080119e-01
1.189603842709864162e-01
-6.555312157146546415e-02
6.390360495382133021e-02
-5.016644145300172553e-02
-9.679555094336449172e-02
-1.447644375741431177e-01
-6.089782586256773517e-02
3.981976731490625802e-03
1.153810142771087566e-01
-1.561632348427566264e-01
-3.005844282460833350e-01
1.535949062328093861e-01
6.442876859026964720e-01
7.859694297912326322e-01
6.757669778596462340e-01
6.891690039107961629e-01
5.830947819814069621e-01
-2.791638084455465019e-01
-1.410659628176475500e-01
-1.839878264694339849e-01
5.086895652068704976e+00
1.526133352104798391e+01
2.795563658761799353e+00
-1.352594858880666218e+00
-9.965175554906031685e-01
-8.720473375548769279e-02
1.043272540298033901e-01
-1.045306059967092971e-01
1.538905897153006741e-01
3.095412867400252566e+00
1.310492503058384628e+01
1.197106236884546204e+00
-1.689362781537920633e+00
-8.148385482825442061e-01
2.977818379782969371e-01
-1.544674799755129668e-01
5.971171805757458095e-02
-3.967035366847417727e-02
8.493703031648502932e-01
6.836782234502106759e-01
2.071347159227374946e-01
-7.452289590794609377e-04
4.225239311298737421e-01
2.133139431239598760e-01
3.513649388406265839e-01
8.927133354960296863e-02
-1.091113495859064864e-01
1.162039169884231526e+01
-2.647834109631535782e+01
5.875080161713686522e+00
1.152239777919720654e+00
7.029357388180667021e-01
-1.751637463763519864e-01
-2.910203637198599536e-01
5.195689446071222184e-02
-2.664086650703684778e-01
3.574710136985194686e-01
1.079631884048951607e-01
5.524147152103576763e-01
-8.572906082442614817e-02
-2.271136460898413867e-01
-3.701843111950017251e-01
-1.760508958821370429e-01
-2.907384969411893616e-01
-3.718556275156682522e-01
-7.801662760908197880e-01
-1.684197846206324956e+00
-1.306683031053495814e+00
-9.395919943521785500e-01
-2.886609481621657536e-01
1.267301664943139561e-01
3.376864526658662213e-01
1.160108108801025939e-01
3.932085472729651004e-02
-1.345055168958100511e+00
-1.962935085239074784e-01
-1.805290524780702247e-02
-1.335765645466715779e-01
1.716260698767164139e-01
2.811097851105203230e-02
-2.740000547206806192e-01
-1.254749776880238754e-01
-3.006381437769080622e-01
-1.042189365748582119e+00
-2.272559080538283927e-01
-4.002693923751358684e-01
-6.472215783841814840e-01
-7.359892048462185477e-01
1.855800721461872971e-01
1.286547433194291656e-01
-6.063764643057281689e-02
-2.130761352408982179e-01
2.319657547670168629e-01
1.999515107346662990e-01
2.006743073043432413e-01
-3.557578169389927908e-02
2.445645908718890524e-02
1.272791132768062439e-01
3.604638132988163129e-02
5.745499774235743318e-02
-2.038637110200203495e-01
1.734777355965727852e-01
3.634108520962059385e-01
8.483071044236853986e-01
8.285898599548215948e-01
7.060880080722315988e-01
2.241170021074943286e-01
-9.162667552048874009e-02
-9.499813399353669585e-02
-2.006662633218789793e-01
-6.355261172509982792e-01
-4.915428530851203570e-01
2.339795220033562551e-01
2.549303746631672030e-01
2.008192241385556021e-01
-3.834314492570315425e-01
-3.410619541021382428e-01
-2.315026255059734472e-01
-2.647337723972621459e-01
1.095008787853438115e+01
-4.958051551952214475e-01
-2.654853834618728925e+00
-7.059972250396631122e-01
6.889953230196196321e-01
-3.906311473948701624e-02
-8.132881786873609464e-02
-1.286030808181858887e-01
-2.380563222197360773e-01
1.548600440118582533e+01
4.126750777887758126e+00
-1.315710995361141222e+00
-2.084629627145711428e+00
-1.054587125127368852e+00
-1.048043713672219962e-01
4.634982494267909231e-02
-1.563326812943772182e-01
-2.935888666794162633e-03
-2.606028143129827668e-01
1.634075799097307602e-01
7.598847748530807023e-01
4.090363706929062704e-01
1.736284741662807163e-01
1.315117768517798857e-03
-1.576823512400422900e-02
4.783841504236593239e-02
-3.353549339613445118e-02
1.457605281976602996e+00
3.146601181706400463e-01
1.760521416104029180e-01
-1.857719915319729076e-01
3.507577803957943052e-01
2.932859477324821773e-01
4.413140422198353341e-01
2.274731225983834815e-01
-1.402422196618505201e-01
2.223888785346933794e+00
-1.023154574957703788e+00
-7.504066114797662834e-01
3.724051587714500289e-01
8.399450697861354787e-01
5.636415377788434045e-01
-9.264237709046355129e-02
-1.672097861795514562e-01
-2.256081704682598721e-01
-6.910500088872899294e-02
-2.595935642781868700e-03
-3.387625422901989480e-02
-1.738465390271757005e-01
-1.440283080786951275e-01
-1.127499905148386383e-01
-3.186790056263671955e-02
-1.062819991619779747e-01
-2.047847898382597065e-01
2.790275947962223557e-01
6.026086376073493955e-01
6.673743836524098638e-01
6.413912672901621592e-01
7.376552398720406245e-01
4.327352964985091144e-01
-4.018033209956705099e-01
-2.998232726061634823e-01
-4.015257083716939901e-01
2.381210217459920897e-01
-2.687802819357893447e-01
-4.315768146277968453e-01
-6.081494988337927676e-01
-3.158271662751950259e-01
2.013594524635011485e-01
-8.636067056559082467e-02
-2.566144810490949557e-01
-4.537804593068218706e-01
-1.669891528511450174e-01
3.826132877275677524e-01
8.387562398301993127e-01
1.663978973610647782e-01
-2.939985933756986136e-02
-3.327157346650326253e-01
9.096221071865633057e-02
5.619672075383625592e-03
-2.305202337388570777e-01
2.276002794217601988e-01
4.006144564604511848e-01
2.414814029801602979e-01
8.085206494674573863e-02
-5.384272470287921469e-02
8.218369807891855172e-02
7.798415580061421153e-03
-1.793644861602292639e-01
-3.334664214238466928e-01
9.050408968762534145e-02
-2.343155420579139114e-02
-1.361296078188203688e-02
2.775268082319982434e-03
1.247963505077450547e-01
4.909774024250181806e-02
-3.743666580834939528e-01
-3.649603739512257139e-01
-3.600059954268188256e-01
1.423292541773994335e+00
2.265913074103170499e-01
5.286273971771293656e-01
2.479212366115264576e-01
2.747681957473653847e-01
2.572470773893787907e-02
5.190744146169863626e-02
-1.081525489629841658e-01
-2.230355085776395963e-01
-1.962211636591222108e+00
-7.565040905655245895e-01
3.253251376071890077e-01
4.771565628257004033e-01
4.516479256382872620e-01
1.307725327510178212e-02
-1.647684190946491212e-02
-8.926214105223111497e-03
-1.396868873376818088e-01
1.681709548480492533e-01
-7.834694070967485047e-02
4.293410748891937079e-01
-7.438602099004701373e-02
-1.881395518065517025e-01
-4.426129797136981181e-01
6.981630301149355233e-02
-6.353103050432243326e-02
-1.808703339351542261e-01
-1.941045095970494794e+00
1.267134108732873798e+01
2.703233109999978900e+00
1.293484380292249901e-02
6.301640280008394823e-01
-2.090959644136430595e-01
-5.966677103161367995e-04
-8.586250740066569964e-02
-1.890813355968899434e-01
-1.776853702777646049e+01
8.548875399695793575e+00
-2.357852864880305085e-02
-1.697662537271723115e+00
-4.405052664972347043e-01
-4.886079910080876054e-01
-2.090974636216220151e-01
-2.723169555161843447e-01
-3.168061203126183445e-01
-5.538192110969497595e-02
5.846030874971090696e-02
6.928367798465995264e-02
-8.471478997499837238e-02
-7.216190129981954471e-02
1.582828156468541747e-01
8.751050517177824672e-02
-5.200863500022595565e-02
-1.954487197713677959e-01
-9.585632651147241390e+00
4.694281487784206064e+00
-1.073129817236975869e+00
-1.502089914789818126e+00
-4.037923554700366124e-01
1.921981748042227434e-01
-1.701302125380000363e-01
1.343153185398970328e-01
-1.248206366744455433e-02
2.576018979678633761e-02
2.611040794307499802e-01
1.979687001870133745e-01
-8.825771130098221395e-02
-7.448516733232608822e-02
2.668879322888723093e-01
1.083492178203038087e-01
8.957317472828800475e-02
-5.783151227015425472e-02
-4.364480076235737749e-01
9.647648905172814815e-02
-1.401520261565421810e-01
-3.657690669578443909e-01
-6.998142595593921378e-01
-4.517674832245411470e-02
7.703766878704076948e-02
-2.907306489087740919e-02
-6.093343261438738390e-02
-2.623360343959006968e-01
-2.545286336349745215e-01
-2.930376914886448914e-01
-4.842461670995019118e-01
-5.006828836902346147e-01
-3.128032888456470095e-01
2.127176353179079660e-01
1.578236151829546727e-02
-1.859799000191088292e-01
6.150599101968390769e+00
-2.211886651478688418e-02
-7.706347365664372173e-01
1.155356459655650508e-01
1.003982746343513144e+00
3.782745866374040422e-01
-2.340699341752646226e-02
1.137021361875346359e-01
-4.653757244812777027e-02
-1.814706195592621640e-01
-8.032886700829115767e-02
-3.502092975808954872e-02
-1.803408520315325225e-01
-1.109829182833222960e-01
6.142121944520866766e-02
-4.031393341624200238e-02
-9.008887568579140859e-02
-1.053075924807086589e-01
-4.591830424995333587e-02
5.704990342081577015e-02
1.156051197121086560e-01
-3.717185313748663789e-01
-9.253052932553289256e-02
2.493424649876039845e-01
1.414510475323118577e-01
-3.148246869211901444e-02
-2.206558624456078088e-01
-4.633792935646587341e-01
2.831693061182469773e-01
3.840134407872563549e-01
4.827281120540430348e-02
1.042604637065526890e-01
2.910921268267560591e-01
2.756863957036034263e-01
1.909311267838864068e-01
5.839124119737976876e-02
-1.030707497805728318e-01
-2.894188047342203252e-01
-1.623225914697085381e-01
-6.005715665442499240e-01
-2.678468384375558009e-01
1.290573509364546234e-01
3.890819644220777640e-02
-1.392451390967284763e-01
-2.665291531367739997e-01
7.218895840684696807e+00
-1.658214520004500425e+00
-2.533243167187635425e+00
-5.832615602161478341e-01
1.123481969745139253e+00
5.989750094471064240e-02
-1.083936159496045604e-01
4.481465152340879943e-03
-1.619596658356939611e-01
-2.279860771172665501e+00
8.902791804689295319e+00
-2.110869366151690407e+00
-2.465509919789150572e+00
-8.502678796704393749e-02
1.316903690917298198e+00
-2.628797176191024487e-01
2.162833524522808984e-02
-2.049496301661959605e-02
-3.043890296988692956e+00
1.236734531563710249e+01
8.846120733423019217e-03
-1.570129171407216084e+00
-3.255399135051197934e-01
-6.323591750775178766e-02
2.241618280014115727e-01
1.138238626874981674e-01
7.761056204230025457e-02
3.199017208249098632e-01
3.437587750260130970e-01
2.878638393582329535e-01
-5.256876052978637359e-01
-4.083842427126450070e-01
5.879242925117815488e-03
2.548002406547131837e-01
7.138777651837822924e-02
-7.244025956179266090e-02
-2.157674786918886589e+00
7.325342655266365632e+00
-3.227342123460974932e+00
-2.975434512041544632e+00
-3.998938830063396566e-01
1.286190649711017597e+00
-2.633911357218053917e-01
3.134247775521066537e-02
-2.168284336722639885e-02
6.246564273487152652e-02
5.402892900336558890e-02
1.129325208648343931e-01
1.010277327481905012e-02
7.438309121504060872e-02
1.666961062696299956e-01
6.904904165191814991e-02
6.213444212724132665e-02
-1.677833849264157365e-02
1.041364802374250509e+01
2.013086198910740876e+01
4.753720264602627310e+00
3.534930662255660883e-01
1.848000680466078405e-01
1.005859122741095263e-01
-3.434474933924827056e-01
1.031277007383321481e-01
-1.357859958871700523e-01
-4.831494379996376098e-01
1.100567871324598102e-01
6.097210069690945505e-02
-1.127887896456675892e-01
7.402915106760740716e-02
-1.517769443482510638e-01
-1.300096992370352034e-01
-1.135098567107099138e-01
-3.555944476870673276e-01
5.387150077845317409e-01
2.721888325104575568e-01
8.378636158968055803e-01
4.816849616957104563e-01
2.712562574171324958e-01
-3.095290353172995279e-01
-3.257282780992516030e-02
-3.725084373479316258e-02
-9.958987966794842495e-02
-2.156292068974463294e-01
-9.579052002584741154e-02
7.778627421039345513e-02
-2.765574035670462227e-02
5.898315148853958828e-02
1.935939657531362268e-01
7.479468468450652108e-02
7.493755121010010900e-02
4.977414325949820750e-02
9.479870290824730095e-01
-1.139805583461064586e-01
-1.083148981860535681e-01
-5.249136505694168564e-01
-5.995119224733493069e-02
-4.514936841996130407e-02
1.227970879025118145e-01
-9.425460938681474651e-03
-1.331851334663975150e-01
-1.735563123008691644e+00
-1.496760729392948797e+00
9.708766629992819641e-02
7.805707487481475804e-01
8.889250625483713364e-01
-5.722431256363260665e-01
2.567602224597080943e-02
9.044097482992127790e-02
2.388479624871628001e-02
8.838437965012932995e-01
5.392079880731829311e-01
2.812061134225141146e-01
-4.142961651991777794e-01
-4.132733957092819543e-01
-1.069075163962075609e-01
-2.611175626549583351e-02
9.418357695614477942e-02
-4.663701797814022443e-02
-1.841145555262478473e+00
-2.112993758873476846e+00
-7.903745733208198399e-01
1.243497672222661776e-01
4.574156219424863057e-01
2.320600497487315325e-02
-7.890826328871200501e-02
-2.990150669580749626e-02
-1.394994481834238298e-01
-3.597056790516606900e-02
-1.725211496071716866e-01
-1.749549576539828899e-01
-2.839827341924926474e-01
-1.963945047446144232e-01
-1.588872252841019572e-01
-3.062923569420731851e-01
-1.744029049760877637e-01
-2.776761384311769443e-01
-1.005762272420306758e+01
1.072924525317927369e+01
1.979146709210216182e+00
-8.256746005283291390e-02
-2.880621517282671573e-01
-7.170410091574677680e-02
1.148465447321825733e-01
5.751106662489986754e-02
-8.594475736870516025e-02
8.147339189975411955e+00
1.534595624007304912e-02
-1.849401786104431622e+00
-7.533611226192675758e-01
2.242429600701512094e-01
7.050332305354820028e-02
-2.838148869494844795e-01
-7.031528739211977130e-02
-1.262725601560334976e-01
-1.343083891662066343e+01
9.847346515639198827e+00
1.530348449380981357e+00
-1.091327662530255038e+00
-3.845556363021319091e-01
2.676443839712186815e-02
6.817317582496415507e-02
-1.837792183808714674e-02
-5.144565174242117511e-02
-3.510092530314435355e-01
-3.178838915486131150e-02
-5.350017980063598300e-01
-7.269178089578068880e-01
-6.590785498823091837e-01
-2.963308598370650859e-01
1.556072675694819274e-01
-1.389372534759226313e-02
-3.478193743824095630e-02
-3.592827202607744297e-02
-8.742630046253316300e-02
-5.790396920962589261e-02
-1.899746211256767292e-01
-1.704956937663778260e-01
7.524297803177215638e-02
6.315925304272466956e-02
2.915157177999683560e-02
-3.327336020555686502e-02
-1.522939724487534896e+00
-9.482235197858477349e-01
5.771941946669825185e-01
7.644379074408264030e-01
6.643503529700216514e-01
-2.493221904233969277e-01
-1.865726249456023944e-01
1.250620450973209501e-02
-8.645686987634443321e-02
1.470939880391770815e+00
3.901929153214019341e-01
-1.691860255293254345e-01
-7.018677787245309885e-01
-7.707724252523026065e-01
-4.316020341106647229e-01
1.230166771386768804e-01
-2.188082263000601380e-02
-5.384013276079609167e-02
9.808928999038973862e-02
-4.477231220606060769e-02
2.164083126066334434e-02
-7.328823952068615200e-02
-7.545450826317888493e-02
1.382543765494023968e-01
6.578939541028941407e-02
3.571307781580767421e-02
2.821874810129686249e-03
2.072871449494678442e-01
-1.436321275267168907e-01
-2.892754024673159785e-01
-3.671220143180058959e-01
-2.667392061967682748e-01
-7.947606742192621365e-02
-4.037995252230143217e-01
-2.137853971945197495e-01
-2.910996196626740584e-01
2.057410785103112261e+00
1.281566558506193587e+01
1.776749677594010868e-01
-1.465665699324436577e+00
-5.056199790671674771e-03
9.361273211269502958e-01
-2.931907647974471010e-01
8.337447557931515485e-02
-6.374614092808487953e-02
-1.934373037511618351e-04
5.008868331570116156e-02
-1.548401390541860254e-02
-1.953272526824847977e-01
-1.529726225878055845e-01
-7.298362186175628985e-02
-1.231412649482829386e-01
-3.926653863111716908e-02
-8.174607456214763590e-02
5.884430705498031600e-01
4.583451543263203920e-01
6.672678278325496759e-01
5.150558347454385899e-01
3.844194355968605925e-01
4.089765792964208391e-01
-2.740389488319120437e-01
-2.088201203635420000e-01
-1.341788426823843638e-01
2.380473487743628880e+00
-3.012027960638027935e+01
4.477499791031266163e+00
4.469832359090861185e-01
4.516174888912597440e-01
3.309398866261578642e-02
-1.308153508713200130e-01
-4.833727121721895226e-02
-6.356583455049995279e-02
-3.896871418708676593e+00
-1.766007640993013439e+00
2.622919601622157315e-01
8.194869880465049938e-01
8.285744821702935026e-01
-2.568655922014523862e-01
-1.407149789904902082e-01
7.189496003282462577e-02
1.189393117337413271e-02
4.740601147763184642e+00
-1.176693536804303886e+00
-1.699170927300188261e+00
-4.165795347583601815e-01
8.216498929268906126e-01
6.970127519913423830e-01
9.209482174627482351e-03
5.297852824269076027e-02
3.551330884438315232e-03
-7.355934085741913098e-01
1.099327168714390801e+01
-1.948609406153397394e+00
-2.226834158576997957e+00
-1.978048000270580808e-01
1.286923157464570755e+00
-2.285524334600864682e-01
8.853707146076139622e-02
2.445152635987461395e-02
-5.057879470762163265e-01
-2.212084455015152565e-02
1.141820071285810055e-02
-1.560054395134312932e-01
-1.577952231684362494e-01
3.011470414490815747e-02
1.079155423278812670e-01
4.886158577854647633e-02
2.991234046117626985e-02
-4.573160816048679855e+00
8.917719593756251228e+00
-1.548473779531854611e+00
-1.973240594521112889e+00
-7.545912875309905565e-02
9.918719914988566311e-01
-2.119571550983144204e-01
6.440584743608156193e-02
3.451308263215225464e-02
-4.434306231746311333e+00
-4.005695138589818072e+00
-2.101023098966475100e+00
-6.212930105164683470e-01
2.783966176474068077e-01
1.589316859274192695e-01
-1.120630834287629773e-01
1.479645361213909396e-02
-7.415308889104191281e-02
-2.627159338514563625e-01
3.413957933575627046e-01
3.483730757642115039e-01
2.257328354758227629e-01
2.368271909054203150e-01
2.420075142978385385e-01
-2.551752093949415934e-01
-9.604355679372517107e-02
-6.448759373616974599e-02
-1.076276661733268220e-01
3.052688244243803029e-01
5.867970992840124689e-01
3.232909302993593886e-02
-2.467648056785918531e-01
-2.503687295205692109e-01
4.198872678688955751e-02
1.279040205657069884e-01
4.311686611183648821e-02
4.591666544248838577e-01
3.111624514198429448e-01
9.141351876932414244e-01
2.563444447856549346e-01
7.649417952355183625e-02
-2.418077307837891432e-01
-9.309658142169553730e-02
-6.454528196041066368e-02
-2.407138738913731577e-02
-4.244783146256435380e+00
-2.966166297732931056e+00
-8.519911421952557351e-01
2.414432524477984898e-01
6.933476943452587804e-01
5.210840516545560408e-02
-1.930054781453877377e-01
3.707605131664569453e-02
-3.562236598075001898e-02
1.678886451965081150e+01
2.797235079250775414e+00
-1.757226983589201597e+00
-1.629417257981309763e+00
2.227273079211865639e-02
5.107826848513915552e-01
-1.120882261275593927e-01
-8.163164162003182234e-02
-9.604445027864338957e-02
1.523617240639052461e-01
7.187597915507605573e-02
8.243694830700322440e-02
6.431136157703673528e-02
1.574435478795488397e-01
1.862742556472569144e-01
1.071957518729307543e-02
8.109710752596008265e-02
9.670470674269937431e-04
-5.433844996993941745e-01
1.145427239484554105e-01
2.363961983354968821e-01
-2.006723585144816469e-01
-7.231384247862709946e-02
-4.463263688595169032e-02
8.084306540682781317e-02
-5.447157780979990094e-02
-5.629619222799046863e-02
4.009721033651853506e-01
4.908767770753295068e-01
5.964140103097247403e-01
5.442479723713669060e-01
6.242123695789861815e-01
4.613335877223526116e-01
-2.100037797782134952e-01
3.942731175598254700e-02
1.185565268120192250e-01
1.136009342738708711e-01
1.243566627704577043e-01
9.989283426051676074e-02
-1.104559068128684596e-01
-9.389784593155499348e-02
5.755243849572574261e-02
-1.416025021585169165e-02
7.912800695593920353e-02
1.590621969794363821e-01
-3.741935504045089123e-01
-5.745652099012165115e-01
6.091925292879560860e-01
6.456434119158604990e-01
6.307105828749242082e-01
1.170535429852428630e-02
-1.964301430220637412e-01
-6.975339183755355221e-02
-3.454782926483516287e-02
1.463792292876629153e+00
-2.235403349776972970e+00
-1.726595092033950340e+00
-3.391542932902876228e-01
7.293644127645378950e-01
4.094664179560096873e-01
-6.182488696720549182e-02
1.595939278873728662e-01
1.209765389804514923e-01
-3.044262437049471970e-01
7.585964312320965519e-02
2.165139761720807909e-01
7.639138134364978350e-02
3.825540716735339464e-01
6.597784253505235841e-02
-1.275826637007969888e-01
-4.476689931322234278e-02
-1.141801222856447945e-01
-2.125218064245704419e-01
1.310274410663865019e-01
3.551279858390542499e-01
3.679086333135365150e-01
5.123332451394005949e-01
3.619344535698616472e-01
-4.566960434231904231e-01
-5.167340677241973740e-02
7.160920950513889605e-02
-4.086953858182759136e-01
-9.468246699018626478e-01
-4.087174296724716549e-01
-3.312284929105921982e-01
2.970826993917743616e-02
1.712022161596098158e-02
-3.258483239899528927e-02
-1.354741827773537667e-02
3.454221681817528505e-02
-1.517408507092727066e-01
-5.113115590162139457e-01
1.306258219775013607e-01
1.172068514264612560e-01
2.301507653777157547e-01
-9.679091139146613065e-02
-1.216649657754080571e-01
4.476736601004238647e-02
-3.207041132183121451e-02
8.238418603128947471e-01
-1.819938044519041065e-01
-2.497605950871262803e-01
-4.651839230660055891e-01
-3.116001522619721298e-01
-4.203434174057869566e-01
8.340317634541126110e-03
3.495758263640513785e-02
-3.148337335668659198e-02
1.367584758971907566e-01
5.303799600087340943e-02
2.279252142464322992e-02
-1.009561532050898408e-01
-1.660577743918173130e-02
1.120317330702730735e-01
8.835105340866915291e-02
1.208084645099470888e-01
1.063267532162050222e-01
-1.131184478473790112e+00
-1.906365926105073050e-01
-3.821921027829607020e-02
-2.631719243850806911e-01
3.495520047496039617e-02
-6.787136372017983643e-02
-1.569324555393661058e-01
-1.538497371223148669e-01
-2.645657722103192389e-02
-1.725948242079083372e-01
3.530659181616541825e-02
7.865018711891477721e-03
-1.793748905443176000e-01
-3.521495264172246065e-02
2.125513641075069647e-03
4.772810802542321734e-02
1.851500294605700758e-01
7.498148903658187481e-02
1.917888069395069506e-01
-2.983577774469404198e-01
3.225852153220383212e-01
9.005036363289864454e-02
2.266307821743012429e-01
-1.423043357546837639e-01
7.219412801946256675e-02
1.871747201042182548e-02
-4.527398440872299791e-03
5.296636296695368396e-01
2.226983724230942041e-01
1.267697291228463141e-01
-1.073419300045694580e-01
-3.264998205402143416e-02
-5.653763063046243764e-02
5.054995605654660773e-02
1.094846179157312749e-01
-2.693236690235997766e-02
3.799887356750077938e+00
-2.993166908471480525e+01
4.020268991126295433e+00
-3.784278464135556325e-02
6.455553140668994494e-02
5.941077392720012229e-01
-1.498188024080652769e-01
-2.020657944185721977e-02
6.601715084061700323e-02
-7.822571612714523503e+00
7.925716505522975908e+00
-1.163359016734793805e+00
-1.662594828008626457e+00
-5.543008607836565904e-01
5.532133207521674478e-01
-3.573941916467705537e-01
2.902347987095628759e-02
-4.875839982258866473e-02
-4.590835856528422410e-01
3.869088446842938647e-03
8.359428955362173397e-03
-1.795011831424917770e-01
4.105583362748164294e-02
-8.276240458435175917e-02
-1.766160475464078825e-02
6.898589634359909850e-02
-5.492604301884441292e-02
1.504729502879823677e+01
2.179594659841158411e+00
-1.205096125381392991e+00
-4.154150102718541238e-01
1.130486518325180878e+00
5.258267777167555668e-01
-1.338161732327187992e-01
1.735845996321106963e-02
6.510340862198035761e-02
1.618304356727031379e-01
6.236665611446271518e-01
5.357993650041378286e-01
-2.106491624865493573e-01
-3.934681468654155356e-01
-2.844626935331850959e-01
-1.678604132329467036e-02
-2.410946176751754474e-03
6.699820401178302465e-02
-2.116293358008142889e+01
8.067982210476444038e+00
9.748082295234871131e-01
6.591059698476610385e-02
1.262421703281825340e-02
3.456076699932559837e-01
-2.392318030902337855e-01
-2.738739980250362582e-02
2.205872892819539435e-03
-4.572151247173004696e-01
2.500265102418898766e-01
1.997236877420467405e-01
-1.424035206765255149e-02
-3.359749036939339156e-02
8.601392485748853012e-02
3.853388266645774857e-02
-2.274008488184458762e-02
5.674416893189721672e-02
-1.036852815931752714e+00
-3.524680077817363838e-02
-8.707332129791281461e-02
-3.190181168621869512e-01
-5.150005089577985862e-01
2.351392504368860492e-01
4.353721030039445217e-02
4.268404221829283363e-02
1.756403298027353621e-01
-8.560073476801980386e-01
-1.120349246636286877e-01
-4.853528539044904555e-01
-7.132934217004285316e-01
-5.925636550806345770e-01
-2.058193052964012171e-01
1.921693831258483032e-01
7.253573742563944327e-02
1.064328845468690832e-01
-5.774132888899138338e-01
2.524519101987979242e-01
4.826069760975953971e-01
2.948443311482046650e-02
-2.183427342479198896e-01
-2.468870714356928286e-01
4.490555275407632357e-02
1.188511790947811841e-01
5.151639520186384463e-02
-6.240023654436189560e+00
6.147597048953412191e+00
-4.458598420114221028e+00
-4.089868324999181404e+00
-9.485553403758704150e-01
1.533350933519104897e+00
-5.499791287508425802e-02
1.427738730407875078e-01
2.616476199838272398e-01
6.289898350855539277e+00
-3.035291500990970448e+01
3.325946583399133072e+00
-3.353099468814029760e-01
-7.387068053753310937e-04
4.681611041004161144e-01
-3.625788461335637813e-01
1.440990860553426900e-01
-2.394290704821917717e-03
-1.437682502766116643e+00
-1.828841070435325955e+00
-5.507247728743575044e-01
1.532922912946742822e-01
6.663231993556057997e-01
2.275138556156967029e-01
-6.669671958010267576e-02
7.294291570240454825e-02
4.448104540019785780e-02
-1.363997107668379272e+01
1.044927545853994921e+01
1.812779384018078810e+00
-1.267719768475787490e+00
-5.998989779502581499e-01
1.674064613308942073e-01
2.395292999898411546e-01
1.040380222514988989e-01
1.192292845790906414e-01
8.839918122788538168e-01
5.713937557632124964e-01
4.127076067945799065e-01
-2.149321986960707198e-01
-3.375343058380046446e-01
-1.826352942250147604e-01
1.148302272380698763e-01
1.089695713679287442e-01
8.855549133799997530e-02
-4.438128627638323054e-01
-6.512189301649451423e-01
-9.637238215665112906e-02
-5.047836804046124115e-01
-2.747478655671514169e-01
-3.632723404755996283e-02
-9.961173037461058810e-02
-1.311612305588117366e-01
1.231849532745262280e-02
-7.076418620936295589e-01
2.035443992456923423e-01
-1.232741980717592944e-01
-3.323544827555208192e-01
-4.864234888738075968e-01
-3.113100176537896349e-02
1.114999107436278752e-01
-3.538335665117961493e-02
1.009907549822694657e-02
5.720260332209289311e-01
5.139386107551265903e-01
1.198994906246939607e+00
8.287678871578139095e-01
5.599940041301171290e-01
-2.304520862783834556e-01
-2.753848197226853034e-01
-2.107808792633766425e-03
-8.465287708697086244e-02
1.422832528777283834e+00
-3.406668356616819437e+01
1.392575697752180597e+00
-8.852585760267648318e-01
2.980430317993183476e-01
4.371286815084329258e-01
-2.117968434401533151e-01
1.454282979642543445e-02
-5.016340987694352729e-03
1.551390792597688861e+00
-2.823713698642134062e+00
-2.452263857948333570e+00
-4.518978486927552884e-01
7.955769418488114475e-01
5.171353823211495282e-01
1.414443173473398374e-01
2.597729614303362911e-01
2.342403069574723606e-01
5.379589468466032809e-01
-2.693441678162499908e+00
-2.302860112417539629e+00
-6.865926859489984713e-01
5.822643797237608831e-01
3.693271879974451277e-01
-1.039574483984674058e-01
9.143905860720473108e-03
9.985341193956559155e-03
1.146567448942100928e-02
5.671797239089348963e-01
6.558217207675210991e-01
4.891296792881766331e-01
4.494958771895653515e-01
6.257801637731589262e-01
-1.718418707916354593e-01
-1.380682223210208115e-01
-6.313112656885655483e-02
-2.836998756850485637e-01
1.460925356324625501e-01
1.349908571045329020e-01
-6.590700489092882197e-02
-4.888284440496552113e-02
5.562072353898627614e-02
5.775270564976997534e-02
8.210292710046156184e-02
1.723783340844281253e-01
-1.643831423920643145e-02
1.599107211998306577e-01
2.403191539430907797e-01
-2.457256971697041950e-02
-3.768487708006994230e-02
2.143687389590394898e-01
1.859723309520252277e-01
1.539209228779594429e-01
2.097261294785051633e-01
6.056832421681836109e+00
-1.365596739768868639e+00
-2.509328142534330564e+00
-1.155127748264654919e+00
3.826737087949106941e-01
7.412439951723522880e-01
3.620758190811213667e-02
1.274932614061830005e-02
2.245124461545943903e-02
-2.835829438140526418e-02
1.811561883248531332e-02
1.907553752062280394e-01
-5.013811499704796670e-01
-3.793145422486278173e-01
-1.051933393293467550e-01
3.941687661401466203e-02
-3.986128111390294104e-02
3.360724916506580007e-02
-5.225384785486218986e-01
1.882354636549285753e-01
8.574287420167089335e-01
5.088425339471838171e-01
2.507961418241620999e-01
-3.052116500350563616e-02
7.227726212985677301e-02
2.277263191851282842e-01
2.167308410682161901e-01
1.872042874412381819e+00
-3.207422224175328740e+00
-2.620976246012371114e+00
-4.185352382458084053e-01
1.097125254603296129e+00
2.144837099864604999e-03
-1.681957698486005182e-01
8.520122005913467397e-03
1.232171782429791473e-01
-6.694818408480827099e-01
1.033733038336490939e-01
1.679318077848745150e-01
-2.016323361177995988e-01
-1.699866622416598043e-03
2.207862796573571706e-01
-3.105864642370769271e-02
2.905191224676659939e-02
9.778752612790370113e-02
7.250252521613770318e-01
9.917748721688135483e-01
1.187460826359222343e+00
1.571643045251487902e-01
-8.530184301741423891e-02
-2.504485699318286795e-01
1.370932327485636926e-01
9.345546379234244416e-02
1.019059488896842808e-01
-1.932061386428496519e+01
4.941159894132488795e+00
-2.554796800849652882e+00
-2.631104580307057184e+00
-5.238059656246244478e-01
1.805808706204891922e-01
2.163672971736169959e-01
-4.733174389051586495e-02
9.119312804633146474e-02
-5.681829417692524364e-01
-2.053363736926337030e-02
9.221324919935065811e-02
-3.331973397722228225e-01
-5.163432800886103707e-02
2.453057546075573803e-01
3.843534572389178277e-04
9.242051409307098023e-03
6.186827422078917255e-02
-4.988934859657396803e-01
8.224735897359009007e-02
8.170356068958416484e-01
6.905691406727918480e-01
5.277828695787167845e-01
1.946925241443155652e-01
-2.089879539998261981e-01
-2.596284184248231694e-02
-1.463373043624521461e-02
-8.762977847435931000e-01
2.463600976131772036e-01
3.533334780097568406e-01
-8.254792816921259491e-02
4.083998438198720160e-02
1.262676951242726608e-01
2.270311204982088382e-01
8.473168646637743717e-02
1.239332700090312184e-01
-3.509221538690200926e-01
-8.635991861917356738e-02
-3.544699760471906047e-02
-1.432880379365560897e-01
-2.539146830995415646e-02
2.121346871085915131e-01
9.477406903436785823e-02
1.086245460400871998e-01
2.309163857005414600e-01
-3.127695646554743414e-01
-2.254968944314149071e-01
7.663429472095263373e-01
7.535894603780304291e-01
7.263057336167868527e-01
-4.024077362101023680e-02
-1.425167949373200016e-01
4.267701138716186587e-02
4.563648155369564446e-02
-3.389308421424249929e+00
8.453489646027852800e+00
-2.522056797016801966e+00
-2.702525822632396046e+00
-1.778932697270284025e-01
1.410876671518327408e+00
-1.709784844265728743e-01
1.254951950353964119e-01
1.462254937566403734e-01
-9.607288375278886239e-01
1.084707033613568150e+01
-3.472348121052568626e-01
-1.436598429955899814e+00
1.667002848615338206e-01
1.095688555521369345e+00
-2.959217300799407147e-01
5.497238642364523503e-02
-1.978152194395664878e-02
5.002771981161969750e-01
8.402056582917506455e-01
1.337244231839729292e+00
3.836717907741229450e-01
1.474075779171482234e-02
-4.388405477804220856e-01
1.251557389300603784e-01
1.257522652053207346e-01
2.083420826499878531e-01
1.137193280005539542e+00
1.576131911048477274e-01
2.025569844899416938e-01
3.201463454579268064e-01
3.053407778232119507e-01
1.869281528318047225e-01
-2.059660023089779635e-01
-7.331639193177313940e-02
-1.773838659657891656e-02
1.190197011427195223e-01
2.638644321056687891e-01
9.143161281773469762e-01
4.529509392255151035e-01
7.430097170524434247e-02
-4.673857396278144893e-01
4.385356663720089976e-02
5.289533676302188986e-02
1.190733733211199186e-01
4.634762002560818495e+00
-1.033614501206933767e+00
-1.587301029803825925e+00
-4.834704588555215898e-01
3.340143885601847829e-01
7.597957645770757329e-02
-1.426728739564980253e-01
6.678971884434804773e-02
4.305352430982255230e-02
-9.317403228424772976e+00
8.419410155585270061e+00
-1.753026013204796729e-01
-9.712195072066870383e-01
-6.161346985151541222e-01
3.917007480548531095e-01
-4.573819165177465673e-01
4.440677797875536986e-02
-5.204904806191038708e-02
7.928755452000408081e-05
-8.201807787149677231e-02
-1.184731769165964510e-01
-2.351033363778602114e-01
-1.990999454576307115e-01
9.387317086934689192e-02
-1.219701290998764093e-01
6.154898107847653344e-02
5.696784246304204685e-02
-1.823904707605138142e+01
7.169084981318285088e+00
2.710455331918869004e-01
-1.830170739449219930e+00
-7.886580910848228765e-01
1.973308667588363763e-01
2.092980122376148222e-01
8.179582166240170760e-02
9.230288996376963262e-02
6.012574419156929695e-01
3.303497916960718706e-01
1.771224902098445519e-01
-2.002814745416297559e-01
-4.797446659738245633e-02
-3.323381659305412184e-01
3.279935810199874902e-01
1.490678043087569904e-01
1.464653752865834047e-01
-1.247616404686938546e-01
-1.881435808743947835e-01
4.169705665102841491e-02
-2.831831068971371601e-01
1.934100918843592587e-02
1.918646419367328604e-01
5.737786848906063081e-02
7.396178203437858700e-02
8.775768811399099756e-02
2.918225383936354778e-01
5.685024697385556748e-03
4.661893179225444495e-02
-1.709566291237734070e-01
-1.122141952094113937e-01
3.859634114693372142e-02
-5.253700853998210379e-02
4.172234416241031585e-02
1.063178982538064005e-01
7.265114437585966201e+00
1.690954036631201518e+01
4.322071568150880339e+00
4.729628150439156853e-01
5.376944413851669768e-01
3.169987250709730420e-01
-2.642669868268905931e-01
8.332950645606272688e-02
-4.461796094694350963e-03
-3.902958947410357649e+00
1.281678181592652344e+01
-3.147882866514373212e-01
-1.613350683724325885e+00
1.253845084020110794e-02
3.927886040111642774e-01
-9.894170465331809938e-02
-1.782952885065080401e-02
5.434790910043875434e-02
-9.856393453513976333e-01
-8.126053392875611792e-01
2.513383011656052934e-01
5.704555861122295735e-01
6.236018199085634484e-01
-2.532647165113799947e-01
1.203265023048148419e-01
9.461475547099289229e-02
1.281517883075875275e-01
7.436169811506863070e-01
1.774956297508426539e-01
1.677481248608715669e-01
-2.194529099057139498e-01
2.408250723460084175e-01
-2.626402892005249082e-02
-1.806068870259321668e-01
-2.719261334998946955e-01
-9.297546183800825537e-02
4.292551231624172070e-01
-1.853439014593455392e-01
-3.177657570747503546e-01
-3.688321994627700162e-01
-1.404667915862544136e-01
2.062644183836999379e-01
-2.749674361261086279e-03
3.988253601849112151e-02
-5.588910007120023726e-02
-2.451109847701114786e-01
-5.334890295473623117e-02
-8.570141208789705534e-02
-2.473816280492858455e-01
-2.278238183334236888e-01
-1.148171257384597299e-01
6.863962557858345470e-02
1.028269634664055743e-01
1.209902921001994591e-01
-1.459500882940173994e-01
-2.553615699879933088e-01
-1.980960073896729720e-02
-1.814765695740981621e-01
-1.097646266312374275e-01
-3.967319279421312184e-02
5.728701057225811522e-02
3.078157371807516834e-02
4.956453615352316572e-02
-7.333154792797713650e-02
-2.085159538893122944e-01
-1.949191293041413753e-01
-3.560900681449669647e-01
-3.430093438880400525e-01
2.841383778143112722e-03
6.108353953204054276e-02
1.336424391976550052e-01
1.035118909984663327e-01
3.735282206341549838e+00
-3.635297613677244577e+00
-3.636551433659529486e+00
-9.317361649952671243e-01
1.237099008877901918e+00
6.902049070908664596e-01
9.323497418930956626e-02
1.234986161181970965e-01
9.243800353976884543e-02
-3.999489058242811090e-01
2.872848433772566268e-01
2.862507112097201212e-01
-1.213890326702955769e-01
-1.907103608014278917e-01
2.937323444988051424e-01
1.553717579847749275e-02
-6.689079088456556521e-02
6.881545084776499732e-02
4.321594528794473478e-01
-2.679718065564448692e-02
3.126035572377654503e-01
-1.393314317706630667e-01
1.697483034405179031e-02
-3.457809245709704271e-01
7.714157556126873851e-03
-1.870764527398991947e-02
2.309042433786045317e-02
-2.049706895632987358e+00
-1.558300441796323765e+00
-7.260132606319252835e-02
3.363929839311477488e-01
5.551372541524793869e-01
-1.225635039761803352e-01
-1.479901851005409330e-01
8.701395327985331218e-02
1.363728990837529687e-01
2.125363946046006447e+01
5.634014537045902493e+00
-1.551915122529045732e+00
-2.387493417242279037e+00
-7.978532575919139447e-01
1.972114775329011915e-01
3.108747952139366555e-02
-3.650578127949719032e-02
8.048354985110963908e-03
1.234845628820782221e-01
3.284795866320257551e-01
2.694495585423107853e-01
1.604412266147826061e-01
1.831942518267752618e-01
1.111215561248592998e-01
-1.161821217836758735e-01
7.416580217763266147e-02
6.502673903044260684e-02
-5.129692246242697484e-01
-3.685845187727443406e-01
4.998927712281229369e-02
-8.611617023357039102e-02
4.107053365828672864e-01
2.061668202412627326e-01
-2.087297300781973119e-01
-7.250966156050489553e-02
8.499733479746122977e-02
-1.165981544332370529e-01
2.241973766851811378e-01
2.667797331587166143e-01
-1.754135380616624329e-01
2.770773201573849612e-02
2.572648205230637641e-01
6.727814669017442850e-02
1.002918681420997410e-01
1.613897529053125446e-01
6.406463819079111222e-01
6.662020424823860143e-01
7.903479538756528200e-01
6.559473088501439619e-01
6.874764729807981700e-01
5.984743512178127833e-01
-3.093722519351828626e-01
-1.016624317190626681e-01
-3.481198829828745234e-02
-9.028810586882463074e-01
-5.813715279991077400e-01
3.746821235501552466e-02
4.502027484483396569e-02
1.332913843619276846e-02
-1.583687135477829799e-01
-2.952498605875647844e-02
6.089085173168642950e-02
1.615743231616311847e-03
-2.850286813065261438e-01
1.575218509540152190e-01
-3.523184278289955840e-01
-8.814404209094350851e-01
-1.077767715424849504e+00
-2.398108730050671211e-01
2.121385505515159531e-01
1.763669434657176918e-02
7.061106368477305939e-02
-1.329278125338256622e+01
1.155939999055297029e+01
2.013828216051334774e+00
1.051916635963261182e-01
-3.146094091370391643e-01
2.356125095731061436e-01
-1.172917703087391628e-01
6.704734662327960660e-04
4.291848512895251461e-02
-8.005592546948303578e+00
9.569502789383925290e+00
-1.682127181539481597e+00
-2.451686127027448592e+00
-6.210756696747496974e-01
2.967406618165814303e-01
1.661090098105711121e-01
-3.327204210397278344e-02
1.648947064321829581e-01
-4.174112616435001755e-01
1.496290880931734069e-01
7.475496808725042852e-01
4.418921717446370745e-01
2.395400211734016183e-01
-3.603357091133755907e-01
1.463322688494163304e-01
7.663775104921911885e-02
1.119282112330119705e-01
-1.130644325105016446e+00
-1.340138506543272212e-01
-3.487125717911197798e-02
-2.561158136947405684e-01
-3.502747190629428020e-02
1.353846585344185283e-01
6.923292668462890931e-02
4.198224778493425680e-02
3.890090448678914375e-02
1.209209451295167659e+00
1.976071572956759892e-01
-1.276606317209596497e-01
-8.179647093833408711e-01
-3.884504355145804166e-02
9.771964434709613789e-02
9.387959939406854970e-02
-1.272425619369675631e-01
1.422329279290321102e-01
