1.250000000000000000e-01 2.594514890160711929e+01
1.277370999999999923e-01 2.596641349256471543e+01
1.305341999999999891e-01 2.600163421163976807e+01
1.333926000000000001e-01 2.603588980653624674e+01
1.363135000000000041e-01 2.605357394821074735e+01
1.392983000000000138e-01 2.604998898618558556e+01
1.423485999999999918e-01 2.605442535589232023e+01
1.454656000000000005e-01 2.608162450518508280e+01
1.486509000000000025e-01 2.610776944185854731e+01
1.519059000000000104e-01 2.612537064477909610e+01
1.552321999999999869e-01 2.612291673900640276e+01
1.586314000000000057e-01 2.614356435045982252e+01
1.621048999999999962e-01 2.616003612238379716e+01
1.656546000000000129e-01 2.616983895290014672e+01
1.692819000000000129e-01 2.619311346245574512e+01
1.729886999999999952e-01 2.621185976154416153e+01
1.767767000000000088e-01 2.621315901709823848e+01
1.806475999999999915e-01 2.621588332095283391e+01
1.846032999999999979e-01 2.622756536203008793e+01
1.886455999999999966e-01 2.623980231869598612e+01
1.927763999999999867e-01 2.625976584265058023e+01
1.969975999999999949e-01 2.626156260700281919e+01
2.013112999999999986e-01 2.627222463859005330e+01
2.057193999999999967e-01 2.627333468221272383e+01
2.102240999999999971e-01 2.629074893910875943e+01
2.148274000000000017e-01 2.631014718092798432e+01
2.195314999999999905e-01 2.631926433444903068e+01
2.243385999999999991e-01 2.631918728665227292e+01
2.292510000000000103e-01 2.633172482296896177e+01
2.342710000000000070e-01 2.632854880259690233e+01
2.394007999999999969e-01 2.634146024512977036e+01
2.446429999999999993e-01 2.634792493267783087e+01
2.500000000000000000e-01 2.634794637349548552e+01
2.554742999999999875e-01 2.636299676384385648e+01
2.610683999999999783e-01 2.636701282337017815e+01
2.667850999999999972e-01 2.637123600332675366e+01
2.726269000000000053e-01 2.638230347433337997e+01
2.785966999999999749e-01 2.639645391903317417e+01
2.846971999999999836e-01 2.640717157712838414e+01
2.909312000000000009e-01 2.642170755296175599e+01
2.973018000000000050e-01 2.643617537343251556e+01
3.038118000000000207e-01 2.644489692624762256e+01
3.104644999999999766e-01 2.645382879472212423e+01
3.172627000000000086e-01 2.646083021378292344e+01
3.242098999999999953e-01 2.646140097214594888e+01
3.313092000000000259e-01 2.646560886372857624e+01
3.385638999999999732e-01 2.647453239698334926e+01
3.459774999999999934e-01 2.648128493521297955e+01
3.535534000000000177e-01 2.648481356917634244e+01
3.612951999999999830e-01 2.649188533330307393e+01
3.692064999999999930e-01 2.649249498334301123e+01
3.772910999999999904e-01 2.650254182413260295e+01
3.855527000000000259e-01 2.650768184929409088e+01
3.939951999999999899e-01 2.651711140691458723e+01
4.026225999999999972e-01 2.652103865551415751e+01
4.114388999999999963e-01 2.652377377189365859e+01
4.204481999999999942e-01 2.653162450902065927e+01
4.296548000000000034e-01 2.653747781955592799e+01
4.390629999999999811e-01 2.653983482340024835e+01
4.486773000000000011e-01 2.654657844194743532e+01
4.585020000000000207e-01 2.655040815044845459e+01
4.685419000000000112e-01 2.655362455665943600e+01
4.788015999999999939e-01 2.656019366700419937e+01
4.892859999999999987e-01 2.656538140983496987e+01
5.000000000000000000e-01 2.657178217830201206e+01
5.109485999999999750e-01 2.657306199975014138e+01
5.221369000000000149e-01 2.657816684413285913e+01
5.335701999999999945e-01 2.658173581321570467e+01
5.452538999999999580e-01 2.659037810215455266e+01
5.571933999999999498e-01 2.659692351839460400e+01
5.693943000000000199e-01 2.660258083226414882e+01
5.818624000000000018e-01 2.660680899906754959e+01
5.946036000000000099e-01 2.661348028770640539e+01
6.076236999999999888e-01 2.662289033212871203e+01
6.209289000000000058e-01 2.663010330426340388e+01
6.345254999999999646e-01 2.663797378805821126e+01
6.484197999999999906e-01 2.664466503321402868e+01
6.626182999999999934e-01 2.665199962262368771e+01
6.771277999999999464e-01 2.665674580517904957e+01
6.919549000000000394e-01 2.666794021002806403e+01
7.071068000000000353e-01 2.667302090712889751e+01
7.225903999999999661e-01 2.668097696117359874e+01
7.384131000000000444e-01 2.668500774306305345e+01
7.545821999999999807e-01 2.669431381682684190e+01
7.711054000000000519e-01 2.670084471019330152e+01
7.879903999999999797e-01 2.670639514127414316e+01
8.052451999999999943e-01 2.671473954705104603e+01
8.228777000000000452e-01 2.671894406188154036e+01
8.408963999999999883e-01 2.672699845650212680e+01
8.593096000000000068e-01 2.673664744400560167e+01
8.781261000000000205e-01 2.674562044118322390e+01
8.973545000000000549e-01 2.675519392745101754e+01
9.170040000000000413e-01 2.676338231536189483e+01
9.370838000000000223e-01 2.676963059066225625e+01
9.576033000000000461e-01 2.677975878029777235e+01
9.785720999999999448e-01 2.678880873073236657e+01
1.000000000000000000e+00 2.679637864848596607e+01
1.021897099999999892e+00 2.680505750203807480e+01
1.044273800000000030e+00 2.680954961464615494e+01
1.067140399999999989e+00 2.681487527030119011e+01
1.090507700000000080e+00 2.682120358179688324e+01
1.114386700000000063e+00 2.682940155850482711e+01
1.138788600000000040e+00 2.683379902070436174e+01
1.163724900000000062e+00 2.683826649377044049e+01
1.189207099999999961e+00 2.684310315581160467e+01
1.215247399999999978e+00 2.684547137275861317e+01
1.241857800000000012e+00 2.685037908336476420e+01
1.269050999999999929e+00 2.685200335016257256e+01
1.296839599999999981e+00 2.685435341679687937e+01
1.325236599999999987e+00 2.685727157029305445e+01
1.354255500000000056e+00 2.685879817704093142e+01
1.383909899999999915e+00 2.686024754409248061e+01
1.414213600000000071e+00 2.686437578793531600e+01
1.445180799999999932e+00 2.686786800901431960e+01
1.476826100000000030e+00 2.687437627537577356e+01
1.509164399999999961e+00 2.688045801100630428e+01
1.542210800000000104e+00 2.688453822174321317e+01
1.575980799999999959e+00 2.689117269787241682e+01
1.610490299999999930e+00 2.689733233072453444e+01
1.645755499999999927e+00 2.690354141854938064e+01
1.681792799999999977e+00 2.690904655768619236e+01
1.718619300000000072e+00 2.691684174509708072e+01
1.756252200000000041e+00 2.692291221115971567e+01
1.794709099999999946e+00 2.693084770093933145e+01
1.834008099999999919e+00 2.693784023350914225e+01
1.874167600000000045e+00 2.694503308757616011e+01
1.915206600000000092e+00 2.695151042490364901e+01
1.957144100000000053e+00 2.696075323869572316e+01
2.000000000000000000e+00 2.696829891814272884e+01
2.043794300000000064e+00 2.697651687743816495e+01
2.088547600000000060e+00 2.698582420804547866e+01
2.134280799999999978e+00 2.699534600736387091e+01
2.181015499999999996e+00 2.700611504185050293e+01
2.228773499999999963e+00 2.701825932432447530e+01
2.277577299999999916e+00 2.702813592681810917e+01
2.327449699999999844e+00 2.703942205142299926e+01
2.378414199999999923e+00 2.705017087342698545e+01
2.430494700000000119e+00 2.706182177393392507e+01
2.483715600000000023e+00 2.707276074804399713e+01
2.538101900000000022e+00 2.708438321525860104e+01
2.593679100000000126e+00 2.709548667160479596e+01
2.650473299999999810e+00 2.710719639773324730e+01
2.708511099999999949e+00 2.711839039861537159e+01
2.767819799999999830e+00 2.712926763523014273e+01
2.828427099999999861e+00 2.713986964511422428e+01
2.890361599999999864e+00 2.714817061307738655e+01
2.953652299999999897e+00 2.715695781363776007e+01
3.018328900000000203e+00 2.716406719836442463e+01
3.084421700000000044e+00 2.717098005442059261e+01
3.151961700000000199e+00 2.717676823054686963e+01
3.220980700000000141e+00 2.718154347821993611e+01
3.291510999999999854e+00 2.718588197840998077e+01
3.363585699999999790e+00 2.718953242165944317e+01
3.437238600000000144e+00 2.719266779220251706e+01
3.512504299999999802e+00 2.719457816321892807e+01
3.589418199999999892e+00 2.719636965316760779e+01
3.668016199999999838e+00 2.719683362533937654e+01
3.748335299999999926e+00 2.719658236861095446e+01
3.830413099999999904e+00 2.719650226723235065e+01
3.914288200000000106e+00 2.719475570368221184e+01
4.000000000000000000e+00 2.719367268833796913e+01
4.087588600000000127e+00 2.719192585171143506e+01
4.177095099999999839e+00 2.718980181596945300e+01
4.268561599999999956e+00 2.718748969869409393e+01
4.362030899999999711e+00 2.718494965989991385e+01
4.457546999999999926e+00 2.718183215899223626e+01
4.555154500000000439e+00 2.717875830696433326e+01
4.654899399999999687e+00 2.717566254363246259e+01
4.756828500000000126e+00 2.717139585461167783e+01
4.860989400000000238e+00 2.716796386341628988e+01
4.967431200000000047e+00 2.716427848392332578e+01
5.076203800000000044e+00 2.716040549832028006e+01
5.187358200000000252e+00 2.715702437403387393e+01
5.300946599999999620e+00 2.715274380883117900e+01
5.417022199999999899e+00 2.714797296504625734e+01
5.535639500000000268e+00 2.714310852276251396e+01
5.656854199999999722e+00 2.713798673272353312e+01
5.780723199999999729e+00 2.713186877672831088e+01
5.907304599999999795e+00 2.712485621281673076e+01
6.036657700000000126e+00 2.711670734139308792e+01
6.168843299999999807e+00 2.710778299587734708e+01
6.303923400000000399e+00 2.709760779766632410e+01
6.441961300000000001e+00 2.708716004593587456e+01
6.583021900000000315e+00 2.707447267094309851e+01
6.727171300000000187e+00 2.706044474287642387e+01
6.874477200000000288e+00 2.704500594550337667e+01
7.025008599999999603e+00 2.702878671990351123e+01
7.178836300000000392e+00 2.701168883296551115e+01
7.336032300000000284e+00 2.699357553511418928e+01
7.496670499999999571e+00 2.697425186732283464e+01
7.660826199999999808e+00 2.695347361050672674e+01
7.828576499999999605e+00 2.693223016675626624e+01
8.000000000000000000e+00 2.691025130629033058e+01
8.175177200000000255e+00 2.688788443303183939e+01
8.354190300000000846e+00 2.686478272678561297e+01
8.537123199999999912e+00 2.684055898051525801e+01
8.724061900000000591e+00 2.681457718807050483e+01
8.915093900000000460e+00 2.678860527506484601e+01
9.110309100000000271e+00 2.676136996035366522e+01
9.309798900000000543e+00 2.673293468242232152e+01
9.513656900000000860e+00 2.670283362277473316e+01
9.721978899999999868e+00 2.667232603359487442e+01
9.934862499999999486e+00 2.664079437399590589e+01
1.015240769999999948e+01 2.660883399532482230e+01
1.037471640000000050e+01 2.657653368739281774e+01
1.060189309999999985e+01 2.654293243190021201e+01
1.083404439999999980e+01 2.650877474005929813e+01
1.107127909999999993e+01 2.647566537832594236e+01
1.131370850000000061e+01 2.644218491317207409e+01
1.156144650000000063e+01 2.640772393416041552e+01
1.181460919999999959e+01 2.637272794088559635e+01
1.207331540000000025e+01 2.633781653366200004e+01
1.233768659999999961e+01 2.630286751148074131e+01
1.260784680000000080e+01 2.626854755148414000e+01
1.288392269999999940e+01 2.623364072415068193e+01
1.316604380000000063e+01 2.619829685799627228e+01
1.345434260000000037e+01 2.616311364768625225e+01
1.374895440000000058e+01 2.612851235151545026e+01
1.405001730000000038e+01 2.609430688326224512e+01
1.435767260000000078e+01 2.606059586359055302e+01
1.467206469999999996e+01 2.602675382846779684e+01
1.499334110000000031e+01 2.599408256150142194e+01
1.532165250000000079e+01 2.596124544220186792e+01
1.565715299999999921e+01 2.592759207383184261e+01
1.600000000000000000e+01 2.589493382800392851e+01
1.635035440000000051e+01 2.586069308431108382e+01
1.670838050000000052e+01 2.582630485301537959e+01
1.707424639999999982e+01 2.579169556023850873e+01
1.744812370000000001e+01 2.575575979048903008e+01
1.783018789999999854e+01 2.571933377339539817e+01
1.822061820000000054e+01 2.568221910779236339e+01
1.861959769999999992e+01 2.564492382210277555e+01
1.902731380000000172e+01 2.560584461537517242e+01
1.944395779999999974e+01 2.556645517003671486e+01
1.986972499999999897e+01 2.552558507025304735e+01
2.030481530000000134e+01 2.548411184170629085e+01
2.074943289999999863e+01 2.544334279640828456e+01
2.120378630000000086e+01 2.540154872710612466e+01
2.166808879999999959e+01 2.535824521852801539e+01
2.214255809999999869e+01 2.531397894195675491e+01
2.262741700000000122e+01 2.526933779015952197e+01
2.312289290000000008e+01 2.522456931704239480e+01
2.362921830000000156e+01 2.518003407270492744e+01
2.414663080000000051e+01 2.513382940529460541e+01
2.467537319999999923e+01 2.509095250969146562e+01
2.521569350000000043e+01 2.504869810926193452e+01
2.576784530000000117e+01 2.500660721849180490e+01
2.633208769999999888e+01 2.496884284352726624e+01
2.690868529999999836e+01 2.493327768259545962e+01
2.749790880000000115e+01 2.490298520080784428e+01
2.810003460000000075e+01 2.487472817658931135e+01
2.871534520000000157e+01 2.484868473062456928e+01
2.934412939999999992e+01 2.482513389314185659e+01
2.998668209999999945e+01 2.480588876335201576e+01
3.064330500000000157e+01 2.478620253027316167e+01
3.131430599999999842e+01 2.476783313406423304e+01
3.200000000000000000e+01 2.474893963633132188e+01
3.270070880000000102e+01 2.473247900185519299e+01
3.341676100000000105e+01 2.471662010475563065e+01
3.414849279999999965e+01 2.470415394998418890e+01
3.489624740000000003e+01 2.468848478332678908e+01
3.566037579999999707e+01 2.467393371751628806e+01
3.644123629999999991e+01 2.466078107633381222e+01
3.723919550000000100e+01 2.464828290466664029e+01
