-1.256239784682441796e+00
-7.681160814993875929e-01
2.870537005209675696e-01
-1.483080065159413929e-01
-5.248261584963123116e-01
2.461387327319621843e-01
-1.480209719426121451e+00
-1.287909238586783633e+00
-1.308314226765663113e+00
-2.505003663071091458e-01
4.002423777068402078e-02
1.045901453203249343e+00
2.981751296457659239e-01
-1.172655184662890898e-01
6.680380085725777795e-01
1.625671786449341960e+00
1.509934796555598036e+00
1.978352313777623772e-01
-3.773676376298821800e-01
-2.116897462723162926e-01
4.602800878765674342e-01
1.267646501441044848e-01
-5.880783367022009989e-01
1.994038996542622511e-01
3.559958549143190099e-01
3.152960020164961019e-01
-2.291388902308513498e-01
-1.103689790136801463e+00
-1.056061584526654551e+00
-2.336915201310155177e-01
-7.321958613240603375e-01
-1.074624917246409517e+00
-2.778030928062279470e-01
-1.947883987423670860e-01
7.234454252881807046e-02
1.297483551739449403e+00
3.951317792072251978e-01
9.826356677828604336e-02
7.628587630649810158e-01
-1.081991354602648697e-01
-5.136086501474893540e-01
2.285382195590024978e-01
9.895279456181078626e-01
1.067273797751272291e+00
1.159110349640548376e+00
1.113999305876822277e+00
4.629348722762737234e-01
5.921600530555354291e-01
8.078881744009019927e-02
-6.465934147530935094e-01
2.612664656989972523e-01
2.484469465632766216e-01
-8.051068170626711484e-02
4.698105791907949413e-01
-1.050384598914566814e+00
-3.601408736627341178e-01
7.482379663294557171e-01
-8.744394419518720929e-02
-5.767585487526505350e-01
-2.460282936488623062e-01
1.656354449615081992e-01
-8.184138467816161333e-02
4.517770698199263107e-02
-1.961513846251867754e-01
4.365285958355265561e-01
1.354970016016521450e+00
2.554943727274559540e-01
-5.365707967922979105e-01
-3.884828183325222395e-01
1.213346816530151140e-01
4.733250465718467220e-02
1.046503683652128674e-02
-3.714388081722579393e-01
1.919122076479019279e-01
8.725918817650241133e-01
3.862754366869383116e-01
-7.484502950196189053e-01
-4.369522584757181694e-01
2.574901532950018418e-02
-9.348992615025349118e-02
-5.227085854292406325e-02
-2.987059090367883307e+00
-2.330604141221308101e+00
-2.139111548110226579e-01
-1.029715247359102442e-01
-4.207342497771570655e-01
-5.927042385478765718e-01
3.151970727500091191e-02
-3.105251329904987756e-01
-3.685080458263790409e-02
8.126390516942380571e-02
-3.984519000220210216e-01
-2.567189415155425869e-01
-7.767048136140192183e-02
1.108354437186808150e-01
-1.063642713180942140e-01
2.830294829424204184e-01
2.046368518735234565e-01
-6.138851457065904599e-02
-4.263444572632518054e-02
-4.140680357151663715e-01
-2.061474756642678874e-01
-3.419642542556308729e-01
5.595064721533279939e-02
2.291196971967044693e-01
-1.130784460922583251e-01
1.250694724065975205e-01
-1.239804931250952785e-01
1.184995270167093473e+01
-3.920306633501827509e+00
-3.663029563836629254e+00
1.920004317586631704e+00
3.066827024995053108e+00
4.718038246004536279e-02
-3.220979200636659989e-01
-3.496586496857839732e-01
-5.007699488113886988e-01
-3.415721659057027737e-01
4.799944103923295957e-01
1.304794319823316062e+00
3.099803052796785696e-01
-2.223966780232091156e-01
-1.575934348214618752e-01
3.698937280676070638e-02
-3.794684760511306959e-02
2.933812105765191795e-03
1.061798800433813028e+00
1.237285880794635418e+00
8.612566561283838684e-01
2.852898321208164889e-01
3.296308989563689895e-01
1.494245049127372438e+00
1.002170474917005949e+00
5.968300871021705589e-01
-7.506860799852557720e-02
-8.245086661150140550e-01
1.560169228123400309e-01
1.131636935048013770e+00
3.039432891658764846e-01
-5.532996798667699778e-01
-3.163788400049538097e-01
-1.920888674468598234e-01
-7.433319679503082311e-02
-3.961446235174078678e-01
1.033610396453257030e+00
4.845538510322746628e-01
1.047885870047203377e-01
-4.908351761507899758e-01
-3.422212092834598374e-01
6.682400045076548611e-01
-5.129291201460999677e-02
-1.310285194168738510e-01
-5.233633950773489696e-01
6.435771025159617853e-01
3.665776756040110551e-01
1.654282126832639088e-01
-5.372748008552036270e-01
-3.950166076231731993e-01
4.852298522101510247e-01
-2.380682698771325601e-01
-2.068719952526824613e-01
-1.765635889391062863e-01
1.545059275855362513e+00
-1.005744335071049544e+00
2.858415642777617505e-01
1.027956240340560878e+00
5.930993893748861545e-01
1.846393429748153514e-01
5.972786031553963815e-01
1.148046501825306320e+00
-2.206377597101532098e-02
1.729049731379600774e-01
-3.219377349055960735e-01
-4.221260394688078343e-01
-6.846264073079143531e-01
-2.077393294850896355e-01
7.824212065478810540e-01
-1.702923998395858285e-01
-4.064257756291901440e-03
-2.452956282780048916e-02
-4.730389715398972683e-01
-4.161155231939318022e-01
-3.357604082030280490e-01
-2.101754161127189768e-01
2.642024237896287847e-02
1.376724245491172116e-01
3.206736303479233996e-01
1.774340951646858067e-01
-2.145843486500881581e-01
2.738589898216904905e-01
-1.629195809913149273e-01
4.706801451199533332e-02
2.407661060630950367e-01
5.808966058054572112e-01
6.444648222914749480e-01
1.229129187281422092e-01
6.284123763890993308e-02
-3.344336796935572509e-01
5.704592534371552733e-03
5.350618043926803624e-01
9.161743514667918253e-01
-1.501450568781362849e-01
-2.864838723713640789e-01
1.951353452897840735e-01
3.084221262932120844e-01
1.956121839433122220e-02
1.778817397322255411e-01
1.846649613569680071e+01
-9.626492557437221764e-01
-2.466779258599124613e+00
2.221842277212655592e+00
3.042357950168934178e+00
-2.007538384887130045e-01
-5.143303712935703986e-01
-3.878914974118591874e-01
-3.917359951996223222e-01
-4.497277359213094350e-01
-1.322493035265071559e-01
-3.872733777217272078e-01
-5.737777807960499077e-01
-7.637684578799454060e-01
-3.943714615773873389e-01
-8.714230727051073266e-01
-4.426919066301568395e-01
-6.597953757146752807e-01
2.075398793348926796e-01
-3.047133552334611917e+00
-1.284311840287688522e+00
6.211449563966768839e-01
6.971981933082418426e-01
-7.677274208261260224e-02
5.500840779305594674e-01
-8.224190365049485751e-02
-3.083757516502058649e-01
-3.615856926143040107e-01
4.806765127089889789e-01
1.174584473723058853e+00
1.762559962032094474e-01
-6.297167682685302914e-01
-1.888592644524169917e-01
-1.905463229630955935e-01
-1.020619316069102944e-01
-3.481169605153491275e-01
1.030623430431616150e+01
8.858397037665679541e-01
-8.216048935079033333e-01
-4.759782710566221042e-01
6.764159060172344473e-01
-2.051959592565511525e-01
-4.055308169491649295e-01
-7.894290963019884311e-01
-1.285835258510252599e+00
-2.093543340745483405e+01
7.618274807128192272e+00
9.076794740177793752e-01
2.469755609055067413e+00
2.009000905821018534e+00
-2.875269355974690022e-01
1.037317035595730630e+00
1.124565028855533999e+00
1.818672459321941104e-01
-2.114999240270551528e+00
-8.389735761627417077e-01
4.190333877920130456e-01
2.282284047503901625e-01
1.845355851537540046e-02
2.428389963381496486e-01
-4.447030604992494585e-01
-8.206101699941128480e-01
-3.257507367877119364e-01
6.816685381972533708e-01
4.040201254564683708e-01
5.133163300477325830e-01
-3.806375349304780831e-01
-4.411170681958148654e-01
-6.677775432783515652e-02
1.918764751118746392e-01
4.246480498392884301e-02
-1.701005431760531927e-01
-8.775562308180420712e-02
5.224958610460431752e-01
1.005487334538676114e+00
6.882134893911709406e-02
-3.171230817654047129e-01
1.149343021905559724e-02
-1.972558430848587174e-01
-2.653311324264186477e-01
-1.649099769981634822e-01
-1.645589846881994944e+00
-9.240003507784618764e-01
2.525447557830823864e-01
-5.818534864883568858e-01
-6.947092609131911844e-01
-1.867150011591744638e-03
-1.151375150656628044e-01
2.598952910934153038e-01
-1.323462698620179838e-02
3.556088533185404743e-01
9.747225441182863492e-02
1.795218518182095657e-01
3.280418420937692425e-01
5.552199841936962255e-01
5.283572139237662224e-01
6.100659348559830386e-01
1.985421456565010234e-01
-4.719831669668844015e-02
-2.695794248505448132e-01
7.780294255350543586e-02
4.629517360512401709e-03
-8.760855260816999279e-02
-1.698689261749636303e-01
1.635976976853883158e-01
-1.079560764626825708e+00
-7.737469834427280757e-01
-1.716203827272731186e-01
2.869539077936492655e-01
8.665196046618348635e-01
6.651392393602687525e-01
-2.693195611409548995e-01
-2.506303490874765005e-01
6.486709062216223787e-01
-1.780581487826456422e-01
-4.330601476345738998e-01
-5.608255587825641264e-01
1.395273683782587204e+00
1.457035951854483979e+00
1.641077440792160669e+00
8.458945133359970781e-01
5.262366676497675089e-01
9.737239231776859683e-01
2.186726700470134066e-01
4.780935926666664559e-01
-2.247667941350082188e-01
-1.347924210355783581e+00
-2.025802782420269121e+00
-7.545586011693190542e-01
-3.308015392683540390e-01
-1.289448818197585778e-01
-5.845726181615822775e-02
-2.515000732519294124e-01
-7.274447052439230177e-01
-1.285131811983383776e-01
3.346064185922033030e+00
-1.790168659713658128e+00
-1.383960969369305127e+00
6.085414883250932494e-01
1.423935199057375200e+00
-3.425456803451322751e-01
3.898145830020202651e-02
-3.779488721584161048e-01
-1.813443992228618296e-01
-4.138473836303073194e-01
-1.807276733772086585e-01
8.717417249434598059e-01
3.328137400055055095e-01
-3.844076034781918616e-01
5.998110741449465960e-02
-2.218466985837213579e-01
-3.040342383980712548e-01
-4.058780539289140177e-01
4.021349398550234433e+00
-3.085013913448868550e+00
-1.673729438051111629e+00
7.329110530312012983e-01
1.704037814049675692e+00
-1.933816279824892015e-01
1.169906832193491619e-01
-3.122587643008848390e-01
-2.907232713663998602e-01
-5.929876528061331364e-02
5.784412648599780438e-01
1.038623142835149560e+00
2.360201668637014819e-02
-2.823153870334267346e-01
3.053463150755895694e-01
8.316092270871602854e-02
4.963642307875686804e-02
5.742420091115229414e-02
-1.488007752709026743e+00
-1.026898273010941942e+00
1.305005227039307825e-01
-1.453487153300453971e-01
-4.371310979381183293e-01
3.655952520145639428e-01
-1.190546764974118155e+00
-9.985822577887163431e-01
-1.000379191728253403e+00
-1.393260702251935212e+00
-8.266408734269116154e-01
-8.372266541287015640e-01
-1.191640120610375719e+00
-1.029440850962433984e+00
-7.033153615671355885e-01
-5.810010734627587548e-01
-4.970661376239960960e-01
-3.308050318644512044e-01
-4.218683427282600817e+00
-2.575518184569931535e+00
-2.457417887469009743e-01
-1.097434413115127572e-01
-3.926374673018515615e-01
-5.520545631387390184e-01
1.354479370154689499e-01
-4.343674895846556527e-01
1.736750727250404303e-01
-3.002504100021461952e-01
2.838020461715777820e-01
1.149174758488074488e+00
4.089834172823856306e-01
1.348869302663281144e-01
7.589410795933042575e-01
5.418265973240427025e-01
8.794848219170384729e-01
-2.677495738439725770e-01
9.486452601341287538e-01
7.109610874908465702e-03
-6.826620991835857799e-02
-3.537938737711273096e-01
-1.070537245876549137e-01
2.336454489287773939e-01
-6.432901941698869475e-02
2.975441110737406802e-01
-2.584036782968480161e-01
1.672184085068628978e-01
-2.289429827274428175e-01
-1.794252159176507391e-02
1.117933397477031271e-02
7.210930496872139384e-02
-3.425450253103193288e-01
-1.651336328769455464e-01
-8.373070037371996288e-02
-2.442630489376696468e-01
-3.044793283439446441e-01
-7.487342399066083676e-01
-5.607300259244699658e-01
-3.837234930795721533e-01
6.464538311136189437e-03
5.808461712312067149e-02
-2.085429235470500631e-01
3.843362760923878935e-02
-1.741618731344736215e-01
-6.787584747347347180e-02
-5.327398741753698319e-01
-4.648426557689244176e-01
-3.980376446585658368e-01
-2.811440983421383266e-01
-4.998366840074749962e-01
-1.179588061702085619e-02
6.014265113691316667e-02
-1.209850388418769740e-01
-1.902363841598921634e-01
1.974226165095035457e-01
3.748143888423466352e-01
2.460510446546610719e-01
2.567371193537750784e-01
1.599984528448152588e-01
-1.722861299357254239e-01
-7.969581308961525001e-02
-5.797560184333204747e-01
-4.170719481264547057e-01
3.171980579214825346e-01
9.897285053358957363e-01
-9.343593118503255857e-02
-2.413102842708323981e-01
3.396070391339452432e-01
-8.206914544534205103e-02
1.576746223642755129e-01
1.512363883007459067e-02
1.219067932674240629e+00
-2.348618656956766859e+00
-1.513761076474757328e+00
-5.967532607703737169e-01
-3.281007119100732838e-01
-4.894922705104659544e-01
-5.520984925481333683e-01
-1.145854571417147527e+00
-2.814266137588694039e-01
1.518390293099537158e-01
8.668372410987843293e-03
1.235326526792570601e-01
3.564628405099761754e-01
6.437635120928321131e-01
6.222349501052238940e-01
6.043953676344854253e-01
3.515202535951773566e-01
2.576206299055746607e-01
6.143385250764062278e+00
8.167363245743345379e-01
-1.038467721135574395e+00
1.450228740007795336e+00
1.233533884209223386e+00
-1.571765581400635714e+00
1.586428948212676160e-01
-2.160138425885159974e-01
7.418287238828132069e-02
2.166925804428244950e-01
5.363004147064641680e-01
5.754664058381786518e-01
4.712818845521742905e-01
5.136343117091536348e-01
4.217158615562637825e-01
4.111778612787541087e-01
-1.873311017849980664e-01
-3.900091937411546694e-01
-8.653748562905286823e-01
-1.171413806885884534e-01
-4.162423568513492489e-01
-6.550348032601743808e-01
-8.692748979708507795e-01
-4.903331305026550346e-01
-3.457085256530051387e-01
1.092189117781880436e-01
-2.823400617972329774e-01
-1.504790071259166639e-01
-1.179211853774522201e-01
3.057757914758634649e-02
-2.413512744836725579e-02
7.571183655105240273e-02
-4.428564006993331026e-02
-6.264817507402785368e-03
7.365503727160375991e-02
-1.478121944236600871e-01
-2.713612381194557832e-01
3.899446801620008451e-01
4.453595361988342272e-01
-3.588800568367537802e-01
-2.997365977343949273e-01
-7.844450481088921512e-02
-4.390405301048170839e-01
-4.780286336635062305e-01
-3.298407024233607210e-01
3.356858349825001531e-01
5.245754048436810368e-01
7.044212313650903834e-01
7.733394575678262939e-01
8.924547392482797825e-01
8.943668910483759671e-01
8.199493782574216461e-01
3.198749639998529348e-01
-1.294079054309521248e-01
-3.681348542640117683e-01
9.953423738027147860e-02
6.681597561285241849e-01
-2.204500587859810068e-01
-4.257333362936538412e-01
9.836798227075921330e-02
4.813997639210979562e-01
4.075307113252025770e-01
3.034708010035620449e-02
-4.321768260976801002e-01
-3.892592643571467281e+00
-2.214677911475670946e+00
-4.187167943618002458e-02
3.361645108864361742e-01
-4.373637612571696920e-01
2.707048180663542136e-01
-2.988239307379514376e-01
-2.869384818899471390e-01
6.514220326451997778e+00
-4.168439020841862575e-01
-4.523032525073168442e-01
3.857952800049713193e-01
6.057223025525620974e-01
-1.717955117271974530e-01
1.431151671799207659e+00
1.096168824321488433e+00
8.380671485150053002e-01
1.470557182520719053e+01
1.529282426688548968e+00
-1.013933807160628753e+00
-6.831168989225859800e-01
8.066803113883781740e-02
-6.753606469019494130e-01
-4.971225749569664898e-01
-9.960974289116926172e-01
-1.489641429634963044e-01
-1.460666955292000635e+00
-2.756735310011591444e+00
-6.583106718159997817e-01
3.931295673609132568e-01
6.453425513329464902e-01
8.467654869412860608e-01
5.771059392146156153e-01
8.454858282491621857e-01
-1.123798969286276123e-01
-1.109362245173868056e+00
4.537641157579990203e-01
2.206404539041650070e-01
-1.046698959544180685e+00
-1.508359349877432365e+00
-3.756891550603203567e-01
-1.180981434968915389e+00
-8.705034639793434170e-01
-2.227912852515009923e-01
1.043138698638234629e+01
4.364237964863429409e-01
-3.261308198467001707e-01
1.038570560883979921e+00
9.227725236351531635e-01
2.309255913910295277e-01
7.751499834952705337e-01
1.240468098230715910e+00
1.379225875378459892e-02
1.181183228800316565e+00
6.766017180691454858e-01
6.197804272635265566e-01
3.439469178344360945e-01
5.053004055233507597e-01
8.646322505358633448e-01
8.631658280480633549e-02
3.829107408779702793e-01
-8.221920511243284435e-02
-1.613445125852205120e+00
-4.700376202399572656e-01
-5.443435936253437912e-01
-8.126262935466944670e-01
-1.063268311107710140e+00
-6.623731057957212842e-01
-1.113362798251191332e+00
-1.379131939410029872e-01
-1.067963496735877850e-02
5.027011800461556046e-01
4.526721834649178322e-01
1.356759836464337177e+00
4.218389215041964402e-01
6.817791760082358987e-02
5.503253802646953519e-01
4.194072437711182100e-01
6.971865213227190772e-01
2.316534877646555524e-01
-1.460225064329431444e+00
-8.642386040155085603e-01
6.597654253040315941e-01
1.171353122249185058e-01
-2.422071669826294030e-02
1.587893073174494185e-01
-6.258440152817122959e-01
6.427872481508926927e-02
-3.185145324637774222e-01
5.290249751689163338e-02
1.098554906800169206e+00
1.343818506209355501e+00
3.206506434375036574e-01
-3.841192565718156704e-01
4.309251278713208677e-01
5.939495404522122657e-01
9.960387395474324945e-01
3.734745212691636396e-01
9.438430500817958091e-01
9.069570945833673736e-01
1.106474041362044414e+00
1.293076439359286178e+00
1.561068521253770491e+00
1.490835036272763814e+00
8.152017841370972073e-01
3.354368050811987745e-01
1.925161987004112008e-01
6.104665257464222172e+00
-8.856003789912262336e-01
-1.711154654485228521e+00
2.795807728099403699e-01
1.495931456004618409e+00
-3.305735688907828207e-01
6.939393234161754520e-02
-2.252767154135441319e-01
4.846123808427468989e-03
6.063303558709045582e-01
4.489128866385651562e-01
4.258768235919899170e-01
-2.557218903115297537e-01
-1.461603332403482447e-01
1.167056979882851314e-01
1.140314648642639372e-01
-5.310969995553867229e-02
-1.670491552630469891e-03
-8.624802675917141448e-01
-2.347035780903420146e-02
-2.968090774745756888e-01
-6.552759251286545128e-01
-8.936970395104620879e-01
-2.969024825391426980e-01
-1.684925178415724645e+00
-1.131460002508154483e+00
-5.319669900743331237e-01
-3.962216359744853378e+01
2.071594296458934448e+00
-9.550447927814683657e-01
-1.054544033789005075e+00
6.658416288230167845e-01
-4.009433438846998210e-01
-3.718940725248116586e-01
-8.224105283553573287e-01
-5.647129492233704529e-01
7.503197974981478009e-03
2.515221255408505103e-04
1.423037748478345188e-01
1.082728468377839454e-01
2.236551930346110661e-01
1.322059733443052554e-01
-2.919387513924381894e-01
-2.321445829283539930e-01
-2.764684984328014128e-01
1.243793843803332189e-01
6.249910094355825424e-02
2.143910108992378438e-01
6.480654468388684364e-02
8.549730692724077930e-02
-2.946436957063027287e-02
1.256560901301654598e-01
5.598199125729175218e-02
-5.055772972833579848e-01
-1.209809541023543877e+00
-7.755042484067875552e-01
5.236207142933370084e-01
2.334131099408107753e-03
-4.235979255669286014e-01
9.358506051367804224e-02
-5.032397182653000067e-01
-2.614707982506844219e-01
-2.464412038405034699e-01
-3.144008447826423525e-01
2.887672484702664133e-01
4.228535863919378746e-01
2.962703275519265045e-01
3.027882957876378844e-01
-6.801390811300250978e-03
-1.302142838007715464e-01
1.454410041712009792e-02
-5.808729831184761966e-02
-1.739062933601056127e+00
-7.112802443151209353e-01
2.557218703008556915e-01
-1.937207323888079091e-01
-4.864605469486537048e-01
4.462748014569729860e-02
-1.239943156413074510e+00
-1.198670844008998149e+00
-2.934481595608481874e-01
-1.441535607608009029e+00
-7.506067000689211621e-01
3.497104621961635851e-01
-1.499912879263977095e-01
-5.862548987763777086e-01
1.311799571813423715e-01
5.684985918811756578e-02
6.548331507504322191e-02
-8.357048079605700064e-02
3.719369496452392121e-01
1.334667144764588309e-01
1.271219893242596932e-01
-1.753694863348322086e-02
5.683059016031328896e-03
-1.009247047032208744e-01
2.533009207252391315e-01
-3.982233136986757654e-02
-1.715304958066654895e-01
-8.383939635157603432e-01
4.801032429316228756e-01
7.636196824117079673e-01
-2.418901904102035150e-01
-4.137348922628904524e-01
2.305148056296091597e-01
3.923935087960530033e-01
2.332103557479808520e-01
8.450791778470663485e-02
-1.463977404380575997e+00
-1.144054054545469823e+00
3.641999467594732587e-01
2.485723762342244292e-01
-3.294605362209474531e-01
5.925706050395025681e-02
-2.697790417924139095e-01
-3.423300277214792464e-01
-2.446366253448737371e-01
-1.996404479821999534e+00
-1.593774238175073243e+00
8.315942745189881802e-02
3.811648443777405082e-01
-2.370942716722186649e-01
1.349253674957897053e-01
1.092011430883738504e-01
-2.377491144478951351e-02
-1.700292540472621849e-01
-1.480752838813019778e+00
-9.527777522129507459e-02
6.648162320508892442e-01
1.167708804947171497e-01
-5.641370603449380461e-03
1.939225115590686166e-01
-4.631069636266528788e-01
-6.403617692196461597e-01
-2.157124881483990508e-01
-1.119634088009058837e-01
5.314068670990292897e-01
5.825005439311992106e-01
-3.609398823329590389e-01
-4.836419909408330442e-01
8.600839290048938324e-01
-3.067462218165389193e-02
7.554030938783964921e-02
3.199607773037550090e-02
3.168404666848283924e+00
-1.882055078510334045e+00
-1.094325733313997517e+00
5.282218253513177864e-01
9.546910191253035194e-01
-3.800323649043376717e-01
3.888294508465733879e-01
2.004177324431345997e-01
4.715366804311116322e-02
-3.527761442113502288e-01
-1.011184926915623637e-02
-2.110633488928279761e-02
-1.211997972114956523e-01
-7.900882362157260475e-02
-2.118901436353000101e-01
9.455971487522144003e-02
-4.236308293461251567e-02
-1.875087996408671132e-01
7.867720736331400566e+00
6.279034633319160313e-03
-6.974047286898049647e-01
-9.034415777753189436e-02
3.799567527132309830e-01
-1.456696963248645948e-01
-1.100442432963846945e-01
-4.049236791390922185e-01
-5.799183626757221655e-01
1.330596933196866727e-01
8.218340245985088222e-02
1.120894248317793274e+00
3.919044724908279376e-01
-8.253848858746402894e-02
2.804644991304577339e-01
-2.387779947794997359e-01
-4.029231238838081042e-02
-3.091253942829648091e-02
-4.125877286740459726e-01
-4.598423468347270782e-01
-2.429578628741660973e-01
-3.074873260340258985e-01
9.854437615815769824e-02
2.322971323786461595e-01
-1.848549377055294651e-01
1.144737968491832542e-01
1.000859289298370799e-02
-1.626092341589035206e-01
-2.217110107817489018e-01
3.508677336570397830e-04
6.404994504235224373e-02
2.325807314267515080e-01
2.512211999365647139e-02
-1.091380166713489530e-01
-4.623713298286676737e-02
-1.515122631961944577e-01
-7.794063042038702482e-01
1.478702054242755359e-01
1.230218228856117396e-01
-6.540774923078188641e-01
-5.189941823116382968e-01
-2.948801648536913955e-01
-7.400831926477281775e-02
-9.736099875030398976e-02
1.436319065408027951e-01
9.235316461328033077e-02
4.134794864742588061e-01
7.175785426364477138e-01
-2.087644302136079655e-01
-5.468178031692844110e-01
2.612921070121909401e-03
-1.606899576712389199e-01
1.418561802805214933e-01
1.563371647796873709e-01
4.922757776058953594e-01
-1.339717082378198310e+00
2.540237910163636315e-01
6.697233350225025861e-01
-1.536467650688649045e-01
-8.457999948230163767e-01
5.527443623007587299e-03
2.887156342396244441e-02
-4.183405894788291834e-02
-2.509367215477449342e-01
-1.024136720757964775e-01
7.487900475419634327e-01
2.216287162630231622e-01
-4.788533408053899931e-01
2.632582664897160640e-01
-1.344006409926065959e-01
-9.402656322948119150e-02
-6.324756880037717133e-02
-1.065795335494388141e+01
6.652010794232278812e+00
-2.324956439417897869e+00
1.329607217262041841e-01
-8.321995283767136264e-01
-4.549081284264031577e-01
-1.690472864362007721e+00
-1.489857218286906093e+00
-8.193715442414915007e-01
-2.889921906502931903e-01
8.930700513055719880e-02
2.016816482713341130e-01
9.501878436415950313e-02
1.382084084521961187e-01
-8.337816578235394960e-03
8.462830300007714857e-02
3.421041275707933232e-02
-2.833539519449184696e-01
2.852270897412339323e+01
5.513715911790158408e+00
-1.768002909319292826e+00
1.084639697138843450e+00
7.166305091015956474e-01
-3.733903716715046284e-01
8.142501966183010031e-01
8.258958142651889878e-01
4.571043457352659822e-01
4.712153221378380663e-01
4.048211456645260387e-01
5.875917381404553996e-01
-2.652488186193940889e-01
-3.836718507569904513e-01
-1.046716933156778898e-02
1.087592214586437754e-02
1.277745196467508504e-01
3.433182762102286734e-02
-1.089059585615609338e+00
-1.173665064317964690e+00
1.836627688511115741e-01
-1.155577727039165947e-01
-4.523379501121581048e-01
-2.501089200810118207e-01
2.137053347373728818e-01
-2.599723632663052814e-02
1.106507304685059451e-01
5.088679078666335370e-02
-1.710598088103553946e-02
1.074225519654549710e-01
1.156300534224032756e-01
1.710354497652750716e-01
1.622604374450254128e-01
3.890868390588188563e-01
2.607575377041604914e-01
2.326334788552827937e-02
-6.044052548803431624e-02
1.217202138034608472e-01
2.581295219324388213e-01
1.111056385647235384e-01
1.522583932628820691e-01
1.970140636913388366e-01
-1.143961189860387279e-01
-1.784834792864421760e-02
-1.935610450043160624e-01
2.637253128195185536e-01
6.928713782412777578e-01
8.615866111289417484e-01
7.895612213634319865e-01
8.629719645023153918e-01
7.841347169862907807e-01
3.678389688396038193e-01
-1.579421632550506716e-01
2.683394564559177242e-01
-1.290605741176866772e-01
1.749619954934709121e-01
2.919988712095468175e-01
-7.550919472498960651e-03
3.078766795828941083e-01
4.766354521599308613e-01
-1.450660461216787996e-02
1.214090206593392424e-01
5.539901418230054331e-01
8.691607126286307050e+00
2.187546034033011066e-02
-6.026521136885258922e-01
1.782035450605413129e-01
4.273730449782696672e-01
-6.220758991215858957e-01
1.156309441944297189e+00
9.914710530807087085e-01
8.854675193868672967e-01
-4.225989556063153296e-02
-3.809683994354227665e-01
-3.554309781107857780e-01
-4.421775989483316405e-01
-3.042496531260747705e-01
-1.552812140328256041e-01
-1.909185364532333395e-01
-1.255020328615717717e-01
-4.728353234985620962e-02
2.269162668323835774e+01
-1.157449718596520460e+00
-4.129393524618311773e+00
6.369583950011563633e-01
1.260182380692310034e+00
-2.900939874698659771e-01
-3.830376925286153589e-01
-3.097574233237048169e-01
-1.148438453503002332e-01
6.590100530993113104e+00
-6.112141835884553620e-01
1.020434927861621488e-01
1.353609727619633274e+00
7.942598759046688439e-01
-9.434477882177779717e-01
2.873278399336957056e-01
4.833577540157345254e-02
5.854053736414030484e-02
1.824561258480995873e-01
-9.356960779482187407e-02
-1.545499293202252378e-01
-2.820182555999061758e-01
-2.273815657601744311e-01
-3.705601283996951545e-01
1.768371380339546217e-01
4.534158049900768872e-02
1.989095282271664822e-01
9.965281178404916673e+00
-3.827701754911471355e+00
-3.446079346431995649e+00
1.206838363449590279e+00
1.369283562486536043e+00
-6.429139241710318808e-01
-5.786839266881803334e-02
5.248462904246786742e-02
-7.195348093784059706e-02
1.577347371409277554e-01
1.314031795826315907e-01
3.014969488186063917e-01
2.274212707016337598e-01
2.043673569646830834e-01
-1.147277930798873136e-01
3.695030292421382090e-02
1.054206370526193648e-01
1.106342644920056267e-01
1.220212205081089962e+01
-5.397020383669714150e+00
-5.980419269412666772e+00
-7.801768708418532761e-02
1.011608038668412313e+00
-1.175659610495542323e-01
-1.911434050899735726e-01
-1.551903518826421025e-01
-1.140360113329827452e-01
5.003833275812494819e+00
-1.628079604512387091e+00
-7.375658243455318619e-01
4.719480712022903757e-01
4.936672575154366083e-01
-6.822525126048478716e-01
1.292551039455152040e-01
9.938718641305928359e-02
3.655929271287413629e-01
3.749601886029741316e+00
-7.874340426920471980e-01
1.884187414414716100e-01
1.078438740605852653e+00
5.382552858121876227e-01
-5.506676742534184488e-01
2.532644569793811584e-01
2.862667582140944189e-01
1.981061789773603532e-01
1.252446798187555610e-01
5.042805655105161433e-01
5.099259178244890389e-01
-4.297690496954916783e-01
-6.544667000639505794e-01
1.624773752462052578e-01
9.380116499124308699e-03
3.119329146547426546e-01
5.085515898878801844e-01
-1.232427816541907140e+00
-7.561690962509485248e-01
7.846702257330250285e-01
5.287015503753862422e-01
-2.303241817938932734e-01
-2.423707926815741320e-01
9.598361475774036533e-02
-2.229821388194976606e-01
2.494184645258294350e-02
-2.890590747724330711e+01
1.113974478790745293e+00
-2.802300391997535556e+00
3.853815730822107710e-01
2.856102791042536282e-01
-6.689146875550907589e-01
1.428097615827881028e-01
2.078868307676482174e-01
2.742048463287258264e-01
-2.119855803255836224e-01
-1.963911162588883597e-01
-1.072811679450698247e-01
-9.882100372215678330e-02
-6.375439363266934001e-02
-7.746303828685396908e-02
1.561017709886453608e-01
1.735104421184759937e-01
1.928330117560010937e-01
2.376210859420570531e-01
5.422905445194898394e-02
2.056442838123489700e-02
-2.142250723027293302e-01
-2.296925531744931359e-01
-3.465817403689959719e-01
1.198969891084655376e-01
-1.610550830461908098e-02
-1.790844685939135122e-02
6.893135169670002727e-01
4.529481070390903863e-01
4.350974491911185349e-01
-2.777729351564143245e-01
-1.265650893930970466e-01
1.265926731437234942e-01
1.312145900589914297e-03
5.205793866494387752e-03
1.059553908778614190e-01
-1.273510673480065636e+00
2.300441963863979755e-01
7.572972663824893980e-01
-1.433351916924692215e-01
-5.703472519746143332e-01
4.715122870860373738e-01
1.212378729690931703e-02
2.349187581185926271e-02
1.989608159135859700e-01
-2.413907489793696470e+01
4.012904799244132903e+00
-2.799507835128164146e+00
1.122986000029437686e-01
-1.722121892680635036e-01
-5.955114622923939338e-01
5.576614458198921875e-01
5.647181610332868695e-01
4.334265420520207468e-01
1.547708777282058405e-02
-1.357458173232410914e+00
4.212133989871116313e-01
8.014840855362467265e-01
3.626864544343079422e-02
-6.159412645772247563e-01
1.990653800201324097e-01
-3.137113688917856358e-01
2.203183606707626724e-02
1.108133046016941126e-01
-4.816934868174764239e-01
-3.192199085934436797e-01
-2.256686431388122693e-01
-1.440999265993911649e-01
-5.010677129305771693e-01
-1.017266017505603221e-01
1.260109116341355251e-01
4.492658913311014524e-01
-1.531877382149218203e+00
-9.966071655857128286e-01
2.824937223033023304e-01
-4.406253987717896337e-01
-5.317066930575611305e-01
8.333106928448767714e-02
-6.044038978438130982e-01
-1.185995551224347383e-01
1.203856065425699534e-01
1.586377500936095863e+00
-1.152005124453658880e+00
1.890126346134799185e-01
6.494311897337632367e-01
-1.322191160147119515e-01
-6.482659605425482585e-01
2.158933526594203622e-01
3.891210648088493373e-01
4.385295043995089959e-01
-4.462803457937573881e-02
-3.184344706809787151e-02
6.782994659558192474e-01
2.574591445974407922e-01
-5.371467394602753576e-01
1.434783602391501434e-01
1.158173066787139133e-01
-1.967485972165701480e-01
2.459616988691936956e-01
1.041067976540383522e-01
-4.758235663660313752e-02
4.098308016925651664e-02
-6.030501974096771911e-02
-3.815419685998133748e-02
3.030529935284943105e-02
-8.399677743217889847e-02
-4.349964749011932946e-02
5.350118604150311957e-02
-1.343415962629121441e-01
-2.397837442424067267e-01
-7.213008343239271092e-01
-1.241713845764895074e+00
-1.107943289970038991e+00
-1.118551483976320121e-01
-1.345383444928530473e-02
-1.124830907189116463e-02
4.464271043744990619e-01
-5.081606084333273321e-01
-7.482632683920069638e-01
-6.108648468752447824e-01
-5.205474013426190094e-01
-1.337778415973154278e-01
-3.901826799063076723e-02
-4.041738663400389342e-01
-8.779999838170690629e-02
4.999808371215004321e-01
-2.140395700679969815e-01
-1.281704798513296495e-01
6.205677680575807237e-02
8.102843136827822534e-02
2.097198732238105823e-01
1.206565762146250345e-02
7.421139121028306291e-04
6.438272833177556553e-02
3.724037995655807842e-01
-4.092406744478729319e-01
8.234174229362406505e-02
1.444535128173612959e-01
-9.391599671083110390e-02
-1.250391398538763521e-01
-1.638136519047631856e-01
1.601515723834660843e-01
4.199970855860031549e-02
1.267354795520360677e-01
1.961639592536392485e+01
-3.582343605575646905e-01
-2.031851919406293394e+00
-1.244005393878130139e+00
-1.849445436213943694e-01
-1.378260763690008606e+00
7.603462758447604442e-01
1.035485181405888078e+00
1.000141819699635670e+00
-9.591596104653285493e-02
-7.443208931655492799e-02
3.415766764089599172e-02
-3.579509131821706491e-02
-6.038692828346730462e-02
-1.437546101464669546e-01
-8.613581974856276968e-02
2.535060352898342584e-02
3.754404955765224816e-01
4.017501594328342640e-01
5.226682133302517075e-01
5.024125000094632476e-01
-1.814260627435367035e-01
-8.446974201412596472e-02
9.189014865136699295e-02
-9.550323084559345088e-02
-1.482001548703148486e-01
2.320845484551385951e-01
1.632678801589874595e+01
-2.294587445825164718e+00
-5.234118729571309636e+00
-7.850813006327355126e-01
-7.518027255631298811e-02
-2.851150775738737209e-01
1.357864641342533263e-01
3.095429311644316561e-01
3.249252005815650990e-01
-3.378505140466621981e+01
-3.235063576602950630e-01
-4.422165318258941547e+00
-5.588335708764867737e-01
3.835648899135382130e-03
-3.676758698274095183e-01
-3.326856536477863502e-01
-2.283169382786948698e-01
1.082068267173563886e-01
1.367025363471736732e+01
-3.685654236826685359e-02
-2.714060564113272900e+00
1.657735929547577980e-01
-2.093100448986590367e-01
-1.085802775298192024e+00
-2.086981734726399695e-01
-1.521149149794880917e-01
1.444451023302902870e-01
-4.104280262646146649e-01
-9.224274970179224820e-01
2.115376442745286190e-01
-3.101345880411938150e-01
-4.361134496053473142e-01
2.383504532058381906e-02
-4.269065030753358969e-01
-1.641362724915555182e-01
4.327269608252795607e-01
2.918758589515254090e-02
-9.220418996776900966e-02
1.953078431998692827e-02
-1.190884547167925106e-01
-9.445777773587529791e-02
-7.986960205250358269e-02
-1.050157377316669888e-01
-7.692916598418100826e-03
4.570305296020594210e-01
3.038398014222988830e-01
1.237783554507906718e-02
-1.477651984220777412e-02
-1.977925309189713654e-01
-1.940851509416261778e-01
-3.490155429165270884e-01
-1.023575212803552181e-01
-2.592186964856586506e-01
5.062762430584268891e-01
1.396106887059142210e+00
3.070368388067413190e-01
1.016698120704926156e+00
1.977669811858128457e-01
-1.941362084514536013e-01
1.173560624234664396e-01
-6.407511046568172830e-01
-3.705826219956673828e-01
3.265603359921660509e-01
7.217531084031780786e-01
-2.921329865822989702e-01
-7.754574963618541261e-01
-1.393116034677081450e+00
-1.212898909167995365e+00
-2.038841628482185309e-01
-2.337602382608558182e-01
-2.555666163605114782e-01
6.251395972088263919e-01
-3.235493455690467979e-01
-1.996035295983817071e-01
-1.309570078886951316e-01
-2.975649716873422501e-01
-2.363099868545555926e-01
-3.420789551241202459e-02
2.376305801635762022e-02
2.440081311552484422e-01
5.314718529582910245e-01
2.847795304082342271e-01
2.056780874080766652e-01
2.362615302107680670e-01
7.505611109336163267e-02
8.894150418831850424e-02
-6.061953775492229940e-02
-4.183080693471920297e-02
-1.242526691508925030e-01
4.371086496946777200e-01
-3.309651308889502985e+01
4.337429827221704670e+00
1.424657516328652340e-01
1.526968921488479625e+00
2.314474831985609549e-01
-5.562236571524157291e-01
8.172933054794577490e-02
1.684553525554843834e-01
7.548640416144233867e-02
1.630418285243694854e+01
4.331038808806391138e+00
2.308781886917394388e+00
2.370747580758473916e+00
1.611340147408637735e+00
-7.416932293418184718e-01
-8.677409318831345031e-01
-6.511152893063326674e-01
-1.202204083632379128e-01
-3.081617373897547196e-01
-2.589951919043109174e-01
1.240035687447361007e-01
-5.816714878246002085e-01
-5.229566571841658407e-01
-7.678332869859730292e-02
-1.459936034736868116e-01
-9.292377577232154018e-02
4.004483740660952917e-01
-3.470751338292144794e+01
6.999329075819225032e-01
-1.002477711431998486e+00
-3.305616853446244341e-01
1.079480719496486198e-02
-1.489202434615727100e+00
-6.118964038747710665e-01
-7.819427394058228731e-02
7.908928674240339740e-02
-4.269179504128898794e-01
-3.599754568511566097e-03
-4.859663941961857025e-01
-1.179018175525305301e+00
-1.234979493534715145e+00
-8.370237028442796268e-01
3.340146266024597299e-01
1.778925258455607283e-01
6.159322120007263424e-01
-3.253307001405482124e-01
-6.867062664824021834e-01
-5.255940773935289245e-01
-4.119694048448319101e-01
-2.587504083567360169e-01
-4.559302617418626302e-01
-6.010861572384401663e-01
-5.874761446418009375e-02
5.517536692805724563e-01
1.634274809182002386e+01
4.886920267279404761e+00
1.193067834023553431e+00
8.912692724881854378e-02
-4.156557731715697646e-01
-1.547981521618587708e+00
-2.214201181822038900e-01
1.935117039178843035e-01
3.444912999369692530e-01
-3.888632672745809771e+01
1.826195662477031245e+00
-1.117254203853081940e+00
1.149739549396082472e+00
7.221319049601785389e-01
-8.052855545961095096e-01
-1.895494093044840511e-01
-4.562336472745641136e-01
-7.891187654701635468e-02
-1.709008020741810352e+00
-1.578283870665670552e+00
-2.378033264041707340e-01
-8.932823091299747775e-02
-2.149117196924483497e-01
-6.962537373542281305e-01
2.825061861897695814e-01
5.021593834519773036e-01
7.192548639514882991e-01
3.133133466915491439e-01
-4.024421075273303394e-01
-3.108409883306882948e-01
-1.382499600253006555e-01
4.471180582860235370e-02
-2.375762798755379490e-01
-1.492917513940444363e-01
-2.362541750429617837e-01
1.971171018213207504e-01
-1.503959396002871207e+00
9.175138654242736891e+00
-1.335900743741059937e+00
-6.906752856619688963e-01
6.622961595957697067e-01
-2.119130247205517348e-01
2.101232185912571826e-01
4.749066105115565262e-01
2.824975446906325405e-01
2.107195797769115586e+00
2.946111123117340913e-01
6.658036387994838989e-01
2.033997682081973846e-01
4.301272444693847452e-02
4.466334614254700019e-01
7.984120332195175918e-01
7.035243856125049655e-01
8.271995636033372401e-01
3.677960482023478139e+00
-6.606207964341331840e-01
1.412006495811914397e-01
7.492977078783977785e-01
3.472637128046500710e-01
-2.447873880496589383e-01
1.979489858136706526e-01
-1.331865686967150242e-01
5.316355079976641668e-02
-3.183978773386228478e-01
-1.504199161232757376e-01
4.404926998107725478e-01
-3.768916859989431267e-01
-2.974072887292671941e-01
4.358177807710243989e-01
1.430409837116765615e-01
-6.194848048585935296e-02
1.025623509334360958e-02
-4.280928408185995693e+01
3.046895531955961633e+00
-6.734861602676506243e-01
-6.462786049116182596e-01
-4.519493514951571922e-01
-1.545564921575722561e+00
-1.958689504379259594e-01
-8.353707106204487625e-04
7.597232379685744941e-02
1.061392230807316484e+00
7.430785805999434723e-01
8.919244786781250767e-01
1.037893344379018812e+00
1.192342178268717801e+00
6.608848980136945439e-01
1.520432254525051485e-01
3.995855002042827953e-01
5.282091991921795682e-01
1.691892600962047188e-01
-1.430042137520411427e-01
4.231540089482294618e-03
-4.304876279621059898e-01
-6.068981057300184417e-02
2.404780032717178939e-01
-1.352174410807528981e-01
5.632125312587102361e-02
-2.342839230639787509e-02
-1.412510604026097205e+01
9.866509742115518122e+00
7.061179936975151006e-02
4.929820581654715261e-01
7.184990427946130742e-01
-1.216871275127766883e-01
2.382059093210368572e-01
3.028534711656069578e-01
1.895364526067071786e-01
1.238187261655492533e+00
2.349264083054093677e-01
4.694753945868948009e-01
-5.307281808190120742e-01
-3.880865915295109714e-01
7.610026920324493016e-01
-3.535583173163793225e-01
-1.180142476967803618e-02
5.034328585831584352e-02
-9.077776095654103372e+00
9.960607627319799207e+00
-7.023453033333728612e-01
9.167861675346073991e-01
1.665702968395032624e+00
-2.367420645217286623e-01
-1.988548300056858231e-01
-1.199548109405624285e-01
-7.718456353010272331e-02
-6.470111794321972143e-01
2.563879006345701986e-03
-3.348107394855557306e-01
-5.500445312285314747e-01
-7.640761769456025920e-01
-2.498284280252227874e-01
7.287611535952616126e-01
1.025243167682106549e+00
7.303652179091982832e-01
-2.138363371563477278e-01
-2.379395059945669522e-01
-7.931295798110110651e-02
-6.369787633225461321e-02
1.430787946225635932e-01
1.378920473503352229e-01
1.168443553342845692e-01
3.197274534361210785e-02
5.801106764841728464e-02
2.093167794262332515e-01
3.630771657463165991e-01
2.841456191825703081e-01
1.908004905366873782e-01
1.396827088838241138e-01
1.648441289439250279e-01
8.193504635029902339e-01
7.857414870227928949e-01
6.388500410472525148e-01
-2.215288502435593804e-02
-4.932917094587461332e-02
1.249733553443529988e-01
4.803304539197052886e-02
7.757900399334677344e-02
1.180351628664122604e-01
7.556620491463701683e-02
6.952568970961402542e-03
3.566413238390164081e-02
1.621229487206524711e+00
1.064190039785687381e+00
8.840814098066893667e-01
5.291833442955287126e-01
1.211961720391709685e+00
4.153314621884576785e-01
1.005426258980490095e+00
7.371573731971792220e-01
5.376196885896543654e-01
3.259913793391771564e-01
-1.314896457426192877e-01
1.312343728890116301e+00
1.396113494790745868e+00
6.497056356501464958e-01
9.045088856688358880e-02
-2.726995879383461996e-01
3.272483672134181981e-02
2.361872126581982811e-01
1.561933822855648135e-01
-1.622241911378596024e-01
-1.163833050482147580e-01
-6.620160156045845623e-02
1.125859128513059804e-01
-4.314150838170954100e-02
-8.697922121838445875e-02
-3.868703261584457986e-01
-9.590103674555158775e-02
1.392707143218070431e-01
-5.966123364969997400e-01
1.035420349613757729e+00
1.716248285974222076e+00
1.100808473534827137e+00
4.081977080444811334e-01
-1.070933445107114523e-01
1.738818531336809303e-01
3.349886646760861786e-01
8.033424769833481527e-01
3.663639535877720455e-02
5.552863668459180335e-01
2.116324480040754699e-02
9.738196318397665530e-02
3.447057152520694445e-01
3.249325643474182401e-01
2.572284672211848644e-01
3.134980775429323518e-01
-7.523897080809849314e-02
2.532902107331692632e-01
5.052680206865599599e-01
-3.280824826256739102e-01
-4.907452688041601951e-01
2.241506163482538949e-01
7.107534348072733210e-02
1.752331409531034112e-01
6.131307086204876300e-02
4.169474799583725022e-03
-4.679594079008864704e-01
-2.476661908956441782e-01
-2.661426275345091241e-01
-9.446947989683976421e-02
-3.697235394923044649e-01
-1.953224292248016136e-01
1.007002976420419277e-01
1.966138646678319557e-01
-1.383191464514001101e+00
-1.467712021511732301e+00
3.946282430118510515e-02
5.913382244032632240e-01
2.401343570327935661e-01
-5.546532300001656701e-02
8.557662522866866794e-01
1.024757071636421824e+00
6.205299694537480537e-01
3.606558268063181916e-01
9.957529374026646840e-02
1.430531190329195346e-01
6.750947305772965305e-03
9.299390816943177429e-02
-1.376357083766675538e-01
1.589200999963294100e-02
1.668836828994385013e-01
1.405910874224571283e-01
-2.455351434875119310e-01
-1.501406597873404525e-01
2.572607396260398471e-01
-3.915228271687380968e-01
-2.509587556296057342e-01
1.951466004359558026e-01
4.778519584709118966e-03
-1.725057237092683105e-01
-1.685411164242671053e-02
3.806420275385264063e+00
-1.840274845354943345e+00
-6.938602324827992662e-01
8.473741718044609517e-01
6.979859461177450042e-01
-4.290554173353501310e-01
-8.355426014634743936e-02
-3.231431745521202714e-01
-6.082257240334090070e-02
1.081033661244165245e+01
7.771205566366209405e-01
-6.933045255992138778e-02
7.176515734127665302e-01
6.476059141031792477e-01
-3.831607496522943523e-01
3.208597431608436468e-01
-5.798682321052279348e-02
-3.768304100453694766e-02
4.553534617264243245e-01
-2.174531193760862735e-01
-1.792698061289818567e-01
-2.449141433984590999e-01
-2.176434646992019828e-01
-1.969849572389273662e-01
-2.421981284036350823e-01
-1.390220240893861314e-01
-2.143039097600155096e-02
2.538887858668565922e-01
4.805813575099655843e-02
1.001688884569104099e-01
1.172529558505777392e-01
2.768637357437329083e-01
4.054999790608307397e-02
-1.960846365780855305e-01
-1.346652484937175542e-01
1.317019845203505971e-02
-2.935807059331908830e-02
-5.970186123052614868e-02
9.482337266533642783e-02
3.086837694847715738e-02
8.267136641608870129e-02
5.286540335647969130e-02
2.489277925948505873e-02
-6.252128837148968055e-02
-7.655548887360709431e-02
2.236931961903928467e+01
6.226927794927930471e+00
3.225811440743946434e-01
6.947091888839361795e-01
1.349255016625087844e+00
-9.333768051019773748e-02
2.521730942440181256e-01
1.557118101770990082e-01
4.011795322899906480e-01
2.202188022966822700e+00
1.534478966243995601e-01
3.815235580518153147e-01
2.098332607875172950e-01
-3.414602231465293514e-01
5.318465926133336685e-01
4.092356453967041507e-01
2.347829035517295937e-01
9.984611071368464097e-02
-1.810348765674497651e-01
-3.447092055162886970e-01
-2.058900374473427719e-01
-1.632436066038262246e-01
-7.719537646865343161e-02
-2.740957876598824616e-01
-2.065707507555037403e-01
-1.753449593764503101e-01
-1.604369720088012208e-01
-2.682548258766443428e-01
1.209040608973459996e+00
8.939895266168044197e-01
-2.189096408869379562e-01
-9.217789132618819936e-01
-1.316494733246979520e-01
5.531038709987903257e-01
5.223697090748805616e-01
2.325487551165198730e-01
2.718504297088232935e+00
-5.958074539907217693e-01
2.300074094606941455e-01
3.825274078625589547e-01
1.862054726941838600e-01
-3.375329762783270682e-01
6.361534525082577218e-01
1.875692583765788124e-01
-6.228413514210287549e-02
-1.085326362124375166e+00
-5.077977309518336702e-01
-1.048084873596417665e-01
4.955929534517046486e-03
4.248489287199020970e-01
-6.998270679872953259e-02
-2.219128661001620317e-01
-1.107183866976003822e-01
3.991547123575628353e-02
4.756088640051177041e-01
1.123131058959456308e+00
8.087380418798818527e-01
-1.845972224081618429e-01
-4.043113309835474900e-01
4.117167934676875252e-01
1.132786715238410027e-02
5.137101937518355477e-02
1.304537440042354279e-01
1.564317546066927411e+00
2.251070782456022490e-01
5.931817457952665018e-01
-2.309468527540185778e-02
-2.024274388971070149e-01
3.326851542725878796e-01
3.476016086069239064e-01
3.524150795573755546e-01
7.883478351900105596e-02
-2.338842893835217041e+00
7.568729021013272273e+00
-3.074492409146024396e+00
-7.189303368901346358e-01
1.383522513298297785e+00
1.069091046273201312e-01
-2.872210194243520753e-01
-1.739191831307934644e-01
-2.118957899857946414e-01
-3.887187917407814997e+00
7.463491264230610156e+00
-2.545019203580731304e+00
-4.048878226739483499e-01
1.387084543687167715e+00
2.059033528158898119e-01
-4.344556065658287253e-02
-1.126109253512551506e-01
-9.220541788988380338e-02
-1.916021609644338042e-01
-1.270583342836109630e-01
-4.283364694201882705e-02
-2.704585677010937772e-01
-1.381231177015408151e-01
-3.761818578795703139e-01
-4.947920295376994487e-02
9.555352389866400564e-02
-6.857605184900165962e-02
2.078062299047107597e+00
5.661610511533606838e-01
7.805109241818590782e-01
1.731721794302465145e-01
3.733309434565498242e-01
3.545910384784506375e-01
6.546146727734695192e-01
6.023140135686581020e-01
1.238770522940379898e-01
-1.222260543484795070e+00
-1.894285107446932681e+00
-3.182772868791233084e-02
3.221548792732379929e-01
3.455137506688626264e-02
-4.662862281426236044e-01
-1.455648120666609008e-02
-1.871251414410812219e-01
-1.794291691543210832e-01
-3.410156695167609886e-01
-4.210801989062128436e-01
-1.753880005497794325e-01
-2.609292424999307691e-01
2.571137680445082507e-01
3.977471071867898500e-01
-2.126587240983450131e-02
6.322375444464407857e-02
2.010285750906462207e-02
1.444644285543775197e+01
-1.333723414369818006e+00
-2.357076555649242344e+00
4.732938139885323192e-01
9.562186799389986724e-01
-4.101802482408438144e-01
-3.893385606007235267e-01
-3.573907640500695870e-01
-1.872082318484368513e-01
-1.139528099536400996e+00
-3.584902786027766575e-01
-2.117779508869923888e-01
-2.909158339362100665e-01
9.653708473057931450e-02
-3.272326895156664195e-01
6.080677462800840316e-02
2.903163759040106040e-01
1.105843387072992512e-01
5.914754327595811434e-01
6.053938539441505728e-01
9.509182230730786056e-01
1.421391959584270837e-01
-1.090506464376433532e-01
4.387422109933467596e-01
1.910415737058409613e-01
1.022213814577067059e-01
-8.934715186145106292e-02
2.052103577473798346e-01
1.394670766871443646e-01
3.806610735266579559e-01
-1.286510590744251725e-01
1.245628935400587556e-01
3.507465754750859199e-01
3.932773525320049264e-03
-2.985709024497147299e-02
-5.138466610407005364e-02
-2.212650928496125324e+00
9.331957023661507478e+00
-2.481235509564120534e+00
-1.189429165369846775e+00
9.066920939382732136e-01
4.627550778531718811e-01
2.994120919066411979e-01
-7.027222455431468215e-03
2.446578633051519069e-01
5.725717005190030795e-01
7.692260274930604602e+00
-4.426489814591163530e+00
-2.007378273666240887e+00
9.017752788454536095e-01
3.313438258065071196e-01
-7.800775837120749179e-02
1.004960482245034342e-01
-8.692853991034044103e-02
1.069812663076388004e+00
-2.392321598166785857e-01
3.593820413121748825e-01
-2.922213421394859734e-01
-5.973364968794112606e-01
6.403094996929757643e-02
-1.966211455217939108e-01
-2.127402794191636803e-01
-2.131163481257368486e-01
2.356848830180598431e-01
4.989266836145194728e-01
4.025442179778316310e-01
-4.301061731171894054e-01
-4.731260277652581392e-01
2.393604913657443045e-01
-6.860085512804682539e-02
1.494219328715512274e-01
-2.630981646127051460e-02
1.647359280558568506e-01
-3.202976663314081873e-02
4.386277061347146344e-02
-7.873693562844183425e-02
9.788140774351992979e-03
1.233447419235786102e-01
4.418645405285930028e-02
3.788346385898305746e-02
-4.354531115531164870e-02
2.179043043427308091e-01
3.864031691718952666e-02
2.123369171856585025e-01
-2.591974348744659484e-01
-1.998426378976206896e-01
-1.697265310714116682e-01
-5.710158575163226669e-01
-3.347147200640514519e-01
-1.443053913419090617e-01
1.580864625380532518e+00
-2.449370198931913878e-01
-1.929485955320621449e-01
-5.129573190735268184e-01
-8.851146589823095656e-01
5.796541085718510677e-01
3.623787518938375585e-01
2.237159551055834250e-01
1.374155871461009426e-01
-2.517535020335752094e+01
8.300809184064469548e+00
1.030923980850162680e+00
1.026828241448307921e-01
2.663976684892407909e-01
-1.136117121476199365e+00
3.823752623231641001e-01
1.709863707020801427e-01
1.118952640316702440e-01
-2.499866066127887620e+01
5.423669056365712393e+00
4.329227320727869199e-01
6.638647598270579486e-01
1.526831309578389195e+00
-1.653537958581792200e-01
1.042754573276656882e-01
1.110990425984451357e-01
1.380966932665032287e-01
-1.850880731445354810e+00
7.332099238789710149e+00
-3.618657978658153862e+00
-1.565011004165207664e+00
8.433701337700321155e-01
6.146831039830190635e-01
2.267212794250211549e-01
-8.583009278145366239e-02
1.799248253920991414e-01
9.862183266146501426e-01
-2.025270213339041281e-01
3.728413736044603466e-01
2.586408050096849001e-02
2.205222380776565919e-02
5.066229770822617828e-01
3.312937952548506426e-01
2.607910509614544403e-01
9.341647421580218102e-02
4.678382398188332680e-01
-6.977427863398441010e-01
-2.441792308243173268e-02
-5.476433537202971547e-01
-6.189193644166361974e-01
5.401579521562432928e-01
3.972496890710761758e-02
4.276090516091961280e-02
-2.121682759669876739e-02
2.123942637140737499e+00
-5.710855288268099628e-01
3.171256416127204991e-01
6.874748326223436568e-01
3.017278566587077160e-01
4.756168350872236883e-01
7.911324312736986442e-02
-8.121185870913093241e-02
-1.744402067010979163e-01
6.593629525277819869e-01
3.421479021833150891e-01
2.343528302885355963e-01
6.852744318513139497e-03
7.788845997619056050e-01
6.508429087329975493e-02
4.656845244780404292e-01
2.242426964565893688e-01
9.465256449241810088e-02
4.912089510656988955e-02
-3.372884514144946499e-01
-2.107998785396085206e-01
-5.204053751942664535e-02
1.359578840386143628e-01
-9.543050836457460384e-02
7.328573787201907164e-02
-1.091552767685352726e-01
-3.174732395391872131e-01
9.847780713240879003e-01
-1.215106828885767210e-01
3.920500254539455720e-01
-4.318551469455746972e-01
-7.362258388454150371e-01
6.340937134723605151e-03
-2.448236540107038561e-01
-2.335159442153714182e-01
-2.930853100811900980e-01
-9.730482621915694796e-01
-1.032979758696566552e+00
1.111923318799085125e-01
9.540358047457973834e-02
-3.213725022069965909e-02
-2.881341183298291031e-01
-4.105070039827347639e-01
1.673672730385849855e-03
-1.560706926549420004e-01
-3.652983812443024586e-02
5.586313475140280288e-02
2.464422789032236494e-01
1.028205266531996148e-01
2.259360833198473251e-01
7.077153602178190561e-02
1.580683825569395295e-01
1.604269421870595236e-01
5.483282548261555339e-02
1.674284531553255906e-01
-6.724036345174533302e-01
-1.971361420868750214e-01
-9.568003439903378649e-01
-6.573409253463873281e-01
7.336519607296507761e-01
-1.938320601398414444e-01
-5.541312443682995525e-02
-6.742498736659134628e-02
-1.460698614689307950e+00
-7.723991943592835030e-01
5.815583984337673318e-01
3.610966603082811921e-01
-2.636349650290135127e-01
-3.246274104193146992e-01
-3.893468639325501912e-01
-3.297201278907865296e-01
-2.193841765871054617e-01
-7.785354018011328980e-01
-7.731150553723915575e-01
-8.688216175766408922e-01
-8.318207663504982863e-01
-7.120096978924453923e-01
-5.773148758536497116e-01
-1.121962274179089981e-02
-2.785321478439725107e-01
-8.028506737992158193e-02
-3.179241283766095494e-01
-3.186910140996845331e-01
-1.841349872666439569e-01
-1.346225382210948507e-01
-1.033454559563812686e-01
-1.950578830827748300e-01
-2.520370215332789487e-01
-2.028128670181819637e-01
-2.500601809656926022e-01
-5.828506598497058544e-01
-4.788205282708409838e-01
1.021554659406956223e+00
8.707494007250933254e-01
3.611303942938485223e-01
-5.613181482169786463e-02
-7.223622359796284531e-01
-4.462068596456149061e-01
-2.779462394023730631e-01
1.526415423594362863e+01
-1.626162134047596242e+00
-5.039738604347699713e+00
-1.574800096966846752e+00
1.613558861385912951e-02
-1.326865060913912098e-01
3.902489355700257123e-01
2.204698522340850231e-01
7.150592897132476700e-02
5.815906879600677426e-01
-4.393028107455745346e-01
2.364998575602946518e-01
-3.606887746483602442e-01
-5.604625771421802849e-01
1.480948346755508668e-02
-1.371928092993574544e-01
-4.044631009987506576e-02
-2.872865342042862924e-01
8.417303982633942416e-01
9.871093771492455149e-01
7.612476802403157494e-01
4.812266040863835692e-01
4.712377259316680167e-01
4.988849197979820516e-01
-2.291981379611885139e-01
-1.425858914010393885e-01
-1.536211096839835977e-01
4.608888101765568068e-01
-8.617773738767109393e-01
5.878993520614093221e-02
-2.095584253838814748e-01
-3.066690944371239236e-01
5.745924891821194147e-02
-1.763344998902965088e-01
-1.508946747218793127e-01
-2.363647986593174766e-01
-5.940307455116292656e-01
-1.055598962464128626e-01
7.206860038612790398e-02
5.045209534250368055e-02
1.620101458457886834e-01
7.375088274870070237e-02
2.059224455426179531e-02
1.320813821687195355e-01
1.539866338797807495e-02
-7.449912606544094318e-02
-2.798100098100173017e-02
-6.498426816615733570e-02
-6.480657507355222502e-02
-1.742900778054279343e-02
-1.072191690556763138e-01
-4.183079431818664262e-01
-2.591814430781740897e-01
-2.747252859854606988e-01
-1.981098576550603951e+01
6.313361835141042100e+00
-2.156086143378900033e+00
-5.109242189200458029e-01
1.891521778182845281e-01
-4.836326788047219938e-01
1.155102210739908652e-01
6.950704984229488792e-02
-6.922020418405663844e-02
2.969072037198660641e-01
2.172005221635485706e-01
-9.796360160209295967e-03
-3.026023015048233678e-01
4.426014909389680008e-01
-7.124744964276991110e-02
4.658771261955491627e-01
8.550168967503472828e-02
-7.118084750054546467e-03
1.292352094830770737e+00
-1.943445119705072277e-01
4.602738917963647980e-01
1.453883856524182672e-01
-4.442508617034280349e-01
1.514934750974955280e-01
4.915122269522643333e-02
-4.513962312861196507e-02
-1.524125931920403410e-01
-3.091168703007608265e+00
-3.575969241418564870e+00
-1.177503698427786238e+00
1.255698153499555381e-01
1.111533184359884407e-01
-2.949402644156684516e-01
-2.413300621852490502e-01
-2.005451595334560855e-01
-1.589223785950623913e-01
1.575117435046745662e+01
1.607186925683244505e+00
1.783230176800915112e-01
1.261762107691155377e+00
1.607455846758332418e+00
-1.253932574533285216e-01
2.743328421213697688e-01
-8.144441920261263901e-02
-2.367105638437340120e-01
-2.741542505250011175e+01
4.202780926784929427e+00
-1.628934152857744344e+00
-1.530672751745922322e-01
1.299515227083315683e+00
-6.934715038243854934e-01
-1.263304295845088521e-01
-4.291085858145782250e-01
-3.558465920307394836e-01
-9.941462643725352821e-01
9.972852125643569821e+00
-1.231557935838688334e+00
-5.285908276070225842e-01
7.554963841425809123e-01
-8.644853431663400423e-02
1.404913079820881983e-01
5.832451045821075014e-02
1.737779203456726179e-02
-4.167604303584527270e-01
-9.425975894684867074e-01
1.229188662905310592e-01
-4.588713173525850730e-01
-4.568578717327373417e-01
1.507497292226849250e-01
-4.164008417994278233e-01
-3.260827559055707314e-01
-3.331775470871446987e-01
-1.437324878513021077e-02
6.398758181572167025e+00
-5.652733349845136424e+00
-2.343317349691540485e+00
1.140066261244059520e+00
4.249328701606031045e-01
-2.221500015500771086e-01
-9.328623565806661022e-02
-2.216673927936979038e-01
5.950554188901681085e-01
-1.143718511807919391e+00
6.915672889275090163e-02
1.495433082460119745e-01
4.583560471917314666e-02
1.548242789592678137e-01
-1.939744441823841592e-01
-2.184678875385714647e-01
-2.302466674253131618e-01
-1.766219305258531214e-01
-2.275329700128887744e-01
-6.498218160138855004e-02
-9.931816302862925272e-03
3.031195478038260505e-01
2.061213724946751868e-01
1.797292808169469527e-02
1.169353547458529818e-01
4.244460383809395970e-03
-6.725344116344862677e-02
-2.428283359208075753e-01
-1.762483169858688747e-01
-1.576727529249002252e-02
1.249261373283991616e-01
-1.892726845702776550e-01
-2.090626721216221895e-01
-2.813877822855207489e-01
-3.349100758529755528e-01
-5.886505897568291568e-01
-4.279002334377067507e-02
-2.014319976865634465e-01
-2.758259257343391169e-01
-5.466609795176617936e-01
3.693219527646345729e-02
9.908478615956514690e-02
7.987921132356461118e-02
-7.653326215192636506e-03
9.995994895836046723e-01
1.356646558572206951e+00
1.227884151060800955e+00
1.513296158281930426e-01
-2.992710371005828374e-01
1.920014113292732583e-01
1.712634237473218135e-01
-7.316900437204611196e-02
-1.927859710045058683e-01
1.949294856086279726e+00
5.004669273987315536e-01
2.854090320832380345e-01
1.719104465540554488e-02
6.091520154044745006e-01
6.784262286311660249e-03
4.308699978308681011e-01
1.853680348686432763e-02
-1.450142018479707307e-01
1.581799730329519926e+00
6.769038225392264962e+00
-5.327850883206004085e+00
-1.977373983668564206e+00
1.357379172570933434e+00
3.811019332554946848e-01
-2.479704701867795624e-01
-1.758182628372270337e-02
-2.003441642687850410e-01
-7.147111776538177530e-01
-7.005404464277041887e-01
-2.301683545512014928e-01
-4.793025845000538077e-01
-5.751501414283081981e-02
-3.359694029844952773e-03
-4.402736039720385741e-01
-3.353228419321738762e-01
-2.866707874053863736e-01
-1.891488593358505443e-01
1.306856107918736576e-01
1.929883262201252669e-01
-1.058681840779417682e-01
5.521442491199242408e-02
-1.552691125997894828e-01
2.223714988939120007e-01
2.700943159944676347e-02
-3.056839833186117961e-01
3.036824603781911325e-01
8.324446007249388657e+00
-3.610634781386243830e+00
-1.580374489097122304e+00
9.086068502437084637e-01
1.696022264969421767e-01
1.068594137427060636e-01
1.201775920919800032e-02
-9.936212398068536289e-03
2.102356812866542413e+01
2.059416865726795276e+00
-1.888447357138058003e+00
-4.157064756524793125e-01
4.769679984792902783e-01
-3.889766708780952320e-01
2.048456931357632016e-01
4.503695055488506419e-03
-7.366584452545554005e-04
3.960723887268066679e-01
6.757837510321776202e-03
9.994472625814071476e-02
1.365082077017709949e-01
2.691622445872449698e-01
5.997405324612101185e-02
1.681658341380166954e-01
-4.560314851639910017e-02
-1.831780941705546950e-01
2.630713180893788361e-01
4.732360797707342304e-01
5.608967174718545445e-01
5.249661745848211991e-01
5.371077776244344015e-01
3.847313958038520165e-01
-3.979039477437918970e-01
-2.128047693606386348e-01
-1.987557530634937730e-01
8.638540336595336155e-01
6.468989375458526148e+00
-5.967282454201677133e+00
-3.115160381695409875e+00
6.756505939471837419e-01
1.041936405175380109e+00
4.285682734252405091e-02
-9.740535622370530278e-02
7.411703267276201212e-02
3.658521893252510981e-01
4.250628340598814781e+00
-6.989215551170333995e+00
-3.480002191742261886e+00
5.758619846515004026e-01
7.504055125960407135e-01
-2.149691695873984787e-01
-3.563056230811422614e-02
-1.052049086401116856e-01
4.240575422166268371e-01
-4.986122444112146140e-02
-2.187006417514861245e-01
-2.917802528030544740e-01
3.528007532847234895e-01
-3.154063964164429135e-01
-1.214430095928790559e-01
-3.325730236539841678e-01
-2.303415615350247470e-01
-1.998820903398111082e-01
9.598557627708544260e+00
-2.154076085287515596e+00
-1.844262395504824015e-01
1.791267711102576099e+00
-1.000557990390822660e-01
-2.729875125358768861e-01
6.768609585213440638e-02
-2.336391094791175349e-01
-9.959952199615725865e-01
-8.940072336365945116e-01
1.685142927450406225e-01
-5.366752292863666840e-01
-5.479907419322128659e-01
1.300263526490065547e-01
-2.397433505460868919e-01
-2.108888156551305681e-01
-2.446069021168138513e-01
-1.120274021887377680e+00
-1.928803315257062945e+00
-5.739210975317997621e-01
-2.518216882212759300e-01
2.018117258340921399e-02
3.801331980210984618e-01
3.894746389673822695e-02
-5.141446258918086487e-02
-6.200808153287867830e-02
-1.197924265907863273e+00
-2.226876420027842363e-01
-3.784813419493144454e-02
-2.856028114566894760e-01
8.137595986032168660e-02
-4.496623274087959143e-01
-2.189522674129235902e-01
-1.949833622260564725e-01
-2.924638349900215983e-01
-1.175943702895576815e+00
3.297199264141728037e-01
5.432906180264137630e-01
-1.592464237957816053e-01
-9.173655617604791201e-01
1.937775270142498563e-02
-1.409911824096516525e-02
-2.274020325818475463e-01
-3.364300693674107112e-01
6.879953644912367716e-01
4.324101287889574041e-01
4.590132933918279479e-01
1.588003677322145923e-01
2.536648232229012923e-01
2.772393228254866823e-02
2.186583731990271728e-01
1.048120466726892575e-01
-1.751024357144719823e-01
-4.064973709284289693e-01
-1.647155891006162887e-01
1.290254977790901147e+00
1.335675102437364981e+00
8.043629805724895609e-01
3.047360014739169398e-01
-3.052733759324955942e-01
-2.673006392173613577e-01
-2.695915313429715909e-01
-2.086665850795443866e+00
-1.855224765855192581e+00
4.648062292073714546e-02
3.170121535323211504e-01
2.114120846121180300e-02
-3.108365206578110884e-01
-2.780213856016668927e-01
-2.034771063467628593e-01
-1.345605436307324987e-01
1.659642018590231061e+01
-1.712312705627058840e+00
-3.672814010186178368e+00
-4.866539983260876334e-01
9.112176273191394671e-01
-1.914312117821191372e-01
4.781251302788765978e-01
7.894693630971832965e-02
1.449535463624081547e-02
9.589312449377160874e+00
-2.245918424285067605e+00
-2.993137498333824364e+00
-5.449465316112327429e-01
5.248113577920570094e-01
-3.097540770908333019e-01
-1.525535040532453590e-01
-5.509633572289786285e-02
-8.585402131491287614e-02
-2.899223819217560560e+00
-1.901666717040910726e+00
-3.121020772970957702e-01
-1.432044144646771044e-01
-2.442151745357964698e-01
6.262943478838045586e-02
-1.172184041593831161e-01
6.715565614208943157e-02
3.949650705045365529e-02
8.639882237329490344e-01
-1.254802370641935061e-01
1.391804875760670746e-01
-3.917762376487898823e-01
1.521690576250012972e-01
1.229227945804307887e-01
-1.105046438538968556e-01
-7.308622541979207252e-04
-3.110533405181518662e-01
2.055697110534952188e+00
-3.600345732521024189e+00
-1.928726911793540832e+00
7.271786647293276840e-01
1.221340254841531747e+00
2.619860477878377392e-01
-3.023168810782869143e-01
-2.273317012549857241e-01
-1.855224726586809370e-01
-3.475109280232866471e-01
-1.142652406992724773e-01
1.441976476630063564e-01
1.833025896280794653e-01
3.165888131671861228e-01
2.184724928394450316e-01
1.231596395505195063e-01
1.346315953471939608e-01
-2.617076905927779792e-02
4.457293873491008918e-01
5.761928299953612553e-01
5.602142566058135875e-01
6.010388193428252146e-01
7.124573392203111810e-01
3.346736961461357351e-01
-4.300855108306514407e-01
-2.577206957159896561e-01
-3.075136507648862927e-01
7.664230347079042938e-01
7.459758540672791760e-01
5.724851546296736426e-01
-3.287083332297736082e-01
-5.079868128102391633e-01
2.156443200546760419e-01
2.706316980669865591e-01
3.252051991432403089e-02
-1.068516348904504504e-01
-2.033311805538986050e+00
-1.096091412155261846e+00
2.493550244082499701e-01
-3.250348401916526575e-02
-6.553185195146180031e-02
2.240510010590443246e-01
-1.043835563414063361e-01
7.712270455406990133e-02
1.310236263847755836e-02
6.056808106656240698e-01
2.768912525672789227e-01
3.141585250453252098e-02
-2.147378686433971118e-01
-2.841409518665481970e-01
-2.031498778441107392e-02
-3.145898578721445515e-02
-2.256729067657122778e-01
-2.955932204698937249e-01
1.008049170708188169e-01
-3.356883041681232860e-01
-2.939175025020480114e-01
-1.785893324300118212e-01
-4.274800370331749422e-02
-2.925369254767665184e-01
-4.216418351089817329e-01
-3.060778766157308817e-01
-2.483493985206979560e-01
2.987379163097913515e-01
-3.714209091917948791e-01
5.792823492411537378e-01
7.710210740690173759e-02
-7.378510829268609961e-02
2.986973012647008985e-01
-2.936464630310850477e-01
-3.399681979482147565e-01
-2.900890411580379635e-01
-3.619345391575912618e+00
-3.157246576330190457e+00
-1.166993832689727784e+00
-3.890498022609242268e-01
-2.055641445767265596e-01
-3.389069989421313045e-02
-3.545632730747282080e-03
7.674919247558906199e-02
5.907995366038359258e-02
-4.617560977693928592e-01
-9.272258336245022825e-01
1.043576178674074928e-01
-2.527145337959805782e-01
-7.482879769011947513e-01
1.379021834213184361e-01
5.825584504053938489e-02
1.704564025573031619e-02
9.751662239902361348e-03
3.834552257645382412e+01
4.150312297927553296e+00
-3.039124093912090263e+00
-9.219986750921362884e-01
1.129879103917126759e+00
-3.680411437793001395e-01
4.829652705764416742e-01
4.336794903168061932e-02
2.966312206911214666e-02
1.515421409843509437e+01
-3.410448179525884971e+00
-4.815782770188146600e+00
-1.389971882943964898e+00
5.730486659646235603e-01
-7.141346313784305844e-01
1.010517058440410093e-01
-2.237489623827887131e-01
-1.875891918217616194e-01
-2.861389803368717955e-01
8.936128840831120135e-02
1.536721409178136155e-01
-6.523528026377403699e-02
-4.895312795087028435e-02
2.084103665105404846e-01
1.712271328199121700e-01
4.861339983815331917e-02
-6.827804208814980402e-02
-1.313047150270981156e+01
7.514577839405567339e+00
-2.586989223219386957e+00
-1.687749576247483674e+00
-3.014534645837630977e-01
-5.231008226573177211e-01
-2.230085406165114026e-01
-6.436275871222012224e-02
-4.211302957923062501e-02
9.228103275139593054e-01
9.123687699941283036e-01
5.296430413236470347e-01
-3.166762043343010480e-01
-5.252228608569496915e-01
-3.458966144857140990e-02
-3.496964979798893036e-03
1.550966724579037892e-02
-1.304045788815455693e-02
-8.940837873837526040e-01
2.693751657473021990e-02
-8.632670837739364611e-02
-1.630373674669022277e-01
-4.314835999497791397e-01
2.708998716193894429e-01
-7.201845305868409541e-02
-7.523883918250615088e-02
-3.122059436387253362e-02
-1.820382496678766504e+00
-2.054363969044584515e+00
-6.000568059186758285e-01
3.131239930264639315e-01
8.274102262366622718e-02
-1.298654208286314782e-01
9.602168239165263797e-02
-4.035420572174594663e-03
-1.724024213406415151e-01
5.286516608301399245e+00
-2.097734461635923253e+00
-1.518182608746226459e+00
4.361463990409528146e-01
8.378142164355139032e-01
4.617677845556294458e-01
2.753821590118020191e-01
1.185702518462471294e-01
4.525215849167704696e-02
-3.216799122746911155e-01
-1.748697312323419517e-01
-1.211877884504109493e-01
-1.714489317457677797e-01
-7.406537342548226432e-02
-1.956195528716119514e-01
-3.021525733772997824e-01
-6.392273141312798668e-02
-2.850923924400152604e-02
3.817852382390139465e-01
3.837901628486179439e-01
5.353471110683934997e-01
-2.461010345124937937e-01
8.334739428072614545e-03
4.505623832394496930e-01
9.412482757576982884e-02
1.162119964164536196e-01
1.699843090281021735e-02
-8.712602593446845400e-01
-3.023507117107323422e-02
1.577829828253873579e-01
-7.702245079266525907e-02
6.840910844660140488e-02
2.577927232024496140e-02
1.922943374673886929e-02
-7.353886308286833318e-02
-4.506024903028967542e-03
-6.723399534616011919e-02
1.085520955265385223e-01
2.912134195551665528e-01
-5.127181353398303498e-01
-2.126195174756701778e-01
3.640984693723698928e-01
6.656746152389332594e-02
6.017386442875142377e-02
2.236185369464725216e-03
9.686528674262055105e+00
-2.360636702036428058e+00
-2.244383899374689850e+00
7.012695401322423250e-02
8.161811092183350880e-01
-1.091060149555020287e+00
5.557639190908546523e-01
1.815173717751287219e-01
6.816975290903141971e-02
1.062758085163346244e+00
7.211370229102613827e+00
-5.925023454145438961e+00
-2.661027847384906053e+00
7.210020514559810634e-01
4.606323794437904851e-01
1.103325423654212892e-02
7.735214645994987342e-03
7.265437835168983560e-02
-1.064411104947582132e+01
9.240233513757532435e+00
-1.491980988582499501e+00
-8.405084112309364475e-01
6.179369786704792533e-01
-4.778114109413393318e-01
3.025318231464641516e-01
-7.304615805861894122e-03
6.574326752101768145e-02
-1.342014916410154135e-01
4.802591938542737915e-01
9.336070347895925048e-01
-1.452333001165077020e-01
-1.731529586579898250e-01
2.327173898931724494e-01
-3.584255039237868590e-02
4.302426993776586189e-02
-1.630903700441654891e-02
1.768769150376494348e-01
4.145610485304289661e+00
-8.187643896534261501e+00
-3.537005613341868138e+00
7.864999886928467632e-01
7.092097071165227584e-01
-7.855872879931008468e-02
2.513316106805224635e-03
7.450008287585993538e-02
-2.049989445375013236e-02
-1.493203548165029648e-01
-7.081906104677085367e-02
-2.131561401341494077e-01
-3.874999739397870513e-02
2.119907513677880273e-01
2.925726108681513463e-02
-6.788868099274104548e-03
6.177764633270649286e-02
-1.348375338011390312e+00
7.096673882212964024e+00
-4.039668792124706087e+00
-1.002839630832008444e+00
1.781765217180128813e+00
9.070562864657068930e-03
-2.661760738499335810e-01
1.005493373738430285e-01
-4.439005810495391668e-02
-6.700087453207825838e-01
8.709280587393810474e-03
6.284405060461745185e-02
-1.006086356021092393e-01
2.618500011222653079e-01
2.166826478300784911e-02
-4.796465396872764964e-02
-3.777189671554156969e-02
-1.024577007605418089e-01
-2.637718049971102818e-01
-1.015727575214011719e-01
1.116604825520056021e+00
6.754944786099283949e-01
-3.519734662458343655e-01
-2.145451941694669351e-01
6.298595296845314884e-02
2.907809483126613803e-02
7.587666927185923726e-02
-1.675869416991284666e-01
-2.917691636820348711e-01
-2.116883947481786876e-01
-3.630984367692531856e-01
-1.776957286951645343e-01
1.029379112486452919e-01
-8.944871303484255853e-02
-4.452788733010031724e-02
5.499718845394874212e-02
2.232939843472978581e-01
-5.014741309768562250e-01
-1.697855122684209239e-01
-7.877277517487688563e-01
-2.854065127986594175e-01
1.452576896358278857e-01
-2.590788134183836244e-01
-5.291349392583876571e-02
-6.870498036683091170e-02
-3.500776456211686316e+00
-3.858930783025254385e+00
-1.246219330606441744e+00
-7.042883483974508863e-02
1.185911424548498072e-01
-4.701354189380009818e-01
-3.817934797312726170e-02
-5.676576349180113140e-02
6.600249394001790615e-02
1.439732677276202244e+00
1.309357740341842380e+00
1.271271284724956541e+00
3.070960128137574796e-01
1.116259907884488076e-02
3.949979429573856338e-02
-1.677680995126513419e-01
1.161604822240023122e-01
6.464294654022069431e-02
-4.031018626371605684e+00
-4.423555517987895591e+00
-1.684507927573326791e+00
1.825467202314247639e-01
4.758286961444041507e-01
-1.858842128696082951e-01
2.381034534715864015e-01
1.456983370981403125e-01
9.475609244429451794e-02
6.330375999025940059e-01
1.356752780385022394e-01
-1.315535552222079629e-01
-2.621358122614920183e-01
-6.041802845269522715e-02
-5.851100965052965369e-02
2.441699713374304807e-03
1.095849732117133296e-01
-2.576908296394629649e-02
-1.916399958181348495e+01
5.589730257622067100e+00
-9.441190693207657247e-01
6.279337409585359353e-01
1.255790448210770460e+00
-6.649579669741697563e-01
5.778456038321762994e-02
1.514518760327724332e-02
-7.479431234833522346e-02
1.180117528425268425e+01
-2.622577028076444883e+00
-3.085758999625784149e+00
1.057234183601808014e-01
1.036006054852939284e+00
-6.221842888228240609e-01
1.300949307943099868e-02
5.004141968537449171e-03
3.168514177073605137e-02
-3.750062631307962135e+01
9.326205227503946427e-01
-1.934744437387116767e+00
1.954922220547663514e-01
1.524232779229305335e+00
-7.396003703267108875e-01
7.188536744838082415e-02
6.672682269452250015e-02
-4.881047244377714756e-02
-5.168863109831721703e-01
-1.221473373961680028e-02
-2.930511992244357322e-01
-3.594543208263692446e-01
-9.287180210026076133e-02
-9.469639644259450484e-02
-2.527570213147111583e-02
-2.914443220234502058e-02
1.597289734048346413e-02
-1.001499341512459146e-01
-2.024681610428749612e-01
-4.924215966507746595e-02
-2.041102483389518052e-01
-1.511573608329775109e-01
1.957792086970530643e-01
7.434997683023732151e-02
7.972048913767150469e-02
4.795686434582661223e-02
-1.706163927985540951e+00
-7.725692212730449482e-01
9.271854376061938741e-01
2.551300801802918738e-01
-3.335542783703825953e-01
-2.654364894046630230e-01
1.283415736267219109e-01
9.424178057429405397e-02
8.792892388004099058e-02
1.110203863963356907e+00
-1.296577744748334649e+00
-5.657153669069741042e-01
1.118960695449526116e-01
-2.588624570306952699e-01
-4.451333631493374354e-01
2.116783245614344555e-01
-7.379863950631287408e-04
-7.848243243457902682e-03
-4.438979359742963871e-01
-3.172882337612494275e-01
-4.996125994001750226e-02
-7.289705139853701332e-02
6.253168504970191451e-03
2.612299277215365256e-01
1.021878659344626142e-02
9.530531236315485655e-02
7.154974146598055973e-02
7.424434291117343321e-01
4.450843150190274961e-02
-3.170822408268498260e-01
-8.191555965450292298e-01
-8.022471672741141591e-01
-8.999400418455347217e-02
-6.936809903264175292e-02
-1.091270352383719687e-02
-7.266831693112300872e-02
-2.661220726824002902e-01
5.287658497231464416e+00
-5.621651331175650412e+00
-2.056999082905157206e+00
1.586773920874666510e+00
2.933928972555914227e-01
-2.560285175146637671e-01
1.532339109167934199e-01
3.051381480281547751e-02
3.705633388543787543e-01
2.860680218978784994e-01
2.020184163953687440e-01
4.181810405093921296e-02
1.600111574938436754e-01
7.942988125074051942e-02
1.611535256671837446e-01
1.963225441499209800e-01
7.100120684436969642e-02
-8.291470168643900740e-01
-6.650764099110826333e-01
5.971420161685835337e-01
7.154029497244248637e-01
1.509878216740947188e-01
-1.178080330907513296e-02
-1.132685282771400542e-01
-1.483885076303166073e-01
-2.772353208759764306e-02
-2.324969610203136483e+01
3.684591814790589837e+00
-2.447361843267158221e+00
3.183206079145196044e-01
2.247161436813747137e+00
-5.998464717132830915e-01
-3.263756351940806655e-02
-9.568069063602845092e-02
-3.016687134738554529e-02
-5.416449580880083658e+00
-3.070142178522176746e+00
-1.714797555602143031e-01
3.401834967701949375e-01
1.185101823807784144e-01
-1.578302256948393711e-01
1.029033692187099891e-01
7.837474044612194324e-02
9.299172449838542798e-02
-1.110195855250434849e-01
-4.639018591023424065e+00
-2.035659681182289571e+00
8.446385496670598680e-01
1.256627107678216726e+00
9.348569406404562063e-03
1.792054735687760303e-01
1.937756187344609193e-01
9.204189881644277149e-02
-1.599883934656618212e-01
6.661642083390782787e+00
-6.110588882690618284e+00
-2.241790818403764263e+00
1.530200831001830686e+00
5.403950052796164805e-01
-1.952719683173439469e-01
1.026465549580605763e-01
7.014816585015841433e-02
-1.187043945132146144e-01
-1.902539240656976605e-01
2.471922865248660922e-02
-8.958284127802057517e-02
1.129263826740870003e-02
2.180660497337680859e-01
3.617500477784626328e-02
7.128090986842626486e-02
6.002105919996417877e-02
-6.376770555169479771e+00
6.825319193626353531e+00
-3.175335612160768317e+00
-7.485115378565544431e-01
1.542551884516245142e+00
1.434918359476859973e-01
-2.104736272192799518e-01
7.185953629793502551e-02
-1.359701805666986736e-02
-3.535916274559599781e+00
-2.635632424609082314e+00
-7.496293215750049477e-02
4.097543546315502994e-01
1.136029192280226113e-01
-2.716644337146645327e-01
2.019008893451129938e-01
4.892912332296983635e-02
9.736228066821722704e-02
1.336515028829579274e-02
1.007039012619182078e-01
1.741300857605449504e-01
8.106554272650905169e-02
1.600498381384949931e-01
3.922887186801224946e-01
-2.493954778912994830e-01
4.350377652851942362e-02
4.761610873555543327e-02
-7.901283600247539507e-01
4.194597392145616443e-01
1.517618142089220523e+00
8.978175267223521550e-01
1.061521031993809261e-01
-1.876377777201130581e-01
8.395255407741299136e-02
7.122975038704419670e-02
8.662044182836271117e-03
1.897445089392721940e-01
5.779639687262608794e-01
1.281966401665077138e+00
-1.218018883614517267e-01
-4.523385633887170298e-01
6.963379841223271693e-02
3.291633631681455813e-02
-8.449478100686889231e-03
5.018988723686890197e-02
-3.112934654844524474e+00
-1.806398543447273353e+00
4.201538241900757975e-01
3.919531382292077426e-01
-1.161073167399833544e-01
-3.346991843411056267e-01
2.351730828356759784e-01
1.068997085993915463e-01
9.364839997365377589e-02
1.136236528107562904e+01
-1.084982174930302579e+00
-1.679311779298818141e+00
7.428660943751751455e-01
1.341891926333798502e+00
-1.121266115226784210e+00
1.252661843920973780e-02
-1.058658338391793713e-01
-6.092180831731223295e-02
3.585994743617040674e-03
-2.648114183868125471e-01
-3.517607592001743000e-01
-4.060880404638405050e-01
-2.078412161381926748e-01
6.477125304805854411e-02
6.257462472490013528e-02
8.951371472563020293e-02
3.406882295901220853e-02
-9.183744532461446397e-01
-4.922414687662389210e-01
-1.955183135677378281e-01
-4.200836584736786783e-01
-1.354939537108550140e-01
-1.835008485085491969e-01
-2.852071020782682709e-01
-3.965015973916423131e-01
-1.293679986325876885e-01
1.571607953268366054e-01
3.119562037221964568e-01
4.802555421527117674e-01
5.038585918057225665e-01
5.647770458758178957e-01
2.368415278395499535e-01
-2.421508783314700319e-01
1.087563616327992116e-01
8.416913622690762320e-02
-9.580461122739127033e-02
2.764298968983691096e-01
2.887485829439687124e-01
1.567944134399252842e-01
2.327047100776341026e-01
8.812190382959327051e-02
-7.456444793412850616e-03
1.131290525468508223e-01
1.060020163923543896e-01
1.584193760604493684e-02
2.344894291341476208e-04
1.200251855991957051e+00
2.827473847398340734e-01
-1.613501249581788810e-01
1.847333429776422675e-01
2.018011911277331136e-02
-1.382746681129700395e-01
-1.888239467485122725e-02
-1.277921002268672668e+00
-4.379138066661437456e+00
-1.909090633040567475e+00
5.576511124624321525e-01
7.937100847038609519e-01
1.443486804361501508e-01
9.644125765939652595e-02
1.239332458294078038e-01
2.634271596586553951e-02
-3.717480886865974776e-01
-3.422389063994306091e-01
1.937833732445800802e-02
-8.205639868343432564e-02
4.152098741305526586e-01
3.584780851232117760e-01
-3.573528271143945889e-01
-1.126017819717622243e-01
-6.198963319617973450e-02
-1.623496061894547440e-02
5.952839656325617512e-02
2.673114635266609640e-01
3.364753716345800227e-01
4.703081989376164396e-01
1.333839489780449528e-01
-3.200063092924408381e-01
1.214486927171834485e-01
7.889343291502118327e-02
-1.779394118600503560e+00
-9.951442176517297789e-01
3.949913162592345595e-01
-7.035185870334149938e-02
-3.686908488654248028e-01
-9.189149158769090164e-02
1.837952034233578946e-01
-5.817734304131311901e-02
5.202894832378408829e-02
-4.618379545042214374e-01
1.307045494708882205e-01
1.423780783215424117e+00
5.780050557721380100e-01
-2.072138288051702248e-01
-3.534835832411879486e-01
5.271617619786706649e-02
-1.256467000296234218e-02
3.085745022175213556e-02
1.322132540829902503e+00
2.056835270618377620e-01
5.353928127885022592e-01
2.619012059557426775e-01
2.345274085253381546e-01
4.541832695677395226e-01
3.306426019857877652e-01
3.238845218763610201e-01
1.266659476519222949e-01
5.790365191845853882e-02
-1.896214075738635596e-01
-2.428934265905234591e-01
-3.287165316515736624e-01
-1.075415270937760542e-01
8.883707835743627490e-02
-4.546868122109273824e-02
4.195331781842595587e-02
3.414974934165749404e-02
-1.055921422066077309e+00
-4.474602852661053315e-02
1.957445395159957413e-01
-1.406602398294697631e-01
1.124262287152333478e-01
-2.021415637491930373e-01
1.158510315568034438e-01
5.748393254176294154e-02
5.420043534526017281e-02
4.217257529679185879e-01
6.311572584216007531e-01
4.755617483592666783e-01
7.742816088688711518e-02
1.631996535948096738e-01
-9.329244437590336614e-02
3.735249041330571118e-01
3.296902982391206605e-01
1.712786464343128146e-01
-5.677660530304317124e-03
-2.615318147509692603e-01
5.963180431850807484e-01
-1.862426222395232311e-01
-1.728336035029823803e-01
3.416241868266842729e-01
7.551539499721668380e-02
-4.853545729725131791e-02
4.879641188862014062e-02
4.065203457152982702e-01
5.587208956609291954e-01
4.448271533911584141e-01
1.363043816878017622e-01
3.525737966666540046e-01
2.998756583526979158e-01
3.556954478230893169e-01
2.101688079084739202e-01
1.011082828833892028e-01
-8.474417198036213739e-01
8.243935928458855145e+00
-3.814086037825252795e+00
-1.612969921471252066e+00
1.193009780222789473e+00
9.848125938550979230e-02
-2.221015885075552643e-01
1.925899798673802238e-03
7.513402324555648604e-02
-1.365242809797199186e+01
5.214820645647355590e+00
-3.227738216227058032e+00
-2.100441460689912998e-01
1.587139388595158795e+00
-4.415302669545064784e-01
-3.182400768942335312e-02
1.733466607587210995e-01
1.994456665370986440e-02
-1.456383081058863493e-01
3.696344168234810823e-01
3.629035323523289169e-01
6.317381947229903927e-02
3.330969673819018095e-01
7.390580582067673987e-02
2.257092596957717412e-01
2.251141734455524013e-01
1.005877480579102506e-01
1.469455989935003259e+01
3.297002459983165434e-01
-9.874742599939124732e-01
1.056854758447399956e+00
1.794901140059018907e+00
-7.649049491020290525e-02
-2.296581538004172363e-01
-1.836244595328342666e-01
-9.162005912036344513e-02
1.209963803009331818e+00
1.752813750140210569e+00
1.976743374254172458e+00
6.254394634245007412e-01
-1.831163012440331361e-01
-3.021649197739605386e-01
-2.160900300127920337e-01
-1.990796989640576387e-01
-7.920494456551231688e-02
2.723043462425415484e+01
3.243813747973839146e+00
-1.460783933199589546e+00
7.803978193893872373e-01
1.155909013672124175e+00
-6.269488939136573791e-01
-8.244635999070251686e-02
-9.853600876577807421e-02
-1.404076465481209242e-02
-9.830979454933844730e-01
2.295501153264861011e-02
-1.227279176185222115e-01
-2.288193768711201947e-01
-3.877832806788095860e-02
1.548465989939852572e-01
8.396951126546013666e-02
2.677292574998444211e-02
2.040719959443308001e-02
-3.447153010992850541e-01
-1.079171108739983113e-02
-1.184231267596300152e-02
-3.989063577922593029e-01
-6.769560420145600554e-01
5.544123913373174561e-01
2.386491044444546614e-02
2.149185497754251342e-02
1.504884505132643435e-01
-9.106184378015096392e-01
-1.679228424098315464e-01
-3.438610371261698329e-01
-3.787554824817715993e-01
-2.937492564190130606e-02
4.694605887882594142e-02
5.121945804156117360e-02
7.568848701057970252e-02
7.765575895521881211e-02
-7.219526369106621377e-01
3.165173261232361868e-01
1.457036506739929571e+00
8.709391962357529993e-01
8.779487812383296452e-02
-2.689396518065303998e-01
1.111685252393570661e-01
6.405025136542570607e-02
1.334497132166552903e-03
1.106371122626327086e+00
9.270276633268476729e+00
-4.839158206656559713e+00
-2.073530150914825398e+00
1.290247654669183452e+00
7.203457309054382973e-01
-1.492627021531066078e-01
4.184884971728034669e-02
8.313506599554602861e-02
-3.699741200208381819e-01
9.390393868930313914e+00
-3.455660069423143632e+00
-8.308955840465160891e-01
1.953488237142595452e+00
-1.248479523384346535e-01
-3.208141689147525621e-01
1.690289378370530560e-01
3.077352281892605304e-02
-1.992446732621953265e+00
-1.429400190684707805e+00
9.263505045356222878e-01
1.220279254691392090e+00
4.446805322514265635e-01
-2.305465904902775642e-01
1.459253748738230383e-01
5.588144848747360338e-02
1.417968849613394922e-01
1.726080482478750611e+01
5.552249885119279332e-02
-2.332456965608137089e+00
2.703219200755412888e-01
1.682959558025897362e+00
-5.598640564823478272e-01
1.737916158367380504e-01
1.527698155458233065e-01
7.572476457179207199e-02
-6.340122911493023539e-01
4.072184090716621796e-01
1.090384750698221827e+00
1.382104804613492888e-01
-4.502809892714640938e-01
-1.951894536558517745e-01
9.417254554425559532e-02
6.714902422265240159e-03
8.124234404549246502e-02
-3.980848290489782948e-01
-1.562040627214535682e-01
2.507948609066588119e-01
-8.158863022487450323e-01
-6.557384366751826121e-01
2.034200359944393632e-01
-1.477318687932448193e-01
-7.699290774874031906e-02
6.004539786572975213e-02
-4.082750989692510712e-01
9.609868245437470924e-02
-1.969416681951734471e-01
-2.087174624733427464e-01
-2.271411511622676571e-01
2.567710246867867530e-01
-4.037153344861766670e-03
3.961227957707570690e-02
1.867011851734414266e-02
8.029506665502514906e-01
1.380528144970195825e+00
2.275476717959538320e+00
8.181831135267134680e-01
-3.176875255816809518e-01
-5.200462882599642400e-01
-4.473148731348581403e-02
-2.145062236930271246e-02
-3.108503950694677456e-02
-1.171436585936544894e+01
6.493816874511221471e+00
-2.458645602291941845e+00
2.935931973593666200e-01
2.093269221101173194e+00
-5.783013352278156827e-01
-1.099483433647048120e-01
-1.571595161443972016e-02
4.824486264460298157e-02
6.116921996635859671e+00
-3.001359199212825679e+00
-2.252597269489157839e+00
4.678251905145601741e-01
1.334201828734165263e+00
-3.537275082986471308e-03
4.068529347471439017e-02
-4.102483618278756489e-02
-2.554875199638258210e-02
3.095984576328599580e+00
-1.301234809817714000e+00
-3.791239556636010755e-01
7.179712541801495096e-01
3.546893713530141490e-01
-1.228319042563156938e+00
1.884467566563824970e-01
-1.054080490440865575e-01
-5.289122638953012295e-02
8.982983143689193817e-01
8.486417676138785504e-01
1.224839643604679562e+00
5.511227025144930236e-01
-1.429979576906320327e-01
1.383376592064908261e-01
-7.268044284288879310e-03
-1.277582916367158150e-01
-2.962458742397798203e-02
9.113469883564889740e-02
1.486348407727706294e-02
6.843688189840509140e-02
-1.704429927194842931e-01
-7.722206457345109909e-02
1.990287349468614353e-01
-5.323220654205177566e-02
-9.126298053250862796e-02
2.780221063576447313e-02
3.911134721437454775e-01
4.215273345754943501e-01
3.148921368187013181e-01
-2.811979670257271913e-01
-3.561919063416694176e-01
2.412209424830253496e-02
-8.156309295602498510e-02
-9.263217773724832793e-02
2.575030402039633209e-02
7.508935674229929580e-01
-4.629725042385127942e+00
-2.006171593310381418e+00
1.018660138876112953e+00
1.460249668820683189e+00
-2.548019655138997752e-01
7.335437769923698614e-02
4.369053154522518911e-02
7.130221282160165153e-02
6.904186811528731926e-01
9.386315771458969559e-01
9.248660397257971733e-01
-5.897567321764193293e-01
-6.818062793544150679e-01
5.334402172479320997e-02
4.223763923362303802e-02
6.845169274273414650e-02
2.728965814584853947e-02
-1.431441214160242170e+00
-1.481828855967953773e-01
1.311024776251479285e+00
9.981817604719493975e-01
3.017184875076796557e-01
-3.097223919517400059e-01
-2.382024609947462901e-01
-7.120820274189269827e-02
-4.523816095491217659e-02
4.774013254471268120e+00
-2.521575902726592044e+00
-1.228279241480568551e+00
6.355792869830489966e-01
1.247552142348677950e+00
-3.448828984204309056e-01
-3.509892143058564451e-01
-2.344199117214522676e-01
-1.114569455327438785e-01
-4.664392547597409622e-01
-3.604022478868800783e-01
-4.893025692245674962e-01
-8.896464916520662181e-01
-3.815075654448550346e-01
2.795087720965580003e-01
-1.090957025531837515e-01
-8.331988830060392537e-02
-3.901884734299795182e-02
9.082248593880234422e-01
1.610637952150359098e+00
1.896427180816803615e+00
1.116671117325811757e-01
-4.288081616806664886e-01
-5.220117954261473125e-02
1.968532142443201738e-01
1.325972085540339240e-01
1.893860757728567379e-02
2.036816760115333480e+01
-2.818708172736922535e+00
-5.744843374355756538e+00
-2.028064766828477250e+00
3.957481221107992386e-01
-8.606573159473256407e-01
1.948749248076853124e-01
7.541911937723351500e-02
1.086185593870659868e-02
2.684790985781101424e-01
2.931253230839702684e-01
8.443583682555051706e-02
-7.594258050117853598e-01
-4.341439522549803143e-01
2.791604364233892799e-01
-7.475859603269693898e-02
-4.270480539064516745e-02
-4.348911376443864718e-02
-2.514303425421333671e+00
-1.172765506385048617e+00
3.800174431700483191e-01
1.850813694548968380e-01
-1.727231424644128654e-01
4.472373499987859768e-02
-6.387846314444720064e-02
-8.112137410705845542e-02
6.584320289834583173e-02
-1.074277416303506705e+00
-1.850103158610170995e-01
4.533121993525414048e-03
-2.964902590729088794e-01
-1.098500989751053647e-01
-1.740102239871594569e-01
-1.766653267578507103e-01
-3.140591330673069836e-01
-3.946130879044377343e-02
1.712483013742552573e-01
-6.480379228577227979e-02
-1.979941130901446134e-01
-4.942059532614507256e-01
-3.406502041762888289e-01
1.013109283265251209e-01
-1.419313189427860444e-01
-9.793123189628527570e-02
-3.729345259216914222e-03
-4.551415766891858117e-01
2.966862760816585398e-01
1.896540036058546708e+00
1.224468785128116854e+00
2.958452469948463434e-02
-4.514092323754931302e-01
3.929975138742180379e-02
1.869596125156949840e-02
8.504561232220787803e-02
-5.324674965439394336e-01
8.971106211268635278e+00
-3.587111981434068841e+00
-8.372897710104933999e-01
1.877016455340734247e+00
5.651444541462151694e-01
-2.555354943710459459e-01
4.119988473917781530e-02
1.732654288527179717e-02
-3.361751209388812445e+00
7.050836387253153426e+00
-3.453557755993994505e+00
-4.440075243575291042e-01
2.102318478003483371e+00
1.015085790120977827e-01
-1.987540486310613308e-01
1.793730939262322965e-01
2.495701935934229593e-02
3.603571502121556691e-02
1.076166318423825485e+00
1.865070907098304476e+00
2.782227503328684737e-01
-3.774820954442302257e-01
-2.045994384127138022e-01
-6.674889847834519774e-02
-3.027999714790880273e-02
-7.311920069209890127e-02
4.197277952320569994e-01
-1.853501059282008923e+00
-3.195262276835906801e-01
5.346841666215776945e-01
1.568609304934714954e-01
-4.955568356504932992e-01
-1.245950964929379637e-02
-4.327214453336635652e-02
5.119398998207603385e-02
-7.195429477413417541e-02
5.374138237798152806e-01
1.435311493903278057e+00
6.202634262412540789e-01
-7.036670610235502554e-01
-5.183695253372787581e-01
-1.004041506471790163e-01
-1.355358710528531130e-01
-6.210568845957595979e-02
6.853231782822872376e+00
-2.543991551990480549e+00
-1.749147320822573404e+00
6.261442723635234353e-01
1.029529323393394202e+00
-7.156202503131047221e-01
1.477724010069605964e-01
1.039485988733564736e-01
8.694567425430252405e-02
-1.639908606156674864e+01
4.922459072166895488e+00
-2.306220640545637135e+00
-3.034656087921128176e-02
1.221316009699847216e+00
-8.812928865953955082e-01
-2.058167906349060716e-01
2.879903708632799986e-02
-4.032307184273961620e-02
7.686413315120170509e-02
1.710766611426114969e-01
-2.101607794083338709e-03
-4.750411453047851951e-01
-5.422779605901315580e-01
1.218518572958389307e-01
-1.750429916168443067e-02
8.550199569035057956e-02
6.490532118877211099e-02
1.458333833165465165e+01
-2.576099669769340017e-01
-2.416162059573114806e+00
2.578095977723388610e-01
1.504047050557140608e+00
-7.478250664688952387e-01
1.522147831414234487e-01
1.023529938319493321e-01
5.089797819445510824e-02
1.960270766478647397e+00
5.883531862122115541e-01
9.546783724912214497e-01
4.346195158082430399e-01
-2.574958390160395072e-01
-7.953943983354900826e-01
5.257987569239256365e-01
-1.237831139404317517e-03
2.981825564768241649e-02
3.738909469498900573e-01
4.611684915131462059e-01
4.201394850087927790e-01
-5.460718401304694991e-01
-2.632037728481312899e-01
4.272964558695093729e-01
1.946953398175129135e-01
1.438454467292006045e-01
1.417575015066860344e-01
6.762775669809514278e-01
7.371318029798099719e-03
-5.219042616549291608e-02
-1.534906943945932301e-01
7.671663800282949031e-02
2.749217879514744278e-01
6.558572903345273944e-03
7.443176587195993177e-02
6.784901308228162564e-02
-8.651313558785556523e+00
8.900195671308702927e+00
-1.765219797460473750e+00
5.471948660050786062e-01
2.461936591354032089e+00
-5.406062196455574398e-01
-2.096649844902118143e-01
4.020885700650021592e-03
1.474536118856572924e-02
-1.652178359855682999e+01
5.579928811021463986e+00
-2.840328656745087166e+00
-3.175083184719213608e-02
1.667409153117512144e+00
-6.428506013765730165e-01
-7.002611211487866361e-02
-6.632081213154952803e-02
2.599594834134840923e-02
-2.736029054903820867e+00
-2.018733525882740576e+00
3.602254550516128528e-01
8.160933045676906916e-01
3.642619592112182891e-01
-5.517938805942239622e-01
4.521385978247292603e-01
1.054563137685143315e-01
1.394356478933031218e-01
-3.520661202084191532e-01
-5.250178497984926418e-01
-3.467038565303231512e-01
-5.710881075043066080e-01
2.607587121257018969e-01
-3.336922447487072202e-02
-5.033226072746915802e-01
-2.844988567051678907e-01
-1.078276055653577120e-01
1.364041189342796612e+00
3.996122394155854907e-01
-2.101246933453233545e-01
-1.049441004350137652e+00
-1.038947744398906803e+00
-6.659088352088796126e-02
2.730622527620390483e-01
1.641079364666378493e-02
-4.229966620486043383e-02
-6.494146325095593308e-01
-1.737415621198585280e-01
-9.665552956780019966e-02
-1.591126031176810229e-01
4.749174656997650831e-03
2.160263509252750569e-01
5.353217199830585110e-02
3.696093935663752328e-02
5.516022021140281478e-02
5.757157120125589583e-02
7.324119854724807366e-02
7.858749067306913805e-01
2.960147928832128003e-02
-6.348839510090846794e-01
-5.995903958279017454e-01
2.815063443059211412e-01
-1.133292036725288242e-02
7.768113841263564467e-02
-1.093592942409768731e-01
1.343439792287175472e-01
2.371187614489532816e-02
-4.530993131144221420e-01
-4.969968477158139275e-01
8.288689087173267689e-02
8.983370308239985169e-02
1.008420951937798460e-01
6.456886963012729852e-02
5.529082311648164882e+00
-3.219284463337606095e+00
-1.627660355120769786e+00
9.550311790277695723e-01
1.486616155199287581e+00
-8.701639927492551552e-01
2.825718273914428202e-01
9.187757168955634768e-02
6.133885611126006082e-02
4.763811116320068595e-02
5.738368806625708807e-01
9.578125990694982272e-01
1.828039598658530163e-01
-4.685783011740166648e-01
1.066327373888373148e-01
1.316408890223335071e-01
-1.013432038767958648e-01
3.711149253290210726e-02
3.921611570800128121e-01
5.105555217730913670e-02
5.256724612873922009e-01
-5.246190042358197525e-01
-4.856839067424739698e-01
1.479936123885413901e-01
1.819635109871832121e-02
-8.266524512272388492e-02
1.906161192392560530e-02
-2.275748717206582228e+00
-1.376327155838149130e+00
7.565459784696813017e-01
7.358438318107670684e-01
-7.636961187748046720e-02
-3.122494488520003442e-01
-5.129387494654650409e-02
-3.833439431018646065e-02
4.818726266533324143e-02
9.714669722073526970e+00
-1.815553568876984158e+00
-2.836524207746485171e+00
3.647608240440987359e-02
1.234055194998169291e+00
-1.096413444787723179e+00
1.920676441674722124e-02
-7.310116887483394943e-02
-1.931533090761267460e-02
3.490996610033462177e-01
1.033766011658712874e-01
2.079368308077814420e-01
2.437641133401061977e-01
3.430862265563294766e-01
2.710085861369840310e-01
-1.816961748447651348e-01
1.098594837854008632e-01
8.136039898602592801e-02
-7.355128010668295913e-01
-4.034583688478945440e-01
5.725389149263092337e-02
-3.673414182576709153e-01
2.489900574434900371e-01
5.667446558741192630e-01
-1.183446608813250867e-01
1.427085201431951555e-01
6.156213857101812403e-02
2.191781001617149893e-01
8.843323848831305400e-02
-1.019598564182604139e-01
-6.866272552906372839e-01
-2.734868613226785206e-01
3.169674794467997603e-01
-1.009432218566687633e-01
-7.573326162983304299e-02
-2.124665048260059377e-02
7.690454439902533190e-01
6.516407196288224180e-01
5.046326876936856332e-01
2.077331507797368082e-01
2.619839764066752008e-01
6.511077600554796563e-01
-2.434721301717719388e-01
3.004718702564258478e-03
1.411957136397708548e-02
-1.699285914599111935e+00
-1.325824611001623632e+00
3.827273026219100149e-01
5.977586936455044908e-01
7.020962293326295234e-02
-5.101453626332679292e-01
1.665593503001115416e-01
9.527689367000481691e-02
4.239670530902581863e-02
-1.015305178005269315e+00
-3.073329806968603251e-01
1.106990577206642817e-01
-1.330580097946791884e-01
-1.003863034217473249e+00
-5.058971796517247599e-01
3.172078258692297981e-01
3.831715172898033126e-05
4.206762951046787158e-02
-2.168423535640171096e+01
6.045173089054150850e+00
-6.166808797753551286e-01
1.013600563423470380e+00
1.293418845145150931e+00
-6.354894674501605500e-01
1.225611010348313240e-02
-5.955751129143080358e-02
1.399113836502484691e-03
-1.855072404334103453e+01
6.432988513949544185e+00
-2.181607366331494990e+00
-6.115662056444458594e-01
1.141159381411658291e+00
-4.642235476735077637e-01
-7.230984810038247612e-02
-1.558558240151537155e-01
-7.925550723319986501e-02
-2.053107451063246103e+00
-6.864251320960153002e-01
1.225592387154655238e+00
1.008919977351296682e+00
3.621908083484354779e-01
-3.183667764633857922e-01
2.785632263828663469e-01
1.607807254377647058e-02
6.036528346608841661e-02
1.241863099885256005e+00
-9.673005637303573601e-02
6.431646613668751122e-02
-4.447730468306194118e-01
-4.087329955472417953e-01
1.817662018987230566e-01
1.170854451798590684e-01
8.593486234239423871e-03
-4.748796212377655312e-02
1.228357010609766986e+00
2.547103348571289616e-01
8.206320437427876494e-03
-6.638510836227311529e-01
3.596887298369153690e-02
-3.914636755876313989e-01
-5.782669747039007047e-02
-5.789220435333593956e-02
1.356192958947405325e-01
