-3.635255763280469399e+00
-2.435855371177495066e+00
-1.645365454964312413e+00
-1.297721102944342508e+00
-9.665111631184151175e-01
-5.132531219048553917e-01
-7.120221956378272044e-01
-4.337132335229214597e-01
-8.183757605637813626e-01
-2.842043632324081415e+00
-1.753584677866671271e+00
-1.029956376721312017e+00
-7.861490818363517930e-01
-4.428335035139544518e-01
1.385896246080621985e-03
1.134340336759251527e-01
3.869061357734779882e-01
-3.078656448351244079e-01
-4.133951383668228452e-01
2.812758563869837136e-01
6.929705210416021721e-01
8.564758439781077204e-01
9.344438713008617059e-01
1.022567788765011754e+00
8.121896822289723650e-01
6.940696889862048025e-01
-8.632128595192595927e-03
-3.527073985465789097e+00
-2.374393490705367427e+00
-1.574137322841456132e+00
-1.208313515950776296e+00
-8.653168786530253120e-01
-3.373841112955183186e-01
8.007103553739568225e-02
3.790071090690457778e-01
3.896021156399432361e-01
-2.726002285787729296e+00
-1.678808703625161991e+00
-9.608513948684381800e-01
-7.080348070098400060e-01
-3.715768056937325259e-01
8.604229935243955241e-02
3.582693321046920842e-01
5.790937976318055735e-01
4.339331295446881565e-01
-3.879804476327399221e-01
3.015891580905304403e-01
7.029181647495627017e-01
8.588910235040538854e-01
9.311489813915178049e-01
1.013739899687093882e+00
9.124018796528767794e-01
8.706620571690372179e-01
5.216716829751369966e-01
-1.307573730274686152e+00
-5.696593075169759102e-01
5.504234583836066508e-02
2.506338998089733261e-01
4.465142924666406499e-01
8.464853703066500534e-01
1.189835903451598620e+00
1.149222303218688124e+00
1.065897780901352121e+00
-1.238866114278326380e+00
-4.912705509243618929e-01
9.755457133771733291e-02
2.859346355760210567e-01
4.811621384615092922e-01
8.620863897754855731e-01
1.195852362534429281e+00
1.143635832498760552e+00
1.067435881678250320e+00
-2.640787734859172953e-01
4.028147627508973372e-01
7.968870055860554080e-01
9.645550898586007227e-01
1.046598558184287597e+00
1.170192514678462636e+00
1.280708351709055171e+00
1.229454515201597209e+00
1.083896409835603869e+00
-2.229006241679046152e+00
-8.994824033896446913e-01
-3.368650629909799576e-01
6.976768983287617854e-02
2.607620791926329451e-01
7.174867498821559941e-01
7.190563137057908172e-01
9.017248652674019205e-01
-1.938765601764653457e-01
-1.598616688082306947e+00
-6.154287800712116008e-01
-4.682479691067335109e-02
3.382603128796034531e-01
5.021689182009528851e-01
7.521218387118512594e-02
3.248130407821713805e-01
-8.017671527109724444e-03
-7.702169248680792446e-01
-1.735067938074922322e+00
-5.946947943305879170e-01
-5.956641118470845479e-03
2.562121326535054533e-01
5.729859774768336633e-01
8.544783593993513504e-01
8.348720810640695156e-01
1.010819057468917981e+00
-4.579907303880890318e-02
-8.066516557389102893e-01
-6.937424992041579808e-02
4.248657592212080059e-01
5.721927187339768128e-01
7.673788968419171796e-01
9.955060426730486522e-01
7.983623842674082427e-01
7.989485066760640963e-01
-5.446956971786440921e-02
-1.996698585468047460e+00
-7.186278699592034691e-01
-1.948768657191627396e-01
1.984931458240804525e-01
3.817713442604356300e-01
9.233621951889381396e-01
9.624338946526059813e-01
1.125336431346259491e+00
6.584632392687631008e-02
-2.121509911798435066e+00
-1.072069710032646839e+00
-4.894969895266979010e-01
-7.815641337930094579e-02
1.231627507614948130e-01
-1.744345164843016105e-01
4.492417146963072899e-02
-5.253502643888002810e-01
-1.184988861112304059e+00
-2.023583208328333605e+00
-7.854065120590509874e-01
-1.794759998675241053e-01
1.273561339180337426e-01
4.380065181659823503e-01
6.833486513444431143e-01
5.899542181267293239e-01
6.770086667040273731e-01
-4.871407848929564244e-01
-1.444734251279939485e+00
-4.320598860801260765e-01
1.225285400144840442e-01
4.677304290537626641e-01
7.309558731126261089e-01
6.638101293777911582e-01
7.008985963285233600e-01
6.435771256933915385e-01
-3.064101514455996322e-01
-1.708560885438707322e+00
-5.767649262517695607e-01
1.421428940950432776e-02
2.698266443640258139e-01
5.917507587995172180e-01
7.365859406354846595e-01
6.820819958021209217e-01
8.154775060755080629e-01
-2.505121269800477113e-01
-2.537943912408491265e+00
-1.187899483721792437e+00
-5.494171293336318485e-01
-1.286290151804357351e-01
8.308130175666234019e-02
4.390196827214586373e-01
2.114480720953616222e-01
2.948955086099234180e-01
-8.407247015779095722e-01
-1.474811520485262317e+00
-4.387876327112411601e-01
1.284571194493221435e-01
4.268801251050304280e-01
7.180200522981715627e-01
7.819393276248423064e-01
7.685432906615214943e-01
8.724593436890110132e-01
-1.322067177772578150e-01
-1.655797560655707823e+00
-6.731172098061324327e-01
-9.972068440249706733e-02
2.907090394119933308e-01
4.553828651800184146e-01
7.109403056472519966e-02
3.145280850417317420e-01
-1.036502168956638520e-01
-8.495375344035870357e-01
-1.880608821130249853e+00
-7.774578622564141117e-01
-1.909383872422116268e-01
1.423730195836689361e-01
4.206635831075590248e-01
2.840972934710851439e-01
3.232407296958977327e-01
9.793451277906134456e-02
-6.705250576855409372e-01
-2.083528874098389494e+00
-8.476841476142291665e-01
-2.890412274343792665e-01
1.074732998618421892e-01
2.197135409877853662e-01
8.306478829097532213e-01
8.297257737657521837e-01
1.027585007964504582e+00
1.022464519569688812e-01
-1.170653784180514023e+00
-3.966822528915763812e-01
1.353454411918530442e-01
2.922256590493355621e-01
5.394480245308281852e-01
8.344751003994119731e-01
7.102172201541339103e-01
8.221454772267745570e-01
-5.632186677006328912e-02
-2.858472470834458878e+00
-2.218109645684248399e+00
-1.782925869838555499e+00
-1.239372551192674532e+00
-1.206091203533509182e+00
-1.672864662572295824e+00
-1.102747443738086419e+00
-1.057592568389383647e+00
-1.382741501002442197e+00
-5.727921235175661430e-01
1.521142996171367112e-01
6.193474362691857582e-01
7.807970162678522508e-01
9.252557826762649595e-01
1.102100813194012652e+00
8.522218236527081547e-01
7.838202800006474069e-01
-4.912744241003722673e-02
-1.935001247301651572e+00
-7.477898466626814455e-01
-1.407133989257015050e-01
1.483781836747067873e-01
4.701870200715059234e-01
6.881339088618363409e-01
6.085592871452462083e-01
6.779739205088607390e-01
-4.625009450331530325e-01
-3.479874857622412332e+00
-2.316792788258950964e+00
-1.519755639475633302e+00
-1.143109709915174577e+00
-8.177180894671086664e-01
-3.384676098062613381e-01
-7.426478108611973550e-01
-4.283252464449273655e-01
-1.105261045688766375e+00
-2.415853769356287373e+00
-1.505583743451011758e+00
-8.138932044700012414e-01
-5.365086383902932798e-01
-2.104508933036379481e-01
2.527865128419720109e-01
3.815616283012587817e-01
5.870377657257969117e-01
-2.474293604945298208e-01
-3.216714685263545537e+00
-1.983617586135689503e+00
-1.480448813257932761e+00
-1.082319134443771258e+00
-6.522878962083136223e-01
-7.889152565078235702e-01
-9.386108306303624360e-01
-1.241819899219073431e+00
-1.473377011774748668e+00
-2.211226874579450552e+00
-9.293755116002635486e-01
-3.590532983638441422e-01
4.654601725384602262e-02
2.395636786470459467e-01
6.702677287556790819e-01
5.791211365475518180e-01
8.309030166854058930e-01
-1.642290694282373120e-01
-1.929433349166427281e+00
-7.467646810512210687e-01
-1.675877988517301409e-01
1.415649540187424449e-01
4.321592061321416489e-01
7.407324739850358331e-01
6.689655634423395947e-01
8.830529176391167523e-01
-2.172531675442207211e-01
-1.586953594715935667e+00
-6.422277312516077030e-01
-9.423899920907800876e-02
6.590012043300454148e-02
3.677104056877983917e-01
7.322111517077002363e-01
5.251083383487399336e-01
8.078572925057123655e-01
-1.728649632893970028e-02
-1.699499018529248007e+00
-7.172059875115982530e-01
-1.434830544896043558e-01
2.516319626117842767e-01
4.076664216774944505e-01
-3.647864379838737514e-02
2.114154312405379377e-01
-1.269856097957276775e-01
-8.013794300528683801e-01
-2.673567433601764076e+00
-1.960320647867588972e+00
-1.503245323821454038e+00
-9.748716107483763604e-01
-9.388164818124593580e-01
-1.444750300221270933e+00
-9.553584995768805710e-01
-1.155515201527268498e+00
-1.435751643029155700e+00
-2.949008869059640325e+00
-1.927383764762706120e+00
-1.483485635250880952e+00
-1.021082788926977791e+00
-7.190261483999369485e-01
-1.103971397055687698e+00
-8.784800510422401398e-01
-8.962419607666493038e-01
-1.288216642074807572e+00
-2.241869348300423059e+00
-1.030715430236267105e+00
-4.124378306332024402e-01
-8.769564085615939864e-02
2.237676108330593494e-01
3.149914629403209321e-01
1.477739871242629288e-01
1.948818488149268169e-01
-7.465877736455590608e-01
-3.406784960660834916e+00
-2.087527370970463814e+00
-1.550291001767923005e+00
-1.146920719068165395e+00
-7.129644585971436355e-01
-7.658372052402698804e-01
-9.827409182699279322e-01
-1.135087290929593040e+00
-1.409831737199430002e+00
-1.130630222208824254e+00
-3.346322109272270029e-01
2.012483864720432947e-01
3.678580012502567498e-01
6.101961752509871273e-01
8.699573848972427248e-01
6.790662409175218794e-01
7.794001931292139362e-01
-1.205650584335453412e-01
-8.297964419860870411e-01
-8.799310291776291093e-02
4.082931178721115884e-01
5.151989264427260240e-01
6.899454523436847619e-01
8.348331007454602437e-01
5.845047492328969696e-01
6.213509676657797964e-01
-5.758446785384301742e-02
-7.880542198136466503e-01
-3.145681315210969997e-02
4.651370382226824862e-01
6.179041811972338927e-01
8.218660516548135231e-01
1.040741935601670498e+00
8.219659772759883021e-01
8.339771505930312356e-01
-4.654603934775197738e-02
-1.846204880314807451e+00
-6.520435074328765346e-01
-9.555445170998989879e-02
2.187254324875803346e-01
4.956319462106912876e-01
8.908878537922170215e-01
9.202249796279079463e-01
1.086287989602729986e+00
-6.703288634754459886e-03
-3.581162981689936409e+00
-2.377254382661509791e+00
-1.588759785661400636e+00
-1.247444715541772275e+00
-9.137690638933945175e-01
-4.589028584689779922e-01
-6.329780144715903001e-01
-3.416938809519212694e-01
-7.453313599632648279e-01
-3.003477995984903615e+00
-2.051135495720653346e+00
-1.640027684055065382e+00
-1.145168163329037370e+00
-8.725420465894242472e-01
-1.109280237538152081e+00
-7.937709025923880279e-01
-6.618649388642651177e-01
-8.452057286324609064e-01
-2.200166247305308964e+00
-8.963624217950807438e-01
-3.388957156672025572e-01
6.980073426461072539e-02
2.030644580247311648e-01
7.685466992305749478e-01
8.063284647262544125e-01
9.986968504574119665e-01
-2.158506993850053610e-02
-2.630325242412195674e+00
-1.393406760786424226e+00
-7.642889246524348090e-01
-3.810155801331865932e-01
-2.016749447469070033e-01
2.999167698367382617e-01
5.726495671208730459e-02
4.757175974813008246e-01
-3.989035896683109095e-01
-2.022308618389046853e+00
-8.346349838593454251e-01
-2.257579081264361465e-01
6.354078985164127169e-02
3.889722489356951529e-01
4.958869533485338876e-01
3.748338282550646716e-01
3.974061950171265956e-01
-5.142569984720692933e-01
-1.387197323010816108e+00
-3.823866041813005490e-01
1.634777254383169842e-01
5.401203207907954162e-01
7.482700426834352214e-01
4.367773811878920553e-01
5.581493105634784957e-01
4.349622445057773623e-01
-3.790395061189589243e-01
-1.724552065833614201e+00
-6.328076408042044854e-01
-4.714484043026422738e-02
2.566064463525114525e-01
5.556496057123107013e-01
5.333865288552371853e-01
4.999797613253866291e-01
4.485604689178783744e-01
-4.512485972063482453e-01
-1.447853712807795068e+00
-4.498347327626432413e-01
1.046940430662955390e-01
4.824766279098139377e-01
6.834900710471236707e-01
3.396047100053355972e-01
4.732833824148583446e-01
3.226440981373006611e-01
-4.755913871356945433e-01
-1.316419219607106283e+00
-3.202437397676945463e-01
2.227322062881866294e-01
5.978833478669494106e-01
8.204740671295955856e-01
5.833493285719635324e-01
6.870058779546007743e-01
5.658872871453035636e-01
-2.563507565339044891e-01
-1.800119883219313932e+00
-6.804077205849994314e-01
-1.483045359964978716e-01
1.926337989953339214e-01
3.041257820951162039e-01
9.129398736899672073e-01
8.110988447249207756e-01
1.050002297718863220e+00
1.403311517936698394e-01
-3.511351937207739304e+00
-2.149698488335709978e+00
-1.577884962975277139e+00
-1.152492438867757096e+00
-7.443792827978908955e-01
-7.249422522697093196e-01
-1.036266109405623803e+00
-1.172728470064115625e+00
-1.401217290325105669e+00
-1.772345161977522787e+00
-8.058342049152463771e-01
-2.240657648102262756e-01
1.794375178010418348e-01
3.078557206880449537e-01
-1.470966769752095338e-01
1.724120199335040238e-01
-2.892967828974774003e-01
-9.334619767406890922e-01
-2.221887074132918194e+00
-1.109003523400711400e+00
-5.056416866617731154e-01
-1.775698518002251647e-01
6.812564670717198567e-02
5.974125687121689676e-01
7.208786796219870396e-01
8.841279452044747966e-01
6.824162079901843541e-04
-1.663143068702557903e+00
-6.888672307248876470e-01
-1.155373828340606618e-01
2.767096607403922714e-01
4.296565979129278179e-01
2.441655366458608811e-02
2.545221969012795293e-01
-1.531327618003811286e-01
-6.789120452601705713e-01
-2.877786639966747106e+00
-2.253816868681766117e+00
-1.821274717842514601e+00
-1.278149590435003535e+00
-1.242213711058212766e+00
-1.613918792048925521e+00
-9.984095593126665058e-01
-8.724096647684144168e-01
-1.210451753171547962e+00
-1.279828454685504324e+00
-2.951842948011725309e-01
2.435043949083834647e-01
6.179419590950643304e-01
8.499682577876340739e-01
6.280408828891128614e-01
6.878201082864334737e-01
6.801527014690680328e-01
-1.389541092737774652e-01
-3.189966990021723348e+00
-1.926896865248139079e+00
-1.377732409662772550e+00
-9.822416445039711119e-01
-5.753303979002597490e-01
-7.341417384955056802e-01
-6.605060157764056639e-01
-5.553915470914608798e-01
-7.516146062759365698e-01
-1.760479637323554725e+00
-7.930408512191506887e-01
-2.131557044024604275e-01
1.900339155130236490e-01
3.154419645099202918e-01
-1.110393150520197492e-01
1.876750539751498026e-01
-3.294283326538914869e-01
-9.595455453858373618e-01
-2.454837439690811696e+00
-1.136393998341544753e+00
-5.221644979195529945e-01
-1.167686871980066210e-01
7.198362237534380002e-03
5.307225988705462916e-01
4.184493964365980090e-01
7.309902760721260773e-01
-1.717248660887844003e-01
-6.534003448094503064e-01
6.724506733525392743e-02
5.465652816094467292e-01
7.074485227016272804e-01
8.621171361986198489e-01
1.045356480062456184e+00
8.072778136594490617e-01
7.716035059985996147e-01
-4.436720965967765051e-02
-2.213475672166199004e+00
-1.248466054582651363e+00
-5.938254261686743973e-01
-3.459507340267995446e-01
-3.696976251976712147e-02
3.893437023304845424e-01
4.596889724494362950e-01
6.386773862310415328e-01
-1.839973874686597899e-01
-3.609582184254389592e+00
-2.293134896086931551e+00
-1.556918796002336070e+00
-1.109850648851078869e+00
-8.740606183138949214e-01
-4.632444644728506145e-01
-9.264840574573478538e-01
-7.280604326319876085e-01
-1.170322645439244580e+00
-2.748914178455496682e+00
-1.375482973716534607e+00
-7.201151192692227809e-01
-3.001745731150858854e-01
-1.623393031526691455e-01
3.106023248807227022e-01
7.152447421195233523e-02
2.953390988850815302e-01
-6.992543062652334385e-01
-3.017193175074885048e+00
-2.102304023583073445e+00
-1.698276170445901734e+00
-1.188419703798214710e+00
-9.273045784454863050e-01
-1.195573817100635594e+00
-1.110978646950372850e+00
-1.291011496719336460e+00
-1.430651446984753328e+00
-2.796836738754943319e+00
-1.408943681988046981e+00
-7.209077733813602507e-01
-2.960998634386535766e-01
-1.421967790898476525e-01
3.308388100071341653e-01
1.281212600421965074e-02
2.033417862351512284e-01
-8.525733172458415110e-01
-2.194990774081249096e+00
-9.818511601439765535e-01
-3.592213181089744523e-01
-4.838281819905679293e-02
2.716469590447870286e-01
3.125330626957703584e-01
2.141681914462738034e-01
1.421541971096356716e-01
-5.711981095362882455e-01
-2.708199117616999274e+00
-2.008407013420638876e+00
-1.550570965348366359e+00
-1.023433167610884542e+00
-9.884653612170226644e-01
-1.264158923502484821e+00
-7.439696374373053755e-01
-6.527264326698032360e-01
-8.025105952196047721e-01
-1.653342911413602012e+00
-7.710621926676850535e-01
-1.830980510000344286e-01
-7.146105175250654085e-02
2.507480707937995712e-01
5.335900693306406817e-01
3.816298839366388806e-01
6.187961952550422584e-01
-7.758382855746559503e-02
-1.287712022903389375e+00
-3.509391230687373686e-01
1.292274124783508726e-01
3.686411706378991959e-01
5.530497916448993134e-01
9.914768039967519764e-01
7.916877167272516891e-01
1.009142334138110053e+00
6.625757017749661637e-02
-2.081840096720779520e+00
-9.149145519969065221e-01
-2.935270189364017623e-01
1.485537322802825411e-02
3.356812828260071213e-01
3.689764074520028303e-01
3.493311156068616419e-01
1.653936598833751215e-01
-8.142169945659699648e-01
-1.914377253949139712e+00
-9.600466425158227235e-01
-3.859793779280690784e-01
4.157009399800766503e-02
1.430194196386020411e-01
-3.797159348294751879e-01
-3.278021187278560428e-02
-4.015253127178513570e-01
-8.893701032854186561e-01
-1.150656379229435977e+00
-3.731839925694784843e-01
1.624743972416899940e-01
3.307312468490493096e-01
5.629295293111917786e-01
8.292021386740449085e-01
6.581477383054689101e-01
7.658926516495665471e-01
-1.051951292631980034e-01
-1.999462459388626767e+00
-7.550554324263086814e-01
-1.895123918371408034e-01
1.588869148629961647e-01
4.110452608261518925e-01
8.034653400499206510e-01
7.657207934765357660e-01
9.801688533682526572e-01
2.599697790140010484e-03
-2.744976154881191288e+00
-2.054507118457410630e+00
-1.606570242422117767e+00
-1.072531986464565490e+00
-1.035747888113655479e+00
-1.432408743885391189e+00
-1.035647776354244209e+00
-1.328062281695639113e+00
-1.428907691641055688e+00
-3.574620535937904631e+00
-2.352674986684987868e+00
-1.563450666885130680e+00
-1.166446631569109327e+00
-8.454025639064549624e-01
-3.674519729698940695e-01
-7.546055796479709254e-01
-4.712249470424229036e-01
-1.014434427846411468e+00
-1.361987087736922453e+00
-3.590059918874552447e-01
1.870688642660029710e-01
5.611631555906329005e-01
7.848256535093012243e-01
5.471715886758655722e-01
6.522254466707260168e-01
5.341260709785840000e-01
-3.039422821593731894e-01
-1.328968016030743993e+00
-3.335627715257577508e-01
2.094754012198847826e-01
5.845167012080344504e-01
8.115326258525505931e-01
5.844718790539410458e-01
6.496048524833101245e-01
5.654568805015399713e-01
-2.082050867087596735e-01
-9.465560240250794344e-01
-1.668091921855554827e-01
3.426434981891967047e-01
4.233796728874780757e-01
6.744706351857157056e-01
8.482595048155668893e-01
5.796098145195219820e-01
6.931550443662667371e-01
2.156122456778045843e-02
-1.266817942547793230e+00
-2.823281956752329291e-01
2.538886758395922372e-01
6.276691434230023958e-01
8.537839754886924482e-01
6.147696868238738954e-01
6.961571471420611168e-01
6.626515505832536457e-01
-1.423147521560272910e-01
-3.557507510481283663e+00
-2.240540403681083870e+00
-1.522866459521993177e+00
-1.089132697845965003e+00
-8.675362095817161778e-01
-5.546608465915695563e-01
-6.705154340216413766e-01
-4.204134665233337231e-01
-6.193828011528772493e-01
-1.830761890135220282e+00
-6.795841133762494657e-01
-8.986539672503615628e-02
2.213100634638887343e-01
5.102519520404816822e-01
8.627902720454720953e-01
8.757654461683603841e-01
1.023250189976444346e+00
-5.856277993511858904e-02
-1.555273258503866662e+00
-5.610532884034896695e-01
1.900588090176830993e-03
3.862458960786854800e-01
5.685238164124905014e-01
2.028108320826592370e-01
3.736812619455390783e-01
8.138830986097199405e-02
-5.273658684162813026e-01
-3.173259519857143829e+00
-2.079075983042319553e+00
-1.632020344074777807e+00
-1.215154135842137828e+00
-8.180888105754875461e-01
-1.123196529528071030e+00
-8.538696223877306757e-01
-7.092657023145725326e-01
-1.090098514406344421e+00
-7.894701180419436692e-01
-4.928648719263898498e-02
4.432919519567994349e-01
5.581460723193288898e-01
7.329566985997785222e-01
8.827354948056350681e-01
6.422469415341995891e-01
6.800321613136022236e-01
2.738460269678088047e-02
-5.356219695350705745e-01
1.727983733963048274e-01
6.199138446822013426e-01
7.718752347247980206e-01
8.833868415575009125e-01
1.008478252352996041e+00
7.780354740736575847e-01
7.447429158897891366e-01
6.606000386781075984e-02
-3.356581779147655098e+00
-2.002592930095130619e+00
-1.380248957428113821e+00
-9.640381285803635292e-01
-6.147009435715322656e-01
-6.577956979769878920e-01
-6.348320992986369316e-01
-4.678472702614863143e-01
-7.144387500919565648e-01
-1.677684283889376182e+00
-5.420142838894347337e-01
5.002840303420522106e-02
3.062046048882101079e-01
6.294090170665282979e-01
8.341669349657895305e-01
8.362722941119246078e-01
9.369625635351409576e-01
-1.151128202875729839e-01
-6.220305449969802947e-01
1.164832760916523352e-01
5.968202644666593670e-01
7.479507935715202782e-01
9.324353571511462269e-01
1.133521685631843745e+00
9.127291730633645406e-01
8.952657464157973699e-01
5.913289962302986646e-02
-1.504927442839954166e+00
-5.060942548287030718e-01
5.002992900087633449e-02
4.287846565673149590e-01
6.320352358145138183e-01
3.214462337082463206e-01
4.482653812405488769e-01
2.138387820222407143e-01
-4.593096828271030496e-01
-3.436724940420282426e+00
-2.243599061708429598e+00
-1.455004053241884199e+00
-1.092371182368337301e+00
-7.603775751894810142e-01
-2.795670384339411507e-01
-5.635039170048502521e-01
-2.635579974750052457e-01
-8.492765272136610921e-01
-1.187654332919973355e+00
-3.986197749046697103e-01
1.429044950266347425e-01
2.316117481320322247e-01
4.940587437652917968e-01
6.963228911056141834e-01
4.647467274055177566e-01
6.217779451973087790e-01
-2.326964223720639352e-02
-1.699178609565333176e+00
-5.666392557974153643e-01
2.254342584032032262e-02
2.761719923639926466e-01
5.976853585393122614e-01
8.479733987528202954e-01
8.197940723613272862e-01
9.930262313601435631e-01
7.941801010707759401e-03
-1.418839095421391860e+00
-4.121208066690383864e-01
1.383032967679522496e-01
5.049230565130117254e-01
7.450360083492209018e-01
5.635958428691952848e-01
6.065428248221700347e-01
5.233028705416477022e-01
-2.552416720416562090e-01
-3.077676310206517662e+00
-1.934733767727272014e+00
-1.440605251959433231e+00
-1.034962476413227472e+00
-6.386244152845002020e-01
-8.604831722455107412e-01
-6.329191703885960196e-01
-4.740544316973346328e-01
-6.433571149737904449e-01
-2.077692556145068981e+00
-8.588282214765670108e-01
-2.530158497032568565e-01
4.825348064996450720e-02
3.601983827543277505e-01
5.538647789255550791e-01
4.054428619865363403e-01
5.543876546916968184e-01
-4.494857197765264045e-01
-2.284230891763064708e+00
-9.788139885732812795e-01
-3.806855006976678224e-01
2.565664551801205909e-02
2.416462852351888291e-01
6.402767780906440942e-01
5.222911036491156844e-01
6.940974953146603621e-01
-4.062592358649231850e-01
-6.100484345983512302e-01
1.215669432429241359e-01
5.914934586314973819e-01
6.924679194657417103e-01
8.457172676353040819e-01
9.652095460685224948e-01
7.287215221821842226e-01
7.239294232771611437e-01
1.176138809366930327e-01
-3.622457771524673742e+00
-2.411117023235415768e+00
-1.605522537129506322e+00
-1.196122087493908026e+00
-8.817451220420796654e-01
-3.998510163017422459e-01
-1.015783706871973946e+00
-6.879771650066717203e-01
-1.169534693579046492e+00
-1.344927966692716303e+00
-3.536264713236362267e-01
1.931558461695758178e-01
5.663171293647216720e-01
7.953688395102365138e-01
5.696137966402062824e-01
6.350762123493697286e-01
5.442176508943952218e-01
-2.074286500680039280e-01
-2.039651279825122732e+00
-1.158358978551727647e+00
-5.398800904928444666e-01
-3.178250220423262662e-01
-2.579457551720086908e-02
4.120116500117306235e-01
5.463199600720786142e-01
7.013947204445940553e-01
-7.579140043380154512e-02
-2.308127045410080846e+00
-9.989752881772461235e-01
-4.126080370106974260e-01
-3.672916294952304362e-03
1.931933147338701362e-01
5.921450884739370979e-01
4.255293700808421287e-01
7.063727847798414450e-01
-1.676233687883920409e-01
-1.979632001124235430e+00
-7.365308669068064695e-01
-1.825950018501938110e-01
1.983864125149100432e-01
4.222728014987530143e-01
8.935511640071933659e-01
9.585452964852992919e-01
1.102318196154318253e+00
6.771095574327193334e-02
-1.591474174728152891e+00
-5.984756886009262589e-01
-3.059897253737919182e-02
3.537781396148558799e-01
5.225092311736878603e-01
1.455649848190686824e-01
3.746791398395099559e-01
1.924450109593962843e-02
-6.742082189487277333e-01
-1.308777006733093495e+00
-3.256765017791451999e-01
2.183457902943272966e-01
5.944257915698836214e-01
8.177382489902359497e-01
5.900453076943329433e-01
6.897070921443830827e-01
5.902303472436916110e-01
-2.126948463921026489e-01
-1.772042070141673031e+00
-8.075964444509590168e-01
-2.290806566380981235e-01
1.761991433804185880e-01
2.993816525480567092e-01
-1.282265907348988376e-01
1.511629599638381893e-01
-2.395728962739764045e-01
-5.395664581248119651e-01
-2.820689933431353325e+00
-1.697663296732780491e+00
-1.165770696138708207e+00
-7.400285401927076956e-01
-4.261249380357887140e-01
-6.809536861614564618e-01
-4.616057089618146314e-01
-3.747109891430988049e-01
-5.129860532874730428e-01
-2.189833410977740868e+00
-1.209878290963707581e+00
-5.617520232285061477e-01
-3.110816632910649027e-01
-4.506273090816172167e-03
4.235076369453865119e-01
4.983014265309105850e-01
6.786988022188517045e-01
-1.123264188505901789e-01
-1.443688389070555189e+00
-4.503736991768589326e-01
1.014373805640988169e-01
4.786972019062128436e-01
6.912339260174031885e-01
4.191498658499064334e-01
5.536084455805319049e-01
3.622862954645614808e-01
-4.301922004385035359e-01
-1.140244811340342945e+00
-3.593926167437416219e-01
1.601543659708702105e-01
3.136061878251168444e-01
5.481979746261672615e-01
8.398236756008212733e-01
7.281610284481294659e-01
8.363152615574965809e-01
-2.430873679154796428e-04
-1.979692435622477653e+00
-7.849559285709913903e-01
-2.185251789650350107e-01
1.572868770732361587e-01
2.997935778944613716e-01
9.055318077268587063e-01
1.005471053274125559e+00
1.129281435707959913e+00
2.070960084011557178e-01
-1.504008376643199529e+00
-5.117445784814715903e-01
4.728547156485441577e-02
4.287188189208824829e-01
6.177125262257489036e-01
2.456151305644923288e-01
3.900912967013505650e-01
1.950073790100148308e-01
-4.194265238411331587e-01
-1.367913945510484064e+00
-4.902195391972852256e-01
4.405040360467090549e-02
2.621590987895119351e-01
5.113474574606035050e-01
9.319564044992226792e-01
8.959516178697880529e-01
1.042613726576361088e+00
1.540409574028182293e-01
-1.297600009669456878e+00
-3.026570941138739257e-01
2.371281940198214366e-01
6.127747384930447572e-01
8.363499086210335332e-01
5.702479486092399963e-01
6.235572446415031944e-01
6.272419080260667190e-01
-1.391252659293220617e-01
-8.242956010029649505e-01
-7.635188443224528998e-02
4.162615898258398284e-01
5.698451074662347349e-01
7.663390616555705304e-01
1.001420842170265058e+00
8.423030035111879199e-01
8.675621993829794043e-01
4.820438078906250784e-02
-1.608800878615228580e+00
-7.286689285552112594e-01
-1.570500819437983808e-01
4.271742496468873551e-02
3.366272481087104751e-01
6.959062468673513635e-01
6.342711204390402147e-01
8.091878749261763870e-01
-2.756864598333282415e-02
-5.482713694972521923e-01
1.797807622600193223e-01
6.529973736057846923e-01
8.026462004268150041e-01
9.671418655285546340e-01
1.149174281780481754e+00
8.996110745239167539e-01
8.896911591894967053e-01
1.324389851542297214e-01
-2.028142963256153397e+00
-8.392422361271721920e-01
-2.271053587207557123e-01
5.696031462361410280e-02
3.832825407505816573e-01
4.893444530625424282e-01
3.745164399330074279e-01
4.589684121859456956e-01
-4.313188238076126058e-01
-1.989742953370376544e+00
-7.772616900557803854e-01
-1.946128230867151532e-01
1.620745895935730430e-01
4.218774940986176336e-01
7.970838985706231172e-01
7.855740246324941500e-01
9.490742517819230617e-01
-9.357142274579771657e-02
-1.686670479483159513e+00
-8.529400835046535567e-01
-2.572176681054950120e-01
-6.502108290727739992e-02
2.240387400399203588e-01
6.241005432566203437e-01
6.623524286329419697e-01
8.169672868018128531e-01
7.632818640993904204e-03
-1.541095743563780651e+00
-5.448073311450755130e-01
1.683193139708482819e-02
3.980174376026389682e-01
5.788962821745053944e-01
2.224338422365310652e-01
4.290781219614633879e-01
1.416838103992851816e-01
-5.604877052785124381e-01
-1.377003030147869067e+00
-3.886261478453892915e-01
1.631591123586580983e-01
5.400265629140403867e-01
7.480016040065197158e-01
4.532398528164854890e-01
5.512950251802078983e-01
4.173336832295508336e-01
-2.244554576730077855e-01
-1.878398642308202859e+00
-6.900879163450741594e-01
-1.375420861412055273e-01
2.067111619445772541e-01
4.585540079036405925e-01
8.847179500758113324e-01
8.804322086613777243e-01
1.074040969122799671e+00
1.838384249398676562e-01
-1.790044873148725735e+00
-6.141969331448010605e-01
-1.577777476855258057e-02
2.520046300390843541e-01
5.731468738445200106e-01
8.342269174621397276e-01
8.320479654460900543e-01
9.590012552539711743e-01
-6.388073680710407154e-02
-1.885355735100106234e+00
-1.075830806135590345e+00
-4.548585869333088838e-01
-2.339429404766620868e-01
5.422530495644338477e-02
4.868326495685477151e-01
6.065651740887029186e-01
7.601767047561507340e-01
-1.851617353174475275e-02
-2.151286630938629596e+00
-8.431390797823155037e-01
-2.746587675331195744e-01
1.284883503134046090e-01
3.312272984110767871e-01
7.904354898534952101e-01
8.128454241272934366e-01
9.873388473986660641e-01
-2.368593139759917615e-02
-1.444690485433455462e+00
-4.473820102480974836e-01
1.044912045474594708e-01
4.835285845872969168e-01
6.798445662513246113e-01
3.221934162832938986e-01
4.353369102352799835e-01
3.514040062582786117e-01
-3.496953517584269200e-01
-1.303686432391949923e+00
-4.177551298101381261e-01
1.041614857136076155e-01
2.254607343943684783e-01
5.212087946550348905e-01
8.161267098549594978e-01
5.756706289178137315e-01
8.123805788508549064e-01
1.872958148742234208e-01
-2.366666376273630412e+00
-1.039611001586420835e+00
-4.272775707961440905e-01
-1.851429264145263570e-02
2.001894130585347986e-01
5.770093395407892567e-01
4.307479300139118727e-01
5.788932425453477970e-01
-4.239574440914211650e-01
-5.179934718567881236e-01
1.839662274374888051e-01
6.195810976696871641e-01
7.590874197063681716e-01
8.561863882286413485e-01
9.574007011453283811e-01
7.829553710805076117e-01
7.465905051818090277e-01
2.550059254038135603e-01
-1.376800185382451414e+00
-3.881186634343611330e-01
1.575211151829403744e-01
5.344673716697287968e-01
7.492494285503924489e-01
4.853107762854373397e-01
6.097040297070001058e-01
4.643296530093106722e-01
-2.930816219696992797e-01
-1.558655237877396793e+00
-5.348821798348284418e-01
2.487822490354307803e-02
3.846515853600475099e-01
6.318723586575846207e-01
4.698717842966531055e-01
5.544826334644114008e-01
4.260162639960590192e-01
-3.684668365863275619e-01
-1.740611093884374627e+00
-6.234672690609865953e-01
-2.593884189177332947e-02
2.465230088457385227e-01
5.636818229449270801e-01
6.392265565218846479e-01
5.710552618758124588e-01
6.394565801957221574e-01
-6.787521363494078419e-02
-1.325279932540404104e+00
-3.295735697357951022e-01
2.128912743941862029e-01
5.877042231310620757e-01
8.124759854866820952e-01
5.621371185077407295e-01
5.832683563799238025e-01
6.268561317057420590e-01
-9.290756323626074564e-02
-1.278169777197949664e+00
-2.828442991293472764e-01
2.555851328418383139e-01
6.309037671584496465e-01
8.576311176032332950e-01
6.249732343330565154e-01
6.864305508940231615e-01
6.527960710751675721e-01
2.072962317321689479e-02
-2.250685705269400039e+00
-1.273689966335014745e+00
-6.166186170291099167e-01
-3.587515045574928285e-01
-4.511907593014696793e-02
3.982828172041840697e-01
5.212508365415470246e-01
7.015703818167434713e-01
-5.536946132579782277e-03
-1.411901391580355991e+00
-4.238855269354981359e-01
1.274995315770020565e-01
5.058557359644970663e-01
7.092975977262296894e-01
4.053040326496595847e-01
5.551336430161928348e-01
4.137206590654839977e-01
-2.502915647186621517e-01
-1.948580649296813627e+00
-7.184877910230595965e-01
-1.493289803165195884e-01
1.832362717222789372e-01
4.489036492656501842e-01
8.300791082940865984e-01
7.965257276510537832e-01
1.019511775192226466e+00
3.580595243320708332e-01
-7.121033455081157149e-01
8.891225549360774749e-03
4.962352599156648059e-01
6.538037683618417306e-01
8.458222985477608091e-01
1.072222007963083978e+00
9.345281060303423093e-01
9.687206502300778066e-01
2.476079846648486238e-01
-1.050059803488954557e+00
-2.895748989319801847e-01
2.373419689813953681e-01
4.032222979941807450e-01
6.361729760658688670e-01
9.144612321854205250e-01
8.082395202924743671e-01
9.215901223503709661e-01
1.655867840192721818e-01
-1.528763070088538178e+00
-6.188562790307654549e-01
-7.640349713465484360e-02
1.724099189417186706e-01
4.270637347503011827e-01
8.703511386146887130e-01
8.918451156336040242e-01
1.055101201043981529e+00
2.754662560044085495e-01
-1.548524098018993600e+00
-6.670228960390197637e-01
-1.062356857621126194e-01
1.738027151453983010e-02
3.452218629268395955e-01
6.404078195036980725e-01
5.692039132745203567e-01
7.895415295229416541e-01
4.694318968625330046e-01
-1.400478410297965715e+00
-3.988267614169246911e-01
1.488864747878836936e-01
5.259714574484828375e-01
7.382108482589342380e-01
4.622835747962658060e-01
5.903213601183739945e-01
5.202468833644595669e-01
-7.724165713775427156e-02
-1.390915042446825733e+00
-3.953636482021074539e-01
1.542308920177162257e-01
5.313416822515493187e-01
7.408511857705873949e-01
4.560304309370104558e-01
5.784400225122550143e-01
5.406156971279501011e-01
3.167038727827757860e-01
-1.327358868014055560e+00
-5.119894461496941052e-01
3.652064726900053349e-02
1.413813920348120923e-01
4.241983656773104516e-01
6.623406465914039032e-01
6.270320180416799616e-01
7.995103239201588607e-01
5.689314171510727602e-01
-1.631426703344470486e+00
-5.712478687879416483e-01
-5.811857998134617627e-03
3.327393071516654977e-01
6.012253179875184372e-01
4.952708365295523940e-01
5.192504200464234110e-01
5.744589400035114979e-01
5.885227182459081691e-02
-1.279019625829743045e+00
-2.857361614402449401e-01
2.566430081232127791e-01
6.294220443161405720e-01
8.566022376876533118e-01
6.379090298292358074e-01
7.219295347445284783e-01
7.590681232103122511e-01
2.029132631620911564e-01
-1.320092176254224370e+00
-3.197864813220632763e-01
2.244118491781931235e-01
6.002898066147520639e-01
8.232406111697962992e-01
6.271028709380146449e-01
7.540975945959050852e-01
8.029992643723574686e-01
6.242461532175349603e-01
-1.590257422439697477e+00
-5.990069195730958196e-01
-6.595665802284940427e-02
2.362405725516469879e-01
4.451704703251022077e-01
9.654993735754755502e-01
1.024904009524749027e+00
1.181167155420870030e+00
4.756009806471458434e-01
-8.676716547993134077e-01
-1.095337084738904343e-01
3.859979629234399634e-01
5.368704206726770956e-01
7.537394011590371479e-01
9.767021325966728229e-01
8.009353722045686741e-01
9.502492215664029018e-01
5.875177516081244722e-01
-2.377590832480340755e+00
-1.039330494314864017e+00
-4.382423256572271497e-01
-2.070151955327816790e-02
1.626595087274387841e-01
6.640751100734256784e-01
9.335611877086811283e-01
9.982802463458404496e-01
7.949178335399946782e-01
-1.771666071291431388e+00
-8.904467335715660070e-01
-3.014402356407248074e-01
-8.799775290506914316e-02
1.996156195690281243e-01
5.705193528963571348e-01
6.220098810021968960e-01
8.429813739825459118e-01
4.852695244850490086e-01
-2.971368563400690999e+00
-2.092156265805429349e+00
-1.687446630256585589e+00
-1.150947386618584423e+00
-9.158692867151967398e-01
-7.501406854912929800e-01
4.735470995652592968e-02
4.297955486236004208e-01
4.198103230043229717e-01
-1.608098870575078942e+00
-6.269815247549089809e-01
-5.293464120319230082e-02
3.336475437383875642e-01
5.028929726509681064e-01
3.427853305666866968e-01
6.790416085218452524e-01
7.956058794622138386e-01
7.451312069980775554e-01
-3.416011301186997473e-01
3.392405545743886752e-01
7.578730378005847923e-01
9.290480543783230516e-01
1.027415620442534205e+00
1.165202087237828588e+00
9.901792737606837091e-01
1.053718243986013325e+00
7.689350439412956373e-01
-2.387330363137017741e+00
-1.129707083593747718e+00
-5.042686775726282766e-01
-9.950388598114250083e-02
4.583271349737080141e-02
6.065400310567048425e-01
6.802598110727047231e-01
9.160951029078878705e-01
3.216801611116741344e-01
-3.533218308465631452e+00
-2.163389378437250876e+00
-1.573028456497640670e+00
-1.138774079997058708e+00
-7.545895883462475640e-01
-5.772476039097579337e-01
1.002324548780965940e-01
4.816593703891715594e-01
4.614151875698183081e-01
-1.546906118906081540e+00
-5.572653538974959853e-01
5.334103464033032246e-03
3.879059841835203470e-01
5.665634024057630835e-01
1.579901875722813931e-01
2.876590189975214429e-01
4.671727026216244139e-01
3.181199255365791956e-01
-2.383376743180189994e+00
-1.511677375745629881e+00
-8.101650604164127856e-01
-5.223665313135857913e-01
-2.071666786463448595e-01
2.693815086468049902e-01
4.726026363960091348e-01
7.030326584786159572e-01
2.769014170682165266e-01
-2.067520342056369920e+00
-1.474196418187081692e+00
-7.417649889856250400e-01
-4.415251248525103311e-01
-1.231585817111826575e-01
4.379630668160169327e-01
9.006639793131655525e-01
9.556170524889185947e-01
8.408313285308745000e-01
-2.056278123667528490e+00
-7.907234892425755168e-01
-2.261964007677175204e-01
1.649296971787990174e-01
3.826193797361337467e-01
8.397427648018677138e-01
9.074941255143469387e-01
1.098171792070470776e+00
4.279643469135461231e-01
-2.004376551433591835e+00
-8.247090480934072820e-01
-2.499305141556654453e-01
1.295196977393802962e-01
2.565251833691373773e-01
8.811497972368109721e-01
1.098120665304621157e+00
1.140814693081704467e+00
8.756572943372490370e-01
-4.746597265761089979e-01
2.221315957920955986e-01
6.680243276669115549e-01
8.347941157906764165e-01
9.569070154335758138e-01
1.116985094769793907e+00
9.376886768226770918e-01
1.033748341093239764e+00
7.523868600155356745e-01
-1.887237897846271828e+00
-9.506472649502768490e-01
-3.760726375721842873e-01
4.811690343916390222e-02
1.354712772252242292e-01
-3.782094537850706484e-01
7.286508929208536378e-02
3.334914187401530894e-01
2.467943803704170935e-01
-1.807324472875801780e+00
-6.471027175410116739e-01
-7.743070771346675929e-02
2.366466899842601390e-01
5.137367488779724933e-01
9.556806121247753971e-01
1.163128915947682973e+00
1.216547188578189775e+00
9.054274336887297991e-01
-7.476784870930224258e-01
7.994722355466801073e-04
4.986553319796152017e-01
6.631855225778676699e-01
8.717062804971511536e-01
1.110579372597192416e+00
9.893418059998040359e-01
1.073102803102190528e+00
5.435276438831290191e-01
-1.073391763444567104e+00
-2.118463043302073745e-01
2.753342886982859672e-01
4.553279203666092401e-01
6.702746291194587869e-01
1.030071632632063583e+00
1.104065560939450075e+00
1.136638401331072634e+00
9.164784262038103702e-01
-1.008285197107257281e+00
-2.344128795856072478e-01
2.810617581080648297e-01
4.575779805603685801e-01
6.893275251399850756e-01
9.655423584112349245e-01
8.744146782612332025e-01
1.012348757837857161e+00
5.099197340093236663e-01
-2.748780067064753307e+00
-2.084564005651379670e+00
-1.631948017265930195e+00
-1.101534188367054634e+00
-1.059810460514212460e+00
-9.845879189811821419e-01
-1.031555282095023146e-01
2.229447714231756750e-01
1.517150732177574846e-01
-1.299592547859132363e+00
-3.068160232333236870e-01
2.351909803075015459e-01
6.072265807833956419e-01
8.434631289736208570e-01
6.388369175751388296e-01
6.235943766248274178e-01
8.147145253273214704e-01
5.147097935560064341e-01
-2.546989069040605180e+00
-1.769723304932719454e+00
-1.292411953098736799e+00
-7.722751192423352729e-01
-7.288577754650334972e-01
-8.796931622273358453e-01
-3.269967505642099037e-02
3.117875382605602153e-01
2.617458170616144830e-01
-1.329154590713854667e+00
-3.389127115673122304e-01
2.028290231164918689e-01
5.806787206641301768e-01
7.967462952939113885e-01
5.445263305360810158e-01
6.490114612135752248e-01
7.107767018993792485e-01
3.311936476333391943e-01
-2.743981327659121394e+00
-1.167736265749352409e+00
-4.045472101301199053e-01
-1.729879887700773167e-01
4.382187773294504707e-02
5.866491143476809667e-01
9.540588820933831871e-01
1.008995058498783237e+00
9.111445863325325911e-01
-2.257871415376998314e+00
-1.029923038460267115e+00
-4.053684298589322332e-01
-7.279233524278987122e-02
2.424642691880612433e-01
3.699467173039300838e-01
3.961643560512221329e-01
5.133965390152867014e-01
2.932546523087552481e-01
-1.357279783807900264e+00
-3.660609675144061437e-01
1.780960388495247682e-01
5.536787028271940025e-01
7.822729109520685231e-01
5.610668837536264553e-01
6.531815904495493763e-01
8.098796922747404370e-01
6.985754792903524635e-01
-2.407767187785110785e+00
-1.139343076230723506e+00
-5.074339862302987836e-01
-1.480782467709611527e-01
1.528934579651336223e-01
3.001146345263113191e-01
3.335319027326656971e-01
4.595406997715423825e-01
2.801313711734601530e-01
-2.505713725965519778e+00
-1.179274531081701216e+00
-5.120047034763789418e-01
-1.296438430990335400e-01
1.111600009693648194e-01
6.277293833652709543e-01
1.016669321921520597e+00
1.035962018422092790e+00
9.168873167130604518e-01
-1.727483763264879180e+00
-5.835689830980101966e-01
-3.850929059588421768e-03
2.580972918220529877e-01
5.769848813179754288e-01
8.752797122816263764e-01
8.489443420394386930e-01
1.121143478214636113e+00
6.178421080540983379e-01
-1.529572858087581810e+00
-5.088640011644068872e-01
5.026331824845053919e-02
4.273075832493746784e-01
6.378658673164369075e-01
6.523566568091659912e-01
1.003428897175070889e+00
1.042325543692283807e+00
9.208134911568779390e-01
-3.283712974767044823e+00
-2.081043176287297403e+00
-1.606168902593914316e+00
-1.206462659934454562e+00
-7.537750647248635527e-01
-7.538122863608989199e-01
-4.595855576337223858e-02
2.861745320750375687e-01
2.566226965318648690e-01
-1.391944230262433635e+00
-3.879914795269184813e-01
1.595878966227829432e-01
5.370693925655252166e-01
7.540423763550260228e-01
7.096588215009138612e-01
1.024960916101110842e+00
1.065907412179996294e+00
9.198427927873015220e-01
-2.146836962234871304e+00
-8.791678820998929389e-01
-3.057458065414041526e-01
9.518054406206973017e-02
2.863489595017345013e-01
8.239696324397184357e-01
1.115267565722344756e+00
1.134836045808987892e+00
9.380363967955984705e-01
-2.259666870773294534e+00
-9.022697211470324108e-01
-3.190780243414272910e-01
8.672927600115379332e-02
2.951231584133142682e-01
7.312195369044742765e-01
7.565887454116955180e-01
9.720855656431006686e-01
4.453354374926915549e-01
-2.115245659423463653e+00
-8.173886721113194920e-01
-2.538897867538453812e-01
1.565908738958836088e-01
3.167248409366231754e-01
8.711658927961009047e-01
9.911831469889663682e-01
1.161576818925052157e+00
5.622938354763288293e-01
-1.619995795438141872e+00
-6.323190739521219461e-01
-6.496039536258732539e-02
3.211247277864460181e-01
4.914639001475222813e-01
1.142040262974559489e-01
3.873819075043849480e-01
4.440275890868620734e-01
2.761911279930158725e-01
-1.356188882221057712e+00
-3.567295493163121223e-01
1.896653704838243970e-01
5.620859293879165719e-01
7.988801538149961079e-01
7.344521798889366293e-01
9.718390894104568245e-01
1.059964419624527698e+00
8.937699034838947343e-01
-1.351066526013961600e+00
-3.627971958827517773e-01
1.843949145945047996e-01
5.608003842438760156e-01
7.756059370900219019e-01
5.086172409689740936e-01
6.209608647478803700e-01
6.941787618291562767e-01
3.695169105920394492e-01
-3.637283601006002343e+00
-2.343157023629524272e+00
-1.568853760912375828e+00
-1.163088221626071395e+00
-8.275379554971825646e-01
-2.594240562792333171e-01
2.213444482204134089e-01
6.471754576152853877e-01
6.990898754787704394e-01
-4.480452491335707998e-01
2.355793400635917689e-01
6.697843419495191908e-01
8.084100947418357830e-01
9.266896060296464510e-01
1.074680553002608452e+00
1.181184094589479594e+00
1.163301202321063377e+00
9.909523553054015998e-01
-1.420288844651801163e+00
-4.226485627298573466e-01
1.295508275297515555e-01
5.072936687546742984e-01
7.107970287066269766e-01
4.031661880184877478e-01
5.311884273313368654e-01
6.275302874791874874e-01
3.791966649949360946e-01
-2.926939839594221660e+00
-2.052462283931837828e+00
-1.650449812588812293e+00
-1.113754082383917599e+00
-8.958753746528852480e-01
-8.292069336756484610e-01
-6.044048953677675674e-04
3.296276599503248361e-01
3.031748204170288119e-01
-2.088305933663709535e+00
-8.018675488720258260e-01
-2.626052530967172283e-01
1.464440052820610849e-01
3.112872859886226529e-01
8.578401406475073543e-01
9.134649381752812936e-01
1.162451674398488288e+00
7.412663387708811058e-01
-1.818102794709775427e+00
-7.758367807095953861e-01
-1.809082903707904810e-01
1.850030323512626140e-01
4.197826658766424246e-01
6.959232631256887514e-01
1.071790519051781798e+00
1.074576722256531447e+00
9.730942762414453995e-01
-1.443627313690543978e+00
-4.242939149167488377e-01
1.415972687569335697e-01
4.537932831093219876e-01
7.381192282496201740e-01
7.809496640546745860e-01
8.076365153750759696e-01
9.573939958363313352e-01
5.114225270837566839e-01
-1.742395538408031630e+00
-9.339345430736647469e-01
-2.730020781399870589e-01
-4.747957905035438825e-02
2.094894735980472322e-01
6.516903432984700872e-01
1.058680648381100653e+00
1.033805250295280809e+00
9.536628505976011416e-01
-1.461978454541285055e+00
-6.184783629845996833e-01
-5.106186386883589112e-02
1.459079921389909995e-01
4.155514119854158417e-01
7.708715880623288053e-01
7.875308099787490246e-01
9.737738380964483520e-01
5.469773171517410271e-01
-9.463837349645197738e-01
-1.856312063059332440e-01
3.322152196310539374e-01
4.988040058732268189e-01
7.195415542535775755e-01
9.787906897420315389e-01
8.907728412302814425e-01
1.021352425575271505e+00
5.976222063548601859e-01
-1.440386339299276841e+00
-4.450801700787588855e-01
1.131899719386866288e-01
4.904952658315484548e-01
6.950905582639419489e-01
7.113798714872691109e-01
1.055563733099909696e+00
1.075576817924366102e+00
9.867026302588465247e-01
-2.714329753498717857e+00
-1.238441311130605405e+00
-4.035970926611113230e-01
-1.902039711687982804e-01
4.182366522829896599e-02
6.856435849415684070e-01
1.058458338361756068e+00
1.050561481202169967e+00
9.658290912081526347e-01
-2.234526886434367032e+00
-9.231124114879427633e-01
-3.551646200027618328e-01
5.259265838202241417e-02
2.370686915086454016e-01
7.056302582861646577e-01
7.350246817931359589e-01
1.061440599746962032e+00
8.426879029661590303e-01
-1.730092942199127348e+00
-5.814405993522383520e-01
1.649234445581216832e-02
2.715111155245976127e-01
5.933804999989145124e-01
9.229634354538122087e-01
1.185550244370463968e+00
1.207077587640530414e+00
9.952006112554317996e-01
-2.506255617375972022e+00
-1.137576163108292793e+00
-5.060576268152068291e-01
-8.259273879489119341e-02
6.220258132585319150e-02
5.697357240414899771e-01
5.674018678770992308e-01
8.266213097670505050e-01
4.806190284556430270e-01
-1.783946007118916155e+00
-8.185765591492552007e-01
-2.038355805163518941e-01
1.853203029703671678e-01
3.293453243256873608e-01
6.461223842398917672e-01
1.031867825730550470e+00
1.074645053286514162e+00
9.961058387232961664e-01
-1.777249233209310830e+00
-6.077609024197638821e-01
-1.126339732870032008e-02
2.438754319622421507e-01
5.664213443878357568e-01
7.875372434065578409e-01
7.377450032147724324e-01
1.039904433667981465e+00
7.180419230493498839e-01
-1.923931386295268720e+00
-7.288314945956719804e-01
-1.442108787458242225e-01
1.754714385987655723e-01
4.577227444272295442e-01
8.887689145118262690e-01
1.169973737223683363e+00
1.195422617729972270e+00
9.984966423578237604e-01
-3.672526909613801127e+00
-2.297532646312189009e+00
-1.513216403067874305e+00
-1.095974590656045189e+00
-7.858283979878813996e-01
-2.719852497823311843e-01
5.167916174834244133e-03
3.720576307085050050e-01
4.070749799729810325e-01
-2.465380904800405837e+00
-1.522786847135682908e+00
-8.168704564633303411e-01
-5.230671780404057003e-01
-1.983777521992155790e-01
2.822713836773242391e-01
5.050216990840902254e-01
7.577761857453108041e-01
4.830109697568911176e-01
-1.009397047221173072e+00
-2.415815504386056856e-01
2.828073987986972071e-01
3.985716941778658096e-01
6.603836751210542255e-01
9.229666274573770091e-01
1.139701044804510399e+00
1.127931471996304724e+00
9.941670317620332487e-01
-1.624794759250816734e+00
-5.168628028515502848e-01
7.211844413921775221e-02
3.238051686081890312e-01
6.427776620527568818e-01
8.395205001843109027e-01
7.912570577150083162e-01
1.095862528075653319e+00
7.770355957318391127e-01
-1.309162681269999462e+00
-3.155864597444245634e-01
2.255572206621020703e-01
5.999023093251371064e-01
8.267640343871808239e-01
6.077280247532519386e-01
6.838786609140627970e-01
8.075699506303669617e-01
5.003782117549055997e-01
-2.009484723927681848e+00
-7.888915822524242838e-01
-1.767458619696617439e-01
1.168655558252236909e-01
4.334682847114870730e-01
7.581581449541776596e-01
1.051040537418645116e+00
1.139070990400202765e+00
9.775220372244517453e-01
-4.385985353519619712e-01
2.526467339167741688e-01
7.007267665674333790e-01
8.205918671221840155e-01
9.552913567915244375e-01
1.097099579193517638e+00
1.201111137682417951e+00
1.165230034063167830e+00
1.006071071165494324e+00
-4.848154395572452091e-01
2.245104368868967304e-01
6.849581100133969036e-01
8.452968071098045932e-01
9.887921678641660161e-01
1.165126364773812373e+00
9.978664986554657279e-01
1.119712806806723249e+00
8.996624864137106048e-01
-3.333479834099413175e+00
-2.090843349698277009e+00
-1.326936932128516711e+00
-9.685337579517876438e-01
-6.221740529769702599e-01
-8.380020150150836733e-02
3.121052964790632656e-01
7.412385547672679653e-01
7.920702265491081917e-01
-3.551579725055883152e+00
-2.257347049603010358e+00
-1.470198549388945786e+00
-1.065883004954341073e+00
-7.394511966309476048e-01
-2.326162983763597203e-01
2.410951221442048098e-02
3.933261260638702961e-01
4.355422055960891381e-01
-1.810137435874861644e+00
-9.451548174641373201e-01
-2.661077345633970359e-01
-2.740046895010862099e-02
2.222624530905286944e-01
6.751919681766757053e-01
1.081573177402286978e+00
1.068071386736624939e+00
9.853226943954537242e-01
-8.442279925521848361e-01
-7.392407256521062175e-02
4.297677631933245479e-01
5.309439851213781925e-01
7.752621563036931063e-01
1.022170243535131862e+00
1.173972687338409537e+00
1.160418732069881109e+00
1.006880921954429242e+00
-6.096988038584451042e-01
8.557027876823568302e-02
5.466746271181768257e-01
6.873728594014152371e-01
8.401005410845212573e-01
1.033975918641899083e+00
1.173225785226605034e+00
1.200308620112406244e+00
1.041061199382030678e+00
-2.703849532244191334e+00
-1.109946251791018357e+00
-3.554300052513212904e-01
-1.110243494125368602e-01
1.286000363603148622e-01
6.627880667129734116e-01
1.039838145457686158e+00
1.108348322899530336e+00
1.016013922691667570e+00
-1.428418710357106880e+00
-4.309148317225200420e-01
1.239102509959544712e-01
4.997329507292733730e-01
7.024743840315488264e-01
3.784019217678987190e-01
4.610191104035637477e-01
7.046831618281562681e-01
5.913735111367330877e-01
-1.077748139227463264e+00
-3.022013599417085472e-01
2.367649742454672468e-01
3.570784424454465089e-01
6.287726573297205412e-01
9.077550311185390575e-01
1.137601111649410246e+00
1.115548533739176396e+00
9.872522824486392734e-01
-2.665447648491435118e+00
-1.558725465663902465e+00
-8.706530393701413795e-01
-4.885336937206299912e-01
-1.703798894597691183e-01
3.592450790492484614e-01
8.506190234469176437e-01
1.048576580076039155e+00
9.700237609177979614e-01
-1.298560670181628574e+00
-3.076951705824620409e-01
2.354796933905038137e-01
6.082064666517956741e-01
8.434685531668740799e-01
8.494653542888110920e-01
1.158626718738546613e+00
1.168793226796217777e+00
1.049651148254737043e+00
-1.018985901972106367e+00
-1.972855848208781016e-01
3.029082535338583071e-01
4.875399373934438674e-01
6.930971238109032706e-01
1.060512472401049955e+00
1.175918606848789461e+00
1.173471143039115150e+00
9.997305781195119367e-01
-1.920339997886471028e+00
-7.389629469356203684e-01
-1.229955605420466752e-01
1.539798439221765347e-01
4.804688483702431734e-01
6.225424452855156110e-01
6.293073867463433446e-01
7.930142719226614956e-01
5.259210848661255433e-01
-2.746688186579398394e+00
-2.047392477541331246e+00
-1.597680126763873609e+00
-1.049367751755103884e+00
-9.610774936989173733e-01
-6.169908907002225051e-01
2.223580812445933308e-01
6.353884861198888512e-01
6.758868466332430547e-01
-1.552241609781292997e+00
-5.513019074782159468e-01
1.311455883958476294e-02
3.946363434162009076e-01
5.706315924177390864e-01
2.051938571238615949e-01
4.519677038042791972e-01
5.594226957764159014e-01
4.442710600050749914e-01
-2.297113788322235450e+00
-1.025415057113076234e+00
-4.210364742660657744e-01
-5.135488543625320312e-02
2.120667007641023061e-01
4.979342976633359674e-01
5.653872027601372086e-01
9.239546531465067103e-01
8.905755829002416357e-01
-3.557091407915028647e+00
-2.273540771332007715e+00
-1.595845067527649874e+00
-1.140781735360867355e+00
-8.502884950732052527e-01
-5.139993447119881598e-01
4.480170500813659279e-02
4.204576230943949389e-01
4.935571115674794451e-01
-1.492129064208637113e+00
-7.689094746844996608e-01
-1.399251808248674067e-01
6.486188974327385115e-02
3.211934578330373768e-01
7.424865092384373977e-01
1.120033153152290240e+00
1.079043072634075173e+00
9.985600125784150904e-01
-2.041751826795567215e+00
-1.088061584995398068e+00
-5.264433161850493592e-01
-7.519162406847126889e-02
2.681508842293243641e-02
-3.666474522571787631e-01
2.023451810734523126e-01
4.466722149449350865e-01
4.477991265603312177e-01
-1.368961270036622269e+00
-5.485602771594970672e-01
3.091696901190081267e-02
2.129738962497514376e-01
4.740560632225919724e-01
8.397688230022026801e-01
1.154571889906306437e+00
1.153546742214217158e+00
1.044859501639773702e+00
-1.283691190731813592e+00
-2.885358575417726890e-01
2.526171260243302852e-01
6.255010094288361300e-01
8.522191830345658969e-01
6.275276669902322135e-01
6.642672629140670137e-01
8.603947429424780857e-01
6.326756177974970363e-01
-1.677915991374514970e+00
-6.907262871466670617e-01
-1.183054247880202942e-01
2.733259859123038926e-01
4.281531277856185369e-01
2.946927068355055870e-02
3.627286213894313494e-01
5.193958732711471127e-01
4.645132656001302318e-01
-1.692782470912554071e+00
-6.674570930853757078e-01
-1.302251585754816143e-01
1.787808584861090011e-01
3.925697824570012484e-01
9.189963174086509534e-01
1.012984032020672220e+00
1.191057736324519833e+00
7.568996952086847196e-01
-2.656084484543122404e+00
-9.562895299740310495e-01
-2.428231030952514580e-01
-3.099146376572519540e-02
1.784726604457450017e-01
7.042023636855077040e-01
1.080958742477316159e+00
1.113094517753289381e+00
1.067905275630121054e+00
-6.706254355933192191e-01
3.494418526568746075e-02
5.138316626617560612e-01
6.425399454298148516e-01
8.071990586336861284e-01
1.012282326907640417e+00
1.193955953217152199e+00
1.170596643484439925e+00
1.038154107367173173e+00
-2.028755115884513849e+00
-8.140806229076109624e-01
-2.130729473015760267e-01
1.083263893084502327e-01
4.078150119691498765e-01
6.844871143233361988e-01
6.765644608097824975e-01
8.887582853243706227e-01
6.034044315988823515e-01
-1.642093759531595643e+00
-6.743820606602705103e-01
-1.388400544681323845e-01
1.221797513494639192e-01
3.688414307608580689e-01
8.308015507916505227e-01
9.204845266053460762e-01
1.186140930986240738e+00
1.023215711818409535e+00
-1.024510246701770599e+00
-2.404560912578337373e-01
2.686821285408305116e-01
4.361892682692426471e-01
6.524756724241863592e-01
9.038679723380218523e-01
8.356034940020614643e-01
1.073219884426552362e+00
9.565970035735824606e-01
-8.179723762294529577e-01
-5.604757215981049506e-02
4.404821181187370538e-01
6.126157138560935911e-01
8.325810961855586445e-01
1.092417649113687661e+00
9.922873127758360390e-01
1.116961547022677914e+00
7.377599804222619850e-01
-1.897892747468616026e+00
-1.050609501334099471e+00
-3.847024765837857019e-01
-6.499073773041515178e-02
1.488526132248211287e-01
7.258803030331886230e-01
1.138411049811267617e+00
1.091783815935862822e+00
1.010844285551372179e+00
-1.654267818439409288e+00
-8.090323887629821131e-01
-2.162888904581349858e-01
-3.423142227680978349e-03
2.771625141860222241e-01
6.746794859610216744e-01
7.661468364958390342e-01
9.716410411600964192e-01
6.622652314952985897e-01
-1.150661732860529973e+00
-3.716165718751805458e-01
1.729746008613468888e-01
3.375939740818944546e-01
5.768839718534030103e-01
9.031657082799305902e-01
1.184248700756844963e+00
1.199053947617892524e+00
1.083523059273809874e+00
-1.366025448412040877e+00
-3.568900448567858263e-01
1.911211958305674974e-01
5.440980184945046760e-01
8.033182298403637178e-01
9.154806339703738249e-01
1.236087976706498726e+00
1.243507908627308201e+00
1.086917044122690301e+00
-1.557500704512184031e+00
-5.586384358589746579e-01
7.168798281300519000e-03
3.884536797210184078e-01
5.649910250928792399e-01
1.798218452903740106e-01
4.240906570770981987e-01
7.447209233867780886e-01
7.422649976394691818e-01
-2.756968637340307726e+00
-2.049029458525375436e+00
-1.601176722415900811e+00
-1.063891640415416173e+00
-1.007582830104436500e+00
-7.950509105568065449e-01
9.276910611686120522e-02
4.500175237792152783e-01
4.883903588652230288e-01
-1.574952448155666040e+00
-5.010746090970529254e-01
6.606436323284363421e-02
3.856002215625119467e-01
6.696391867895992167e-01
6.662594688710606894e-01
7.082668423794287182e-01
8.804358429142611353e-01
6.548638307208158871e-01
-2.622899642465263526e+00
-7.892389761517841773e-01
-9.608545076497260196e-02
1.238030473785550062e-01
3.033770691062628866e-01
8.041035848571810307e-01
1.169804923479015102e+00
1.162865966371432469e+00
1.094219713080239575e+00
-1.596899377103385698e+00
-7.595503630422335561e-01
-1.782642200557527923e-01
3.245652663655790304e-02
2.978613224808823179e-01
6.758190081066870469e-01
7.543130348886794012e-01
9.727233438677369559e-01
7.267449382799920921e-01
-2.084157360051002605e+00
-8.825290873405498004e-01
-2.445990561152381060e-01
5.190606200375581097e-02
3.659427865972099680e-01
7.760176654819510578e-01
1.145835609861033833e+00
1.124117577361462228e+00
1.058209819949110786e+00
-1.410246462493927710e+00
-4.093699198720101018e-01
1.423741708945344409e-01
5.168978212966391927e-01
7.350511098735362792e-01
8.377686740284437938e-01
1.224017682408120367e+00
1.197706112584859595e+00
1.100063476754528535e+00
-8.947589950345921084e-01
-1.331419649477030287e-01
3.762537724706466191e-01
5.487902764318363102e-01
7.721332528189001065e-01
1.037914428230178432e+00
9.525875726940125077e-01
1.099307615417803197e+00
7.792930057163416357e-01
-2.031150614046882019e+00
-7.836544756198721151e-01
-2.181262155047496987e-01
1.737769154986862352e-01
3.168161382282747018e-01
9.181087769288949207e-01
1.064238359130946998e+00
1.229499622876369047e+00
8.120598686890119211e-01
-1.355930631758406557e+00
-3.496065068303275125e-01
1.946522395767471547e-01
5.701324556534451693e-01
7.878298308736444433e-01
5.354513213020524187e-01
6.984404219539923631e-01
9.584947013034758045e-01
9.502697803490584016e-01
-1.824263007663885272e+00
-8.579697689020789886e-01
-2.825764637671086543e-01
1.309355030693174216e-01
2.510779503232233867e-01
-1.669186182740671487e-01
3.033425476752733552e-01
5.264815347551371483e-01
5.372040445752993554e-01
-3.435977412782541762e+00
-2.311296551562020074e+00
-1.498165992196138774e+00
-1.092713445748757062e+00
-7.568681995326185241e-01
-2.283630966936797679e-01
1.289900384649294018e-01
5.270093370274790967e-01
6.249283342390101748e-01
-2.632866580021024028e+00
-1.709659053329049216e+00
-9.739220877758274497e-01
-6.651998420026962178e-01
-3.343313709476316009e-01
1.612224245832964697e-01
3.909666435244803506e-01
7.277617425446503141e-01
6.457854780877464451e-01
-2.463697113826773144e+00
-9.420584581548809844e-01
-1.876983928580122918e-01
2.999688894023315108e-02
2.360563577672540048e-01
7.846926470037479673e-01
1.141163198152381097e+00
1.148224146343971297e+00
1.096084713894258655e+00
-2.070532696975984521e+00
-1.144344980561278868e+00
-5.069837395763985288e-01
-2.483218758147854865e-01
5.463332763188499114e-02
5.083007041014070415e-01
7.082586488029508631e-01
9.520291342633588894e-01
7.891256462842320962e-01
-1.986314005547481942e+00
-9.546855122249704451e-01
-3.124031449832447294e-01
2.348132777026099363e-02
2.110757735253897260e-01
7.975615754307511240e-01
1.175335304008552351e+00
1.130834162108336205e+00
1.036216686132281684e+00
-1.718413942931588556e+00
-8.826446119002048230e-01
-1.979710147207111859e-01
5.191819980962387310e-02
3.027431272350699643e-01
7.625354705711800962e-01
1.164154651482032454e+00
1.157744179867301604e+00
1.075556111105177015e+00
-1.754282050743198429e+00
-7.494927846560375251e-01
-1.264387625020255423e-01
2.402083881046455927e-01
4.111147454314411087e-01
8.225027368978379272e-01
1.206252353917768971e+00
1.204321997395833677e+00
1.116431274983299637e+00
-3.014041869040800847e+00
-2.116724868358942580e+00
-1.722837382175325560e+00
-1.191098531567658325e+00
-9.460712933426236315e-01
-6.804006361013539284e-01
1.734660683410575444e-01
5.493276239747062473e-01
6.185377340615304531e-01
-1.348948714389648806e+00
-3.483734321781142285e-01
1.986677253972942703e-01
5.737371816859353491e-01
7.978406784166706123e-01
8.800855580600595029e-01
1.245515764376969647e+00
1.240422586092581936e+00
1.123839827043620065e+00
-2.462129526498608278e+00
-1.176930547070828892e+00
-5.504906391145343303e-01
-1.830949433890492473e-01
1.043709925688773854e-01
3.085214739490697022e-01
5.527786658085991345e-01
9.382121498412108185e-01
9.676844445965561148e-01
-2.250781236598771606e+00
-9.741653732264194954e-01
-3.667024040218010428e-01
-3.119716248621055843e-03
2.607628814844436538e-01
5.797098884205680314e-01
6.836535115542081709e-01
1.044158199756583194e+00
1.017063210927589889e+00
-2.229435982969324659e+00
-9.084757542553615339e-01
-3.230350560641508939e-01
8.542511554146105246e-02
2.279291554394612673e-01
8.048336685061142637e-01
9.517778185761139875e-01
1.154949072685518940e+00
8.049862002014633866e-01
-3.098686186508532003e+00
-1.911188047598160633e+00
-1.143284147546216989e+00
-7.273958233846932186e-01
-3.773674448745833465e-01
2.050189159091875268e-01
7.392877986980798122e-01
1.086371373195074819e+00
1.127052374761266407e+00
-1.720935034354908799e+00
-5.704982189668098558e-01
2.538366822677872933e-02
2.850880257082699654e-01
6.080980439383635305e-01
8.519999375376744455e-01
8.809514981417422286e-01
1.104558734617670845e+00
7.643823764959623013e-01
-2.619524770119622481e+00
-9.510352697267803190e-01
-1.475118122841513613e-01
6.022445413888593072e-03
2.119196027763687595e-01
8.182951496583320550e-01
1.163562271037219320e+00
1.131113380843563387e+00
1.061258533690781380e+00
-2.618578097467947341e+00
-1.247467892485758068e+00
-6.040975853090317926e-01
-1.996663700990077561e-01
5.215934550823186910e-02
3.219538640803158436e-01
3.951516198123386503e-01
6.607059130589685303e-01
6.800969013521209749e-01
-1.314488710488780354e+00
-3.233471514396590862e-01
2.234270350176682518e-01
5.968432865599009318e-01
8.186697921288346169e-01
5.686116501790315914e-01
6.455152075039977122e-01
8.674185351911235520e-01
7.377861888887617958e-01
-1.840629485282254452e+00
-8.671126775297596234e-01
-2.886301798644957395e-01
1.238420345690354057e-01
2.422444720267067642e-01
-1.764259800503911457e-01
3.238177447882221727e-01
6.939156419799403785e-01
7.310304082950302984e-01
-1.676705791354361486e+00
-5.891383084252518332e-01
4.153222619687499916e-03
2.808150702084477590e-01
5.929789194094099436e-01
6.773149757455975140e-01
7.131181706844641477e-01
1.040035481011627239e+00
9.652516337069031449e-01
-1.742866900709856504e+00
-6.520214174285560160e-01
-1.156992657077838688e-01
2.633448868472678672e-01
4.380793913693179498e-01
1.040331633648339471e+00
1.273947843075014852e+00
1.329218606732778696e+00
1.137558544227259327e+00
-2.624787856381687323e+00
-1.845635816501098203e+00
-1.389678100609275546e+00
-8.530648295896293698e-01
-7.815160934222674660e-01
-6.219724480641266595e-01
2.381698921148838466e-01
6.596741097210733207e-01
7.196642360116565218e-01
-1.570089689084884554e+00
-5.763757878234070375e-01
-1.435952890965811780e-02
3.689129637935346095e-01
5.467789074047738618e-01
2.507629597299896873e-01
6.326240204435038539e-01
9.556594269488836169e-01
1.013906021412361191e+00
-1.413213354188755044e+00
-8.063394110005054349e-01
-1.301088129742136723e-01
6.598879269727585262e-02
3.091318889265741721e-01
7.529664380781884159e-01
1.147593121264761207e+00
1.113819874583459102e+00
1.028294863953804761e+00
-1.835762434980666713e+00
-6.204383895121386994e-01
-3.318319304546562404e-02
2.467876825434577315e-01
5.582723401413439701e-01
8.679563223332914523e-01
9.075432005440515759e-01
1.153539897126315994e+00
8.404729809743967106e-01
-6.601115545320761502e-01
6.738548230791652216e-02
5.624632613557547511e-01
6.622888005768037267e-01
8.660328545520858956e-01
1.068156802058753962e+00
1.231285151735801220e+00
1.198638477840574978e+00
1.064216231975193550e+00
-6.623996282476345421e-01
5.589482988238755196e-02
5.348858503831224187e-01
6.994919755414787943e-01
8.711459536312921026e-01
1.071966154289553774e+00
9.651038355024124105e-01
1.169698180317969127e+00
1.081518082826600669e+00
-1.067227787498093550e+00
-2.827482575113700602e-01
2.226447984264368352e-01
3.903626287699293318e-01
6.235917244798001580e-01
8.887724574977170500e-01
9.123524277378076697e-01
1.193588492371487231e+00
1.166376338814335334e+00
-1.361355225889949061e+00
-3.600883063126376071e-01
1.832342389785259207e-01
5.579776395237976416e-01
7.804339871637723247e-01
5.475858731144234159e-01
6.686906413149261708e-01
8.331021645238224638e-01
7.148011205174407134e-01
-1.385570892957568745e+00
-4.581655151489991695e-01
5.104921187472242355e-02
3.156089615743376542e-01
5.401887402690700446e-01
1.007662482915398394e+00
1.051102439457104909e+00
1.244151937346338999e+00
9.256464884500090751e-01
-1.338114090666743694e+00
-3.413396536106547141e-01
2.037210589170501407e-01
5.666012741481692983e-01
8.153002271127685052e-01
7.069368047693314061e-01
7.744463213076501207e-01
9.608140342459104977e-01
7.772381391144848051e-01
-2.712088916177492592e+00
-2.007865824864235815e+00
-1.559002392364835732e+00
-1.016716100425939961e+00
-9.484732548989168732e-01
-6.982503302527099942e-01
1.840635673335738742e-01
5.655043795616542246e-01
6.505491184455444165e-01
-3.180922133377608763e+00
-1.991118458525472645e+00
-1.504197231271106716e+00
-1.101196405426712266e+00
-6.622454302914964064e-01
-5.409922111990765892e-01
2.369229078305495895e-01
6.377871445697965713e-01
7.487990210592334606e-01
-3.786741595490965007e-01
3.042782704001547045e-01
7.339336095267448012e-01
8.855216619494526986e-01
1.016809993830660952e+00
1.177515522630740108e+00
1.212885092906662132e+00
1.315223408706908348e+00
1.172177354216112466e+00
-1.279281087411586970e+00
-2.883652888219102040e-01
2.508779126332062459e-01
6.252425058129459368e-01
8.587007927173202493e-01
7.587416648827295385e-01
1.028560182264180334e+00
1.203402063948527001e+00
1.122438270866203958e+00
-1.868685597874695015e+00
-6.974672684988268978e-01
-1.019936350358703614e-01
2.022761394437923022e-01
4.957381253605039895e-01
9.481040367284374604e-01
1.265924620609195195e+00
1.249946496802126550e+00
1.107173704538744641e+00
-1.290092701639338424e+00
-2.960845098754765758e-01
2.471056782728401346e-01
6.222176840111967033e-01
8.530341234178410170e-01
9.009975106958885149e-01
1.270420033338596211e+00
1.244728928428474823e+00
1.157127069043680123e+00
-1.925388010343511924e+00
-7.552957252968764967e-01
-1.590914162223716621e-01
1.603331625605718680e-01
4.429230531098309886e-01
9.136412325328647777e-01
1.239526620165656290e+00
1.217899934856486510e+00
1.090530329515321251e+00
-2.204841397946370130e+00
-1.016478605500968246e+00
-4.233489143301317204e-01
-4.498650815820574161e-02
1.243168186710538192e-01
7.059089028749065964e-01
9.209173624964450688e-01
1.227247954275365593e+00
1.136801912590847286e+00
-8.666296673179996191e-01
-1.060219058182945706e-01
4.060640348416985623e-01
5.742956039906638166e-01
7.877880486508759272e-01
1.039617584813276707e+00
9.640495438471846645e-01
1.122226302990481983e+00
9.076814633828845791e-01
-4.905409197137715060e-01
2.163095905634290494e-01
6.769185213068704687e-01
8.447380543759704929e-01
9.902139413084223296e-01
1.176002202351209780e+00
1.047434435408879372e+00
1.207530291868417649e+00
1.092136449580452195e+00
-1.861770476056076928e+00
-6.752889217619350015e-01
-1.230990566489871679e-01
2.451602466956581128e-01
4.625684811160628018e-01
1.032371927239615905e+00
1.311761646562055628e+00
1.290413146355121166e+00
1.119890232171703692e+00
-1.023379507307126790e+00
-2.402540293508176605e-01
2.739423320062437939e-01
4.550903109711573746e-01
6.668526853481024919e-01
9.389223288077739316e-01
8.948834416842602613e-01
1.080036242923108292e+00
9.067358755332227682e-01
-1.318152868001689404e+00
-3.196605995248968379e-01
2.206388387468921908e-01
5.905473150745068622e-01
8.286322664506148294e-01
6.587081540419345016e-01
7.539016168300038956e-01
1.052482119958579432e+00
1.008920577290088660e+00
-2.025564936552075146e+00
-1.124133854247514552e+00
-4.854464270311024676e-01
-2.358369731445753570e-01
5.956895476236034187e-02
4.994685257328670969e-01
7.287311442882614676e-01
1.018190326702861581e+00
9.727324851771125269e-01
-1.699150073463788546e+00
-6.640345582550666315e-01
-7.480057051759608777e-02
2.909549803233768550e-01
5.159238930926008937e-01
8.648179422131510030e-01
1.267242659750743128e+00
1.247771402943373298e+00
1.185184229200076489e+00
-5.697957752952540478e-01
1.315774675464269350e-01
6.063667710762826735e-01
7.332472306354228531e-01
8.944148001029558204e-01
1.089375793222873590e+00
1.267468141876528120e+00
1.230376734522919291e+00
1.102208598970258135e+00
-1.312253810908582397e+00
-3.185622481553164187e-01
2.235277169541874664e-01
5.921801170532026148e-01
8.346074807160419606e-01
6.962039039257366113e-01
8.139037626214175036e-01
1.116748362945134243e+00
1.095500683179297718e+00
-2.342571792956773979e+00
-8.668898538154845568e-01
-9.964358408999672567e-02
6.178915705759827071e-02
2.548139902346654440e-01
8.504783550455551344e-01
1.191338438565870295e+00
1.159361046678676566e+00
1.108004849595741304e+00
-1.903562855044442337e+00
-6.828068095311985441e-01
-1.588373568107447897e-01
2.369893380208558664e-01
4.011209837244512633e-01
9.922778396785713051e-01
1.113442222885342003e+00
1.363505873601812857e+00
1.196743858720243692e+00
-1.694731719094930700e+00
-5.497051471430534075e-01
4.550797065912465938e-02
3.012340899741819400e-01
6.191727528825023974e-01
1.014859992859546090e+00
1.314537841356863135e+00
1.369962824162164416e+00
1.205796084213603070e+00
-1.972296123889051067e+00
-7.681197235544505730e-01
-1.762098557206833449e-01
1.523902307636728903e-01
4.398434828148221620e-01
7.715731123845801509e-01
8.164979482874649142e-01
1.081155802196061444e+00
9.138579118147123204e-01
-1.494418099757343521e+00
-4.698297457946128408e-01
9.175225090205961498e-02
4.627504833400084006e-01
6.945612991254307422e-01
7.961844157711888137e-01
1.184291369916595116e+00
1.292256784608246001e+00
1.182021249823514752e+00
-3.449608960873284946e+00
-2.161193377414628358e+00
-1.433307845248538159e+00
-9.827690740313977935e-01
-7.275463064559839488e-01
-2.431185522549683675e-01
3.029759735994705383e-01
7.421504913013478033e-01
9.021480333393600004e-01
-2.448255210026274220e+00
-1.075531257786386918e+00
-4.620493822142212048e-01
-3.461038239091419888e-02
1.308699257406248651e-01
6.061486686783394973e-01
6.667364529777801696e-01
9.705542327225820110e-01
9.061215135440511270e-01
-3.278376620859613677e+00
-2.106693633364792095e+00
-1.315078556215950822e+00
-8.742755727609330396e-01
-5.058113265065273811e-01
1.233653417039397016e-01
7.120852063523390729e-01
1.122893595974600256e+00
1.211735056973631375e+00
-2.833107579607579307e+00
-2.189364829265493473e+00
-1.708449966019434330e+00
-1.150952149624275389e+00
-9.740695645346751919e-01
-3.558677031729159945e-01
4.587658799940312337e-01
9.045709858625632371e-01
9.895433408571672196e-01
-1.471465605012266309e+00
-4.647776785779964559e-01
9.265121605021763018e-02
4.693474150367729081e-01
6.744865306837805052e-01
3.886182989309152624e-01
5.923989609036636184e-01
8.033090332596867222e-01
8.070990730742236829e-01
-1.250007276866740069e+00
-5.354653187459245123e-01
3.727352204103551864e-02
2.501726746278025160e-01
4.964127929462165412e-01
9.608699596015050082e-01
1.277474167024531759e+00
1.238399854561311964e+00
1.141656052739762339e+00
-3.314473774800392292e+00
-2.040529588724323773e+00
-1.549289925273491519e+00
-1.141134010577659064e+00
-6.921917845476260878e-01
-4.877998874538158613e-01
3.055425225599569528e-01
7.277598124462265616e-01
8.676277095121394112e-01
-1.494153358722654978e+00
-4.936831893656524195e-01
6.751860383810259769e-02
4.465092850341496611e-01
6.392012693482843622e-01
3.250867786165872464e-01
5.631783598069776131e-01
7.776014074043569035e-01
7.983001346686177113e-01
-1.615295536901981910e+00
-5.995888371605094802e-01
-3.884955784347938340e-02
3.384926738306214267e-01
5.552088020380581135e-01
3.056152981663167734e-01
5.524592130313250582e-01
8.360018857945098469e-01
8.798004481444823277e-01
-1.718997512551378781e+00
-8.225333155001199881e-01
-2.341887210246402229e-01
-2.587156116916751632e-03
2.747812899760354588e-01
6.842094822226202355e-01
8.183420033912934821e-01
1.067572800660079979e+00
9.583696117701716588e-01
-1.409434565579679166e+00
-4.055821741559949012e-01
1.499333268828616783e-01
5.234526566693973315e-01
7.503430218663150741e-01
8.632067698943566292e-01
1.250561170103711151e+00
1.321500206979664194e+00
1.207595933456657722e+00
-2.256771388240766285e+00
-1.033048066224589778e+00
-4.068478940948183076e-01
-8.126213059652313830e-02
2.395320090472010111e-01
2.783128315500460470e-01
5.016718604397985004e-01
7.869690067132127931e-01
8.687582139070907372e-01
-1.615062406623896551e+00
-7.471847849293641319e-01
-1.871064366272709723e-01
2.518783969253661145e-02
2.989934846419726178e-01
6.744388418768670901e-01
8.567624400706604915e-01
1.189723229872943433e+00
1.190390221134585813e+00
-1.647184045852186474e+00
-6.501569393708002131e-01
-8.828152694532094558e-02
2.614369145705605635e-01
4.327579110637191917e-01
1.027327411461176343e+00
1.311286890575798170e+00
1.367016652122379883e+00
1.226953041528367150e+00
-5.206492873857639925e-01
1.761970665235810252e-01
6.212414650908721914e-01
7.800014415018700076e-01
9.223990264247667881e-01
1.118611675116513160e+00
1.251111750122134048e+00
1.353395260373176479e+00
1.244112396633226592e+00
-1.263116918684310974e+00
-4.458253362847302004e-01
9.024532553467838614e-02
2.918529990825149412e-01
5.443814831837913149e-01
8.765619657757401928e-01
8.910403592293735242e-01
1.118777988339037632e+00
9.762186099685443708e-01
-1.381401447803443983e+00
-3.942858157704382527e-01
1.532021528840291080e-01
5.295424026241217774e-01
7.380219708346184015e-01
4.623013615849154712e-01
6.328922380338061204e-01
8.611690772427119667e-01
8.483677321795248805e-01
-1.410903747289237176e+00
-5.147660757486327565e-01
1.158758574894554541e-02
2.521619795009528153e-01
5.019756434576908566e-01
9.336302008408589037e-01
9.958520817341675047e-01
1.211747401770573385e+00
1.001994037025673023e+00
-1.368209539232404293e+00
-5.061950029755887259e-01
7.855267384831914057e-02
2.841234430948444967e-01
5.521305434901867537e-01
9.627704781074002405e-01
1.305651747302059684e+00
1.297974792576640723e+00
1.204571744458255544e+00
-1.664726315846601246e+00
-6.884661842043400259e-01
-1.151507053076119558e-01
2.749096380846993148e-01
4.385214217267028869e-01
8.010027307363377924e-02
4.669324085367376753e-01
7.599948253385010455e-01
8.374939739940323591e-01
-1.757487016159919424e+00
-5.984756886009262589e-01
3.538323228550789307e-03
2.689028995315747572e-01
5.908112209931939418e-01
7.647618912198881347e-01
8.059500826099619264e-01
1.055209965421064267e+00
9.291128030942894522e-01
-2.032939046184791376e+00
-9.153611029262513910e-01
-2.687985263407670633e-01
7.594759307192078257e-02
2.776917044651278643e-01
8.657656558861334117e-01
1.251205182554360418e+00
1.200246525533678499e+00
1.120340950746800734e+00
-1.382605076187411353e+00
-5.884001579246723734e-01
6.989618444350944454e-03
2.274286073767737282e-01
4.900893937141085899e-01
9.501679528031951039e-01
1.303043286160610492e+00
1.273341924546036452e+00
1.188064007153123214e+00
-2.298995960806302197e+00
-1.196066740903731995e+00
-5.575613282863353115e-01
-2.445015967210731611e-01
6.571688534670407089e-02
5.645657901543290613e-01
9.570825267963480876e-01
1.266843034132970613e+00
1.245701048949220402e+00
-1.534404997960175043e+00
-5.207946599758181971e-01
3.591901160623887229e-02
4.170240285295373495e-01
6.257698478675315368e-01
3.794067817748581484e-01
6.976923792143799874e-01
1.059930792691534895e+00
1.117965532773753878e+00
-1.494618494728378044e+00
-4.809391413156843265e-01
7.897902748427640396e-02
4.549741033758360476e-01
6.726945765342307038e-01
8.344081931658122731e-01
1.227771496035267917e+00
1.195097619728028970e+00
1.166903509078375256e+00
-1.712499924763577486e+00
-7.439782381696490310e-01
-1.693948833735132720e-01
2.291480364970569228e-01
3.700892863071200689e-01
1.592425141805396127e-01
7.029452305131844714e-01
1.071973582936514902e+00
1.146728177527203352e+00
-1.330691200868431068e+00
-3.354191516754642666e-01
2.114471395446158863e-01
5.855667720517619967e-01
8.084448025653209191e-01
8.469244377769938881e-01
1.216774336844737014e+00
1.320928784907187792e+00
1.205866562598856939e+00
-1.384737609887744192e+00
-8.307858014999224272e-01
-1.851054966019522741e-01
3.804683120246911410e-02
2.978527251248537788e-01
8.262542221458469838e-01
1.250028886000192241e+00
1.196726320237741392e+00
1.131546685789327933e+00
-3.267763523517372981e-01
3.425772470661580527e-01
7.630228731823864852e-01
9.158972935184276354e-01
1.041994189846290109e+00
1.214811679907737085e+00
1.337153608750155431e+00
1.383378060819567601e+00
1.258718582284737320e+00
-1.967041389406294583e+00
-8.734651123646171023e-01
-2.302684883162415819e-01
1.068413253932479351e-01
3.569169364844807513e-01
8.282660048888421667e-01
1.209278028057037657e+00
1.182767182590461319e+00
1.156590185352379674e+00
-1.836406636309305451e+00
-8.679150951956804416e-01
-2.866533837629504644e-01
1.266321634040959709e-01
2.594436710878103014e-01
2.931521889463984953e-01
8.442973990470631351e-01
1.152411665650837636e+00
1.186239116496187185e+00
-1.411819568013004567e+00
-6.099364207564499374e-01
2.191056729279178619e-02
2.263753181971137618e-01
4.418794269437303912e-01
8.500573163210356498e-01
1.212072607840564142e+00
1.172394169163346600e+00
1.091097794712014402e+00
-1.159451492913451620e+00
-3.958521509434025920e-01
1.733445799256876085e-01
3.512238508750896160e-01
5.747515085597764140e-01
9.300679257537134426e-01
1.241081568605257868e+00
1.200118189902646959e+00
1.108876134401050928e+00
-1.683965307064023031e+00
-1.002942878200272281e+00
-3.050219433320569551e-01
-4.218659319319371936e-02
2.329716439637759262e-01
8.119240316768465693e-01
1.243604733657002859e+00
1.313850837104147962e+00
1.222355103999264392e+00
-1.402428105838828154e+00
-3.893629030664034207e-01
1.575255124198122747e-01
5.303964065470214706e-01
7.654353098209780715e-01
6.848855239576155940e-01
9.950896299288323199e-01
1.228142007560279581e+00
1.194541455300031529e+00
-1.683686940249465191e+00
-6.851215136174623188e-01
-6.484555326426334754e-02
2.985212126445114245e-01
4.758250148486815601e-01
8.967570991239371958e-01
1.287666395896636562e+00
1.245998239708577593e+00
1.195755163560958456e+00
-1.510268466029256240e+00
-5.153427314783260993e-01
6.246272705739792236e-02
4.360727408322231935e-01
6.322057822628530666e-01
9.154958736754145177e-01
1.319532350901929219e+00
1.311319430054464608e+00
1.231010479689026438e+00
-1.580782078056392148e+00
-8.646400789940107412e-01
-1.436786362859038269e-01
3.233575378525939403e-02
2.807109076543469195e-01
8.659176439242082246e-01
1.242721045711034034e+00
1.214110780854685157e+00
1.136338326189827219e+00
-1.494808813521136814e+00
-4.748920151206024731e-01
9.079287528943337515e-02
4.590161775151185841e-01
6.914754909917089076e-01
9.347396246563962618e-01
1.320856101875620414e+00
1.314808377207837609e+00
1.225814657968022470e+00
-3.414282055674469074e+00
-2.219271474141447431e+00
-1.455275136191766627e+00
-1.050483274007325996e+00
-7.262205097497719253e-01
-1.634700987934110117e-01
3.060383361590110485e-01
7.496631131018833827e-01
9.208830993009462507e-01
-2.075067845345437867e+00
-9.925485519792132116e-01
-4.083822592505401139e-01
-7.353007816354799331e-02
1.737842383080258901e-01
7.157755289547691468e-01
9.217642372998289257e-01
1.152131511847314993e+00
1.001723044968025889e+00
-1.650037419699512009e+00
-6.356073287165101560e-01
-4.285242407445984114e-02
3.285516616216753172e-01
5.323522123976520692e-01
8.935709496448592803e-01
1.298353462690498228e+00
1.282982072672379958e+00
1.219829617069905225e+00
-7.287083311013333731e-01
3.172476676941306944e-02
5.042233280970758180e-01
6.573854673902432832e-01
8.713540089494354879e-01
1.129362506417021184e+00
1.115239159761722165e+00
1.340953625691193807e+00
1.252789083630046374e+00
-1.643302783594200012e+00
-5.164801901908707693e-01
7.003195205723961037e-02
3.243428657900862544e-01
6.440807850214169683e-01
8.696595680702491338e-01
9.324798032189638430e-01
1.250755759252526467e+00
1.140055673330001795e+00
-2.699842148266851094e+00
-1.397107664679316574e+00
-7.179614386122848968e-01
-2.966341765221511828e-01
-1.392367016210285247e-01
3.700927347890355379e-01
4.657909604872589315e-01
8.351211671888603139e-01
9.262232475774911933e-01
-2.652949187061016012e+00
-1.886170348927857843e+00
-1.392114419403362779e+00
-8.515877208469573301e-01
-6.821224105715311126e-01
-1.480670760412172160e-01
6.020533892648008978e-01
1.025293582832417671e+00
1.113047453964000288e+00
-2.707449893441404409e+00
-1.895906394833266617e+00
-1.457620303285685370e+00
-9.004264363749975297e-01
-7.951614904564573427e-01
-5.477642659591266394e-01
3.019884158119085504e-01
7.113108780020536148e-01
8.432420167079643925e-01
-2.838866728952738061e+00
-2.183768450610491740e+00
-1.717724691465638998e+00
-1.156123718444332704e+00
-9.525723946081036120e-01
-2.967027299637104987e-01
5.081532594025569560e-01
9.527003123756072611e-01
1.041827646847713451e+00
-1.773608085702803150e+00
-6.148366373562930143e-01
-1.533414622765279060e-02
2.467709373772617731e-01
5.727785521890728093e-01
7.557586916092479123e-01
7.986827826189357715e-01
1.057539359565565995e+00
9.487842754109306886e-01
-7.099472285610736177e-01
1.748308857087993093e-02
5.067024316769314085e-01
6.768824562052124794e-01
8.592026597939297350e-01
1.084727589620806176e+00
1.003406421664665649e+00
1.156330288980488064e+00
1.023750498510393792e+00
-2.193322752285941757e+00
-1.235652567406724689e+00
-5.784496307974199558e-01
-3.049619939639953703e-01
7.285341788997996794e-04
4.666174507030493301e-01
7.353661949203379455e-01
1.031796838454327903e+00
1.014121209319210459e+00
-7.370912940060110330e-01
-1.495809165157037032e-02
4.822844432350678057e-01
6.177422265864138673e-01
8.289881983579756586e-01
1.091271663170077399e+00
1.327014552705662265e+00
1.309413689472945563e+00
1.198024398245121747e+00
-3.212600509055874465e+00
-2.147973339985223440e+00
-1.322039013085094306e+00
-8.675011032891949414e-01
-4.827785062815974082e-01
1.697995667382962703e-01
7.816037667458627380e-01
1.173231735467530568e+00
1.247397132637876105e+00
-1.929465995964152913e+00
-7.579255088164313925e-01
-1.506239053482186230e-01
1.368370729114486428e-01
4.569202384326626065e-01
7.087642183769931048e-01
9.371164749951845785e-01
1.242174258597190439e+00
1.211054934344222067e+00
-2.280066607893055597e+00
-9.765421091796924191e-01
-3.296624924159524683e-01
1.892921840953781451e-02
2.784314425340893018e-01
8.311424643767958420e-01
1.205177289209869773e+00
1.165632204369782432e+00
1.109242806989088947e+00
-2.776519119064127850e+00
-2.081047242480869475e+00
-1.635678083509254366e+00
-1.084218080754308033e+00
-9.642098502351358347e-01
-4.506976455342429078e-01
3.971279321102567095e-01
8.461008713678086490e-01
9.405337894144623068e-01
-1.141688021247835971e+00
-3.903240444651645547e-01
1.804999978153410678e-01
3.395788474909504084e-01
5.785556683734077721e-01
9.245788658573010910e-01
1.227347180492262435e+00
1.180270065753519670e+00
1.086795718959574053e+00
-1.181587019934841942e+00
-3.671216463353560444e-01
1.546547932661927749e-01
3.448701054509947794e-01
6.037878131701869266e-01
9.256570416047259497e-01
9.452217750486752168e-01
1.213025215510915578e+00
1.135933538565181422e+00
-2.101210339947087391e+00
-7.923104287739749507e-01
-2.276880471294782382e-01
1.837389885350221297e-01
3.695606650155231487e-01
8.879956279754503967e-01
1.016954599159805905e+00
1.242139702491600994e+00
1.002633826207289580e+00
-3.193417400322567268e+00
-1.890408145771017123e+00
-1.138379062485557869e+00
-6.703587455385845439e-01
-3.654424644725123295e-01
2.250226155174225584e-01
8.295390593766737153e-01
1.192916310592776696e+00
1.215009042746160839e+00
-2.188646977097315816e+00
-1.034503065635808516e+00
-4.230495958181183513e-01
-8.426420579700999447e-02
2.146598387920537199e-01
1.460731002065424056e-01
4.957933562625130297e-01
8.194002831026248046e-01
9.182512904136703735e-01
-1.321793270530169595e+00
-3.327792884632785886e-01
2.089655739089175679e-01
5.824274633323656136e-01
8.126264926141952838e-01
6.185269604210894556e-01
7.351964262394341532e-01
1.027365328756731477e+00
9.992107491012411913e-01
-1.347204015408425937e+00
-3.429718735329598811e-01
2.030147053891855069e-01
5.744496967416590216e-01
8.068474593351261381e-01
6.220098810021968960e-01
7.346998199267378293e-01
9.600595317738229717e-01
9.076457882332287230e-01
-7.788841111629601910e-01
-5.546387813592790900e-02
4.269748418708085302e-01
5.833223400637492784e-01
7.792352748954859409e-01
1.023578334495500286e+00
1.192894830299885189e+00
1.346830799887415608e+00
1.249657971416478386e+00
-2.058622168850525291e+00
-8.205913396835756712e-01
-2.289830562166539352e-01
1.348215855608396463e-01
3.748887732331051548e-01
9.041667119794343233e-01
1.230704371061334790e+00
1.204398203946561052e+00
1.103688143186224657e+00
-1.775414800949928207e+00
-5.825098955867600292e-01
1.196828257474762125e-02
2.724887087108744388e-01
5.978231029044925871e-01
8.437694552452249530e-01
8.915489795219000424e-01
1.147507855822903489e+00
9.674987309524886170e-01
-1.479944858973736732e+00
-4.821959680373483215e-01
3.220043534083090464e-02
3.504747799866327895e-01
4.991379850042061417e-01
1.040501168456987591e+00
1.132362155700652018e+00
1.390566862185314223e+00
1.242623558008761897e+00
-1.605763284512000011e+00
-4.876338071536843177e-01
9.679865694334088833e-02
3.577696256659119722e-01
6.721461551989813543e-01
9.925378198867366164e-01
1.289979002297566568e+00
1.278135515619405638e+00
1.142853406259214388e+00
-1.994951458429587321e+00
-7.785150208079875123e-01
-1.993461895305537190e-01
1.799276103986647835e-01
3.601189972145096840e-01
9.588725445453371021e-01
1.278247830292312592e+00
1.240869450628200754e+00
1.118407767736967706e+00
-5.936459569080602128e-01
1.271451409794195353e-01
5.915022335543339560e-01
7.445926043681330153e-01
9.191804262424748684e-01
1.119260053869261418e+00
1.060373271230122372e+00
1.296520405794910458e+00
1.263435625644368843e+00
-1.769298112711322535e+00
-6.027319526551666584e-01
-3.629776240579506760e-03
2.590914669368774570e-01
5.784461101538488359e-01
9.669102527794642965e-01
1.283856807254888377e+00
1.261690154158167099e+00
1.124097416692621643e+00
-2.202004788369451571e+00
-1.039351672285988792e+00
-4.065380715531209943e-01
-3.480602058653378683e-02
2.443169171763858449e-01
6.866056622153663413e-01
1.121610471600395176e+00
1.297513226397407404e+00
1.204747445115547988e+00
-1.448223621878978573e+00
-4.462529972851425608e-01
1.108508690196833291e-01
4.864351108098737275e-01
6.957147530661659252e-01
8.537143246926902629e-01
1.250981134643575743e+00
1.217994677880918530e+00
1.185451852262911610e+00
-1.360233787256849070e+00
-3.494485050115475055e-01
1.924164454976515504e-01
5.537778252900811271e-01
8.069172029719485773e-01
7.340358744568776794e-01
9.093482849934392265e-01
1.205602527394966872e+00
1.195699608346667997e+00
-7.385904677782023642e-01
-4.630648256566176520e-03
4.959676055472193035e-01
6.205354978462043203e-01
8.305463379950951408e-01
1.073793919390464868e+00
1.293084099874568738e+00
1.259759833641066473e+00
1.143017109546132337e+00
-1.059313996175150541e+00
-2.508157381480259351e-01
2.729798923489783480e-01
4.567040806203433445e-01
7.062553301061329503e-01
1.008552834127288467e+00
9.801679597540304822e-01
1.186741499264507782e+00
1.025261655242414971e+00
-1.740025135625116404e+00
-8.243505506150322626e-01
-2.479334446954578886e-01
1.370836013213234429e-02
2.931231154928158888e-01
7.510448947922004903e-01
9.078475246866073434e-01
1.141119997080435988e+00
9.997002703759491071e-01
-1.718722425564763734e+00
-6.388527564107409074e-01
-6.306739471717308365e-02
2.762975017223527896e-01
4.278689519654304552e-01
1.041954227243250486e+00
1.312906682291862026e+00
1.278423784552594755e+00
1.139484565825980011e+00
-2.232401974106329234e+00
-9.804191044627666995e-01
-3.579728010172663621e-01
-2.324101791898453701e-02
2.831380296039069377e-01
4.814540211420444416e-01
5.813944207292042199e-01
8.692737559461098940e-01
9.192137916277469678e-01
-4.460865798517679726e-01
2.464819485251302511e-01
7.047204356674588999e-01
8.296706192198159968e-01
9.679127281667028182e-01
1.128268915764518043e+00
1.265607560862270997e+00
1.223831620484163274e+00
1.084145074165465905e+00
-2.265533932381375237e+00
-9.787907479881811090e-01
-3.809547660010374481e-01
3.050098506393045597e-02
2.368789012007370132e-01
6.638476617890384235e-01
7.313417438133681392e-01
1.031759430371214759e+00
9.682650491384307001e-01
-2.433934499651595029e+00
-1.277560334020878097e+00
-6.567789813645413810e-01
-2.695303077050447138e-01
-5.711650566536343593e-02
4.915349345532202818e-01
6.554467305981325209e-01
1.000586455756608650e+00
9.669251404476838507e-01
-1.607206703859870522e+00
-5.973113217835973598e-01
-3.882354237210895731e-02
3.421018464207518095e-01
5.514857637526966450e-01
2.850850460667938013e-01
5.567961802888931055e-01
8.071202846810640041e-01
8.681223919658074273e-01
-3.178674789416325197e+00
-2.038423445615252128e+00
-1.242216857169176958e+00
-7.854416484872404070e-01
-4.146996398658659988e-01
2.129896755838438238e-01
8.065546774388065998e-01
1.186301063092505270e+00
1.251058571658075547e+00
-3.145746140473819175e+00
-1.860213602680937495e+00
-1.275712638220819706e+00
-8.551034646457615906e-01
-4.450919190702483652e-01
-8.202605649239320951e-02
6.280042512473483773e-01
1.067156389484867463e+00
1.143544645616632272e+00
-1.998250494613451833e+00
-7.954330721136415594e-01
-1.673892709478365937e-01
1.227217437617209028e-01
4.335658526409259528e-01
8.973282748465283287e-01
1.272426178639630034e+00
1.231163426868275845e+00
1.148977854226740813e+00
-1.375777200580676318e+00
-3.613090597403514348e-01
1.876409604743475290e-01
5.496208956287791381e-01
8.011853926922778424e-01
9.045405981970576770e-01
1.253263697538288479e+00
1.346801601603932141e+00
1.218091123239976703e+00
-1.635140375519947842e+00
-7.539931373125239311e-01
-1.712119857936450773e-01
3.514066010927967276e-02
3.196948148671810985e-01
7.054794850715190302e-01
8.475651986820931238e-01
1.156096832875742608e+00
1.124408904565050049e+00
-9.230173502871101832e-01
-1.367938254052990521e-01
3.539055745765646854e-01
5.290770581988119003e-01
7.655127245376852629e-01
1.044499124419353775e+00
1.001549793785790898e+00
1.250965879741469111e+00
1.174867913207220171e+00
-2.001361384863631354e+00
-7.733024991245152080e-01
-2.068431001952923398e-01
1.518839930254437531e-01
3.994993323963604293e-01
8.259625444570073416e-01
9.620157483547562283e-01
1.290491862294074643e+00
1.215652266440537810e+00
-2.652133743558255929e+00
-8.221815557953947584e-01
-8.805355789870507321e-02
1.111549355823054502e-01
2.786138372024890009e-01
7.906378885701708104e-01
1.146796984085822091e+00
1.120360178503021942e+00
1.145157292963328910e+00
-1.560232788067261955e+00
-5.168972168878844808e-01
4.216614442676207275e-02
3.930942090082052975e-01
6.492445321636468591e-01
5.402776642451703193e-01
7.142766291110850263e-01
1.059821481328116377e+00
1.077278979373724965e+00
-1.388898300990535128e+00
-3.826915487016273043e-01
1.609549201302001575e-01
5.383917623062364211e-01
7.544429428117679359e-01
5.038956394188560672e-01
6.713722357285814013e-01
9.800580266220526582e-01
9.854581359249799943e-01
-2.017224944587543867e+00
-8.284604063975536947e-01
-2.275538445083721273e-01
6.902546811476616140e-02
3.908776496172004511e-01
5.927284099728606925e-01
7.473095426619164039e-01
1.115868839115358835e+00
1.132385184347525442e+00
-1.486219527682208330e+00
-4.861647933412557299e-01
6.948164447463742177e-02
4.450433752861074899e-01
6.631197052026092109e-01
4.198952553082893058e-01
6.187450576509286870e-01
8.523696643273351858e-01
8.782589935099895939e-01
-1.788990176764886364e+00
-7.629629359982095238e-01
-2.086600067791990754e-01
1.112106505350871494e-01
3.228094585852667731e-01
8.585402400434505310e-01
1.070824194788517980e+00
1.346064944921277817e+00
1.246817692935578759e+00
-2.725627978727552136e+00
-1.658777703136087966e+00
-1.141666028032892077e+00
-6.921668162659257995e-01
-4.099468117055182770e-01
-4.066923314912109233e-01
3.504723392046846242e-01
7.553277929792876488e-01
8.913721066759784373e-01
-1.553016182425114078e+00
-7.868972593004870397e-01
-9.030529133274152465e-02
5.304203166172231226e-02
2.867775822495577942e-01
8.718281803264843477e-01
1.219666123358549070e+00
1.186349659149910751e+00
1.115187075772779757e+00
-6.496869890985490503e-01
8.941686935975627637e-02
5.758271449844586387e-01
6.885496674994981969e-01
9.011396990272738661e-01
1.136453729547037161e+00
1.333056381924599521e+00
1.305890019356582776e+00
1.182988658452528874e+00
-2.426676625669724086e+00
-1.390379408727431931e+00
-7.127173018183868836e-01
-3.786019290094969070e-01
-4.889417866486977376e-02
4.667488625698819060e-01
9.159549096724751704e-01
1.248936528840972393e+00
1.257941019765706603e+00
-1.599375819447563130e+00
-6.166034549643699680e-01
-4.750629072038947687e-02
3.390769632075195106e-01
5.045297146037426295e-01
1.580077510141993102e-01
5.488275929459637270e-01
9.289059801217106616e-01
9.938114937010669170e-01
-2.459245400568035311e+00
-1.052279568869606718e+00
-2.431043705801597121e-01
-3.954674056053224251e-02
1.802980325165233766e-01
8.744479910478847318e-01
1.228878010703196244e+00
1.186304874808379095e+00
1.131462210924932599e+00
-1.619368831882340265e+00
-5.025100245835133483e-01
8.734537312541763854e-02
3.473534719486239264e-01
6.617675283289284893e-01
1.007160852685924812e+00
1.319475227033430231e+00
1.302029277333407453e+00
1.154844197537792105e+00
-1.894876523976133598e+00
-9.007842732480958459e-01
-3.265842016628813793e-01
9.098955403035099976e-02
2.340109455634975244e-01
-9.962912980017601949e-02
4.317399372644796784e-01
7.883468466880346748e-01
8.901042656564919220e-01
-1.913790258740983630e+00
-7.367259820235098067e-01
-1.297996401999957916e-01
1.544540078701502617e-01
4.776242174356517545e-01
7.080291454666276518e-01
7.564225490262418417e-01
1.037396272488069870e+00
9.706370414465554930e-01
-3.208204691765696115e+00
-2.107359377688031277e+00
-1.668091810341895798e+00
-1.231467006953399279e+00
-7.994627143411614512e-01
-4.639171997884072307e-01
3.639073948392814173e-01
7.948737997149225576e-01
9.316332593961487163e-01
-3.036843893217741286e+00
-1.697685390816160211e+00
-9.858123491352916989e-01
-5.611576590433297040e-01
-3.638414154765892694e-01
1.182688158499878156e-01
3.656906546717400563e-01
7.777157784415070774e-01
9.338464165604175582e-01
-5.673008423321973526e-01
1.641625045776861636e-01
6.317482074294726857e-01
7.919417149519986099e-01
9.651721302970582839e-01
1.168420581835921679e+00
1.064420851193647710e+00
1.273283098120246759e+00
1.209704637332647659e+00
-1.889978827473599798e+00
-7.082429775535963312e-01
-1.277406580387405732e-01
1.893393110634152277e-01
4.747684649736588769e-01
8.500480128300408333e-01
9.696179602298603539e-01
1.294869712869793021e+00
1.219775845243916246e+00
-2.551465640451434425e+00
-1.524243290522734107e+00
-8.877550912666747340e-01
-4.512324002320092231e-01
-1.433701660193894556e-01
3.763614867577319001e-01
9.431373835515777238e-01
1.225081472333871213e+00
1.201039173714717467e+00
-2.204396787742736397e+00
-5.879328441375443193e-01
-1.301397145592770102e-02
1.694414634817195675e-01
3.459001163268545231e-01
8.419966651969059690e-01
1.208843301294745709e+00
1.192593958301295887e+00
1.182332462412328589e+00
