-1.614554525476042457e+01
-4.743008948053238250e+00
2.094243977248017252e+00
-6.163209197670562745e+00
-3.744800000733250034e+00
2.430439501983332751e-01
-1.543278397716755812e+01
-1.974571411537985455e+01
-2.109573228960143254e+01
1.364607897800986613e+01
9.201884347809931697e+00
1.439992953126342279e+01
-7.199588356273627365e-01
7.324307061799937735e+00
8.997146216985530742e+00
1.136404317141767351e+01
1.713371215688387394e+01
-8.361947560356558284e+00
4.721377333414433330e+00
-2.859615671428558326e+00
7.541834230574577802e+00
-5.057418420101480017e+00
7.350978270099035150e+00
-1.943951743467986715e+00
-2.404903108402895562e+00
-3.358647942988188362e+00
-1.239776125116936356e+01
-1.817482886587307078e+01
-1.644318547134234620e+01
-7.975813891593447558e+00
-1.458167698513641497e+01
-1.284137228410100207e+01
-1.226952208113660348e+01
6.897627504715256208e+00
1.365947069491782351e+01
3.063265194164013039e+01
2.551561860096966505e+00
1.739522500466430310e+00
8.973769005417688405e+00
-5.226688147604076740e+00
1.984130331337859987e+00
-1.395753701336169383e+00
-4.940393370504690407e-01
6.053439583073150665e+00
2.082798117645247160e+01
2.247998927411032799e+00
-4.483156871562391288e+00
6.423922329134002851e+00
-6.001945257952345791e+00
6.302640927008088312e+00
-4.662505868100794260e+00
5.377163029069989553e-02
6.614392474779741404e-02
1.185402362995471748e+01
1.409096621045770625e+01
-7.617124508711084374e+00
5.507202709252829287e+00
-5.408236527199378196e-01
2.425891305999289482e+00
-2.087298372184896333e+00
-9.255562528505760778e-01
-1.451790022780373501e+00
-1.396289343052888876e+00
5.177721763833089685e-01
-1.346034301114109333e+01
1.077854842011389369e+00
-3.772424597691311110e+00
-6.930187869984987259e-01
-5.291727358844640960e+00
-2.127285393960255622e+00
-3.096277991844710087e+00
-1.625945873288258792e+00
-6.550539322931132891e-02
-5.024751990954370306e+00
4.390142200956911545e+00
-5.613163957606205123e+00
2.671186109902528472e+00
-5.409172357000473497e+00
-3.950382058731961576e-01
-4.328000327903858135e-02
-1.309532266006088186e-01
2.637380909806519735e+00
5.518056979580721944e+00
5.084805577618368488e+00
1.475514113247903047e+00
1.056522347804190187e-01
2.152618657071560637e+00
-4.459319356766831888e+00
-2.020748594722129532e+00
-4.163495659936923055e+00
-3.720840301891070290e+00
-3.500140304068095176e+00
-5.074014900463082789e+00
-1.040272853387060614e+01
-6.633712861086991097e+00
-3.583816201090194165e-01
-3.185648775114795495e+00
5.771839338358251137e-01
-2.202587290888438076e-01
3.003202974046253471e-01
-1.941387762651853199e+00
2.127590711400243695e+00
-7.142674432065805767e+00
3.078179847246837575e+00
5.968391508576135346e-02
1.417160665966032296e+00
1.870818409602716059e+00
-5.259312805530669266e+00
5.165591235750759402e+00
-1.997603789271726660e+00
6.290320852049072542e+00
-6.666419119186633324e+00
2.416472236800685014e+00
-1.773184666362204398e+00
-3.038351762359474684e+00
-9.355136086692334985e-01
-3.455133199946732958e+00
1.527687046068187060e+00
4.977122339367258341e+00
4.066261056383216221e+00
1.231636468233029857e+00
-9.004816546565640456e-01
8.157797825167392158e-01
1.499707783207049561e+00
-1.349613747049089874e+00
-5.993971100557275999e-01
8.670540262950018118e+00
1.642922938119300724e+01
1.501223651661927150e+01
2.027230362107995987e+01
1.619553321062708306e+01
1.041005518416000442e+01
2.240430061965118469e+01
6.820854011094136915e+00
2.666900495863816722e+00
-4.672880149054356447e-01
-6.697267190420758132e-01
3.652440354747264362e+00
-5.457564483782860520e+00
4.687902804589832328e+00
-1.177215142174904638e+00
2.684790925647140725e+00
3.202885015379356992e-01
-5.108578303573040102e+00
-4.355155827622750664e+00
-4.473290395066904068e+00
-2.822426328696054032e+00
-5.462328495813191243e-01
6.065885229431067671e+00
-4.890896953493212074e+00
2.334457749608901178e+00
-1.766607920820640887e+00
6.451347208467456129e-01
2.728917038829006270e-01
-3.364701986092052621e+00
4.114062111229894736e-01
-3.817454986650256288e+00
4.081762001634809955e+00
-2.089983167431657574e+00
2.411122775807327923e+00
-1.952626742764708823e+00
1.273920175005805788e+00
-8.282474520629005355e+00
8.806516547565804154e-02
-2.531980346643860624e+00
-8.622828367490710022e+00
-4.628903922243901015e+00
-2.098067190205662236e+00
6.886741388072499248e-01
7.225333643618601975e+00
-2.516955768279120598e+00
-2.043687713315353705e+00
-4.563923368969511785e+00
-2.642067687189548320e+00
-1.592632595141357355e+00
6.396023221951298687e+00
-1.845459307343789490e+00
2.003722524298211738e+00
-1.685857404085231215e+00
2.438395252612548969e+00
-3.993555285783172426e+00
-3.879740214595388981e+00
-4.837152045570258352e+00
-9.900533557737158930e+00
-8.822510804192368994e+00
-3.612416575979701339e+00
-7.322437347297984900e+00
-3.576887576424503834e+00
-1.947058204746548116e+00
-3.167273567831893288e+00
-2.584197345544758218e+00
-5.449615191145254833e+00
-1.752153124574977072e+00
7.668811969238653603e+00
-6.868602692516276420e+00
4.769047348787030849e+00
-7.807710318158331830e+00
-7.363654855420361578e+00
-7.456970557821501977e+00
6.665488516083246218e+00
3.487881474078155630e+00
7.639828512754717416e+00
-5.404875421971082616e+00
4.654758623525226291e+00
-6.427504097988783194e-01
2.013846130845690308e+00
2.190547320230331607e+00
1.221937433737741552e+00
-9.007557537023092920e+00
5.374563784252501364e+00
-4.118368856607308892e+00
3.280498235321302136e+00
-1.446690287582236945e+00
2.349417971993497112e+00
-1.992540803060282695e+00
1.054372033963147937e+00
-3.689665342635491729e+00
-1.253915422420644354e+01
-3.236601877771350555e+00
9.230879612782723065e-01
-9.528517313703991576e+00
-5.376705616183177661e+00
-1.014310868872044047e+01
-7.230806503569511712e+00
-7.802099232698525455e+00
-2.221820323886044557e-01
-5.522681211858759376e+00
2.398044354162717440e+00
-5.005326602267810898e+00
4.435162393015104954e+00
-2.308226700912338281e+00
-2.098053642271747954e+00
-1.091123380353894223e+00
-4.014862984775851018e+00
-1.426261740716647242e-01
-1.937109237074183143e+00
2.707357166749328581e+00
-5.663767856119949151e+00
4.574895853240820820e+00
-2.073060614103636290e+00
3.303414845564621949e+00
5.785752252596169098e-01
-4.405305709531367242e+00
1.043005912879690023e+00
2.810486150376464654e+00
8.204402002330086319e+00
-6.992403960601781820e-01
7.386195323130863022e-01
8.831499123505841098e+00
-3.997297002880614070e+00
-6.618409654293075928e-01
-1.130931518274812575e+01
1.053180660324289519e+01
-3.279128545079767143e+00
6.021572425329790867e+00
-4.625586961668878061e+00
7.185165210443237305e-01
-1.500657210107205763e+00
4.025728934982496732e+00
1.278704083013345283e+01
-1.007427128709347253e+00
5.494361311328035846e+00
1.517068792235942531e+01
-1.409034682677007266e+00
5.872606568780435188e-01
1.564635068179110355e+01
1.687190598075266834e+00
3.358099781126907768e+00
-8.848964167549297599e+00
-4.931990854257213286e+00
2.024942543685849472e+00
5.511120051730459046e+00
1.219812183734866329e+00
-2.018569189686163501e+00
4.216100856976088829e-01
6.970553003677305348e+00
-3.713350088749524325e+00
5.904072421974643881e+00
-5.949414126564708916e+00
3.902103206180277617e+00
1.298150686783133834e+00
5.024521422569462104e+00
-5.991070513460540425e+00
2.799496153973656032e+00
8.488973219167778028e-01
2.022140218199705686e+00
-1.269415000199278554e+00
-1.963075635977400202e+00
-1.191983751612647602e+01
-7.116440699561286110e+00
-4.541933642625338940e+00
-1.228838180785220935e+01
-9.274618423048792692e+00
-1.257101197913542245e+00
7.059275225655588848e+00
7.342329607422715121e-01
6.617258867453759130e+00
-3.534640832713246805e+00
-4.380056668115072105e-01
4.367569487033673981e-01
-7.929277055601116064e-01
2.931214658347619295e+00
-4.609586374618533711e+00
4.253865677930309452e+00
-3.107108865221914762e-01
-1.342617878109487295e+00
4.092342652417776172e+00
1.670051069152609147e+00
1.028264015966362166e+01
1.225356805990830544e+01
1.535115961240468563e+00
1.018064432141326670e+01
1.619769521285729708e+00
-1.034291724873204998e+01
-6.063997302927301547e+00
3.240837023585624976e+00
6.881042155482935740e+00
-6.360256792634630507e+00
1.389637483290240638e+01
1.475449545805111562e+01
6.516753476800872136e+00
-2.080751299442306745e+00
-2.374092476559957809e+00
-5.028095828404703482e+00
-5.295969081667699641e+00
-6.317427259393728622e-01
-2.690240961892198079e+00
-9.567367144480332541e+00
6.364415064980099679e+00
1.228673250089914237e+00
9.290118866431958722e+00
3.500088009476914896e-01
-1.928716086490610548e+00
-5.832746127173148665e+00
8.993169608810990923e+00
-9.119194960332826838e+00
-1.369804486380134634e+01
1.034497249863365553e+01
-3.771819148884310025e+00
-2.329841783948421785e+00
-8.628606989996354670e+00
-1.533665606657811376e+00
5.590953218203040365e+00
-3.457687182624706868e+00
5.543802176564899931e+00
-2.118754700069690244e+00
5.198386659936459431e+00
-1.202891664693206408e+00
-1.417454907406991982e+00
-1.878399295937899449e+00
1.443009848904217018e-01
9.929229343409959441e+00
2.912798278025046983e+00
1.216804100367652453e+01
-3.064016383341887195e+00
1.032863888255713825e+01
1.261717828889703075e+00
-2.382154985186561547e+00
9.923861779617514089e-02
-8.145437457004193860e+00
-1.244007754473167138e+00
-8.201284379433381844e+00
-9.860455816302206022e-01
-8.315962474478022060e+00
1.206040796638721130e-01
-3.368591784137469070e+00
-1.488236683407353267e+00
1.731321318179522839e+00
3.168527995519378138e+00
1.196340556886253514e+00
8.077384365986266523e-01
5.012969739247572498e+00
-6.145989482566503348e+00
1.105101361247333047e+00
-9.316942745363492318e-01
-2.297006301999645839e+00
-1.421396695101128094e+00
-7.405738173978980710e-01
-6.123176563424130414e+00
7.128092800445854360e-01
7.399786351351348657e+00
-2.566479368739018607e+00
7.727959993157937912e-01
4.966535590084092178e+00
-8.977988436392193350e+00
-1.232542557133663230e+01
-1.465867547721621200e+01
-1.056966153218751092e+00
-1.081398036471368052e+01
-2.849885286178853505e+01
-4.530226026242302417e+00
-5.759693165205975518e+00
-2.197357845725888126e+01
-7.535450009988005959e+00
-6.482008840161500807e+00
-8.912164593770288690e+00
3.591847581996115979e-01
6.443019667876294321e+00
3.285263494209896606e+00
6.129518754145110826e+00
-3.815278011207037245e+00
2.528520497513590204e+00
4.896935881655110734e+00
-1.075994449571877620e-01
2.264267948147885789e+00
9.292800842103591918e+00
1.220559072944239176e+01
7.489365250550463315e+00
6.516410043094001736e+00
-2.290129279970658960e+00
1.694564317228784134e+01
-1.034128510955417291e+01
6.350788522104024558e+00
-1.147465291208299298e+01
-5.042112904465307466e+00
-3.037074377430691641e+00
-4.943396073883612019e+00
-1.162118778130213848e+01
3.192575136580307671e+00
-1.922112880468627383e+00
2.270365167011171081e+00
1.838543903572233518e+00
-3.735448501853321002e+00
2.497075166892638531e+00
2.345502412348920984e+00
6.229841821339902053e-01
-4.574210158403568371e+00
1.673865067900275116e+00
1.477293857529134113e+00
9.679531422342615432e-01
1.596370707044169723e+00
-3.839822524731492104e-01
-7.034390230352559337e-02
-1.039873982131793939e+00
-3.030258684567583849e+00
-2.650394942209551186e+00
6.837976597537219980e+00
-3.797509561885613394e+00
5.805020784259196098e+00
1.487378937965442072e+00
-3.052682872912798384e+00
3.903195383583189848e+00
4.448888507990135466e+00
2.661518583997400711e+00
-2.117634857893636369e+00
4.478857880183491069e+00
1.713811375083348798e+00
1.965233201570307564e+00
3.413937408301431109e+00
-1.773126849281441986e-01
-1.687860517110633563e+00
8.988836100775518534e-02
-1.340738819055532494e-01
-3.827791495025165691e+00
1.879109160492906661e+00
-3.744734288301815539e+00
-4.285921647721360750e-01
-3.441149446926617284e+00
-2.829384722454371559e+00
-9.410140692059140832e+00
3.347740566743763413e+00
3.519587495084257611e+00
7.036525740432433729e+00
-9.860362378580473930e+00
4.646840877399823100e+00
3.805275443081364450e+00
1.991294752660326683e-01
5.605491451506891210e+00
-8.568735636463744143e+00
1.141053703342731751e+01
-6.879709786453466869e+00
-1.371057299292751708e+01
1.107325351932722057e+01
-3.486465487319936774e+00
-2.231672091229687460e+00
-1.239807509884895431e+01
-1.127655475979645772e+00
-5.195689435992653316e+00
-3.495459260900273257e+00
-3.535350935070374234e+00
-8.015444238188500492e+00
-9.019503835902515476e+00
1.916835269061669900e+00
1.651095373609227535e+00
3.938724561914638045e+00
5.068788451341000645e+00
-5.831709782423526001e+00
3.478310496306929345e+00
7.354829446250739089e+00
7.100500379536414997e+00
-1.917317068515061340e+00
1.779334296840184404e+00
-7.475334325514483957e+00
-2.648848141761712238e+00
-7.022894812977161116e+00
-3.819697390233298684e+00
-2.207607514126625148e+00
-7.997870843066303692e-01
-1.783162080811738992e+00
1.407220723405763430e+00
-1.897706708656278662e+00
2.646834589415246519e+00
-6.923058870435295553e+00
-6.266162380775962326e+00
-2.996994676557750648e+00
-1.400127125793575722e+01
-4.685517039743258394e+00
9.379765360316404121e-02
-1.063203250141847711e+01
-5.407379839038501501e+00
-4.374600437478696868e+00
7.269425756264298322e+00
1.283801928731230779e+00
-1.006305085881860961e+00
9.224755684419708723e-01
-2.074007841401475927e-01
-2.568298484509567992e+00
5.790765155412420206e+00
-2.163915024981421187e+00
2.050009730801686914e+00
8.791953528500654480e-01
8.210650557236763847e-01
1.318027294282651862e+00
9.309063315485079926e+00
-7.660817501557168008e+00
-5.071523487470380509e+00
1.936360006532830269e+01
-1.464069636160648358e+01
9.707507611652199664e-01
-7.945784507071630642e+00
-4.246144765602753779e+00
1.387602198243327034e-01
5.139202453078721700e-01
1.412522714041264615e+00
-3.405334440284428332e+00
-5.562891187449072739e+00
4.436647429178821156e+00
4.190188735891511307e+00
4.746036534369900473e+00
1.141755883193038779e+00
-3.012390468964647461e+00
5.199383941122397879e+00
-2.142347099068815652e-01
1.923579096239891539e+00
-6.899834553934929282e+00
8.850317573205781940e+00
-1.280381391138027070e+01
2.978723884520549259e+00
-6.638813788358761236e+00
3.605126050028289786e+00
-3.255221817635054471e+00
5.213807483660652942e+00
-1.776934082892644762e+00
6.936578025671718883e+00
-1.113674519262976670e+00
-1.361163145953566689e+00
2.150499916297388125e+00
-3.406747236321513661e+00
-1.395047921632618648e-01
-4.150573019222736804e+00
1.417031053636912397e+00
-8.855983618028712812e+00
-3.409008213268628573e+00
-4.312095085779695580e+00
5.742678732703978994e+00
4.957324279552378421e+00
8.055359894459025227e+00
1.457390019970324024e+00
1.749913012520988298e-01
-2.221444048742679644e+00
-4.131413672785607005e+00
-7.895589824990491223e+00
-7.587732098743955600e-01
-9.802577024666424776e+00
-6.434863220619098101e+00
2.344809310667996805e+00
-2.710199411947214365e+00
7.558771825709474257e+00
4.578087582383623122e+00
3.737446263225562948e+00
-1.033336321836402005e+00
1.655396417938601061e+01
8.388588963774724405e+00
9.994860106644607001e+00
-1.315521879906638991e-01
-1.182741332442990512e+00
-4.349149247248646155e+00
-1.932607430288618389e+01
1.031295858050659042e+00
-5.709416102687081107e+00
-1.170540116880047243e+01
-1.455894936021965869e+01
-5.688219164787597926e+00
-3.453195766452381577e+00
-6.600932060247482802e+00
7.901067269886445921e+00
8.965148419256399492e+00
6.149477699403465891e+00
-1.537070487890704218e+00
1.104778899049975571e+01
1.094597754705677772e+01
1.901601240904651391e+01
3.737705992359503515e+00
-2.719348067960963622e+00
-6.538031234360225374e-01
-3.077578302740291427e+00
-6.714644799234490868e+00
9.315570794000233690e+00
-5.074276124896566209e-01
3.867537297317411138e+00
-4.151641211859502079e+00
-5.576060780873251521e-02
8.044978117320107813e+00
-4.812031419280596189e+00
2.354339796656717887e+00
5.646959386911915679e+00
-6.256747047823562724e+00
-4.071427574332440180e+00
-6.125974251222120470e-01
4.205741133274460530e+00
4.278279690173287242e-01
-4.195468258071437084e+00
-5.448672556923402688e+00
3.159569978172799498e+00
-1.062416409155544628e+01
-1.092006480955795000e+00
-2.740649911619330137e+00
5.622080701299313255e+00
-6.098901297407663957e-01
3.960721766954554468e+00
-1.539083087558823060e+01
-4.036655987650737742e+00
-2.520414695797172477e+00
-2.078688278861732019e+00
-1.268934798972580857e+01
1.897508406379697199e+00
1.201822350277105222e+01
2.878441399194591632e+00
4.765525520874343002e+00
-2.108233079137471044e+00
-1.655347558966926647e+00
-3.739073364876756234e+00
-9.565573419588570658e+00
-1.241446564000052488e+00
-1.195646410684358685e+01
5.273562827964457522e-01
2.313649867661723647e+00
3.503986435980633196e+00
8.406782212460170101e+00
1.370053174711383193e+01
1.787378017778118533e+01
1.863066418890163334e+01
1.660365183117574261e+01
8.766631821558368287e+00
1.691379175100501087e+01
4.807884555678100469e+00
4.373345068060888075e+00
7.485460296671594627e+00
-1.407783336444268896e+00
8.363836121095429732e+00
5.052493826274826461e-01
6.959668899657703633e+00
-8.533642741581937141e-01
-1.927249172903468422e+00
-2.994929401445415085e+00
1.728122234144863767e-01
3.774003524903959850e+00
1.245869349331328202e+00
2.430036215723910153e+00
-5.968743532252372752e+00
1.525874858986572935e+00
1.767753487618061170e+00
-3.878245917680657406e+00
1.508568975559127168e+00
-3.953384236008521402e+00
-2.449972757647410848e+00
-7.581363338981595312e+00
5.171413471769239489e-01
1.446953557756536890e+00
-1.084573124999410965e+01
-2.139927295879629821e+00
-4.776291425879792385e+00
-9.889894084559703202e+00
-5.443669099477492779e+00
4.996196859472004981e+00
9.699982281637969939e-01
3.598835776757192573e+00
-4.364720447565559880e+00
-3.973171020830777334e+00
5.444714030811224958e+00
-2.119030848632758701e+00
-3.483884267088430825e-02
3.037979524032116130e-01
-1.769930363915082960e+00
-3.962612745764925726e-01
-6.068433129754392530e-01
-4.058750151601099532e+00
1.311303013730715339e+00
-3.300933182529271370e+00
-2.292506861765220894e+00
-3.038766634945727851e+00
-1.336572326459791960e+00
-4.431839092327370389e-01
1.445888170080647850e+00
-2.293535890645819753e-01
-2.492002243349176638e+00
5.376049010591887445e+00
-2.272820649714337282e+00
3.761477511611186930e+00
-1.007925930319983343e-01
-3.131720272804394245e+00
-4.225871594767016681e+00
-7.876609051258978589e+00
2.916210423096015081e-01
-1.200968960451208467e+01
4.541382085289124571e-01
-1.687884912318763142e+00
2.262818464836124033e+00
2.460256570574351986e+00
5.381171525502007613e-01
-3.182085187056784004e-01
2.168168148971958864e+00
4.232008218240804753e-01
-3.464395323614554378e+00
3.722175929448719334e+00
-1.622707171360100453e+00
-4.099740231153775616e-01
-6.409312465322730690e-01
3.463310999932417977e-01
-3.820934528780689732e+00
1.023700622649569514e+00
-2.589678365662636761e+00
-2.925095746571149125e+00
2.158354530519142611e-01
-9.047920303667307707e+00
-4.881916412083728396e+00
-1.134413339757277051e+01
-8.178996841735581835e-01
1.417508459193658477e-01
6.196907672143827650e-01
3.806802970281256027e+00
-6.307943902274417702e+00
3.577415629844758804e+00
2.009980328252725990e+00
-1.761704367180704667e+00
3.850828411881184743e-01
-6.688509806300540816e+00
-2.479611666580775253e+00
-4.902548670286659971e-01
-7.347850567550049394e-01
-3.174087239574365782e+00
2.368519773189370792e+00
-2.019796660843366176e+00
5.590359904328344731e-01
-7.651995396098412172e-01
-1.692359787368122426e+00
-3.765115326124554684e+00
-1.866199428810050964e+00
-1.914704445708933278e+01
-5.440363075956247130e+00
5.165693380835307380e+00
-5.174649222800344006e+00
-2.102154467473954735e+00
1.398276672387162023e+01
9.603673683584137422e+00
7.939087439724080042e+00
1.474947969175624207e+00
1.040357402165788336e+01
-2.956756203435149555e+00
9.662631643608531107e+00
1.368227873881600498e+00
-5.010655592142718717e-01
1.496376430466648255e+00
-5.023745934086037757e+00
8.488447861341532175e+00
-5.016810016416811679e-01
8.111784801798005873e+00
-2.106505818892603799e+00
9.142170310105417030e+00
6.915139419554620082e-01
-1.932591058803686535e+00
-1.180761308223581496e+00
-5.259322646654966071e+00
-3.726130388038626506e+00
1.226086674608703220e+01
-2.092904554079338730e+00
-4.162024127535882911e+00
2.311293337701879480e+01
-8.666431537864623280e+00
8.546203494128871370e+00
-3.446545680780160659e+00
9.660132422693680221e-01
1.193647477535815016e+00
-2.164008678937746399e+00
2.772366229008006999e-01
-4.628179524912825471e+00
4.280421023148536008e+00
-1.367573335272338486e+00
5.594345501133421994e-01
4.395194533305952778e-01
3.821181191849259418e-01
2.773738689436314075e+00
-3.920698498803099508e+00
1.558678733775522796e+00
-6.093531327540960163e+00
1.819564445841981737e+00
-1.302507510519473000e+00
-1.357861726286356374e+00
5.664128393129428396e-01
3.010061859736418155e-01
-5.803362542129273383e-01
1.542303579809537029e+00
4.959624040611498308e-01
-1.606298999543994244e+00
4.809525480865207037e+00
-1.697027320433404096e+00
1.655521234096769101e+00
-9.789775578680450785e-01
-1.781007136509006328e+00
6.240495774536968021e+00
1.110978219944444234e+01
1.477735709751546622e+01
4.965493362431129931e+00
7.454352448993657454e+00
1.461337713589386134e+01
6.619525500216363767e+00
7.880134073217596402e+00
7.865542560309896070e-01
6.363929102424323858e+00
1.865918083722954757e+00
1.121432627120716319e+01
-3.268974750425993392e+00
7.437222727577153414e+00
1.282434407099595219e+00
1.321373300517340033e+00
-1.184901665963274286e+00
-2.780652365115288571e+00
6.591843948959662525e-01
-3.184967988730565303e+00
5.951737566431921644e-01
-7.010572213604111980e+00
3.046527245201199552e+00
-6.355312630149515529e-01
2.714169724774985748e-01
1.353076797216393956e+00
-1.924047219569285927e+00
-2.339297416170749599e+00
-6.681561085772096398e-01
-1.618886102201963828e+00
-1.952319050001959821e+00
6.000411741364007234e+00
-3.340909267272119898e+00
3.410381298995512012e+00
-1.928925606074933574e+00
-1.867782872866718735e+00
3.519099107455092135e+00
4.811411173509135608e+00
-1.338084265393794681e+01
-2.004920953524683025e+00
1.296106009126897085e+01
-1.837669521480650303e+01
3.530590848783574653e+00
3.302147799062004285e+00
5.592351699145000410e+00
-7.355880817176575492e-01
-6.633866890614213974e-01
-6.107645461741535442e-01
-1.186931768489014338e+01
7.945614693582475629e-02
-2.298586219054983726e+00
-3.387097400974830030e+00
-2.472309566295160188e+00
2.554022179161627548e+00
4.251912665253613000e+00
3.115834333519865940e+00
3.321526152630925655e+00
-6.406031808256151816e-01
1.959062146641364910e+00
2.466876851592252784e+00
-4.064799526065047353e+00
-1.547355217614554856e+00
-4.087694544622617165e+00
1.192375204989313708e+00
-3.705431404128038064e+00
5.622788244190191520e+00
-9.344791434341976455e+00
6.103427586792310677e+00
-1.285554525181761720e+00
-2.097352745166867205e+00
8.177124467832054544e-02
-1.489488918709331422e+00
-8.572257729705418328e+00
-7.306981156704037694e+00
2.238799387029255961e+00
-3.723390107098902835e+00
-5.709095312396819111e+00
4.245723297442911992e+00
-9.039683599243431900e+00
-2.298548061807204501e+00
-2.218413031533481128e+00
-8.594141841258415293e-02
5.599696535261696750e-01
-7.234345368536240217e-01
-2.942940893403396263e+00
4.813402184121691185e+00
-2.725729448474658145e+00
3.329793775216913776e+00
-8.823246034814574701e-01
-2.465929900324949298e+00
3.094940643752795428e-01
-9.424655698366411372e+00
5.480522978071943108e+00
-3.724552342830151463e+00
1.430956725038783794e+00
-4.405786092824307332e+00
2.665012461836855362e+00
-3.939265298639268997e-01
3.897753948855923856e+00
1.389110009664765055e+00
3.233319659697265536e+00
-1.559435789169345998e+00
-5.316352767627141596e+00
-2.533947524779868732e-01
6.941216325823170052e+00
-1.120066459596164599e+01
2.664918532330518008e+00
8.179332683159221684e-01
5.102550216250473447e+00
3.462653460539867556e+00
4.083788598570230022e+00
-1.283757204061929169e+00
1.303259904812053893e+00
1.347873156216718993e+00
-5.232663908741652214e+00
-4.389558217942882146e-01
-6.688378287516695275e-01
9.751624846284193682e-01
1.082699606382364177e+00
1.288074562927202571e+00
-3.185809769727292462e+00
-1.346767691146229851e+00
1.824486355935590609e+00
-3.664061688781882431e+00
-4.437599281304479559e-01
-5.645403111416215092e-01
-1.216126094234926347e+00
3.974461770420091578e-02
-2.094041971396498336e-01
-3.259563050836296938e+00
2.526299460058202051e+00
-3.516401880954179049e+00
4.993003465481604120e-01
-1.623305911025043402e+00
-4.846191411677706617e-01
1.210890331263101860e+00
2.633966039685716964e+00
5.671839183040912502e+00
5.625854989880538781e+00
5.287223456456339399e+00
1.307249734010397235e+00
3.905326079616322499e+00
-4.334722743178070381e+00
5.374509753863886630e+00
1.366663762376852276e+01
1.738858474856034064e+01
4.334085620742851752e+00
1.990579500508614075e+01
2.518504257806891644e+01
-3.313784192666460626e+00
6.124370004614584140e+00
7.016298124098569566e+00
1.237866097876410088e+01
-4.334713469993526580e+00
-5.929940494813493501e+00
2.997936647419838785e-01
-9.674147873081452076e+00
-3.639786110518278939e+00
-5.211283385311144656e+00
3.516814077326119392e+00
2.511216575285357688e+00
7.680619075273508400e+00
2.160661438685057778e+00
3.377522084298629323e+00
4.235190034238512702e+00
1.510388494218042332e+00
5.789470264580526049e+00
1.109454482527110208e+00
-2.142451583874519283e+00
-2.737393635468292175e+00
-2.226126238583369332e+00
7.392941168660247087e+00
-2.981916518853018783e+00
9.695491316937520310e+00
-5.488822391157290870e-01
6.720753161597698089e+00
1.093466558761797547e+00
3.225376448879303304e+00
-7.971369910376387979e-01
2.737471537163983504e-01
-4.828685761565634671e+00
5.234666264365504418e+00
5.301957629440450681e+00
8.827505096255841011e+00
-6.991988425019686204e+00
4.002080821073715100e+00
-8.666559578825790977e-01
-1.493864855728838092e+00
3.417823754205783882e+00
9.065810006880323235e-02
1.802859777066062819e+00
1.039875847852651525e+00
-2.336974339812511126e+00
4.318566935482171409e+00
-2.709643854602555191e+00
-2.215945586668466749e+00
2.881333359323055010e+00
3.333028129213539525e+00
-6.099912086547528034e+00
-6.690425460151590897e+00
-2.691257584464815000e+00
-6.649800803545814709e+00
-7.132839511377992103e+00
-8.653707773094155842e-01
3.223934768888565561e+00
-2.238315198148807639e+00
8.520124654967425215e+00
3.078328761671019192e-03
1.250570864158484508e+00
-1.823491906758827608e-01
-3.936548672004427818e+00
3.971499695636190985e+00
-1.883504522771722645e+00
1.355337633975126410e+00
3.942773977503926552e+00
2.854398569439584588e+00
4.455950183042703294e+00
-1.433763613189480868e+00
7.323800927405271111e+00
-4.375961833063392703e+00
3.357718738413801862e+00
3.602864452712720156e-01
-7.621106476469559077e-01
1.414356216005837164e+00
-2.429751090669047375e+00
-7.426346819929660725e+00
-6.196133972680605950e+00
1.473366524403856070e+00
-5.619417222934703027e+00
-3.808754545659844282e-01
-3.694511433160433178e+00
5.497782263643099521e-01
-5.521798818227989791e+00
4.036729209890552283e+00
1.890976616683985201e+00
-2.708668151464401319e+00
4.652940863608578503e+00
-2.928346942558606614e+00
4.842536194326502397e+00
-2.734677957303480178e-01
1.566460062167911893e+00
1.710159855696267384e+00
2.688405380015931323e-01
-3.687573482923310664e+00
-2.892114418649628149e+00
-3.640294041079354059e+00
-1.227467517084410353e+01
-6.130705189398398813e-01
-6.009570501009278587e+00
-4.302999627410012629e+00
-1.771186774135299569e+00
7.961376493683329336e+00
-1.008866183403182015e+00
-3.452099065556112123e+00
1.636950306207941574e-01
-6.933675971936748894e+00
7.880850789085297459e-01
1.879795998620116537e-01
1.183621014592481258e+00
1.880953933928024568e+00
2.826534822910604094e-01
-2.954948998714882702e+00
-9.261381301167508795e+00
4.956735662256748220e+00
-2.443782489218823351e+00
4.078606040520851295e+00
-2.702444700273901823e+00
5.123312386366150190e-02
-6.457298263049407794e+00
2.652054989556371645e+00
2.037063932143128309e+00
2.375200995200540621e+00
2.912460436934535490e+00
-1.349797346969000778e+00
1.481644439993149431e+00
2.736732169400038384e+00
-3.973893313490069357e+00
-1.045012960626587439e+00
-9.751576621630037023e-01
8.603741037672455461e-01
1.078930177825142556e+00
-5.659274126796768334e-01
-4.585193827844817882e+00
2.647701778237478099e+00
-1.733311800795175772e+00
9.625947997561625780e-01
1.251755973038355618e+00
4.672052873805559448e-01
2.491246955230203675e+00
3.798596727161998921e+00
5.789965625529339022e+00
-3.088473542962984375e+00
3.954589030373761194e+00
2.973817673823008434e+00
-7.571046646769243438e+00
1.402009217297118138e+00
-1.005697025740810435e+00
1.332659341411368326e+00
-2.654889101963575193e+00
1.116670444408131901e+00
-7.025990496173505129e+00
3.168969264292659460e+00
-7.284187764426311995e-01
1.761946266469259559e+00
1.429760927843763962e+00
1.716501851338082529e+00
8.315586319427421103e+00
-1.182368027316581838e+01
4.296580590705258551e+00
-4.096569346317168403e+00
2.729644602286894539e+00
-3.453062043860964714e+00
-3.315294101847659491e-01
-4.649537793719868972e+00
1.700496914180310348e+00
-3.314342152839543365e-01
1.009198839797815994e+00
1.071410095271894791e+00
-5.284890282041146969e-01
1.211074589262426254e-01
2.169146220443268547e+00
-3.554967290018607451e-01
1.839034996456019977e+00
7.388500634954012769e-01
3.071368833333469883e+00
3.466811054061341046e+00
1.843689096916011572e+00
-3.588598331853381840e+00
2.545869738592946074e+00
1.921008770940332067e+00
-4.158409706239821202e-01
5.514745917608848025e+00
3.561440579518100780e+00
-1.459247197914052663e+01
-1.200479298391024230e+01
-7.308755502435081652e+00
-1.450522844708305570e+01
-1.021118400966561346e+01
-2.461973683763693632e+00
6.051648072719435056e+00
8.055672031760708895e-01
1.005853456692835124e+01
-3.329590420664285677e+00
1.265543872307237416e+00
2.915837981390875105e-02
-5.295489744269913146e+00
-1.623764123884103627e+00
-8.054352317718654897e-01
-5.889285864247766789e+00
-2.072896515671026840e+00
1.628090156431288404e+00
4.543838969579415910e+00
-3.224856045243926328e+00
6.733227528850603605e+00
-6.528448964553400735e+00
7.134766608133806365e+00
-3.034605992659203277e+00
-2.124876737705500673e+00
-2.583594083886703086e+00
4.503660414223211284e+00
-2.038293310283306958e+00
-8.806751419696854377e-01
6.640799458416509760e-01
-1.854629943680554005e+00
3.199276076387686629e+00
-1.263997664379940433e+00
1.295022633154469638e+00
-5.854649480063617295e-02
-4.589623112457520415e-01
1.943584617249321633e+00
3.215002300598304608e+00
3.854679772427086704e+00
4.609042355107812128e+00
9.906032255616224802e+00
-6.884002349392324138e-01
-1.620934431380918861e+00
-1.711291661631167527e+00
4.122461372956302661e+00
7.584091996673972824e-01
-2.365472740296125753e+00
-2.420957735942277811e+00
-4.641046050328267114e+00
5.411658837478474204e+00
-2.606910893788968231e+00
2.196938637432634067e+00
8.835237517751035607e-01
9.062336626902872894e+00
-6.971045741603563162e-01
9.156974336359905431e-01
-4.176987041179842652e-01
-3.401864470884730984e+00
4.405425764517470810e+00
-1.500897177900809565e+00
7.598052243570732056e-01
4.235423055167886197e+00
5.423877772846342538e+00
-4.304675389629918913e-01
2.113548604725415725e+00
4.747058786096700067e-01
-2.256550999454654427e+00
5.607047168600546527e+00
-3.885033712998176902e+00
4.538068923411495703e-01
-1.330320668499843872e+00
1.214246895898512646e+00
-2.948908728268233137e+00
-4.702742514000203933e+00
7.381421040021008961e-01
-8.641155030787180280e+00
-3.022469041901065356e+00
-5.196607376301560777e+00
1.904644857450771944e+00
2.527086088422066279e+00
6.248005716625780970e+00
9.838140792167952009e-01
1.807858212436487255e+00
3.182412872672108595e+00
-2.218693925118764843e-01
4.212174043739992157e+00
2.499600001111888847e+00
8.235207984989461050e-01
1.378458821526513889e+00
4.775731897519588376e-01
3.073570968191861930e+00
3.272714210856569328e-01
3.453758957385500761e+00
-5.882922652945891784e+00
2.722006114241483310e+00
1.058484293055391268e+00
-1.126627067965682016e+01
-2.676242661522416189e+00
3.231510025202024572e+00
8.085472689801694202e+00
1.327527806424724011e+00
8.372121070467226644e+00
-2.642623792680062422e+00
5.825783084314305249e+00
2.561356377379633731e+00
-1.116981516681494924e+00
1.792897039192201669e+00
-2.070296194140067936e+00
3.698181576940132942e+00
-8.407960247920605923e+00
6.086906263994491972e+00
-2.371209186318752327e+00
4.573559585678395933e+00
7.043466597928876860e-01
3.533262496249626405e+00
3.053808604407957983e+00
-3.163963879928984868e-01
-1.611257888662521864e+01
-7.850122988220201492e+00
-2.986269166049481782e+00
-5.417946059203382347e+00
-7.046573497153793220e+00
-2.215975221354908431e+00
4.282205758049522082e+00
1.513488784254039876e+00
7.445824293485915568e+00
-3.464356823366512295e+00
-4.235448032338220870e+00
3.000691173063130268e+00
-8.351067571940161471e+00
-5.792795249845089645e-01
-3.040493254208218588e+00
-1.481126145794016136e+00
-6.729545340859107050e+00
2.075208584303656512e+00
-1.175588476521066683e+00
-1.886585335967428667e-01
9.630504258724346123e-01
-2.122374300220316368e+00
2.915288443235707572e+00
8.355873594438935348e-02
1.018831666830365190e+00
2.172991567291501003e+00
1.137739278958101119e+00
-1.122041922625609117e-01
1.307301510607466744e-01
-5.811407858821862060e-01
-4.044284468907616947e+00
2.163028643564978371e+00
-3.182908268347419689e+00
-2.688509493106903125e+00
-3.734572696188940277e+00
1.192385148751890611e+00
6.801136367999526255e-01
-1.706855087057595144e+00
8.131895507372858489e+00
-4.405373668932055509e+00
3.978378087574318211e+00
-3.174932702469451584e+00
-6.645900243076551028e+00
-8.367117709267942516e+00
1.372999362253925382e+00
-3.657685908575254441e-01
-4.242672340154683419e-01
-3.870727662007992786e-01
2.868263539750143809e-01
6.843011709539970511e+00
-1.887451628459074771e+00
-8.459837397853079421e-01
9.573566574688978648e-01
7.472809019321681845e+00
3.067350997877562158e+00
4.037572257481304661e+00
2.744401952904662600e+00
-1.075987252999102584e+00
4.946516159868011187e+00
-1.254620757917736418e+00
1.539153760304118101e+00
1.588999888621202672e+00
8.202185516106057506e-01
-3.255635837415806200e-01
1.215636447415047394e+00
2.256317569062525896e-01
-3.085224024756866967e+00
3.217199962371173783e+00
-4.575352574448099396e+00
-3.160900777650944349e+00
-5.740034803331391267e+00
1.050666501927126351e-01
-1.116760789533742404e+01
-8.673028763641748018e-01
1.161460662992650050e+00
2.334409565735668490e+00
-8.334774021233824826e+00
2.298054631745625187e+00
2.407654180617494255e+00
-5.093648702027012698e-01
1.401455099721810038e+00
3.552571934386322461e+00
-2.825609556786947696e+00
5.274891717038133088e+00
-5.453640905085174184e-01
5.548141405822602401e+00
1.010955586418128993e+00
2.807593997904064942e+00
3.206868543946118866e+00
-4.635935588360095672e+00
2.086491493930839880e+00
7.884426590736305585e+00
3.781602487043251415e+00
3.874531950835186311e+00
4.260719293169958455e+00
2.573968083318170841e+00
-9.015654763130823923e+00
-5.657496726013686583e+00
1.153097179254948479e+01
-2.901778869104627123e+00
-4.790647673547264063e+00
6.246247051565104513e+00
-6.238671231698575959e-01
4.963736111483242119e+00
-7.154056964930446405e-01
-1.982749491444347090e+00
-9.592354503954654277e+00
-1.175239926053394335e+01
6.314773381871679803e+00
-6.938178670691227623e+00
-2.109555969642826767e+01
1.387315202551587801e+00
-1.201906430387706770e+01
-9.554662002612307248e+00
1.483411701209883526e+00
2.579733647877804348e+00
4.895274821672969678e-01
-5.672592706165304755e-01
-5.998770144614098410e-01
2.364946245310536987e+00
1.514261414282531248e+00
5.706460004690101506e-01
-1.529909281707945468e+01
-1.767119466000524852e+01
-5.333915087741511130e+00
-2.644084172083150386e-01
3.323238407254803128e+00
-4.379980220018559578e+00
3.255377853475742267e+00
-1.900325434139513048e+00
6.266850300342176716e+00
-1.193259169823452481e+00
-1.684085759246743752e+00
-7.152634319995769818e-01
1.384883876146135506e+00
7.214406543958150619e-01
6.882958338952744448e+00
8.759060548970175830e+00
1.045754156575344318e+01
-4.850246265519841948e+00
5.305543284726796927e+00
-6.084072891714675357e+00
-2.204137284443318467e+00
-3.386566466319306468e+00
-4.828547716679354451e+00
7.969589545250377327e+00
-9.357130481410459666e+00
-1.226190798484349820e+01
1.178759044706540848e+01
-1.665250686468561980e+01
6.664138637270628607e+00
3.110841148831906988e+00
1.013843601289067919e+00
-4.233168696827324773e+00
-3.294618810914227147e+00
-1.953655682566225904e+00
-2.242668966402885822e+00
4.793710248554760689e+00
-2.361062386541783908e+00
-1.708504124472525865e+00
-2.561595305445221182e+00
-4.995606963753699503e+00
1.962091634234225523e+01
-4.768966623890388057e+00
5.250911551506008301e+00
-3.776890342678524082e+00
2.958255860239886292e+00
2.834824002317428704e-01
-1.790190220588439907e+00
-1.915868124135959416e+00
-5.139405641000422520e+00
-3.645992622290977980e+00
-1.436761217285508074e+01
-9.572113802422657969e+00
-1.082494174277393917e+01
-1.030920918546599552e+01
4.662682695143958611e+00
1.619409848811109143e+01
1.439675413428706641e+01
1.460613124936906182e+01
2.730362006063822733e+00
1.244027781527425436e+00
7.138137656641495576e-01
-2.682777251705358523e+00
-6.155197486765986437e-01
4.961106130895084343e-01
-2.463167032279056645e+00
-2.199335003053183302e-01
7.708009197614380525e-01
-2.281407401907566079e+00
6.502933665215560488e+00
4.127679688108542244e+00
8.898085635712517316e+00
-5.544739065121808252e+00
2.157759044701567763e+00
-2.842152661022640636e+00
-6.985874380016193541e+00
3.402978726270839971e-01
3.359302811891287543e+00
-4.964342643897545315e+00
2.675558934806454570e+00
-2.829554616785716181e+00
5.446140634945036751e+00
-1.760164582013181711e+00
-1.763717042379330913e+00
-5.957095983353031254e-01
-3.250342186964273461e-01
-4.462465973102475170e-02
2.081784788498759475e+00
7.965574133384712319e+00
8.163423152797479432e+00
4.012438758879002698e+00
-1.726243559347128809e+00
-1.390663984274119080e+00
1.891004036003619770e+00
4.186521295335567494e+00
3.593169271883105420e+00
2.304900378877426714e+00
6.337802168288823701e+00
-3.833837976831077743e+00
4.431074826076766726e+00
3.708678433601892421e-01
-3.602373592645335076e+00
-3.519660583186599023e-01
4.951161818000536563e+00
6.776828534231619905e+00
-2.109433223700097226e+00
4.692896331238327612e+00
-3.487286772686591707e+00
3.603325697845740194e+00
2.311262676668606186e+00
-5.087622467907733093e-01
3.915101019300623597e-01
-2.140301850687530649e+00
-6.170601531383564264e+00
-3.372817127916608371e+00
-1.251270959911163994e+00
-3.096452899901466438e+00
-8.245511893669435821e+00
1.425383814919281011e+00
1.693198277628855108e-01
-8.014229614052983397e-01
-2.361026313660002707e+00
2.762511936494856268e+00
-7.508281402461641996e+00
1.852370016057626412e+00
-5.479413883105229921e+00
6.876453398922001137e-01
-2.865172497116618366e+00
9.958168331251210370e-01
2.288408828675877249e+00
-4.597846580647434456e-01
-5.480368617324432812e+00
-1.197460364086625439e+01
-2.405202633666543743e+00
-2.675603620270321059e+00
-1.876953957463208766e+01
2.795278330134427502e+00
4.663839680724475301e+00
1.938861166080161169e+01
1.272445814643346296e+01
-4.794459662651887055e-01
7.523132601131554686e-01
-4.546448028954780951e-01
-2.347157060676969387e+00
6.407541550637735561e+00
-7.200130588173354607e-01
3.835210386151532980e-01
-2.146524867810633078e-02
-3.502856324086637940e+00
1.150511012157883250e+01
1.094482600565003239e+01
2.007027971653335285e+01
2.211679218901176824e+01
5.604384105141587469e+00
1.040988567797887221e+01
9.993688888708970097e+00
1.154579366944478913e+01
1.058168626495423936e+01
-2.509254966566862421e+00
-5.766223965441384935e-01
-3.288608092219405532e-01
-4.586008663251089246e+00
2.685612591711403208e-01
-2.799794857230041956e+00
-1.645428011838083071e+00
5.743844304393826983e-01
-1.028083467660891870e+00
1.089556002686011382e+00
-6.974428790654576993e+00
5.191224784559230976e+00
-1.604856837937678415e+00
-2.848389393490498467e+00
2.816578931120682583e+01
8.072474456975127666e+00
8.683147820000149508e+00
6.030957842605865871e+00
-4.945624844300831491e+00
-2.004832847236603488e+00
-3.738090979931512070e+00
-1.138448757103586750e+01
1.623201627317097273e+00
-4.817217710806366071e+00
-3.363315460947152502e+00
-7.805623631600495216e+00
-2.907179896327428265e-02
-2.732559055902862521e+00
-1.151348302732542628e+00
-1.071447913853044609e+00
-1.968730407037550423e+00
6.034433375481002670e+00
-5.008355536242351747e+00
-9.047380926749980290e+00
-9.623853876354255377e+00
-1.143767421084940672e+01
-1.482360726480361490e-01
4.286585772873096722e+00
2.068542457940231394e+00
-5.009923934464479700e+00
7.838512570062937002e+00
9.308018470282840295e-02
-2.067535097198762273e+00
-7.379779497139924871e+00
8.565834665492013666e-01
2.914036319369249117e+00
6.331997392887213749e+00
2.068781120470928325e+00
-2.246235111030181919e+00
3.815017308094845738e+00
-6.145478791494292992e+00
-2.489322203598949290e+00
-1.268925561677755498e+00
1.479379894777097082e+00
1.644934042527093299e+00
-2.595445045714052767e+00
1.904838862826090828e+00
-7.256942935372752146e+00
1.899277066937948844e+00
-2.719889209713220388e-02
1.390985402627042733e+00
2.157281349286455985e+00
2.208864375720753337e+00
-2.296679852828753809e-01
2.029783599332281696e+00
4.207477739792585325e+00
3.842148439696406292e+00
4.928901586113719979e+00
-1.152551417498424602e+00
-2.605693731265670277e+00
3.575305801263065852e+00
4.217875411230903815e+00
3.657869234614169685e+00
1.129363209545053692e+01
-5.913103392691851923e+00
-5.248692427233175861e-01
1.379998168870806019e+01
-6.719464214464338170e+00
8.601218465378916989e+00
1.716985488643702240e+01
7.031686911505719451e+00
-1.434464522324709890e+00
-1.943800221017810415e-01
4.726380815144982234e-02
-3.091491234657083975e+00
1.782617314423209642e-01
-1.987469357598402597e+00
-2.222741279727940444e+00
2.218373543882974364e+00
4.529880961428542463e+00
6.115041522956434328e+00
7.539594465336484141e+00
5.113165846219553501e+00
4.835456040593600235e+00
4.054967562206957865e+00
3.687422793822598521e+00
8.315711240303402363e+00
1.698817151267731029e+00
2.139281234428879852e+00
3.913051585888490447e+00
1.536437795998204514e+00
9.147029566723504646e-01
-2.178919136559075653e+00
-1.300439855319349913e+00
5.852992935825501730e-01
-1.599423692128635124e-02
1.835291956388582557e+00
3.205401143185727886e+00
-1.766408459952189647e+00
6.169007548699801724e+00
3.392698713833087520e+00
5.608436628659036138e+00
-9.773029947172248155e-01
2.711311886533529503e+00
-2.307600451818999865e+00
-4.759262793086240229e-01
-1.997221758133188363e+00
-3.458531152447820389e+00
-4.230107209848892325e+00
-5.005777405811314473e+00
-8.368462424308184211e+00
-4.706052754592546350e+00
9.054928054327492370e-01
-3.599708519069182877e+00
-3.042076502549158956e+00
-4.542518779806329121e+00
-1.540055027735650173e+00
-7.111631826451094707e-01
-6.635655994057988449e-01
-1.603166583009579815e+00
4.089888045262255467e+00
-6.064881583368962659e+00
-7.076807081210993111e+00
-6.021211348738378710e+00
3.319432455859558928e-01
-1.409936172028348311e+00
5.516613573256015091e-01
5.535529390638299629e-01
-3.963166073260725675e+00
7.924669408668172377e-01
-9.839912501264418410e-01
-1.243821598677018692e+00
1.026731221690532214e+00
-3.065149437265569099e-01
1.468620185024039460e+00
-8.114449124615592979e+00
-2.601846331980127047e+00
-6.906641926583084512e+00
-7.004358644666750067e+00
-9.481171322912732791e+00
-2.227493012964846475e+00
-4.913690176491338768e+00
-2.539805121994628934e+00
4.780422400160015961e+00
-3.315052256587962098e+00
5.200429053535645885e+00
-5.276063905874060822e+00
6.349285972107529652e+00
-3.417420113836028062e+00
-1.032777718184051174e+00
1.782893928866850386e+00
2.236793021350658606e+00
2.150276514971355191e+00
2.732419291447230503e+00
2.076265907568421554e+00
-2.988736766413480961e+00
2.252464770447466069e+00
4.480220609326885928e+00
2.979215269029189983e+00
2.432179873311070217e+00
5.131920558057547765e-01
9.332103600258687681e-01
-9.807766957643914152e-01
-1.122834612536018284e+01
1.010541775542053600e+01
-2.041430018523644918e+00
-1.753780406223597099e+00
2.157483404244206593e+00
1.085029121777373184e+01
1.847836145801282415e+00
-1.009746903099570492e+00
1.816743037075645439e+00
-1.007429417533555055e-01
1.765678644599436131e+00
-2.600828331648793679e+00
9.611893717665859205e-01
2.235464388632844912e+00
4.190134511521807492e-01
-2.604653409687112564e+00
5.299464355970002316e+00
3.284310875187649303e-01
-1.230822702391957402e-01
4.463278853171239291e+00
1.627043120498855022e-01
-3.935880966782747126e-01
-4.534795869273261504e-01
5.729242063194579515e+00
1.680979808052746272e+00
-7.747070261513911982e-01
-3.371561713169145325e+00
-2.425704055832273998e+00
-1.112390423772708248e+00
6.276591890582009725e+00
-2.091320726072736669e+00
1.977674131239253175e+00
-1.890078317746491515e-02
2.585675108036383119e+00
1.312295017254572826e+01
-6.248160899699825244e+00
8.411204538525748120e+00
2.971383660936927296e+00
6.796970853016048864e+00
1.524100280128734886e+00
3.704406975472316788e+00
3.170563467054732798e-01
-1.565557002918638307e+00
-1.813741409555861495e+00
-9.593573734821653431e+00
4.305224549254206501e+00
-3.184077336140803904e+00
3.164613154307636123e+00
-1.858190166588326253e+00
2.087741837991000438e+00
6.131313848425986590e-01
-1.674019287459454830e+00
3.481396770065572799e+00
-6.661272227275018665e+00
4.441975899008789419e+00
-3.961041280450221080e+00
2.205334658489843225e+00
-2.745995408754160039e+00
-9.890639952789497258e-01
1.316145758890740591e+00
-1.794011625737872428e-01
-2.904971323193439869e-01
1.827666189048797740e+00
3.379457265414791411e+00
1.898985915619733345e-01
3.219754882130482776e-01
8.331764889090393922e+00
6.897194047571414188e+00
9.053893737126683661e+00
3.790085706947375233e+00
-1.323886786384461267e+01
-2.361411716176641473e+00
1.627524307031085016e+01
2.565089546569583767e+00
-4.962832657661276237e+00
2.599383249357150660e+01
1.271955102824156292e+01
6.317249276061829732e+00
-4.441216864897043592e+00
5.330623072784027805e+00
4.290218603254412955e+00
9.532807360565471733e-01
7.342930054286835873e-01
1.975140841856493301e+00
6.254808098688928730e+00
2.331104808994290511e+00
1.430737850765406272e+00
-5.206796065471911206e+00
4.375158828823183521e-01
-5.821875206299465866e+00
-1.365875012889062212e+00
-6.279767993144890426e+00
2.174913398852852175e+00
-1.319914195032553916e+00
6.834644136576865314e+00
2.826630691702301412e+00
1.361353689052364313e+00
-7.498622115049616177e+00
5.472914079258985431e+00
1.531876337979177771e+00
2.708427859680334393e+00
-4.984706981373006940e+00
5.032971915972861865e+00
-5.105879637296895091e+00
-2.914894248867077042e+00
-7.524619783498682768e-01
8.746056457230402259e+00
-3.061210387872205008e+00
-1.234297290933160873e+00
-3.941298436827331386e+00
-1.639397577293813058e+01
1.481944245161224583e+00
-3.907339842048120460e+00
4.117160750552653070e+00
2.030034075848509811e+00
-2.377698579156906078e+00
-7.799641901672843325e+00
-2.748764021398068191e+00
-8.486691973217405760e+00
1.490303506778941633e+00
-1.072243982838543719e+00
1.177289227644611636e+00
-8.294970124754585949e-01
-5.129844065225114269e-01
-1.792267722159038623e+00
-2.743911060284076164e+00
8.868725309564069459e-01
-7.386716614165174555e+00
1.914676002832053525e+00
-2.143435644228324222e+00
4.991120077090025475e+00
1.888065031702770957e+00
-8.960698326577425377e-01
-1.491986338151868452e+01
3.099511709822297956e+00
5.700788380101688091e+00
1.952339765689253825e+00
-1.085199431485241339e+00
1.868955176391537298e+00
6.793748333975432097e+00
4.820051541909870174e+00
5.517393415846510329e+00
2.590494488485675983e+00
-6.892669789246028245e+00
2.154629849079566117e+00
-6.572920225137032446e+00
1.080865507938423953e+00
-1.018971584230037586e-01
-5.912263595196994181e+00
-3.740853918185336635e+00
-5.150876300417100317e+00
2.127577349767483250e-01
-4.321386096079616657e+00
5.355195973642891794e+00
-3.640763799745646345e+00
3.595725737159948920e+00
6.490048686278222789e-02
3.647255048051131432e+00
2.077246837575686289e+00
-1.586362804781822344e+00
3.146446851196178063e+00
-4.618819476749639108e+00
-1.464871152726144876e+00
-4.487206036504213458e+00
4.183650389956424576e+00
-9.076206152403677729e-02
-6.409982548990612594e-01
-7.472968681248872702e-01
-2.899040167972307458e+00
-4.793768037134113480e-02
2.073077344996523408e+00
1.067025416083692724e+00
-3.039234028556252021e+00
2.352807631523630594e+00
-2.026791372964324545e+00
-9.278268183555818949e-01
5.531497743795509292e-01
2.372299643585868145e-01
1.821817851544083489e+00
2.264019868963449866e+00
5.287367524910882466e+00
-7.431637526806947891e-01
1.040674113308731741e+01
-6.483308650002699736e+00
-5.822918792496297513e+00
-6.239760864933987516e-01
2.110077827822536278e+00
3.542571325627339451e+00
-1.633332309025589790e+00
8.616475110762335632e+00
-2.953643734507595209e+00
9.064601207639727320e+00
-5.583620178081399876e-01
6.178745031660828779e+00
5.826638008526257906e+00
2.280755369887846218e+00
2.789983297801127193e+00
-3.742516319023540650e+00
2.512766188200693307e+00
-2.812873568599592922e+00
5.341735420966410963e+00
-6.786643576208677420e-01
-6.985142635046762694e-01
-1.491136086463016541e+00
-2.911872919089065981e+00
1.185556585016343867e+01
1.160880100721732333e+01
1.419014677703837890e+01
6.905968002038853193e+00
1.023056989540269157e+01
4.919185395613095757e+00
-5.814245033460080592e+00
-8.534651109380027023e+00
-6.954673904900960935e+00
2.235012503394772754e+00
3.697721338709214489e+00
6.932541077455550038e+00
3.362200831479456475e+00
2.033252530017080506e+00
4.243708084922498180e+00
5.280776057282540847e+00
3.344056398884587722e+00
4.459996145610936047e+00
1.264527121882745497e+01
-9.346357017474686835e-01
1.542468397851704154e+01
1.033224091743641004e+01
1.277083655650220173e+01
7.437779490513165115e+00
7.158578822365489813e+00
5.461573284685812268e+00
3.341194115464692915e-01
-4.961966753628461291e+00
-9.045214541293825405e+00
-1.229099363873729089e+00
-8.709575496915093140e+00
-2.040839532248682531e+00
-6.059126708536035633e-01
3.320890606397956191e+00
-1.352966359829755660e+00
-1.570356708573992899e+00
5.760178056249787737e+00
-8.166931061758738730e-01
5.727632064726733141e+00
-4.327771201822523395e+00
4.604718379524341820e+00
-3.751031038032874854e+00
-7.392294122000474310e+00
2.385532135116009034e+00
1.191807316183693510e+00
-4.884862109953581388e+00
-2.122479916003274170e+01
-1.104877809887423012e+01
-1.688546952674808566e+01
-1.645591810145599254e+01
9.037979323981691238e+00
-7.109555736385805069e+00
-3.970575004745849679e+00
-4.765864634488716223e-01
9.965303145409939445e-01
1.091490166974041331e+00
4.335613643761010993e-01
-2.592758469725479298e+00
5.029335121790979635e+00
4.657417571801997447e+00
8.979856965703245208e+00
2.721253294178160864e-01
-1.816573897664252479e+00
2.611602981220670472e+00
-6.652696847705236394e+00
3.855949447268174790e+00
-4.802394842740761227e+00
1.621496296323670983e+00
-1.059571506480644132e+00
3.570181534258507039e+00
-4.595089199894420440e-01
-1.739908086885813665e+00
7.761653314953091076e+00
6.226650453116845618e+00
-5.020002652507642438e+00
-7.556495157225933568e+00
2.493772088376308815e+00
-2.016291861133307250e+01
-1.728639241492443546e+01
-1.109558273201522738e+01
-4.609047255870974524e+00
-7.229888638095258724e-01
1.803923037132236340e+00
1.105079899560085011e+00
-1.900492876056755653e+00
1.835132268359407570e+00
3.809220353471325815e+00
5.212407479573697877e+00
7.739139731432437941e+00
5.490720833469644901e+00
1.914791724159011999e+00
-2.982731015392270368e+00
-4.789126166746225932e-01
-1.535199354160287966e+00
-7.296010568610093117e+00
1.015185341367190963e+00
2.571049831873574387e+00
-3.647705768972457907e+00
-4.991359445028137998e+00
3.624075449992120834e+00
8.938156853284904280e-01
1.307877383433645679e+00
-5.759375994643710861e+00
4.018166244735364323e+00
-1.855783311345154285e+00
5.384522343920639109e+00
1.997435886441652819e+00
1.687991538051750284e+00
6.064616330614883033e+00
-1.286290254614829109e+01
-6.950744172986451197e+00
-3.290348372462315485e+00
-2.457992296464702164e+01
-7.140289391160472121e+00
-7.185867446567134387e+00
-1.326578752443383991e+01
-9.383524552187836321e+00
2.686708611293883830e+00
1.668309227404409345e+00
6.045117296793559025e-02
-4.949508827197569794e+00
-4.457305661023799881e-01
6.066248947465608943e+00
2.839037626129575553e+00
4.099376455522019680e-01
-1.748898399412797122e+00
-1.844929043205890684e+00
-1.144808624274571418e+00
-2.166346314586031330e+00
-6.071894795920353971e+00
8.154243770510582578e+00
4.613727608078757592e-02
-6.709910189365571931e+00
-8.940892482428374421e+00
-9.987257071212589210e+00
-7.476742607250488781e+00
3.238680915366156210e+00
-6.668772854004771489e+00
-6.640978108449114181e+00
5.107121725259952782e+00
-1.163207907764855520e+01
3.140981591229456527e+00
1.069046437777863012e+00
1.149061115142132050e-01
1.515078621849603380e+01
-1.299710394678757197e+01
-3.441683259633441794e-01
-4.952818216907022730e+00
-5.985985579879553597e-01
-5.669177795093454542e+00
-3.275765819543035917e+00
-6.605253420128539332e+00
-5.516889618993074507e+00
6.972530668079882865e+00
1.395290614070136392e+01
1.748945480367420657e+01
1.921974156598546912e+01
1.076049392655674808e+01
6.334032467045385140e+00
-7.862696369563841436e+00
-5.879615942149456487e+00
-4.199159308032906601e+00
-7.410474909830271351e+00
-9.610677177788264913e+00
3.317633294302959168e+00
-1.630574996560658185e+00
3.882523924559066586e+00
-1.375253587071289862e+00
-2.259465746934880670e+00
-7.806149120359506810e-01
-4.188641403668202479e+00
6.901373955882231792e-01
3.004623174283734155e+00
6.484203698394522819e-01
-3.935419147367127390e+00
2.900915807061806628e+00
-8.736215125114241697e-01
3.131510050780544230e+00
1.025111544141051656e+00
-9.877746947271767719e-02
-6.345421759028139874e+00
-6.366098630422361460e+00
-7.265452529508715784e+00
-9.939787588347657632e+00
-7.364348474807512090e+00
-9.060662588147868624e-01
-4.879705264915126794e-01
-1.631853194145036490e+00
-2.408863516332045318e+00
-2.742338533413695156e+00
-1.904834363506173189e-01
8.650135722951759476e-01
2.628659429822213234e+00
-8.011855511494685445e+00
-5.516185291873235697e-01
9.964902992334065956e-01
-2.264546041281940258e+00
-5.643038163156649523e-01
-7.158361751638643966e+00
3.631410267615500231e+00
1.421868238535078710e+01
-1.213233215572531387e+00
4.697755821281679456e-01
1.749646685614672137e+01
1.426705818649498247e-01
8.221737266210897843e-01
-3.351375973065589403e-02
3.852802981510050628e+00
1.453723965013453967e-01
9.378604117709647525e+00
-1.797041153304903327e+00
6.877378361717931377e+00
-3.538440588586533875e-01
1.194408212733079289e+00
3.372808761006148348e+00
2.095782418742889064e+00
4.225199751708789364e+00
1.827194009363054761e+00
3.161790227197858183e+00
-7.512220436999416329e+00
2.367352511633584733e+00
-4.782100912841764639e-01
3.859861068517207006e+00
3.635963629110342765e+00
3.414847000078383044e+00
-9.286139529691858741e+00
-5.781379400745952246e+00
-5.059464472909932731e+00
-5.944428035686907918e+00
-8.992276925137772992e+00
-1.611458743791935433e+00
4.626056409752961507e+00
1.680508819041437896e+00
-6.493784091780446799e-01
3.945833835917659904e+00
1.938051350900495517e+00
9.947573160823738547e+00
2.210330801008783652e+00
8.042579623370039954e+00
2.807553166250021270e+00
1.516922940704508616e+00
2.096392622909786230e+00
-3.014404345258377749e+00
5.177244997610306321e+00
-4.719614659379780086e+00
1.735453011488656827e+00
-5.123415070674147920e+00
1.278530891997885055e+00
-2.399677644000373644e-01
3.980127527091145700e-01
-5.626613215406336410e-01
-3.374654218707719977e-01
-2.649399533248029215e+01
-8.575859616216144232e+00
-7.973817307093764128e+00
-4.226142349481266436e+00
-1.648070269088858453e+01
-7.774460512436079718e+00
1.245536206748295127e+00
-4.255021782618954695e+00
-3.360074144431676402e+00
-2.426229130000119305e+00
-9.301042937766641927e+00
2.929735319361806756e+00
-5.050016200569487523e+00
1.660097392158107477e+00
-2.758600079421899220e+00
1.393015761038469247e+00
1.475146675496404436e+00
1.505694031530302901e+00
-6.680204581687379850e+00
-7.180169082072420217e+00
4.145446663498951523e+00
-5.161754559287951016e-01
4.533269924249848870e+00
-8.979114640174146178e-01
-2.687085187759739924e+00
2.762375948595094943e+00
-2.325167949284781432e+00
-3.614684032000506253e+00
-2.462666635951781480e+00
-1.724665334411496165e+00
-9.909501338222024280e-01
4.051436240480920326e+00
-7.504091841689060349e-02
1.678625987482725623e+00
2.601214760415855309e+00
1.743549009507549430e+00
-3.927966705538250558e+00
-3.409200697735117913e+00
-1.265591137074625339e+00
-4.491376683091070632e-01
6.118445488746690586e+00
-3.180621678524611085e+00
6.920963920757824184e+00
-1.723440996410634307e+00
-3.279023520294074512e+00
-1.802536211099945884e+00
-7.597615590994241330e+00
1.552871038475030163e+00
1.727296583140746078e+00
-1.688695553513609582e+01
3.943858374126472111e+00
-2.655878279889625659e+00
-4.180081329464148787e+00
-2.487123771301145592e+00
-1.106307090503661161e+00
-2.840968903395816092e+00
-1.680099643045390723e+00
-5.080299863724637710e-01
5.921960030983091094e+00
-3.301110223670945754e+00
-9.175039123473981428e-01
-4.031901593108918463e-02
2.415714734751301940e+00
-1.611067528084361555e+01
1.716366230543806282e+01
2.043025108933722223e+01
1.476291754116209942e+00
8.980608710675512529e-02
1.206393037507449151e+01
-1.110126771488107789e+00
3.615662887540946335e-02
-1.237748930950028775e-01
4.976394278400990245e+00
-9.388631022122037706e+00
2.847426838586316400e+00
-5.802662570179627721e+00
1.909981681190817682e+00
-1.773651064423701129e+00
3.620269532853253036e+00
2.606356043524817423e+00
2.840207451500746494e+00
5.855276591891627191e+00
-2.408092576456645206e-01
-2.030764166452267983e+00
-3.376494145261880409e+00
6.761242314852988766e-01
-2.976853647197317709e+00
6.449607744445303936e+00
4.758068910064538137e+00
-3.862410817419167364e-01
3.120136050614316092e-01
1.608968157678344113e+00
2.499949415701409272e+00
-1.646222452670762060e+00
-3.963619161845100436e+00
1.113669759959922523e+01
7.057167302368005046e+00
3.225779372148113833e+00
-9.755455444886326766e-02
3.795917518915800315e+00
-5.328840625165064182e+00
2.284027354971299051e+00
-5.415023467792198453e+00
7.223851479418467170e-01
-2.634831943431420243e+00
-1.328887859659108717e+00
-1.600116386458995121e+00
9.098771369912236340e-01
-4.852089694468985748e+00
7.743295798921625561e+00
5.477368745767785541e+00
8.815688835911702270e+00
-4.127930784847119838e+00
3.542332527994915825e+00
-6.302642039882459801e-02
-1.048302090495136472e-02
-2.737075689256460720e+00
1.477238030390479739e+00
1.551431136468164329e+00
4.311257145551790626e-01
-2.868097222225368892e+00
3.917994487462576281e+00
-6.391509745536663623e+00
-5.835669774171222457e+00
-7.468269213267332951e+00
-7.732186893284931806e+00
-2.371395770013305704e+00
-7.072498690855862080e-02
1.153892064663864403e+00
-7.441546662143792013e-01
-3.302909212140342721e+00
-3.361896421357742359e-01
-3.590389009832127609e+00
-2.912222300752003168e+00
-1.761670283460220254e+00
-8.793165677265140090e+00
-2.368258214332267020e+00
2.819934415905577918e+00
-2.264029421685202159e+00
-4.312911476520901038e-02
8.056314338033596645e-01
2.177635581861423919e+00
3.781072114187558619e-01
1.529242731545330525e+00
1.456485870916407599e+01
-9.928283626064040579e-01
6.080084180431519769e+00
-4.290747610755257568e+00
4.651592213619299976e+00
5.472936103522347828e+00
-4.922511136285546485e+00
-5.003555516062644370e-01
-2.851630193733173946e-01
6.594183066029395412e+00
3.005984555106689937e-01
8.417994494397232685e+00
-6.701548960395818710e+00
-6.345578283650675999e+00
9.685694534848028781e+00
-1.692225783255775440e+00
1.218123311917011786e-01
-5.662071229484786361e-01
-9.478949296795292412e+00
-8.005274803423271024e+00
6.285280115065906559e-01
-8.266840071897451736e+00
3.270724229075442357e-01
-1.026067723211067539e+00
6.018497567365463929e-01
1.106838357918893845e+00
-1.622890213911403756e-01
-1.159618239591529942e+01
-5.044839493640450589e-01
-2.160534841056514221e-01
4.705932558072868588e+00
-8.872071590177046829e+00
-2.774604493790100879e+00
5.721402602434698004e+00
-1.216587898633779030e+00
9.022561985572192800e-01
4.000412759278136221e+00
-9.468717627963579631e+00
5.886116098077567749e+00
2.438479250390345410e+00
6.668753885945335469e+00
2.707837687041903862e+00
4.797049072837968331e-01
2.767658451236914452e+00
-5.038320737974130159e-01
5.696317062815497323e+00
-8.569324621107268669e+00
-6.524437939059419378e+00
-6.087606748078670194e+00
-1.736737148003664188e+01
3.766699831486689298e+00
1.217359112905793017e+00
3.165754389756830101e+00
2.459024377104027884e-03
-4.838557550638319604e+00
-8.582759880801464902e+00
-2.103472235274622903e+01
1.902154147441774468e+00
-9.809890761950633475e+00
-2.800297357340339577e+00
-2.355233823817464989e-01
-3.985623232342990985e+00
-4.017889467213287880e+00
5.408347784054883256e-01
1.929315576023958645e+00
1.629318028741737923e+00
-3.211261260808051521e+00
-3.125625944978441151e+00
8.296616463615633208e+00
5.199331346803302445e+00
4.474554412190496322e+00
-8.048345138764151363e-01
5.119906583435635206e+00
7.329082379606659536e+00
5.540468652450402764e+00
4.058961618630079649e+00
1.955082884529830878e+01
-1.528087773261574300e+00
-4.146863273343377010e+00
-6.347673702317492506e+00
-5.066809832698353055e+00
-1.132833248516847968e-01
-2.191976693424950273e+00
-3.977831067920518215e+00
-8.483701380243967805e+00
5.413598744447805977e+00
1.833062911157660180e+00
1.728715588760396216e+00
3.062750656391761694e+00
7.107024645553827735e-01
-4.421548277447597680e-02
6.892813212158034553e+00
4.974491197669022036e+00
8.683461847354289276e+00
-4.224886661489507311e+00
1.410005337997025654e+00
-3.670027209956108649e+00
4.987869785937494860e-01
8.548150816253271556e-01
-1.832711957270075587e+01
-1.484813873758906766e+01
-8.949827741547688120e+00
-1.388264114651431491e+01
-6.441685669781134216e+00
-7.867877406782286975e+00
-7.228629682217785124e+00
-1.043628041841709431e+00
4.693760052426491747e+00
1.107418222856579648e+00
-2.906652258917621801e+00
1.460619247877293359e-01
-7.005384478481034627e+00
2.317734994976976548e+00
-2.029903178902710437e+00
-1.673832448104864423e-01
-6.483249537773351223e-01
-1.445882338341024642e-01
-8.430423415048194258e+00
5.510823579342397416e+00
2.583232906909782400e+01
4.696192743549286064e+00
-4.082253510439968203e+00
6.041708910573896141e+00
-7.291647247444119628e+00
-4.876310886137836142e+00
-5.767676804688263381e+00
-5.071874548880934697e+00
4.336535521658383630e+00
1.021387316818106017e+00
-3.512937134505216275e+00
9.674903289430121234e+00
6.769711399622341474e+00
1.931030756270123216e+00
-3.177232136126832529e+00
1.026815868907316354e+00
1.643250283655398603e+00
2.979477524429082091e+00
8.782079643724512996e-01
-4.318615850677096191e+00
2.247901001510555830e+00
3.697289148226339806e-01
3.322617995922028111e+00
1.305641132691056638e+00
2.818840949380229333e+00
-1.570312244158795112e+00
-5.717317163773417699e-01
5.382490672585758418e+00
9.572523589455617099e+00
7.237657428875884591e+00
-7.480159136846905810e+00
2.175232851678732704e+00
-1.956351399045429762e+00
-2.915848553479153393e-01
-1.320767191950060537e+00
-5.825387401677447841e+00
-5.017406570070741978e+00
-4.174827719603216636e+00
6.054930745550238136e+00
-1.306002807354268214e+00
2.214958566149120234e+00
1.609871221579745881e-01
1.223758633928770934e+00
-3.746283207861013320e+00
5.623718036117058006e+00
3.068984474793220674e+00
5.337805466892850070e+00
7.603518956542641705e-02
1.960824454471404410e+00
-7.674097061240939155e+00
-7.757773780953393095e-01
-4.326519304263939603e+00
1.130115642666211428e+01
5.649872824593588305e+00
1.405288263642238356e+01
2.072398591783936794e+01
1.172953560079855073e+00
5.075536113130309168e+00
3.339660870085916500e-01
-5.539243171914368880e+00
-1.347885274179159376e+00
-2.144536864548353350e+00
-2.334509267563077639e+00
2.010918873643805060e+00
4.948461065157734318e+00
8.226279345914608854e+00
-1.695563493751063078e+01
-4.583869596968342286e+00
-5.156827343985074918e+00
-3.808607365014107682e+00
4.801531473289951890e+01
-1.128366787975473606e+01
3.629475951291134983e+00
-4.725076147820262307e+00
-9.138358550103858891e-01
-5.297745944148677388e+00
-7.692600012517007535e+00
-4.739425268394409585e+00
-4.485123942954984955e+00
3.064605679461835486e+00
-7.145295538724419915e-01
3.083316924710531204e+00
-7.350900331845457991e+00
2.161189650215574964e+00
-7.548900616938765129e-01
-1.149674922585367964e+00
-3.226660243045019194e-01
4.071574966985968547e-01
6.872455192456796702e-01
-6.958507034360426502e+00
2.369231929267979542e+00
-7.076339329248203747e+00
2.373715632522085617e+00
-7.388537380191636528e-01
-9.025657031325522439e-01
-3.327597854395937915e+00
-1.044102589439094064e+00
3.808316763999346044e+00
-1.801864165072667001e+00
4.557071118480331862e+00
-2.532878515628258054e+00
5.133976603382145676e+00
-5.795303369592752496e-01
-2.006369682089995443e+00
-2.942585991228730879e+00
8.355812646976976676e-01
3.689362616825204277e+00
-1.312505878710843454e+00
6.252632966331075792e+00
-2.285899199085193345e+00
4.008983036463569682e+00
5.471107781546442617e-01
3.624173706712841003e-01
2.316435525661490136e+00
5.614264930604507597e+00
-9.662961573733614973e-01
2.280746922667455490e+00
1.727938061893773636e+00
-2.033640060709057007e+00
3.368346224354068053e+00
-1.469959202407785881e+00
-3.797165672066511455e+00
-1.878590864357195245e-01
1.890811242575010986e+00
-1.667764031358836263e+01
-3.638256365282538596e+00
-2.361436992006956892e+00
-2.243920930374305733e+00
-8.335033938962972400e+00
-5.364000685773644417e-01
3.122141954629273908e+00
1.431642698271279879e-01
5.587416168166056130e-01
-2.677454282103231886e+00
4.092744643433453566e-01
5.196311688755642089e-02
-5.500202688710038590e-01
6.332148537808167887e+00
-3.050073555164900974e+00
-4.759983872297991470e-01
-5.728119666035570434e-01
6.998722456413799531e-01
5.482445325686802207e-01
-2.852786759259650307e+00
5.286798794575196858e+00
6.860791067952499489e+00
-1.291820240460688574e+01
4.715445978271358918e+00
-2.053758521349397181e+00
-2.481044465427502121e+00
-2.257222245753292764e-02
3.778667926622609308e+00
6.970584091887387146e+00
-9.244369089799453931e+00
-1.481251684803495561e+00
1.315564139940608612e+01
-7.578628114334187593e+00
2.494866396318521140e+00
-1.724256741417826921e+00
-1.843426197626321095e+00
3.456156476920611897e+00
-3.971130768094563557e+00
2.935845746722834715e+00
-2.984725349003785499e+00
5.537696202975908477e+00
-7.052210620665793073e-01
-6.045271315218260888e+00
-5.679553883554275817e-01
4.881521610666218258e+00
4.072074689385686286e-01
1.614136712864983503e+00
9.860670297950141494e-02
-3.045857551581337308e+00
2.273645140511450613e+00
-1.114435287868849933e+01
-1.050574593247290345e+01
-5.409047142831306054e+00
6.429179798373387822e-01
3.068950296264008060e-01
-2.211013481457992924e+00
1.422892335077578618e+00
-7.317735271843860190e+00
8.151377807389462715e-01
-3.135622564647034594e+00
2.567196033917453324e+00
8.362696664287027071e-01
-6.412162880927818609e-01
-8.900051529242255510e-01
2.533715256127103466e+00
1.410884164190506551e+00
-3.217864497273430047e+00
-2.827054559954481405e+00
8.557509886644334429e+00
4.512950893003786490e+00
-4.466812416763311089e-01
-2.071716785398266314e+00
2.325439733783994711e+00
5.811491553612850858e-01
3.559293593448171755e+00
-5.251808883760220148e+00
1.832457056334659162e+00
-4.939483977142693050e+00
1.186691985932256665e-01
-8.440743001691874969e-01
-2.473322382217908455e-01
-2.611481211882840547e+00
4.760437269556823559e+00
1.761471399605212707e+00
3.509700728741853570e+00
-9.555756952744367538e+00
2.154568905274345969e+00
1.498750990765046032e+00
4.888644263971210435e+00
4.026574248482864604e+00
2.518712264478834228e+00
-4.002861370138584007e+00
4.282203730406036968e+00
-3.780021742684454900e+00
3.293521706877197808e+00
-1.101909710092650485e+00
-8.644714591859257169e-01
-2.125334900279024219e-01
1.820656757560925154e+00
4.513603420052424653e+00
-2.819997089477700225e+00
3.449934246341772592e+00
-2.795801150017189318e+00
4.993533289394749275e+00
-5.353527385628887858e-01
-2.507233116871797063e-01
-1.066542124096886868e+00
-1.288189163447644114e+00
5.264076310999207031e+00
5.606375537176298884e+00
4.457371941589874709e+00
4.648520541644121096e-01
1.730826601890859129e+00
1.082919965772559001e+00
-5.794657304875914239e-01
-3.246789813317616069e+00
-9.332545214749015106e-01
7.313573491761141021e+00
-2.990048531183442382e-01
1.080366083113528930e+01
1.976160535239592342e+00
7.815031993898625018e+00
8.291322470260191757e-01
7.136962998218280285e-01
1.060328339518809226e+00
3.418906819555655563e+00
4.024647212567720733e-01
1.983611533190152265e+00
2.086776582290444937e-01
-1.558550852214030114e+00
6.817598430715100299e+00
-1.041212995122953178e+00
3.076235153725284999e+00
-1.595016882285312576e+00
-1.928603908283394341e+00
2.351905656319245708e+01
-5.930724166761403460e+00
1.630314930195527312e+00
-8.015511056098327813e+00
1.433819945171458665e-01
-3.450611575097317085e-01
2.428957633654550641e+00
1.861443901624481034e+00
1.340470793761999069e+00
3.565570076192966731e+00
-4.393947047401075778e+00
-1.775252373371381642e+00
4.631097305380442286e+00
-1.044166793329062815e+00
1.003903288564986873e+01
5.613804513124565965e+00
3.804724930889582968e+00
2.147524366483613001e+00
-2.806790248938195287e+00
-5.288222005498627531e+00
2.877840150209655334e+00
-7.530900252660121197e+00
1.545441566115612897e+00
-2.236862178085393449e+00
-2.020437539019344086e+00
-1.921403549672109579e+00
1.045301465463037927e+00
-5.302282422988472410e-01
7.886098003898892594e-01
-1.189551187618865136e+00
-2.138566653208404222e+00
6.435240149112161134e+00
-4.059375451086327580e+00
-5.366760136296760964e-01
-3.273308963705205521e+00
-3.185885012137994909e+00
-1.774980780518509249e+01
6.590918565277863017e+00
2.602995145861603277e+01
7.548599448223827224e+00
-4.905876329128222579e+00
3.987324994712444060e+00
-5.098987503687261835e+00
-8.892726543915799864e-01
5.832425346585496939e-01
2.332706625020878111e+00
6.346545410080769223e+00
2.151580550551572824e+00
3.135162803952370236e+00
-1.001317556983692070e+00
4.222989646479210712e+00
-1.248659667447050925e+00
2.495930580090491180e+00
3.115668206349395675e+00
-3.786265249814133038e-01
-1.721010538157414116e+00
1.300870673619506590e+00
-6.592761443448538650e+00
2.614695369161839977e+00
-1.926073383945561268e+00
-3.753409594745464428e+00
2.496803905612152263e+00
2.105333374826854786e+00
4.376306938036572447e+00
2.848309383730666777e+00
5.136025198509791778e+00
-4.922828690055200518e+00
4.425158640277794042e+00
1.040630618249767547e+00
-2.402486231969393593e+00
-3.485420508520182814e-01
3.489304128595978050e-01
-1.521484924882625878e+00
-3.786378959437670666e-01
1.280522240592645966e+00
2.430035638497666906e+00
3.328892807036312185e+00
-1.024324812347383862e+01
-6.913502367492061929e+00
-1.255864681326503307e+00
4.972174163168439520e+00
8.611030914505114708e+00
2.279575320188130583e+00
-1.598242572127638872e-01
-1.359679745840952636e+00
4.413458888644419820e-01
-6.257768414778301924e+00
-1.587265172666083357e+00
-2.375456081858764446e+00
-1.562928172648926584e+00
-8.280062223187485415e+00
5.087950577928735285e+00
2.117618976412996012e-01
-1.159271083583327533e+00
-3.175996998548698436e+00
4.975106092305599859e+00
-4.899738376510484050e-01
3.827655785016654821e+00
4.074918332020435408e+00
-5.980218767592697660e+00
4.449358348740937608e+00
3.935762425605259907e+00
-3.752019106827423567e+00
-7.376229655642294603e-01
-5.617264305376948874e-01
8.391569021790231675e-01
7.272825540760202712e-01
8.639050257474215622e-01
9.297586432781861365e-01
-2.293862070962095601e+01
-1.304045505204348920e+01
-6.137064091882473704e+00
-2.396938119102483000e+01
7.691701812562378393e+00
1.701426322519769441e+00
2.737614555911253578e-01
8.881211152320804547e-02
2.659940182993910884e+00
6.052194632217794634e+00
2.827586607618121750e+00
-2.068920002655274093e+00
3.614423027783179254e+00
2.456141291896296153e+00
-7.215346509017253052e-01
6.333083181358031277e-01
1.553998851946327475e+00
2.385546359660499149e+01
-2.592513516094019366e+00
1.670652363257372874e+00
-2.021757092005523226e+00
-4.088576665383462760e+00
-1.759590253062217058e-01
1.379901568535684131e+00
-1.387558252041113827e+00
2.230689184203813014e+00
-5.699346139729527749e+00
5.612492484911268953e-01
-1.852486650035769244e+01
-1.237573449070787568e+01
4.950600693301105970e+00
-1.313995997373378799e+01
2.087887655612619131e+00
-1.506741469475817718e-01
2.668420730796323137e-01
2.552390778560612805e+00
5.537413462446508561e+00
1.831107567533498237e+00
-3.915932741387096794e+00
1.573736029413043358e+00
2.733793033146212359e+00
6.759670345592997398e-01
1.609213452166716962e+00
2.313590028400613452e+00
-2.931647481306879577e+00
-4.711770453728411634e-01
-3.992695244212046024e+00
-4.462641952816983171e+00
2.710945711356343324e+00
-2.796811470468546279e+00
3.882032439191197781e+00
2.374669485657344925e+00
3.071014868997566261e+00
-2.551380445680178966e+00
-6.220450144948010518e+00
2.701874385037995374e+00
-5.548366315873653143e+00
1.364101345169882462e+00
-1.059669982098635943e+00
2.123643119054183792e+00
1.765108259039025240e+00
2.234101045263727325e+00
-1.137889130972139951e+00
5.151719555934724387e-02
2.580249894206076977e-01
-1.612525711226221681e+00
-8.777052428162304132e-01
-5.269980868823294529e+00
-3.078904198045530283e+00
1.065534455427801230e+00
2.394199275710851893e+00
-6.293398020746588273e+00
-3.463771175366365251e-01
-4.147580742356179684e+00
-7.065264291979551636e+00
6.275586669100727377e+00
-5.331414853296700507e+00
4.422756882793477118e+00
1.740991195950135628e+00
9.711311564853335465e-01
8.370251177482460614e-01
1.297346980235978497e+00
7.585763658439906187e+00
-3.728816271983286690e+00
2.536257370939911659e+00
3.077094871736788528e-01
2.335926208431560624e+00
-1.525299688280189914e+00
-1.886206484687561913e+00
-5.767138953710207794e+00
3.743337855797144620e+00
1.042068260539097679e-01
5.705234722360152944e+00
-4.394235247036382574e+00
6.646518750074069892e+00
1.246393171651112741e+00
4.583985146619061091e+00
-1.423617278694414345e+00
2.387578990523833600e+00
-2.767948418219408513e+00
1.465519309926949232e+00
-6.800801268587942872e+00
1.173121992558081361e+00
-2.707226386575944943e+00
-5.667214075280488039e+00
-7.152118617355358587e-01
1.581840605206645822e+00
5.356717647638818747e+00
-5.696285533991413352e+00
5.372135955721917711e+00
-2.378081382230994301e+00
3.469352878213605607e+00
-3.395032790913854459e-01
1.866836066582305387e+00
-2.322185525447321708e-01
1.321179043682986665e+00
1.553865765557406464e-01
2.796566094260598767e+00
5.794410926934119299e-01
-4.589543411628425496e+00
1.620746238532376760e+00
2.710048168118456280e-01
-1.577847632663015753e+00
9.804144347292484407e-02
1.251583237405851756e+00
-1.236957233452123361e+01
-7.022489772440689393e+00
-1.108917741865597772e+00
-4.380371844579163287e+00
-4.964107571717981671e+00
-1.581856280481334975e+00
1.636597402245224986e+00
-3.838002958566106848e-01
-7.518888459211493791e-02
-2.188676036841963768e+00
-2.116160168502568606e+00
7.213511963026640217e+00
3.000477486897313639e+00
7.741532291931175536e+00
6.033500997359676710e+00
5.727463695472579275e+00
5.697176088871839461e+00
2.011861283581200865e+00
-3.939757801675230819e+00
-2.416236982187759619e+00
-4.266463602953467493e+00
-6.383260712168363327e+00
-3.427046977456898791e+00
-4.378418744614389624e+00
2.283546638833186204e+00
3.229308835103510411e+00
2.316328320265203189e+00
3.782888507944942025e-01
-2.796933482766835066e+00
-3.533748872628599269e-01
-4.405069011143554647e+00
5.077190757440914304e+00
-1.544974932686724589e+00
-7.969211806968727885e-01
-1.462157082048040957e+00
-2.331871521735449537e+00
-1.679291046636780749e+01
1.080617577114819428e+00
1.390286628596519303e-01
5.286450518909217244e+00
-7.988756573277296102e-02
-1.791410507241722970e-04
2.345905538031314297e+00
6.688147529405963354e-01
1.695666427700152523e+00
1.342275738953082787e+01
3.513498216550452469e-01
7.520281260777473165e+00
3.616329049288153907e+00
4.711581750108996047e+00
5.691869688624676016e+00
5.398962807820108623e+00
3.775782883432944992e+00
1.824748588279488049e+00
-2.972835675031003877e+00
4.254438640686245776e+00
2.393485081302042516e+00
-5.373767316083488232e+00
-1.118323674159439562e+00
-9.858666759844480609e-04
-2.886940049442480394e+00
1.016697421820995206e+00
3.383777975957021678e+00
-1.333310014944627975e+00
-2.566068336426786667e-01
4.520299645973136285e-03
2.101472999349716986e+00
8.886206124597356037e+00
-8.953002319761838024e+00
3.387927794608447396e-01
-1.640909230357618487e+00
-6.111472992367371626e-01
-1.206624693300571843e-01
6.506414367443935642e-01
2.640089215510794229e+00
9.367007016250802343e-01
-6.193593444785199686e+00
4.239280023788968954e+00
-5.543521297290045169e+00
-7.435141208452574979e+00
-3.656362235659524895e+00
3.053136455207823730e+00
-1.129616558157961581e+00
6.165110600490276482e+00
1.390519951498478690e+01
1.219750694715655825e+01
-1.762501067933412457e+01
-1.960724512115806339e+00
1.328984041883238612e-02
-4.343964054457187252e-01
9.725264975722913707e-01
2.439042484224661855e+00
1.170806433175991312e+00
-2.809499110658068677e+00
-5.664570706731582028e-01
-4.308137255162923118e+00
1.040394354883265003e-02
3.080449852460052096e+00
2.730151561754251333e+00
3.006616173821504745e+01
-1.297259575459162129e+01
-8.846547894004876511e+00
-8.846872193193439315e+00
-1.236306958424070501e+01
-1.670288261469919933e+00
2.136366072833121965e+00
9.473993935461971772e-01
1.546429016990269023e+00
6.383682855609547957e+00
-8.438193622716898545e-01
4.805797767609305993e+00
-2.406393510793810364e+00
5.757300868601506139e+00
4.792920007135845206e-01
-1.969511498957133289e-01
3.374130230770770122e+00
-4.555247207478755334e-01
9.945494974810040745e+00
-1.133101435911806298e+01
-1.462293851768885666e+01
-4.514640769556521604e+00
-1.036765233324454272e+01
3.040686588315600680e+00
2.433249914263853064e+00
-3.781560186721462657e-01
-9.573022017137323703e-01
8.328180559762023094e+00
-1.114900357637934825e+00
6.225412131357447976e+00
1.590551052412176780e+01
7.988862737263781710e+00
-1.922899244635717153e+01
-4.696397032566977714e+00
1.018673971644886711e+00
3.645025633887846173e+00
1.129593602559052634e+01
-5.740705253120452767e+00
7.073128687936799608e+00
1.076649814164769792e+00
5.043656542591188341e+00
3.653210248539578986e-01
1.186836563590562221e+00
7.074032142273292134e-01
5.691110738354249188e-01
-4.392291860739244491e+00
-8.762790964065763077e+00
5.947662207554428981e+00
9.989294507857582328e-01
4.549740531561643486e+00
-8.847064074986966953e-02
6.412498299492370712e-01
-7.147264585044793561e-02
1.050943071893165603e+00
-3.633886617483246262e-01
-8.213459788316647803e+00
-2.635479437059940366e+00
-2.138444043710676201e+00
3.604606860276336366e+00
1.301906438556349244e+01
5.016624077706077323e+00
6.327981019804478358e+00
2.546586273185148741e+00
-7.735087721961232399e-01
-2.706434023980396342e-01
-1.039709423065931171e+00
-1.150863576212476813e+00
5.008608311774460198e+00
-1.007602330702053628e+01
-3.340133515793125785e+00
1.641285434204982963e+00
4.406438016945114278e+00
2.179875565895836420e+00
-1.265124303164764896e+01
-8.442378794340035242e+00
-4.681235724080015537e+00
-1.418868884862345148e+01
9.048392199495445709e+00
1.783673291089965807e-01
-3.160076691076754152e+00
-9.327725561693815948e-01
1.851424067294032971e+00
-8.056394934800551466e-01
2.764694840829828859e+00
2.206773380431642728e+00
-4.355172484765970964e+00
1.238901680503775893e+01
3.410549581387034124e+00
2.759270574353006378e+00
8.510793313077031907e-01
-2.276349859486548510e+01
-7.726865805032339551e+00
9.353083382994146433e+00
-4.445119208208436312e+00
-1.092785362145613526e+01
9.763509026541459690e+00
2.054663882546500009e+00
2.136068232407196898e+00
1.247484515527260251e+00
-1.487479283606474967e+00
-1.785953370267955309e-01
1.536570551669146134e+00
2.325235774098298069e+00
-1.302017579860730578e-01
7.118369588792207381e+00
2.354432182117071282e+00
3.214978767362989043e+00
-1.217314100469004901e+00
4.987274013055277067e+00
3.637366338505266250e-01
2.150579443932685741e+00
-4.452119928790784442e+00
-2.639922492893435724e+00
-7.907385525094131618e-01
-1.998614267114838139e+00
-1.167055622597427567e+00
-2.330415822214434662e+00
-9.840243176528812086e+00
5.613024962036373466e+00
6.758806312836737717e+00
5.956147526927323632e+00
-3.107212302285999428e+00
1.712900633435731290e+00
-3.034969925523636647e+00
5.163966157141146596e-01
-1.402209587081014952e+00
2.219013546471608755e+00
-5.789435953344469254e+00
-1.663010011808264910e+00
3.859574118936361042e+00
-2.903298663878718155e+00
1.350723198515809820e+01
5.304763167800613743e+00
2.838327402501994001e+00
7.181626305707873928e-03
-2.506793850259386502e+00
-5.556346706353677334e+00
-1.797624094298861719e+00
-6.013618080904301166e+00
-3.257260020190291261e+00
-5.671230400566222851e-01
5.301375170885327393e-01
7.103941588415231267e-01
3.060151948231294217e+00
5.007662176850330660e+00
-7.249810514700616437e-01
-1.219950291005419546e-01
-5.441514342797329817e+00
3.955322024316992202e+00
4.955883021480236295e-01
1.234412492181174770e+00
2.572211085190357904e-01
1.894636771805621400e+00
-2.137475667262485945e+00
7.170603720512797041e-01
-8.122414179162713577e-01
-1.016692650232830619e+00
-4.915359115794760925e+00
9.758211379529923235e+00
-3.679011892216237811e+00
-5.416923587159168108e-01
8.734978610501314966e-01
1.224485664265535334e+01
-8.957690592632536308e+00
-2.071301423863221025e+00
9.302959674898712450e+00
-9.024535976183363672e+00
5.337742176570829500e+00
-4.735733972109751333e-02
5.264934582975744348e-01
-1.379657596694149113e+00
2.581794396190467911e+00
2.567471275427901212e+00
6.363840911601831074e+00
1.410940500542745824e+01
-5.061634953322196040e+00
2.902022811527099400e+00
-2.661967052332692152e+00
1.157293220122195931e+00
1.974712259530958969e+00
-3.417843647973708432e-01
-2.540630263826563606e+01
-1.522193317488933850e+01
-6.657993117206704170e+00
-2.327859702136740339e+01
1.135370662210760706e+01
2.139872135544014675e+00
9.622715073139338493e-01
-1.099325200195025332e+00
-1.042353601856394585e+00
-1.229943486577694589e+00
8.250289159606801759e-01
-4.675909536312261139e+00
5.184946860074482800e+00
-9.658069418983158405e-01
-8.711412326307641507e-01
-1.980199896691564154e+00
-2.636585118520171633e+00
7.339985045978506761e+00
1.373601539813413819e+00
8.607133566128236879e+00
-7.871342579291649988e-02
6.385331785220071055e+00
8.186350074033040825e-01
9.732726373280833898e-02
2.852151018004431382e+00
4.805098826472397056e-01
-3.837613465102479804e+00
-3.789155998170282036e+00
2.784060432389357853e+00
-8.820997311592893908e+00
-7.960458966145256277e-01
-4.665387859285163308e-01
-5.504764698870234785e-01
5.421244521610095735e-01
-1.280005471975103726e+00
-1.746789714407253502e+00
-3.087436874940824527e+00
4.655929180245352406e+00
-3.783487266305010976e+00
2.613216222405810196e+00
1.560247281754498561e+00
2.286490522987613350e+00
3.195476078564986278e+00
2.374124258459595349e-01
-3.397243535502922640e+01
-2.676953539978690788e+00
-2.165995428975838077e+00
-7.975041232696089999e+00
-4.347989468644433586e+00
-7.461196618893507493e-01
4.371949289372715874e+00
2.859431830012496789e+00
1.465495300165617021e+00
-8.201948156214204921e-01
-2.286886052435466166e+00
-1.471442285531515459e+00
-6.669438856855484765e+00
7.628423768234001479e+00
-4.330708424215888641e+00
-2.574132137109520269e+00
2.707279502117372783e+00
4.447397883793978046e+00
1.120556363505320480e-01
2.974854097212014103e-01
-3.721675138396858262e-01
-1.809872868126801482e+00
4.660185875918068987e+00
-3.170722649529517767e+00
-7.203927603184173689e-01
-1.337789222003953116e+00
-9.505972827877429143e-01
3.587544417371959948e+00
-8.141698663460724461e+00
2.190207690864646395e+00
9.477665964247787400e+00
-9.668100390570453229e+00
1.310004168450567441e+01
1.985433916849664415e+00
5.689303013198815373e-01
-1.695734689335277601e-01
3.769280922410764845e+00
-1.048291235538195032e+01
4.833541438045368288e+00
-1.771787983900394714e+00
1.185933043374745255e+00
-3.790024964823080822e+00
-3.365462426901281834e+00
-4.574560735214928897e+00
-1.743916163800169228e+00
-3.429873244120751341e+00
-6.331902125755112465e+00
2.749776014742229879e+00
-4.260498385981402514e+00
6.350559289373586269e-01
-1.384847552067957954e+00
6.095632989529358170e-01
-5.039920212143489842e+00
-4.116998775254674392e+00
2.012287193832942300e+00
6.981543612776135888e+00
4.012508269442932374e+00
2.478724716226786917e+00
4.952462135193994031e-01
2.892702804072809553e+00
-2.349615902023677982e+00
1.731537442698622531e+00
3.730684980382934501e-01
5.896310461510066325e+00
8.201930612164177958e+00
-7.081218973808467432e-01
-2.043050063092616830e-01
7.067278961610949928e+00
-1.474318840669654795e+00
1.404870959361714799e+00
9.741883546793660420e-01
-7.185119998019183496e-02
-1.569470617135164670e+00
4.189245926227420647e+00
3.137904940049121016e-01
4.381106331546297916e+00
1.249965411194591347e+01
-6.066310923034702540e+00
1.775462544538208176e+00
1.767660698257576823e-01
-2.456738905065987966e-01
-1.195937069745814263e+00
1.590663984552807664e+00
-8.676036757634782992e-01
-3.373120336831122223e+00
4.921408918745387773e+00
-3.139510184787977498e-01
5.249572548172923625e+00
1.016131366777775824e+00
-7.299001240853616457e-01
-5.474111471122216521e+00
-4.888860241515606830e-01
-1.707765479158599442e+00
-3.928813345535818957e+00
3.378646392932554310e+00
-3.093258411231787797e+00
-4.076267247443093322e-01
5.750911888840977149e-01
-7.810311631616807526e-01
-8.648758647599702476e-01
-1.053838698180908029e+00
2.644375007879447459e+00
-6.450005126784947862e+00
-2.969518695814134523e-01
-3.658263745236431497e+00
-5.501997080494978931e+00
-9.452792891398754671e-01
3.441598250300679784e-01
-8.122766392746949560e-01
4.194900850635175260e+00
4.371271229264023894e+00
-4.402657429411823142e-01
3.175627818184743045e+00
-4.360531503080129490e+00
-5.289742286707679320e+00
-2.932313717896418481e+00
-2.888152771433267763e+00
-7.555501376163554772e-01
-2.300581987801710415e+00
5.462685214957213597e-01
-7.452836773817111293e+00
2.593333043999206833e+00
-1.859126200284950459e+00
3.933301721762800796e-01
-5.041303598637415090e-02
-2.618410868456950147e-01
-7.742524775007601612e+00
-1.153968563747254539e+00
-1.235354914534505966e+00
8.828172209340431342e-01
-1.158987302849360468e+01
1.492445709312473889e+00
2.547460899585221927e+00
1.259484207325357596e+00
1.778756276505253142e+00
2.073469213596780047e+00
-2.532462283313316131e+00
-1.475740238633179491e+00
-4.189400348306739907e+00
1.483123909633683235e+00
-1.436466459448125343e+00
1.316331613895511232e+00
-1.857519976857513910e+00
-9.489292565321818529e-01
-7.457242432958761214e+00
2.833127544770379647e+00
-1.277265339037764180e+00
8.051092282781596721e-01
-3.324999563585980145e+00
-1.874063167212789205e+00
-2.950886479537684348e+00
-3.957246195578256298e+00
-1.773834669704466238e+00
3.982189819605425729e+00
1.500614037739033402e-01
5.282958373149045705e+00
-1.662021291266241318e+00
6.153258626562701394e+00
2.110448287110934462e+00
-3.805574741944847128e-01
-2.276223227378158409e+00
-4.379092590241706606e-01
-2.006683841569429083e-01
-1.160795978557141783e+00
1.473012956294934339e+00
-4.992272665291079825e+00
1.902696684277394024e+00
-3.495703110507318634e+00
-3.166560074739451114e+00
-1.512621121945266767e+00
-2.884421254408358060e+00
7.209368915094437114e+00
4.400459038789977129e+00
2.277661307967821624e+00
2.300747500535818890e+00
1.536149349016017851e+01
-4.965493449794500691e+00
-2.914299078693557976e-01
3.930568594654842762e+00
4.109473327510963614e+00
-3.073339694912665121e-01
5.297420670283208288e-01
2.035996254426845287e+00
-1.741739564306409083e+00
-9.135972399702763980e+00
5.777915747806424029e+00
-4.173311225905739441e+00
-5.768123226735541564e+00
-3.472877114153149591e+00
-1.856165631886887324e+00
8.341720781126597817e-03
-1.064982451240181760e+00
8.671800473698298983e-02
9.097378925092387547e+00
-2.745886508555674954e+00
1.252528329228578263e+00
4.118482885824196194e-01
-1.807351166781902829e-01
-3.201452010399522319e+00
-5.251139374206116983e+00
3.951744220502865002e+00
-5.961020120620749374e+00
7.584914405957513539e-01
-8.997084714090590740e-01
-6.456358890571224363e-01
-4.824940898440195358e-01
-1.026338873949921071e+00
-1.528520110041622360e+00
-6.169879878564718645e+00
8.831917082918888662e-01
-5.314603713847313671e+00
3.293794020545941503e-01
-1.811130450684324655e+00
2.308724250895209718e+00
9.834534242999932729e-01
2.685205338902422745e-01
-1.146257690463698742e+00
-2.073315614120255557e+00
3.485792338995434836e+00
-2.116404679777691200e+00
-1.296024083673645855e+00
-8.060357647639484480e-01
-1.267094182306881756e+00
-7.164022090434768453e-01
-1.235270136745249880e+00
-1.752622731076971974e+01
5.282141428196723609e+00
6.838184007302687828e-01
5.618894062715832582e+00
-6.355414886324955326e+00
2.904551289772552281e+00
4.180864457894041819e-01
-4.047348212528820710e+00
4.196047953550353093e-01
-7.590280021409701483e+00
-3.101839178163066091e+00
-6.602153716425818608e+00
-1.624461271805023799e+01
-7.685010285790250251e-01
-3.820515288656168629e+00
3.522927811946414689e+00
4.486507952202483107e-01
-8.313422720428826906e-01
3.207866507934263645e+00
-2.366282983925248384e+00
6.645816329423181124e+00
-5.149046660001872056e+00
5.250765999969575937e+00
-7.049966553878098674e-01
3.514135161225873105e-02
-9.601132137293109103e-01
-2.159056725617346295e+00
8.916231368441249749e-01
8.186582294067690668e+00
3.372785304867797151e+00
-1.256253034950615799e+00
1.220145380818528080e+00
4.438461044947742629e+00
-2.192061180144389443e+00
-4.754340056042357099e-01
-1.113625643927012465e+00
-3.013024489537518225e+00
2.351922695478442016e+00
2.998684997221868764e-01
-7.831643934882301927e-01
-1.023879583278687733e+01
4.094497590811061016e+00
-7.017084886135867450e+00
1.459778016135431455e+00
-1.379744215553588560e-01
-1.286600540671310355e+00
4.107570589498391045e-01
-3.982097048342381651e+00
-6.229124163196441799e+00
1.815918466022046693e-02
-3.429952117702219638e+00
1.721203980086373486e-01
1.114732091128785817e-02
-8.565136983996045617e-01
-1.129040506420540346e+01
3.848423470574106720e+00
4.730495208243377547e+00
-2.753712079977469696e+00
8.766700918644297902e-01
2.071400946457501835e+00
3.580784564598234798e+00
2.278462900421539317e+00
1.592869215332872290e+00
1.386507026902931550e+01
1.603817253545177479e+01
-5.589669728337621768e-01
2.740140681826004787e+00
2.013154329777948703e+01
-4.483232489974350088e+00
2.822579349667840631e+00
-8.645840205120434163e-01
-2.351435975322365923e+00
5.930212147872386375e+00
5.559520516274496060e+00
8.119433013883051942e+00
4.677441499731843422e+00
1.143642625003764479e+01
-3.081154536062152144e-02
6.589673980151503629e-01
-9.265219478807253106e-02
-1.527152810563997765e+00
-1.760045465674619392e+00
5.569278289711508956e-01
-5.596665891429766088e-02
9.688241628022615792e-01
6.754306541703474664e+00
-9.566870283633237548e-01
2.812894777755451603e+00
4.182484559788997913e+00
2.225410727074910167e+00
5.052214663081791457e+00
-8.425610513348309460e-01
5.476571635608154409e+00
-4.258786827534944308e+00
1.949528879705275886e+00
-6.357278920730277116e-01
1.410506401879199956e+00
-3.668033777697997433e+00
-4.490680453369141567e+00
2.900195350885301782e-01
-5.382135920462520318e+00
1.171916654156591520e+00
-4.108125892928314649e+00
1.112343511276415287e+00
1.002028839307342878e-01
1.743317091551385145e+00
-3.474358483319861080e+00
-4.207308526121035008e+00
4.337983602167517105e+00
2.420321897812885759e+00
6.744835289995760874e-01
-6.462342912572328402e+00
2.323338200622338423e+00
3.474120091216484685e+00
-7.430983963665175329e-01
1.357117532971799490e+00
1.289722217004825033e+00
-1.706563591997340268e+01
2.169100682032081551e+01
2.472612919305150214e+01
7.358677133613145571e+00
2.226470945706823468e+00
-3.371892032495074520e+00
-3.631665509779141932e+00
-2.636567182504800488e+00
-1.428908907986700560e+00
-2.327596361860482688e+00
-1.488687082376059179e+00
-3.821209160917141023e+00
-1.464721113540705444e+00
8.155497874100998246e+00
-3.203514082236590621e+00
1.305376370837187050e+00
-3.041651295824783219e+00
-2.467854544155297258e+00
-7.283090552914586180e-01
1.220521653034934095e+00
-1.703575357969872028e+00
-5.360125966107662343e+00
2.488274701641359332e+00
-9.723270284020176790e-01
3.543345780099045772e+00
-2.622164603882481404e-01
-5.243873585621593447e-01
-1.870649500428066991e+00
-2.409926622167075205e+00
-4.898446204216745592e+00
-1.232099202259940718e+01
3.430458947297491790e+00
-3.258487631802112094e+00
1.746525913049630674e+00
5.321824091605119600e-01
-7.100313331723437926e-01
4.446122845127861156e-01
3.965344915133491188e+00
8.123921200485533234e-01
-2.442249341729114676e+00
4.343951634721852528e+00
2.973327348582356366e-01
-2.086675063262864782e+00
-1.887803782843282763e+00
-1.729956317055495019e+00
-7.414677249206108378e+00
-2.226916462572551048e+00
-3.400315409034702974e+00
-3.697643841123117170e+00
-1.184843353502952112e+01
-1.352288854661361617e+00
-2.343828575493563937e-01
-1.578225806213150229e+00
-1.628313855134003729e-01
8.182703819036394322e+00
1.633132690141826515e+01
6.463174305672150233e+00
2.390864356385473855e+01
1.943361805619915472e+01
-1.074849594708944478e+00
-1.064756132896013341e+00
-4.208117855430649201e-01
2.961905321354965995e-02
-1.497893659402489774e+01
1.792064186453414532e-01
1.845253480535747315e+01
-1.582727104821292086e+00
-1.007719731730107071e+01
8.772541683649802025e+00
-1.034101161830852211e+00
-6.249002444507353315e-01
-7.576334301639160440e-01
4.990839952997117024e+00
-2.185266814111716194e+00
5.635405374435450199e+00
-2.447824974621906513e+00
4.765261562975553922e+00
5.978824324988436523e+00
6.805353683282790556e+00
4.236537362034266785e+00
3.748363038212760290e-01
-1.531441080651188003e+00
1.129926542424093050e+01
1.026307762187744466e+01
-1.239069601321918929e-01
5.513120405777449662e+00
3.274509175361679514e+00
-1.761040724009240721e+00
3.010927294680568189e-01
1.269758239021955504e+00
-1.846112997642878062e+00
-2.031777971316529374e+00
-7.002252693346605605e-01
6.073938007430846886e-01
5.902117322575538338e+00
-4.999812312471214604e+00
4.902134281986682218e+00
-4.724416899226088762e-02
-4.623391838428065337e-01
6.951187224146745613e+00
-2.013182065816586075e+01
-1.789139193102394998e+01
-2.311193207747894007e+01
-2.551391764386235650e+01
-3.151782839470084419e+00
-6.393815526845366470e+00
-4.261640298718964104e+00
-2.452918585447679156e+00
4.013851103447984237e+00
-1.264697559457039322e+00
-3.560327549331532837e-01
-3.197752279307848777e+00
2.855703267892149899e+00
1.444954888198753951e+00
4.568466444775483026e+00
1.621045323987500453e+00
3.342566596536113432e-01
3.488843549349219253e-01
7.269628779409157637e+00
8.883170419097996984e+00
1.199351848436011636e+01
8.764870537567563957e+00
-3.698678033852349500e+00
-1.628046867969976219e+00
1.090140344026953922e+00
2.050876454507400137e-01
4.289647153019415349e+00
4.144292234706172806e+00
4.824427056877932607e+00
-5.609675898105914271e+00
5.770887940782105652e+00
6.202997091635484850e-01
-5.399852772649431643e-01
-2.432456585117759751e+00
-3.256622640312677230e+00
-1.045906906502405498e+01
-1.065232695187714285e+01
-3.051658282652629239e+01
-1.653539704450145109e+01
-8.421102840136374112e+00
-1.426751197466050769e+01
1.389308052035225893e+00
-8.953259860422221328e-01
-5.466359348401039764e-01
1.083237045399605858e+00
1.088425533856286265e+01
1.157034708362405162e+01
9.048332345984425373e+00
7.921792673570026366e+00
1.311106874596528016e+01
-3.682278382835685093e+00
-2.218817634976959052e+00
-1.077788629021169786e+00
6.795933232833050397e+00
-4.580645288547471883e-01
4.710306919076057142e+00
-2.800067408616776721e+00
3.676509059669809343e+00
-1.088691260046517950e+00
-7.573557055506646707e-01
-2.093071746585869336e-02
-1.226571288455925446e+00
3.688584894634600264e+00
1.101481765478028008e+00
2.750005533188707219e+00
-7.344585803061677076e+00
4.472482584990535415e+00
4.681735034954471963e+00
4.645908762407417458e-01
2.069368032578358996e+00
1.587216049232051285e+00
1.880178003825671240e+01
-9.494850131821214179e-02
-1.362373041695299669e+01
6.658078467818024038e+00
3.564063436561720977e+00
2.339302329853706619e-01
7.827563176133984779e-01
2.838731046098274202e+00
6.799299319883678194e+00
-1.873442372215936658e+01
3.094494628831634131e+01
1.856077917486852868e+01
1.094812888781582005e+00
-1.616681517001215873e+00
-4.490680690950845211e+00
-1.196417305729889025e+00
3.443295296555305196e+00
2.063491616391349925e+00
