-1.913373827136562122e+00
-4.773578102043625759e-01
2.301310976301539357e-01
6.269686418461402067e-01
8.757582236582568402e-01
1.125120220486927503e+00
8.016860252664230746e-01
5.308537800679572483e-01
-1.052179504878106020e-01
-1.453190704514417897e+00
-4.841694853725181935e-01
-9.218481342548470736e-02
3.755529299931238962e-01
6.251871666615695933e-01
4.158734063645202483e-01
5.609741751738048787e-01
-3.017758553881491057e-01
-5.890836570295985286e-01
-1.550422750437979280e+00
-2.055697886679968001e-01
4.236769543612689537e-01
7.911483280795418294e-01
1.087363524810244897e+00
1.186620421685775417e+00
1.059420239301821942e+00
5.189668919141916525e-01
-2.174481721536017723e-02
-1.853600315175615965e+00
-7.639301069447067549e-01
1.935173396764599402e-02
3.917311750609306364e-01
6.955441323819536725e-01
1.157930601720030817e+00
7.119048370192180286e-01
1.260414941226133845e+00
2.088541925961769907e-01
-1.816646242209333684e+00
-3.310680917787742206e-01
3.682668756728798010e-01
7.565379797672595608e-01
9.770303196115388555e-01
1.275898470551385389e+00
9.959054200982734306e-01
9.036351622412484019e-01
1.101261813729351308e-01
-1.850272982838509828e+00
-8.500403526281907762e-01
-4.876013396921489718e-01
-6.643693472193411276e-02
2.988559878349546506e-01
1.876473934679542543e-01
1.130761927514553622e-01
-7.823011147592677794e-01
-9.723712049722896822e-01
-1.810448924412400018e+00
-4.154299983009512309e-01
2.006787746498689129e-01
5.854051479773436650e-01
9.178978377930355759e-01
9.987381887710178319e-01
7.905031284868577757e-01
7.129949721934981943e-02
-2.695775371154450761e-01
-1.300380323769890323e+00
-1.836273448555294230e-01
3.310622606139632662e-01
7.345660416287156380e-01
1.018276205712186799e+00
9.178458779481641905e-01
9.555198881615794004e-01
7.258890858531641399e-02
-2.537436334593434206e-01
-1.502503409251608746e+00
-2.394202346038903917e-01
3.426799950841488696e-01
7.110981170148482633e-01
1.032746438580768977e+00
1.002522120020454821e+00
9.789681918827410900e-01
3.570914860424712067e-01
-1.006824694836954692e-01
-2.181008981646765044e+00
-7.729634080283942499e-01
-1.170682366837649396e-01
2.968430279919160863e-01
6.090700174320458071e-01
7.962950035941782634e-01
3.022042678734130905e-01
-2.157151939030474419e-01
-4.008730291410710356e-01
-1.312831198551786205e+00
-1.322775634391610833e-01
4.310330491987021673e-01
8.023229409562693260e-01
1.101355528374830639e+00
1.026310834142080797e+00
1.069023752668530669e+00
3.830533431648995846e-01
-9.178922965040087201e-02
-1.493502643490705273e+00
-5.299221116783877639e-01
-1.396808875291073171e-01
3.244798873159649988e-01
5.857039393831418028e-01
4.063185339607561786e-01
5.088508320342770563e-01
-4.167381917973276839e-01
-6.832958610238705210e-01
-1.662319944085399070e+00
-5.206113408408669097e-01
-6.500931456630529293e-02
3.358271265645118020e-01
6.901371576347615777e-01
6.090409342123410674e-01
5.224035418243638818e-01
-2.489135090503232228e-01
-4.384478606522464461e-01
-1.769940720779965559e+00
-4.644207873097060402e-01
2.600667133106478457e-01
6.613717898958991759e-01
8.717378129014161647e-01
1.256315722088302556e+00
8.211363942420895068e-01
9.394377250000245372e-01
1.693840112490387073e-01
-1.915289775413359097e+00
-8.399588494107272929e-01
-4.196194370889694270e-02
3.528805241639672019e-01
6.561710685874300175e-01
1.120131579965444102e+00
5.485787584540354755e-01
1.129411349958313160e+00
8.706111706209765377e-02
-2.589669839689934250e+00
-2.026217667078967999e+00
-1.875371557440550285e+00
-1.359641109510417500e+00
-1.043828575377856671e+00
-1.280913147034707489e+00
-1.067779072195164547e+00
-1.986903325422818334e+00
-1.470753589892314084e+00
-1.975074319593887351e+00
-7.266418280221326187e-01
6.873984202380856168e-02
4.179466866393350410e-01
7.230402153324305692e-01
1.184130689853968521e+00
8.720692195196890761e-01
1.338036708474947378e+00
3.409840214627818944e-01
-1.731768426904913394e+00
-3.914815969755264247e-01
2.160032175050279613e-01
5.979801695448654364e-01
9.348655774507127481e-01
9.940473110165902737e-01
8.175732927416237139e-01
8.134480766033942711e-02
-2.407497324550187112e-01
-3.292025984217415324e+00
-1.715352478924620394e+00
-8.764869594824640231e-01
-5.142712320680905558e-01
-2.067254863862761638e-01
2.056811529669159422e-01
-8.062971035148525090e-01
-6.135463523418508425e-01
-6.656013688111087623e-01
-2.402586602896711554e+00
-1.082295437329384713e+00
-2.493354264459293756e-01
1.828954679072130329e-01
4.772608594372956259e-01
9.453277612824015907e-01
1.071464728031847925e-02
5.893018656029385127e-01
-2.672431369705981496e-01
-2.852536918912079500e+00
-1.713097009978246543e+00
-1.341692649533832160e+00
-1.024341840232182443e+00
-5.358183610214309889e-01
-4.372437027189035041e-01
-9.206111210053086191e-01
-1.639806774614157137e+00
-1.507882074829709929e+00
-1.893036243213293890e+00
-4.978366990952625137e-01
2.083171801017760227e-01
6.046779825535739672e-01
8.565848092357107868e-01
1.094658747764498008e+00
7.489727128915731891e-01
4.786486698635649129e-01
-3.462886346544735705e-02
-1.792140902203660513e+00
-3.450984167625064658e-01
2.913207962992063194e-01
6.718042296577259043e-01
9.661750685121881510e-01
1.061765649914171439e+00
9.139062804403091933e-01
4.794640503591440228e-01
-5.367769275822994318e-02
-2.008302365343241469e+00
-7.224281198226431000e-01
9.850256944802047304e-03
3.838556418393823666e-01
6.942162548484033247e-01
1.135412097671101073e+00
6.670090837571721609e-01
1.104978659712793077e+00
2.411777656391811686e-01
-1.527815123072828962e+00
-5.720179441621322525e-01
-1.946278662474721088e-01
2.707706935202375820e-01
5.365900883777036112e-01
3.461433301313722177e-01
4.567866446395368873e-01
-3.912854638645550387e-01
-5.883489884501473810e-01
-2.385039640120519167e+00
-1.788837523106484806e+00
-1.614818671060846533e+00
-1.098926038834084240e+00
-7.874021762057732410e-01
-1.022854053736984792e+00
-8.188959931968443628e-01
-1.835998053535376373e+00
-1.647366382166832288e+00
-2.616895215809107000e+00
-1.709093676284445085e+00
-1.450920147419751061e+00
-1.101372690981152536e+00
-5.924111192311151131e-01
-7.325024646106720327e-01
-8.670095290056263337e-01
-1.620589037838262136e+00
-1.357624290318401927e+00
-2.030590629407092340e+00
-6.720884516009513199e-01
-1.383705667084156321e-01
2.393606761284985118e-01
6.323864155199364623e-01
5.879288311664218059e-01
4.067956967782513367e-01
-3.777051470641175357e-02
-3.190182222888603980e-01
-3.005564873327048137e+00
-1.782673416519703125e+00
-1.347703421996758966e+00
-1.024682003837567246e+00
-5.829582581334123992e-01
-4.107838725662999457e-01
-1.040683232787003254e+00
-1.658945607773061770e+00
-1.462987722687241643e+00
-2.040264326181798094e+00
-8.452030142457256368e-01
-4.036165056473983020e-02
3.432455292159963811e-01
6.479878724757653918e-01
1.112398000807861997e+00
6.449061388952808116e-01
1.135198162230006247e+00
1.505482897620172567e-01
-2.104043652879804327e+00
-8.284250510118525979e-01
-4.222772680645123233e-02
2.838517475632758580e-01
6.012541535353271849e-01
1.060528289855184658e+00
7.643650757150877162e-01
1.253767240447224429e+00
3.441009187593542240e-01
-1.950665030083082341e+00
-7.481179454742775681e-01
5.388177435332497378e-02
4.214494604784150833e-01
7.277164373520169649e-01
1.185779749067588984e+00
7.816738707631416538e-01
1.274497428857181758e+00
2.631767404545523603e-01
-1.660140874430612312e+00
-2.546566229938325154e-01
4.031572627317987489e-01
7.813501794074889650e-01
1.049020181869926294e+00
1.220010726427779968e+00
1.050611528035356734e+00
7.093140858760484946e-01
5.072751749620355716e-02
-3.290190940918702900e+00
-1.777509061736656237e+00
-9.667457984158310813e-01
-6.332304264564339036e-01
-3.312372701650611040e-01
7.470417759135439262e-02
-6.650560751678723515e-01
-4.165967432160988526e-01
-4.487021835019259219e-01
-2.677405535987330332e+00
-1.834095409246983666e+00
-1.575147237451649085e+00
-1.224869731233706904e+00
-7.406528402770110597e-01
-7.821385112470095047e-01
-8.782792324600596778e-01
-8.427311301736301052e-01
-6.188394842094853132e-01
-1.839539408663593223e+00
-4.782631761675700810e-01
2.423231622446014311e-01
6.367545915145669255e-01
8.542950568813650891e-01
1.183897096257479298e+00
8.160163688465392751e-01
8.034168313480981594e-01
7.216292487164101266e-02
-2.201103721380754497e+00
-8.815365275025890401e-01
-1.515217262596392223e-01
2.663280845944858144e-01
4.948133072992829673e-01
8.644434058127066223e-01
1.229776896858503499e-01
2.838342001715820073e-01
-1.185896179482514023e-01
-1.803078102889649870e+00
-4.915492590975258369e-01
6.182215969968723329e-02
4.411909684198725423e-01
8.066235115876059236e-01
8.120237172566930894e-01
6.349494521350793619e-01
-9.948269048061845338e-03
-2.600835372832089321e-01
-1.236063854624718017e+00
-2.340486359415152873e-01
2.147874300177107232e-01
6.673400651250175342e-01
9.006909480859907058e-01
6.961134317862582854e-01
8.503031289110801749e-01
6.047145193367867849e-02
-2.839967897097247507e-01
-1.538168120602442679e+00
-3.486945680717409846e-01
1.669938328158263319e-01
5.545710448188247987e-01
8.898813615674167066e-01
8.253070113886805670e-01
7.701578725557760574e-01
-1.000328074277343632e-02
-2.763162551841076842e-01
-1.315089120411859547e+00
-2.983513861766087238e-01
1.346757450547830803e-01
5.896748613206179712e-01
8.302648114819355385e-01
6.271581501081467946e-01
7.729746588550501230e-01
-1.463196297666509785e-02
-3.298237992205046432e-01
-1.189229662005500510e+00
-1.560779998284176073e-01
3.194768846723521349e-01
7.602994139986584132e-01
9.917943906503013940e-01
8.305032867713021405e-01
9.439625638704508548e-01
5.364998978335797086e-02
-2.529500351851357021e-01
-1.823381628874796601e+00
-4.686194990577567943e-01
2.399746325777835643e-01
6.352514339347102856e-01
8.628199573062190764e-01
1.286763955385808789e+00
8.408515309270664373e-01
1.120327326369343401e+00
2.785371842522664787e-01
-3.079242012569278319e+00
-1.817622782402899650e+00
-1.327039466061853634e+00
-1.002644590082220288e+00
-6.057989195800265181e-01
-3.738214123484726592e-01
-1.135819819268926834e+00
-1.665208300665154129e+00
-1.411050396408205954e+00
-1.580528877912202201e+00
-6.668906812748952584e-01
-3.106421145670154593e-01
1.623730885689511072e-01
4.273737162868312400e-01
2.186373431843458837e-01
3.536725454549857206e-01
-5.649901797964366201e-01
-7.737454111198808215e-01
-2.146631490587999735e+00
-7.446351917359330663e-01
1.989037002724843017e-02
4.365184721838515913e-01
7.101669941731819646e-01
1.149264097383336569e+00
3.567238210749382188e-01
7.810894032919351027e-01
-5.025411148456764010e-02
-1.495040049354792178e+00
-5.551476279106806189e-01
-1.738231229133763989e-01
2.959892397575072387e-01
5.516033430941418292e-01
3.873358282683732612e-01
4.782400332536302368e-01
-4.025274430619854016e-01
-4.915416718518830219e-01
-2.615027744197260695e+00
-2.053937093619935261e+00
-1.908787950551160240e+00
-1.395145522682775141e+00
-1.079969340783849763e+00
-1.308918921625025433e+00
-1.098591493241247719e+00
-1.743572163732198366e+00
-1.179912305669823969e+00
-1.146986602271270694e+00
-1.123215756977450908e-01
3.756261730533404508e-01
8.082628267232734309e-01
1.041791982223934543e+00
8.562064290161873759e-01
1.001202428567498970e+00
2.575898435859507729e-01
-1.292608536673411634e-01
-2.770825877802211235e+00
-1.618415572874035480e+00
-1.201677154439741990e+00
-8.719244842888861369e-01
-4.099244871279978386e-01
-2.977951675191807257e-01
-7.356466924070753644e-01
-7.497141831111041599e-01
-5.568548649437841114e-01
-1.571986151013326394e+00
-6.651602954497103370e-01
-3.060742190799277118e-01
1.696356831558189227e-01
4.290905604658939998e-01
2.460964574140399874e-01
3.609245220024354661e-01
-6.046982610291636862e-01
-8.096901780628887879e-01
-1.994003687726599194e+00
-6.571372045684338303e-01
6.859198846319874976e-02
4.775215126322205905e-01
7.047562563025290272e-01
1.035843686446623169e+00
4.927617460323184262e-01
4.908300654035801514e-01
-5.634221348055187990e-03
-1.852997538981552061e+00
-7.611778119124079645e-01
2.407053737521882772e-02
3.803183918844965095e-01
6.873888613719466578e-01
1.150311149661444654e+00
8.267745198350150426e-01
1.291307549235361840e+00
3.076651531408982065e-01
-2.338627445021615348e+00
-1.066737696287279213e+00
-2.370079031528649072e-01
1.779860992558841559e-01
4.773973345408634161e-01
9.525690752800325400e-01
3.785175967734669689e-01
7.809403545182090900e-01
-8.285832808996035229e-04
-3.216210756611189492e+00
-1.773854952074917612e+00
-1.093923329195577665e+00
-7.507122619290202969e-01
-5.110442951918179322e-01
-9.827852484814315892e-02
-1.578663131291535127e+00
-1.273883717205051447e+00
-1.033907970497214501e+00
-2.415071169997656586e+00
-9.163439602019720631e-01
-2.148278633921811009e-01
2.076573554713241898e-01
4.555855264567920115e-01
6.991397452583373306e-01
1.638222669687539601e-01
8.768672252112044707e-02
-2.288411067237389462e-01
-2.699404837769741050e+00
-1.880749094931401411e+00
-1.647032322306160257e+00
-1.289727546342061881e+00
-8.026890130708835835e-01
-8.607945073888509935e-01
-1.044253716604895299e+00
-1.887771349483354566e+00
-1.468828589823396813e+00
-2.416810775217919538e+00
-9.547251635138352954e-01
-2.423190556744684865e-01
1.881200362581970376e-01
4.427145779473746767e-01
7.396111454656379980e-01
-4.067642333927491693e-02
-2.601842989658000871e-01
-3.693207111647623941e-01
-1.951002575850059539e+00
-6.343855130260653841e-01
-1.273554106669703423e-01
2.481026700457260314e-01
6.453025966472013542e-01
6.447997182301932195e-01
4.134976070445227636e-01
-1.811190560218590984e-01
-3.086375204842592979e-01
-2.418775625389261386e+00
-1.830130171700315111e+00
-1.640596638504404625e+00
-1.137935014986166005e+00
-8.351254599969661907e-01
-1.004172981090371009e+00
-7.600728705075570080e-01
-7.631254394806551433e-01
-5.327539868678138335e-01
-2.237037597492696150e+00
-9.933163911945475100e-01
-1.956678476812399037e-01
1.696753679313249275e-01
4.878876749804294533e-01
9.479610595393466177e-01
5.236902798653688684e-01
9.890496932454916346e-01
1.784736928299054115e-01
-1.754776897884674947e+00
-5.015670444187276811e-01
1.951530484311266578e-01
5.611529109726917097e-01
8.319585534136253457e-01
1.274061553721131945e+00
8.771054957278281439e-01
1.261045407688678344e+00
3.559393542704549218e-01
-1.884389197580033093e+00
-5.984788797901484658e-01
-9.150969485741908271e-02
2.863782111799698105e-01
6.813254784288987898e-01
6.659980201508433062e-01
4.704112838288863063e-01
-2.657173076332947637e-01
-3.971901429303315023e-01
-1.700318603254131311e+00
-8.251181313014445129e-01
-4.930502754378160990e-01
-1.407352843509486820e-02
2.622758405831582262e-01
5.303843005083041379e-02
1.856095919025513019e-01
-6.956695134092011346e-01
-7.277080831820613716e-01
-2.078274185555414544e+00
-8.825857959901368677e-01
-7.268026490978779508e-02
3.162982202854024982e-01
6.175584067791130005e-01
1.084161183380183191e+00
6.088338367187383637e-01
1.106174124936823988e+00
1.460328536309594416e-01
-1.708053428013936559e+00
-3.332174073328651454e-01
3.349398778215748052e-01
7.216741053475426160e-01
9.863295321057743426e-01
1.182514227388022254e+00
9.436667231602476891e-01
6.048292860392019410e-01
7.381734062687574094e-02
-2.463204586038689303e+00
-1.873826461881790140e+00
-1.701941520542261221e+00
-1.194775464645296825e+00
-8.798916657021161880e-01
-1.080695385926870866e+00
-9.118749390702226565e-01
-1.926723107784940048e+00
-1.427442069643318323e+00
-3.339041730922931883e+00
-1.751429842810583670e+00
-9.380056393965400252e-01
-6.026177434645502151e-01
-2.921706027963190122e-01
1.156457508603190854e-01
-1.007795549811913327e+00
-7.673398700253440952e-01
-7.151875258279196679e-01
-1.223337153251602860e+00
-1.886045485871760963e-01
2.829377526247119357e-01
7.237075438209693568e-01
9.630027758293399076e-01
7.900250694121365713e-01
9.104389015841563015e-01
6.692403804089275265e-02
-2.132220248444211264e-01
-1.194435960286015952e+00
-1.569324102049953207e-01
3.205699938420256134e-01
7.593848944348075003e-01
9.965073604659211437e-01
8.491314086175206777e-01
9.434301178535986487e-01
6.254955301629396003e-02
-2.165020982176199538e-01
-1.866761834591584179e+00
-7.687720243001006093e-01
-8.665308317570967825e-03
3.320259801010861378e-01
6.605526780955363053e-01
1.106786676195788299e+00
7.642956457501816070e-01
1.251848975788321328e+00
3.670737892471722663e-01
-1.136529949538534146e+00
-1.199514787869284671e-01
3.647448601453775474e-01
8.018488664494115570e-01
1.030788569112205622e+00
8.322993532482346746e-01
9.906421850056075229e-01
2.196946997219950404e-01
-1.343571400258093962e-01
-3.136085577632370391e+00
-1.730889451561456349e+00
-1.084068544117252397e+00
-7.396963464808115063e-01
-4.935458661548685622e-01
-1.324795583889012973e-01
-8.838337561640114970e-01
-5.789666287705269587e-01
-4.262145995686846267e-01
-1.695899230034219274e+00
-2.858905903912135615e-01
3.740212658236994892e-01
7.543218515958881598e-01
1.042779727591999439e+00
1.202264171925982561e+00
1.000171123045292099e+00
4.687033479618417653e-01
1.056808780143786604e-02
-1.389588704799102903e+00
-4.191920518910648430e-01
-9.967377114784235423e-03
4.515384698346843750e-01
7.010552164233935235e-01
5.391214525635460442e-01
6.303678856483857507e-01
-2.357331299774182154e-01
-3.658247704277018397e-01
-2.817493024538884505e+00
-1.833700399871439402e+00
-1.563621021610630546e+00
-1.251140407006603894e+00
-7.072859784420308937e-01
-8.268440976902753370e-01
-1.031583183048099261e+00
-1.582206523414106725e+00
-1.149739443619781420e+00
-1.997288269363541868e+00
-8.183275943410895925e-01
-2.874775822545133988e-02
2.980899653959759310e-01
6.183686324306828519e-01
1.073516766210063089e+00
7.855225751457072247e-01
1.271450033025157689e+00
3.780483698804126269e-01
-1.918584429176190431e+00
-7.721099208858983598e-01
1.931429626697676177e-02
3.372865735957631950e-01
6.567566058712445143e-01
1.115125782197086357e+00
8.878511385557275037e-01
1.353633458602377937e+00
4.481988901913718792e-01
-2.903077086368054616e+00
-1.629329880974043299e+00
-1.113994833719932576e+00
-7.743498523575147452e-01
-3.781845384900400786e-01
-2.094610559565433239e-01
-7.993928681952071624e-01
-7.340508437540489428e-01
-5.440558109924586994e-01
-1.452275158236193908e+00
-1.940810049480211352e-01
4.085322891589762140e-01
7.748294053118404134e-01
1.088554282418297880e+00
1.121957094986908876e+00
1.048474355355192511e+00
3.399937746803450844e-01
-1.677151471209358327e-02
-1.847302733944074404e+00
-6.453211589541811843e-01
9.659412173301880344e-02
4.614843124978473821e-01
7.739460761191815363e-01
1.230738193657032742e+00
8.797207912284976672e-01
1.347968685964552993e+00
3.601040267203077794e-01
-1.358984324167864077e+00
-3.461696481704917283e-01
8.247040268272215480e-02
5.339134159704432836e-01
7.872366687701024546e-01
6.349902529694873010e-01
7.148112916969319164e-01
-1.515615461279140874e-01
-3.110309397563670308e-01
-3.167315949852045343e+00
-1.650296915751054749e+00
-8.249389601879847378e-01
-4.419700238760102540e-01
-1.479498419780951313e-01
2.704818588168018123e-01
-6.078965474130781921e-01
-4.144760329697823598e-01
-4.895726273937296424e-01
-2.175281587264938032e+00
-9.181549317469502869e-01
-1.250279864126170870e-01
2.227930388678303619e-01
5.394205514158918469e-01
9.974672684717901250e-01
6.378433664231830669e-01
1.123497611901001170e+00
2.836625649634897384e-01
-1.502573051604762622e+00
-1.889703604316240459e-01
4.289854900368825219e-01
7.939646001320717073e-01
1.094460330631102707e+00
1.167648956286875261e+00
1.065209639000011421e+00
4.871351319196887131e-01
6.119088351273121312e-02
-1.280002809951564569e+00
-2.074621600833992108e-01
2.756156743903364625e-01
7.037664092765615331e-01
9.655043482687267753e-01
8.350096651309479867e-01
8.989535792002092407e-01
4.583365829123894897e-02
-1.954946246384501041e-01
-2.733994841793888408e+00
-1.671659290966364786e+00
-1.321643949444851529e+00
-9.995726844533306954e-01
-5.036197848533289223e-01
-4.532331674710979308e-01
-7.366116320582176691e-01
-6.781737780335912458e-01
-4.604052907082461510e-01
-1.878723840570653003e+00
-4.868441230256758678e-01
1.015868398826637181e-01
4.819932270042536770e-01
8.273488537300757173e-01
8.018377236614927517e-01
6.945888260320078889e-01
2.572110526897603000e-01
-8.575408154489630452e-02
-2.043414080742453010e+00
-5.752404556463620589e-01
1.186183041804819288e-01
5.273256026916980366e-01
8.109843592584017324e-01
1.016232939058298701e+00
6.388253539220979382e-01
1.484143334144886750e-01
-9.111040828085187337e-02
-1.810094161436054616e+00
-6.875591885547442939e-01
5.764314044764888567e-02
3.823766185639859705e-01
7.089048610029542452e-01
1.155817874996249772e+00
8.851091521173225507e-01
1.374051255896149959e+00
4.893737632235097834e-01
-3.432390786978959607e+00
-1.818781731628150711e+00
-9.843451323149318144e-01
-6.580215864451514074e-01
-3.329702877807441674e-01
8.458462078181294697e-02
-1.743774244058158951e+00
-1.194424941512595373e+00
-9.205561465969814838e-01
-1.211124720880101924e+00
-1.721799072791889429e-01
3.030511499382498863e-01
7.413254226267914637e-01
9.822191162316428192e-01
8.386008916969029947e-01
9.263888648513145530e-01
5.347441637622925292e-02
-1.725046226957204498e-01
-2.327288658264930810e+00
-1.028661544388358218e+00
-2.026395701336189126e-01
2.250316294502968939e-01
5.208049803857983662e-01
9.927359554666804753e-01
2.142014866219877633e-01
7.967666127826936728e-01
-7.779041313661762269e-02
-1.978827934176764725e+00
-5.585469621210372715e-01
1.316919357003388802e-01
5.311516814306135315e-01
7.966080261522602290e-01
1.003591069762743704e+00
6.475122960237011949e-01
3.533872685994174923e-01
1.680203136765818714e-02
-1.724103514415942895e+00
-3.357215354566052690e-01
3.641742139247962085e-01
7.557240895607563180e-01
1.001382448060335051e+00
1.259482485154856501e+00
9.859992461058703084e-01
7.271228040983876983e-01
1.161228341566816896e-01
-1.434943603295062875e+00
-4.609996886781726477e-01
-6.750362515117160067e-02
3.984773739756979904e-01
6.471546746899893288e-01
4.611793219641565633e-01
5.807377455712701142e-01
-3.362568854752990832e-01
-4.711629455130085797e-01
-1.202552332274072544e+00
-1.561807051484533637e-01
3.217906046644609108e-01
7.616389841769622970e-01
9.949908702568808216e-01
8.270187062907194964e-01
9.475819005847031518e-01
9.420566365560384403e-02
-1.394010382931594183e-01
-1.581640232634418330e+00
-6.740263606581632372e-01
-3.210581471652533825e-01
1.545946053405241605e-01
4.152635991845177732e-01
2.472210708513429556e-01
3.454106083689496010e-01
-3.885973669527083563e-01
-3.138885870731546457e-01
-2.461515920639865573e+00
-1.440871418946045202e+00
-1.100875091327396804e+00
-7.522271112866237841e-01
-2.727983134847353774e-01
-2.823964607877261779e-01
-4.935179597512253102e-01
-5.297637481433380424e-01
-3.317044389122316139e-01
-2.244794324476237168e+00
-1.026619998744684459e+00
-2.190524872184526628e-01
1.953646647843712281e-01
4.994055454890623524e-01
9.707158320380980809e-01
4.136784479804014314e-01
8.072398733123608006e-01
5.853128466615819397e-02
-1.306605099056711516e+00
-2.850782779292534985e-01
1.595168310138935786e-01
6.071056446609184309e-01
8.575874647132974982e-01
6.799328860002622488e-01
7.940349166638696055e-01
-5.730513497797002503e-02
-2.340289871854132342e-01
-2.037235003084430840e+00
-8.719546126583901380e-01
-5.753664462355405351e-02
3.387333078451073010e-01
6.399151803790196213e-01
1.106573567196299290e+00
5.613192108698089600e-01
1.125422633905104774e+00
1.463492593400571029e-01
-1.801646266691292908e+00
-4.744094476887821266e-01
2.471808275358382823e-01
6.551438040013073394e-01
8.852252165350860125e-01
1.307369786885623553e+00
7.753020154143570597e-01
1.000305441235606052e+00
1.950308862758079465e-01
-1.357871107034090974e+00
-3.715791803165386376e-01
4.768752429931650411e-02
5.082756000984812728e-01
7.524670769650096958e-01
5.752218878366686106e-01
6.871103152959774363e-01
-1.248014361010793410e-01
-2.770818452083656513e-01
-1.956238281839528304e+00
-6.570868361360782117e-01
1.007300226059689163e-01
4.944748387736726536e-01
7.944835396279359419e-01
1.246488244030871551e+00
6.531589701744929810e-01
1.146672120449771848e+00
2.241121169733212293e-01
-1.162174241725149271e+00
-1.395832333318005047e-01
3.367354197980355068e-01
7.768964227424220992e-01
1.005498062859945474e+00
7.922475518417770868e-01
9.617405666812016696e-01
2.429031182419299495e-01
-7.264893883524296825e-02
-1.941556087735500258e+00
-7.830012712364043947e-01
7.743398000300162967e-03
3.851812241977699003e-01
6.896844677449198713e-01
1.152079102614531170e+00
7.168781770213735749e-01
1.255075445672002576e+00
2.680895866165909358e-01
-2.221890123443022169e+00
-8.813821251667836032e-01
-9.070703395316746798e-02
3.019474922586952159e-01
6.139946407461019939e-01
1.075356070394652086e+00
5.939450118727408467e-01
1.009747960783344833e+00
1.894639855796659555e-01
-1.898143113922302394e+00
-6.657216693334763180e-01
8.950593582822924388e-02
4.467436129871279471e-01
7.617386418894500633e-01
1.220304791002764011e+00
9.223547019742540654e-01
1.367635989488700687e+00
4.290770053332354506e-01
-1.803621473831743316e+00
-4.912558149097787652e-01
5.279994765908305882e-02
4.284323360944553016e-01
7.962280763955297269e-01
6.963090453490902165e-01
6.454663695960776160e-01
1.864577958662901047e-01
-8.363933034510140363e-02
-1.783831792353056889e+00
-3.776590167105869922e-01
2.953774492776154448e-01
6.865955531779046606e-01
9.700738834938326116e-01
1.152045963458936173e+00
9.020816409851486473e-01
4.190987078302807478e-01
9.309026696502929743e-02
-2.197809075463268869e+00
-9.285057167956580759e-01
-1.139802314083259577e-01
2.977533287981348753e-01
6.017020371943858636e-01
1.068486624365745152e+00
3.982008428208607120e-01
9.536197443922064254e-01
6.763266952450827652e-02
-1.389826022260195915e+00
-4.070934386662996007e-01
1.970726496290065802e-03
4.629761838469326207e-01
7.104304421039397965e-01
5.165835802646046027e-01
6.462881484062450443e-01
-2.385387711693108814e-01
-3.352570133226971949e-01
-1.244487244958867533e+00
-2.364470716676666251e-01
2.160659968880952742e-01
6.672460634789744160e-01
9.013918529029536497e-01
7.405022467999794467e-01
8.450856309759150475e-01
1.044079081273372768e-02
-1.303871162258942173e-01
-1.606542247036886861e+00
-2.840595516208192506e-01
3.947183843008288950e-01
7.777279992349823701e-01
1.032260871546072156e+00
1.245929033015545251e+00
1.019638647765656714e+00
7.450721939194235866e-01
2.244627790093366160e-01
-1.604360425970877913e+00
-2.473325560472435514e-01
3.749288549740594223e-01
7.472651008992092780e-01
1.058989019806274356e+00
1.135524894194297252e+00
1.015773891172208065e+00
3.922171048143756611e-01
1.084442395611800031e-01
-2.217937801117809915e+00
-9.902881399297914777e-01
-1.627509171636260521e-01
2.592771177233440527e-01
5.582818967161262691e-01
1.027192146046567833e+00
2.933267154319252890e-01
8.504337422639552946e-01
2.223141738661686684e-02
-1.852457000045259816e+00
-4.313818678799550277e-01
2.738606864669900220e-01
6.726800066705010961e-01
9.253429428953474645e-01
1.185459992582808209e+00
8.502062521221036562e-01
5.404439870719653927e-01
1.270166834943556033e-01
-1.294854374734559999e+00
-3.071499045716856724e-01
1.247741888843273278e-01
5.816694126898740436e-01
8.191513880493971334e-01
5.665255856417995561e-01
7.614665556789430578e-01
2.146740701186901357e-02
-1.912360545619937180e-01
-1.978007695833807311e+00
-6.788976911312142315e-01
4.299364086038373611e-02
3.949703041063365450e-01
7.105081488786485489e-01
1.149602442818648651e+00
7.289929074008971721e-01
1.192030471644688561e+00
4.039706793385756667e-01
2.125532659506335076e+00
2.078748804670882411e+00
2.020999712382612667e+00
1.955045015569190081e+00
1.898768586057614449e+00
1.856947537717978713e+00
1.779336029048397272e+00
1.727387158119763733e+00
1.473624953477661759e+00
-1.908554189065575724e+00
-7.392770075037045086e-01
2.018183761950795296e-02
3.364650177063898684e-01
6.552742850319637213e-01
1.104583357018874556e+00
8.818976721992324297e-01
1.369571532984116491e+00
5.569976779224196095e-01
-1.242492005809151090e+00
-2.314994453373437067e-01
2.274202371101569919e-01
6.727305113686978810e-01
9.119197716786284769e-01
7.297564352495995443e-01
8.571732729316926536e-01
2.287783401246644074e-02
-1.027578169502523092e-01
-1.417896856175421938e+00
-3.138658744567348058e-01
1.561852391570158760e-01
5.771528747722355357e-01
8.682446376443377911e-01
7.130943612101846574e-01
7.801223001087379538e-01
1.944166738194977317e-02
-7.987151361754525614e-02
-1.555034958455971061e+00
-3.028383492042736602e-01
2.505536203480900337e-01
6.286206127375573161e-01
9.613506011486852021e-01
9.278890027300170651e-01
8.613696870125554517e-01
1.789416681126587139e-01
5.643293822834712092e-02
-1.188260679367921568e+00
-1.605022281411020713e-01
3.215689366372375679e-01
7.601832402606788497e-01
9.953340505588430531e-01
7.670543941777064889e-01
9.444439437001230786e-01
2.709753520225554047e-01
7.305714910532117197e-03
-1.136809300236284459e+00
-1.172310532523266474e-01
3.678858977558882581e-01
8.064460318387933757e-01
1.034131676055882965e+00
8.796886404020474171e-01
9.888673227551971756e-01
1.790488820037108020e-01
5.283672161515791388e-02
-2.346289672112839675e+00
-1.041166831906196855e+00
-2.209536777753074999e-01
1.994422126904635273e-01
5.007947173584311740e-01
9.705805220355502305e-01
3.937844546991824957e-01
7.772843061714431734e-01
1.134498110881681926e-01
2.164815199141736368e+00
2.183224206181683336e+00
2.088197648904893455e+00
2.015413557988994242e+00
1.990352786611943037e+00
1.953633827576698234e+00
1.884596530748205323e+00
1.831229953467500948e+00
1.563498565620131453e+00
-1.680668309783686309e+00
-3.063444506009093127e-01
3.605942881217680807e-01
7.417925830870518711e-01
1.010949667219300574e+00
1.188209060788853133e+00
9.761158673995969925e-01
6.541681499954760115e-01
3.462482811559468576e-01
-1.739870549169645120e+00
-7.448245681608089974e-01
3.603925621591651252e-02
4.102114948952499396e-01
7.180688674229263047e-01
1.181689815417283240e+00
7.944180997961767243e-01
1.299135337206217988e+00
3.980510405323372525e-01
-1.843365729279194509e+00
-8.309549524641164364e-01
-2.705822810646690488e-02
3.588854427097881161e-01
6.657750499710205494e-01
1.130862249325270907e+00
6.461184567016612368e-01
1.169843666836244633e+00
3.090206384040607990e-01
-1.984858397048983703e+00
-6.757927215219441397e-01
6.878838631143374682e-02
4.718018285971574688e-01
7.707175554900711489e-01
1.222868250836239401e+00
6.665720017256965280e-01
1.094305995180824276e+00
3.512606054732099192e-01
-2.189153588649561666e+00
-8.808132373085431066e-01
-1.234995372294196425e-01
2.412097753952263945e-01
5.592676764924596755e-01
1.000221343727472734e+00
5.982471414687885458e-01
1.055956889938978183e+00
4.848736854986623879e-01
-1.267703984680449203e+00
-2.434266974435212727e-01
2.088980356270077887e-01
6.568653871909287956e-01
8.957020025590965995e-01
6.611074492724660079e-01
8.394410176800934931e-01
1.099006395258342594e-01
1.164693747656447009e-01
-1.254722575422802411e+00
-2.469136788376727620e-01
2.030796279343500543e-01
6.549816872557079339e-01
8.902770038333062130e-01
7.293656053454830035e-01
8.366821382303027965e-01
2.202712622587716385e-01
3.416128381271316128e-01
-2.147683856024811710e+00
-9.517181437850271708e-01
-1.539446945663367483e-01
1.933748762358851736e-01
5.107714123225735037e-01
9.602710844443789195e-01
6.049063534343369630e-01
1.077457573247598610e+00
5.648171017634193714e-01
-1.454872098977423756e+00
-3.260564222446178939e-01
1.586096912494192324e-01
5.655566337412669675e-01
8.753477574082043633e-01
6.418449598261762867e-01
7.708480969005483407e-01
2.328431468442081764e-01
1.891749753712745896e-01
-1.134481519832921448e+00
-1.150224319655818173e-01
3.705920490552503388e-01
8.055219710547161238e-01
1.033049034606793093e+00
7.927665664669880652e-01
9.861239825726393349e-01
3.272599965108370368e-01
3.241146076147942701e-01
-1.172273318016028965e+00
-1.532059843522805276e-01
3.233623666543437580e-01
7.639126614071251042e-01
9.960496579884360324e-01
8.435363335989074507e-01
9.489433328009704294e-01
3.910553731931749599e-01
5.088207638058714899e-01
-1.750730750816027914e+00
-5.531516393139621623e-01
1.811730909160723380e-01
5.776502845244874118e-01
8.489888134025400657e-01
1.295932318994890808e+00
7.983055526112858846e-01
1.139560408015052539e+00
5.169742018029429564e-01
-1.915694062498836114e+00
-7.942895113294864418e-01
-1.766112455418560392e-02
3.414966189022548559e-01
6.600281634622015003e-01
1.118032305941885074e+00
8.152846878621435867e-01
1.241205987015571388e+00
5.549470214328982021e-01
-2.028162663672727017e+00
-6.165825143788958851e-01
7.522143182738996736e-02
4.804843971352066867e-01
7.411842859748267731e-01
9.617770498925749534e-01
5.806150950169244318e-01
5.379380957998641799e-01
6.270431839550241193e-01
-2.245778088561195762e+00
-1.024656477771448859e+00
-2.104539304824312729e-01
1.941142591280107799e-01
5.029746082181567601e-01
9.728235977587955663e-01
5.411201308142744582e-01
9.375856072847424949e-01
4.163206566469619396e-01
-2.671909001390930793e+00
-1.879604149747443165e+00
-1.670941527948265559e+00
-1.284595137397788633e+00
-8.125647066289151121e-01
-9.300844205675320442e-01
-2.600633893449361134e-01
7.736798266932778945e-02
2.941158799077260300e-01
-1.442812023404566935e+00
-4.852383522297842311e-01
-9.375950831668590502e-02
3.706779336952956139e-01
6.240431833044439713e-01
4.586680652897479060e-01
5.833518307606364584e-01
3.888125490147778529e-01
5.819048177126880939e-01
-1.816444067360469372e+00
-7.242390268671980991e-01
5.445214677828291022e-02
3.872194515059140807e-01
7.007523998600546644e-01
1.158946449717869198e+00
1.001091102985789849e+00
1.412730069286440626e+00
7.026150424279240525e-01
-2.027817697632993355e+00
-6.703132127470763368e-01
6.201952138474781800e-02
4.814164944773265398e-01
7.170018651351409700e-01
1.092121383790386924e+00
5.554358274918199667e-01
6.039974863127033355e-01
4.340400847443863785e-01
-3.102082584964564127e+00
-1.807434742930920546e+00
-1.340249362754444507e+00
-1.035365202984388500e+00
-6.011569466329308442e-01
-6.538377490171688455e-01
-2.960364819750777587e-01
9.949541234540153212e-02
2.797436389583042304e-01
-1.399467961408155992e+00
-4.198069782359252766e-01
-1.456364192125978070e-02
4.468767223080580275e-01
6.948471742318629296e-01
4.266998082882476062e-01
6.028280425654689578e-01
1.852234917477065812e-01
2.945938807205620291e-01
-2.541642855877664697e+00
-1.113939952484255702e+00
-2.803373293268944799e-01
1.567320504156417271e-01
4.518122824023749762e-01
9.280971251046163939e-01
2.308568373612137903e-01
6.361758554689157519e-01
3.062417977948709291e-01
-3.065895283910634816e+00
-1.704061213903542038e+00
-1.038484571707417370e+00
-6.934652712617918047e-01
-4.552646544945588292e-01
-9.826332632990686378e-02
6.916517569270415333e-02
4.444086229704957702e-01
6.314437569974862274e-01
-1.883273024167008369e+00
-3.932158550347615855e-01
3.067021785483425855e-01
7.014241360147781545e-01
9.538320711491639070e-01
1.188978468710509828e+00
9.403373678457375151e-01
7.186393213567761062e-01
5.393320476463671076e-01
-1.785419493885946896e+00
-4.909903306037987081e-01
2.363464677458770036e-01
6.368735690221999368e-01
8.508566551879513939e-01
1.234660291800212084e+00
7.905917082692912601e-01
9.835546309093931017e-01
7.402496821080459810e-01
-1.904149695562769473e+00
-7.488552612338272851e-01
2.470393528999112812e-02
3.692636456141525914e-01
6.786756909395454951e-01
1.140940700023561849e+00
9.392657022202748340e-01
1.361256163967923261e+00
6.643538467198895070e-01
-1.696017117424012177e+00
-8.254340858661814995e-01
-5.046495520696999693e-01
-1.886696025222720299e-02
2.440705897958367898e-01
-1.283470901006582288e-01
1.611289700015859361e-01
-6.915429193373934247e-02
1.777620941539189703e-01
-1.639536630507192339e+00
-2.439339856948729013e-01
4.088433791079551516e-01
7.865239625843414295e-01
1.055879208870523334e+00
1.231978637758773587e+00
1.040384651797266136e+00
7.925601560654017552e-01
7.294184448632310414e-01
-1.905870124836795076e+00
-7.196076378680994479e-01
5.483340313485141060e-02
4.336340081793133572e-01
7.478519593542859445e-01
1.209673312461268635e+00
8.305276085966417643e-01
1.310756151574549833e+00
5.777203479850313572e-01
-1.763375949495026518e+00
-5.224502207708421331e-01
1.726062620839144135e-01
5.392345846693935574e-01
8.197403792335161699e-01
1.256736142235725939e+00
8.452281040570340798e-01
1.298076719179155791e+00
8.452074273656772219e-01
-1.966396658492025606e+00
-8.065229978565956470e-01
-1.780351735881371966e-02
3.751393500034208017e-01
6.875552550750347880e-01
1.151209834477509686e+00
7.218269906452076112e-01
1.198900061523965777e+00
5.218563974399357264e-01
-2.491082394822700330e+00
-1.907436299114469991e+00
-1.758685063997548204e+00
-1.239827229191552638e+00
-9.259439923810527384e-01
-1.187519329870921680e+00
-6.809857934629990339e-01
-4.979382578400859405e-01
1.561102599485489628e-01
-1.173012834545241745e+00
-1.160182510908951692e-01
3.780223534837962029e-01
8.075577385193813962e-01
1.046235251118153853e+00
8.069938246988145325e-01
9.576597297276900900e-01
4.944439671655260771e-01
4.476297459282046476e-01
-2.253664675051931798e+00
-1.611279423954612655e+00
-1.419203911770512860e+00
-9.054295015320835693e-01
-5.990225132703402844e-01
-9.203126020340729463e-01
-3.585388198833863171e-01
-1.323509166243088675e-01
1.643322087426387912e-01
-1.203090272789434367e+00
-1.821547999045934618e-01
2.852983634276848868e-01
7.283671851487001359e-01
9.601169149221493448e-01
6.870933985048036652e-01
8.975589231771361476e-01
2.861560184918963690e-01
4.129363349894558666e-01
-2.586264945862896791e+00
-1.910326476856194944e+00
-1.699182557644216773e+00
-1.285048809721668350e+00
-8.731522523032725358e-01
-7.551540325975313328e-01
1.196880106378309799e-01
4.870045088690294066e-01
6.856471874588562221e-01
-2.080192760771233829e+00
-6.791690736845567011e-01
-1.469747464925430791e-01
2.306928253659792372e-01
6.305623002775201380e-01
5.712844739072411304e-01
4.232535062410912041e-01
1.159939954225144704e-01
3.467647162694313945e-01
-1.227442572837517343e+00
-1.852943782430306607e-01
2.916807785213326176e-01
7.258972083402064346e-01
9.716441549148536749e-01
7.912797230968253714e-01
9.055230531697356922e-01
4.223350588744237966e-01
5.274252435897787139e-01
-2.194924573925818301e+00
-7.773091555998871138e-01
-2.432722542654296716e-01
1.351861884415316850e-01
5.430949309904387068e-01
5.179667844923795395e-01
3.016430482075902475e-01
3.028513833953637088e-02
3.271738144736289766e-01
-2.283271395328619224e+00
-8.262179992275717755e-01
-2.168243812383045532e-01
1.893844139389883330e-01
5.259931789526893775e-01
6.567556556162725823e-01
3.554389413530859021e-01
5.305116990542919631e-01
7.053700466573992189e-01
-1.529553181190564048e+00
-2.088206460827033428e-01
4.195955855050050309e-01
7.842122747281333739e-01
1.077503911600901976e+00
1.111927556426013375e+00
1.019196186257481873e+00
7.904113937352694741e-01
5.624033918075622696e-01
-1.370158396868722539e+00
-3.508272665853611749e-01
8.206422495534275441e-02
5.339468247624791220e-01
7.901723898497621246e-01
6.391976045327830702e-01
7.404247462599696794e-01
5.174256926281527447e-01
6.994270990763141738e-01
-2.895451160910495592e+00
-1.830528186178644212e+00
-1.506067256696987711e+00
-1.205594664242774616e+00
-6.656526582411855797e-01
-6.887534288184308240e-01
-6.728032890076218742e-01
-4.419921426350770233e-01
2.170584697390550988e-01
-1.268967308037998176e+00
-2.269335677623488812e-01
2.286976576960927099e-01
6.744844931296790635e-01
9.142121587456125686e-01
7.616094603639329552e-01
8.695857447700083842e-01
5.376934488683219326e-01
7.051760007511299611e-01
-1.883362289226911512e+00
-4.764009601144330586e-01
2.281293322502928045e-01
6.242100683549864915e-01
8.653012522888758884e-01
1.119987413881089910e+00
7.879867027717473160e-01
7.373763640910858674e-01
7.561229231541787277e-01
-2.002818475198773207e+00
-4.917749908234714806e-01
2.062052218208225984e-01
6.037566829317514427e-01
8.696379902178447141e-01
1.078736184369934348e+00
8.113330232505873152e-01
5.823623665816692885e-01
5.292193152719051330e-01
-1.878697237411792065e+00
-4.280605877257614988e-01
2.959445220769796880e-01
6.920334763328497285e-01
9.166618098858275721e-01
1.244365488138298392e+00
9.223325751313821153e-01
8.746765324097536265e-01
5.988217828145743216e-01
-1.480173536889544339e+00
-4.925164934371337178e-01
-1.021551420664409959e-01
3.607404598751577374e-01
6.179748565009260952e-01
3.007550814498995972e-01
5.286365948107927260e-01
-7.709873360265288855e-02
3.108490322651973337e-01
-1.200589544115277851e+00
-1.610556422805193288e-01
3.248814522634067559e-01
7.545222632798823659e-01
1.004257977502687638e+00
8.614904958647828792e-01
9.556783457753149635e-01
5.409775012208922762e-01
6.984977040860934627e-01
-1.222845912227014109e+00
-2.033489922561040331e-01
2.541394987419167695e-01
6.995924258239816229e-01
9.320967075291795023e-01
6.475157417803693027e-01
8.623496222939510680e-01
2.755533377555005603e-01
4.291187980975362803e-01
-3.371054483767545129e+00
-1.801364721690185799e+00
-9.851999858698635704e-01
-6.571644665021968423e-01
-3.368425979490836664e-01
5.845250616886158573e-02
-2.656585634494633141e-01
1.354786472635154948e-01
3.816103662488582460e-01
-1.944512338378708183e+00
-7.541428552169786581e-01
1.609364049199850724e-02
3.261258024342193473e-01
6.490612467791331275e-01
1.093167257696359362e+00
8.728628583585011924e-01
1.358764601711730080e+00
9.226336767987634024e-01
-1.268841612693528242e+00
-2.729897397510238077e-01
1.668853268430584014e-01
6.181682387491220787e-01
8.543837574606741869e-01
5.355296291158413435e-01
7.683892763571026352e-01
2.156362924808980785e-01
3.908166738723804490e-01
-2.605239435843491602e+00
-1.843190572153323714e+00
-1.649832128008157373e+00
-1.263347905226094747e+00
-7.836837514549986894e-01
-9.786992691780607156e-01
-5.904228773218849202e-01
-3.495929617529701106e-01
2.665944018252891512e-01
-1.778272315581253427e+00
-4.183522225445960308e-01
3.000532190388344733e-01
6.895030873973421182e-01
9.053976246740360612e-01
1.190193498371955094e+00
8.836074028989768792e-01
9.465727024439650750e-01
6.187722567298279408e-01
-1.629811616546971598e+00
-5.675471503864065737e-01
-1.495303353728852092e-01
2.726395407919744995e-01
5.994022664733299477e-01
4.858879496072048276e-01
5.321848088018615863e-01
5.573771446168807042e-01
7.473717792657417203e-01
-1.321544032323154427e+00
-1.388097372985139244e-01
4.106938185153286569e-01
7.926055072566603465e-01
1.086801334046864298e+00
9.444361363124598174e-01
1.037328376014070797e+00
5.445224192334705560e-01
5.766157982525893511e-01
-2.672204367745546705e+00
-1.282324865371688327e+00
-4.581872268505446932e-01
-4.935018378942523931e-02
2.339353703788100980e-01
6.736441615201069766e-01
3.595365380233526142e-01
7.170225997593641099e-01
7.978999451310944124e-01
-2.080138933435144111e+00
-8.796362671094638541e-01
-8.256463145516675095e-02
3.224933085186402759e-01
6.278176954611880412e-01
1.098201402990428344e+00
5.885894266285570664e-01
1.055083884051708054e+00
5.171272128229944531e-01
-1.747223042718937247e+00
-8.168923201703719439e-01
-1.931363560625464285e-02
3.599413824155996977e-01
6.751729659641489967e-01
1.141861758659803439e+00
7.327705558699918464e-01
1.214593826140103028e+00
5.732229753091089286e-01
-1.301060515176179821e+00
-2.980492063427452321e-01
1.401696617434899095e-01
5.945128812867696011e-01
8.350574643166382982e-01
6.767531503196558829e-01
7.999906386933373081e-01
5.879090493786953697e-01
7.661344312558967529e-01
-2.870173173252010823e+00
-1.607882955806564818e+00
-1.111498071438256297e+00
-7.710980967062786018e-01
-3.669767646521736038e-01
-1.630555786658837436e-01
2.117172822513287977e-01
5.881765952088000571e-01
7.736662158508075260e-01
-1.908756174641320857e+00
-5.025495166680267189e-01
1.967981770722625201e-01
5.887854326425272511e-01
8.311688769936628196e-01
1.023031593804510253e+00
6.558279835692768511e-01
7.645745095378988498e-01
6.050911068947010252e-01
-1.557809785305479089e+00
-2.159690661705650216e-01
3.895189930778572562e-01
7.558464983891243216e-01
1.065050076708739413e+00
1.111093647769252790e+00
1.024544717289035622e+00
6.884373908476795201e-01
8.026888983385367382e-01
-2.267080982901567676e+00
-7.013697561869415287e-01
2.775170038273663126e-02
4.410959906720995360e-01
6.874036468416022672e-01
9.690221256229222258e-01
5.431895076530960376e-01
4.616921043678867131e-01
5.127571014393113025e-01
-1.598035901998006381e+00
-7.088330933521652666e-01
-3.566458362887560130e-01
1.207252407588188248e-01
3.809963107695143458e-01
2.170009263446628645e-01
4.483764312938404717e-01
5.715491214389477603e-01
7.692498081362270090e-01
-1.539689457022016983e+00
-2.523895679749529886e-01
3.560836438413300664e-01
7.218954452148651502e-01
1.034412871568487269e+00
9.842612101336599695e-01
8.999584124489838910e-01
7.009028494858883240e-01
5.723847595074441630e-01
-1.718236527646685108e+00
-3.491741441488229736e-01
3.026734743270361183e-01
6.849692467940249330e-01
9.755094807409705471e-01
1.102575717588007986e+00
9.191675778893817483e-01
7.113644765478357446e-01
8.033349702166858730e-01
-3.515171167666095275e+00
-1.740716984156122082e+00
-9.484392110370843954e-01
-6.145009063719105713e-01
-3.101796894379973413e-01
1.012591239628025525e-01
-6.179930783262865823e-01
-3.001514486141191318e-01
3.182010460202591706e-01
-2.372504675767679316e+00
-1.103943238719121922e+00
-2.786117027343911201e-01
1.628689485567793027e-01
4.620593363918474861e-01
9.340131710063103165e-01
2.618422447984096180e-01
6.356535342605357242e-01
4.463840945395138315e-01
-2.154376881438042624e+00
-8.260488438015664014e-01
-6.708644278392164595e-02
2.881203549005685316e-01
6.082081267445661465e-01
1.045723317469460012e+00
7.062414664048323187e-01
1.180848532187593447e+00
8.988584748252208545e-01
-1.452269722327002244e+00
-1.698511154085066976e-01
4.304740469633015487e-01
7.892267164414981107e-01
1.095014470046400179e+00
1.029340185405653196e+00
9.536815029595119286e-01
7.427397539384343883e-01
6.074461150137264731e-01
-1.179646245889403922e+00
-1.428835691172004319e-01
3.374269754421391765e-01
7.736034783959507832e-01
1.006505652578639332e+00
7.252796790523916570e-01
9.286872731281580196e-01
4.031597540501444810e-01
5.108128647969955027e-01
-1.812261660259811613e+00
-4.388221482141184682e-01
1.517598358095821609e-01
5.309774347239336612e-01
8.738781993720061703e-01
8.909395454887966137e-01
7.502479095575721457e-01
5.913117181020400848e-01
7.523134476034939455e-01
-1.801876291504971972e+00
-6.746572062568744199e-01
6.550426560180319657e-02
3.807633017996567282e-01
7.079908186558315775e-01
1.147719407661039082e+00
8.985243981844592831e-01
1.394406123334743786e+00
9.930486099961632895e-01
-1.919966109634516638e+00
-7.155627227473418950e-01
5.650006155244729350e-02
4.047778951867011532e-01
7.256901913916321556e-01
1.183385964463660178e+00
9.590734651685288714e-01
1.383965980342551694e+00
7.224871026552561748e-01
-3.240039305287937932e+00
-1.569130459197002114e+00
-7.381250202658650172e-01
-3.391117508068574038e-01
-6.109656679368930671e-02
3.582268494236042766e-01
-9.203698900911591596e-02
2.396873747951139555e-01
4.441665174072763067e-01
-3.326778891521435355e+00
-1.699708891625044238e+00
-8.915338031659875151e-01
-5.491853205770180768e-01
-2.525814002546454273e-01
1.633073868448796928e-01
-5.850447864880157223e-01
-2.697980508101864849e-01
3.468571064380502889e-01
-3.009717514745455791e+00
-1.590362959775668994e+00
-7.676260774075605031e-01
-3.751049166055248629e-01
-1.119774212816961878e-01
3.005774995179327780e-01
2.819479799903325534e-01
6.493356237602060377e-01
8.180765768449200781e-01
-1.907536503924413207e+00
-6.536398240244394309e-01
6.923744206099159693e-02
4.170592787029297477e-01
7.382775887817530913e-01
1.172240088406323544e+00
8.122587596837252955e-01
1.301238852966156712e+00
9.437418896855528372e-01
-2.120348363539870551e+00
-8.529449020859096731e-01
-4.615655381970605597e-02
2.857904479756560034e-01
6.051368407537286442e-01
1.053673075505610512e+00
8.063819490531801693e-01
1.288154520853260543e+00
8.978961290375612192e-01
-2.494454006742647056e+00
-1.952381325025502434e+00
-1.773666044530781472e+00
-1.286377173619365433e+00
-9.572303422240909798e-01
-7.787204813941025483e-01
1.906218996357358364e-01
5.680923768183617772e-01
7.775904342000390379e-01
-1.296404094479046476e+00
-2.827913825183909768e-01
1.571365092232557270e-01
6.104480450680953574e-01
8.484902421354878488e-01
5.335068556133335527e-01
7.243808583968173176e-01
3.714594747155244292e-01
4.584780986866267005e-01
-2.081542897425469274e+00
-8.098074806396550196e-01
-5.503627525312711904e-02
2.990660292101059992e-01
6.174805592107293073e-01
1.056028496913625547e+00
6.929109357455740525e-01
1.166611543349953317e+00
9.200191813187256207e-01
-2.645042107165147982e+00
-1.349872268511682405e+00
-8.859951755327494238e-01
-5.440220259679920956e-01
-9.915666899088018682e-02
-5.681726453316401221e-02
9.796072404421724000e-02
4.581686054882902481e-01
6.887578101293445609e-01
-1.172884273442516889e+00
-1.210931415933039768e-01
3.757063027115088993e-01
8.027839624556669662e-01
1.043149145991689508e+00
9.014214005160167131e-01
1.006081501797892130e+00
6.527366407233502477e-01
8.139136586169700704e-01
-1.712203770324227659e+00
-5.152593097537460087e-01
1.807447776669043049e-01
5.443874616494025487e-01
8.269965170663580167e-01
1.264197191160447709e+00
8.592680618895910394e-01
1.303998835175589788e+00
9.578109403539744049e-01
-1.730707125113107203e+00
-4.114004023996634674e-01
1.575734430730104108e-01
5.334011229968924628e-01
8.897963637858852248e-01
8.042867920855897301e-01
7.764279156407299931e-01
4.143313220955524012e-01
5.530257259598584385e-01
-2.459807820795018696e+00
-1.868414282407457438e+00
-1.706130625050428007e+00
-1.193957593661794325e+00
-8.734347746567446835e-01
-9.487354688624491938e-01
-8.051700922016757911e-02
2.567562267724338709e-01
4.652244298177976023e-01
-1.391295271158884850e+00
-4.167912534568851690e-01
-1.522991344221399403e-02
4.501912148557937754e-01
6.934042937703898124e-01
3.659283551943084967e-01
6.062562731431477836e-01
6.566740309702021050e-02
4.452877235479093532e-01
-2.036259226398294597e+00
-6.346399796119259751e-01
-3.037479221830494472e-02
3.595277302127330432e-01
6.994279058032353280e-01
6.510336574940113197e-01
3.875195468189727710e-01
5.156386714462445342e-01
5.651362256714478338e-01
-3.238029192106997911e+00
-1.863159671297030640e+00
-1.286217413359332040e+00
-9.620527431812265773e-01
-6.406108119141847856e-01
-3.560088797269246319e-01
-5.806937055732395159e-01
-2.639136786081009989e-01
3.773107082044457328e-01
-2.335441910979309199e+00
-1.050936768034115731e+00
-2.515733182639255938e-01
1.359415953855067916e-01
4.376123304198462072e-01
8.711007288786978275e-01
4.906457820309667039e-01
8.778432963812058398e-01
8.831795479053693443e-01
-1.792386195891001455e+00
-9.345811242696507870e-01
-6.278017401384305973e-01
-1.520349699550159195e-01
1.457529224657059808e-01
-2.010006085522384189e-01
5.836830042737267688e-02
-1.547079897205614341e-01
3.925647649423376073e-01
-2.223436486342864171e+00
-1.026003905841543995e+00
-2.181667548871048246e-01
1.491478148818339566e-01
4.641145721042373440e-01
9.084576124292489396e-01
5.797141132507667161e-01
1.002927382908852749e+00
8.875004820738555678e-01
-1.134951867469747855e+00
-1.187326538904928536e-01
3.660171918873427188e-01
8.007947004774152999e-01
1.029927455088505361e+00
7.304683304692571877e-01
9.130341102957424404e-01
4.993371498994450541e-01
5.231853560145466320e-01
-1.515482268347490002e+00
-5.533631341176957763e-01
-1.765483360496526155e-01
2.896891257421631560e-01
5.469008561353080333e-01
2.013373703645332247e-01
4.449336675213533820e-01
-4.603854558486448600e-04
4.247779771733847243e-01
-1.818371654278317040e+00
-5.632293722555234972e-01
1.480405391132306459e-01
5.465920632887389941e-01
8.201407348605792569e-01
1.262123745651014595e+00
8.027379243715593304e-01
1.117075622672083934e+00
6.679106484621022410e-01
-2.457047402500166733e+00
-1.928842311498199180e+00
-1.744672147522820627e+00
-1.250728499612175249e+00
-9.359488913529278031e-01
-7.030256286346047156e-01
2.565511948899832917e-01
6.312112278722289416e-01
8.323379971452830040e-01
-1.970920965785786461e+00
-8.482114600530602511e-01
-6.160263562387060382e-02
2.667669503889933957e-01
5.843682808110026716e-01
1.030744023248830521e+00
7.819531370358632216e-01
1.259462655914359130e+00
9.699707393553711476e-01
-1.886528385126804874e+00
-4.432919154496118841e-01
1.799153995814772311e-01
5.642642958560953881e-01
8.927432272144677494e-01
9.185585413764681961e-01
8.041163206772957706e-01
5.072390240835857877e-01
5.977927104511948642e-01
-1.974490159129365985e+00
-6.672460084771603128e-01
5.456726502276398882e-02
4.353936046118824787e-01
7.232548744553473075e-01
1.153654401863503765e+00
7.664568211212812177e-01
1.113247756724096149e+00
7.095423190434347882e-01
-2.060362308521110908e+00
-8.832717668168098557e-01
-8.887288279575875083e-02
2.903616374137807377e-01
6.003118638403349694e-01
1.064907943006829560e+00
7.455843392746314136e-01
1.171828003974932475e+00
6.581454992672602922e-01
-2.007861437692526785e+00
-7.145785188603051008e-01
4.704968908260163951e-02
4.358080061898512159e-01
7.518701430764348492e-01
1.215124503607634132e+00
8.295089963260486865e-01
1.292320019495994066e+00
6.774988589962482877e-01
-2.145821152782188435e+00
-7.935201705880656764e-01
-6.934279396386354433e-02
3.485330301899393080e-01
5.735078822472021720e-01
9.016299838114066878e-01
4.547472262669612908e-01
7.479346361873203675e-01
8.845556506165870303e-01
-2.160490792924183001e+00
-9.370933945093318229e-01
-1.208315974054767761e-01
2.929934395709755113e-01
6.034614840731723495e-01
1.071628957857415188e+00
5.380973306561210867e-01
9.845403587462548956e-01
5.790083610437688488e-01
-2.278804845285387959e+00
-1.012851451853872931e+00
-1.969945539427069570e-01
1.612198076104211508e-01
4.721236064274541011e-01
9.251039483988819923e-01
6.331343573911747402e-01
1.070333031119573786e+00
9.065260917803515950e-01
-1.218412142621197791e+00
-1.178351750080017524e-01
4.018636047974173398e-01
8.064850077611909196e-01
1.073626879873738726e+00
9.606993348080467010e-01
1.035658036245059144e+00
6.870333350203671197e-01
8.534152694969661113e-01
-1.391471861820821943e+00
-4.221282809297131067e-01
-2.017552110886853059e-02
4.436100086609098825e-01
6.878122383991720490e-01
3.802654414158276874e-01
5.725329517760664455e-01
3.695719860134605295e-01
5.219271375577887451e-01
-2.442354608680173289e+00
-1.871044306626475251e+00
-1.727063063711829605e+00
-1.206259206200921197e+00
-8.872606557715091435e-01
-1.038283892748204762e+00
-3.756583602583835058e-01
-1.386076687112056671e-01
4.335873693683767738e-01
-1.384924276063836501e+00
-2.338495931328091748e-01
2.947754841860201758e-01
6.843211709587435632e-01
9.914996817419415853e-01
8.028727657116585537e-01
9.035509329811595158e-01
4.811095629893459291e-01
6.256403650957407248e-01
-2.509261329733885493e+00
-1.999695331727538772e+00
-1.826953905922681143e+00
-1.332450023786421189e+00
-1.012929077048006610e+00
-6.748507695647186777e-01
3.057464953717826672e-01
6.836581940957718873e-01
8.763187480216481084e-01
-2.096133929770342075e+00
-9.502410740690766522e-01
-1.409002973983289608e-01
2.774351198049884171e-01
5.792416929261844372e-01
1.052009666452983438e+00
5.439675559969534557e-01
9.909469977282792108e-01
5.941279989950098983e-01
-1.861794885624826534e+00
-5.809087486166567560e-01
-6.676898214835497170e-02
3.096604088938711419e-01
6.975625406179208898e-01
6.797872140987469836e-01
5.938785492740370486e-01
6.975393825199691644e-01
8.827569370670189652e-01
-1.271980862926929357e+00
-2.524063654913556998e-01
2.019731882663787781e-01
6.488752303386292608e-01
8.923437141451600052e-01
7.411691719056786587e-01
8.636019448311718083e-01
7.094255104212467966e-01
8.875589580466797246e-01
-1.708347557079797463e+00
-7.622639021702272144e-01
2.032538207385006443e-02
4.017734632032661235e-01
7.182272648596600417e-01
1.182607837592480227e+00
7.901925758836215730e-01
1.251296467900564924e+00
6.831623206770379708e-01
-1.794869690575607635e+00
-4.512625844141713305e-01
2.681454163448501182e-01
6.691586547086094683e-01
8.888013475868348223e-01
1.279355119295208842e+00
9.097229639384925015e-01
1.025344568700571335e+00
7.190477332216689277e-01
-1.205221960791707847e+00
-1.939586202798977976e-01
2.705597314883052551e-01
7.152826904568382327e-01
9.482950554834665979e-01
7.221476463981114646e-01
8.650290945552551181e-01
5.253695357308455494e-01
6.482304907914514525e-01
-1.635155278427522063e+00
-7.241955262508348312e-01
-3.815323077007338193e-01
9.468268120408006305e-02
3.624055221160103479e-01
7.632143339220560582e-03
2.723466115640983398e-01
-3.743857859725741727e-02
4.749850066663718895e-01
-3.159630160287813183e+00
-1.723976457433120224e+00
-8.649106676684488182e-01
-5.032526029403447954e-01
-1.847700862322455839e-01
2.356774635564219955e-01
-4.007632413583789299e-01
-9.723100254675778875e-02
4.694607775010779527e-01
-2.696916440891362399e+00
-1.223304043097292348e+00
-3.664254923724298285e-01
7.950224472836947553e-02
3.690725214289996003e-01
8.436288147521204817e-01
1.611052548061890632e-01
4.717460779734774512e-01
5.288936771099151946e-01
-2.200201181386739258e+00
-1.558044218994016905e+00
-1.327577357471258601e+00
-8.365706282459814958e-01
-5.264965996124744141e-01
-5.165535588454531757e-01
3.091909210085574400e-01
6.789062311680122974e-01
8.782619278769644433e-01
-2.404035222680175110e+00
-9.895934843679515813e-01
-1.864672198241288104e-01
2.336251039991953105e-01
5.428366881144631728e-01
1.010134668924853152e+00
4.844196109402054695e-01
8.634949635343909247e-01
5.753613532428311084e-01
-1.980896062825370896e+00
-6.560807472875200830e-01
7.178213818928680379e-02
4.808217804725261058e-01
7.040300764679515710e-01
1.051795462192649078e+00
6.025084075118511961e-01
8.483064340625594557e-01
9.341026037887493194e-01
-3.277666669641964514e+00
-1.782881492363998621e+00
-1.007300172069068189e+00
-6.966387901887920453e-01
-4.001554160900741008e-01
-3.980488693070835526e-02
3.127227382149438406e-01
7.039440670689962598e-01
8.970447697606794835e-01
-1.564084750409718616e+00
-6.364563141387302725e-01
-2.698651336933214351e-01
2.002823087146099190e-01
4.665924850382810463e-01
3.068971977926148176e-01
5.281721262620150403e-01
6.821315261074650804e-01
8.848965593919074779e-01
-2.687632476981717478e+00
-1.915746562935472408e+00
-1.731857607576047231e+00
-1.342783813845512153e+00
-8.558470079282487486e-01
-9.331701277341257761e-01
-2.939715593546999295e-01
-3.076510342858586322e-02
4.832358997887739593e-01
-1.207020410242283903e+00
-1.824284698546165817e-01
2.831509068003753571e-01
7.259930071719868927e-01
9.620454063898038477e-01
8.074899423491360695e-01
9.295608545663012201e-01
7.056151578680057712e-01
8.897152033115245384e-01
-2.230399773151703346e+00
-8.089712312753457590e-01
-2.645374713272303779e-01
1.118365444750512860e-01
5.083057306012616072e-01
3.723296752271300636e-01
2.472590728789507419e-01
4.352027176887352522e-01
5.831869693237504704e-01
-2.044422717986380089e+00
-5.675588141932477182e-01
4.881647071151735268e-02
4.419614015735153223e-01
7.620389700872185479e-01
7.506254402911082257e-01
5.042431762784586047e-01
6.046118685300267970e-01
6.466711570390649699e-01
-1.821226210765303444e+00
-5.089881215913075740e-01
2.193972738653007515e-01
6.222649125000215831e-01
8.454049368785140350e-01
1.202833875815304987e+00
8.310208466488231416e-01
8.774422277455263819e-01
7.038861829884018873e-01
-3.157049164301525046e+00
-1.555916542492637555e+00
-7.422877024839528159e-01
-3.520911148799412138e-01
-8.307950643786915501e-02
3.291539227247588517e-01
7.307395366849704643e-02
4.528055813786557859e-01
6.800823867726605299e-01
-1.557836826038188294e+00
-2.131199959220844431e-01
3.955516340512654772e-01
7.595350317096249970e-01
1.071472428781645281e+00
1.066691496836639663e+00
1.035809842676436610e+00
6.939964098919692015e-01
7.189145364493406687e-01
-2.771703194246271096e+00
-1.702680383110279694e+00
-1.339102364310256865e+00
-1.019934591675870195e+00
-5.285199702255675147e-01
-3.544784156114474394e-01
3.324260973610100867e-01
7.188984434537362134e-01
9.089010158938656270e-01
-2.332038522367730238e+00
-8.591398794282514295e-01
-2.695820052457901794e-01
1.272461978156012585e-01
4.953289885280501847e-01
5.240547398340156260e-01
2.659510425337978656e-01
1.914120909748462107e-01
5.576686694647445819e-01
-1.192461840773964221e+00
-1.607461556424058802e-01
3.132000338562314634e-01
7.539460704511551370e-01
9.830757772396474525e-01
6.685090561910261853e-01
8.462461005023869109e-01
4.840253243190492660e-01
5.713648180379404806e-01
-1.650185021986512623e+00
-7.342286699746575218e-01
-3.929001553322840623e-01
8.517925352725903843e-02
3.542182232571742251e-01
-2.823212185902589447e-02
2.565533539379446504e-01
2.634988089899337194e-01
4.868020968614680255e-01
-1.484317057566855169e+00
-2.803079130626558446e-01
2.696217042191104696e-01
6.459595490646424798e-01
9.724851698179965975e-01
7.927902100761673454e-01
7.460769371856917909e-01
6.248996268525230935e-01
6.432417183792025206e-01
-1.733612219122644849e+00
-3.638651094949859055e-01
3.532640545900834206e-01
7.430137846741642349e-01
9.512435635129926625e-01
1.274331834598025681e+00
9.131964350108739970e-01
1.056315730598651470e+00
9.266969584979449781e-01
-2.308805515510215844e+00
-1.680596805124125570e+00
-1.494292772119732771e+00
-9.943111471184571393e-01
-6.672410959214621906e-01
-8.294921772036175645e-01
-6.491298801827154186e-02
2.051011403297733904e-01
4.673579370434214897e-01
-1.426799914962881610e+00
-4.418898580054526071e-01
-4.049697134169742696e-02
4.216296055171142587e-01
6.720548160245605196e-01
4.300388253621372781e-01
5.996429673266984173e-01
4.680714682446511232e-01
6.625240954332335397e-01
-3.312275028053117243e+00
-1.740724047664209628e+00
-1.010672125568225166e+00
-6.975546754945550765e-01
-4.248328512163689896e-01
-4.759910535782019281e-02
3.690286142499573652e-01
7.670289009823438864e-01
9.492346762244262548e-01
-1.600526703323877253e+00
-2.426972379286730652e-01
3.833420741042508628e-01
7.544410075043603836e-01
1.053448044221365176e+00
1.104989469860933715e+00
1.026675494540453482e+00
7.586829947485598247e-01
7.309268378777454833e-01
-1.892790149015630030e+00
-6.950235763521811494e-01
3.951987765934846658e-02
3.724261885642955461e-01
6.997282377438110990e-01
1.134925685997266731e+00
8.440745707067556225e-01
1.328699763971247005e+00
1.065872112094067736e+00
-1.936006921328931041e+00
-7.919771993806694610e-01
-8.817836887847821641e-04
3.528669776936391167e-01
6.684104770783926286e-01
1.132027770384341325e+00
8.676093679030506545e-01
1.300531355007242373e+00
7.537363767087339461e-01
-2.111994296549618344e+00
-8.954105346535149446e-01
-1.029042183099151964e-01
2.680895866165909358e-01
5.839920447142727955e-01
1.046971968271618314e+00
7.418059475518781198e-01
1.160803294170721367e+00
7.636261538190642906e-01
-1.218924946220738992e+00
-1.911272605407221548e-01
2.718230159732017426e-01
7.136044059208260792e-01
9.523390439496542959e-01
6.594729709213272839e-01
8.591505587196105465e-01
3.996740397113703880e-01
6.458763438876041763e-01
-1.943907772481318519e+00
-5.623653671463554327e-01
1.553536550927222537e-01
5.426597333728175876e-01
8.281159226824905684e-01
1.277022517471419150e+00
8.476609336667996208e-01
1.201965807024596655e+00
7.624016271495179797e-01
-1.213018772739497431e+00
-1.208602595241426020e-01
3.898702019288888820e-01
8.040907267948589343e-01
1.060004652811015857e+00
8.196642921697701034e-01
9.743951793365773772e-01
5.424459071711577041e-01
6.965379592372719086e-01
-2.422288644876415820e+00
-1.836506158130428057e+00
-1.672937845644773880e+00
-1.154857546907296584e+00
-8.344998161149393967e-01
-9.171195407105747766e-01
-2.283812738943468423e-01
1.102897385754138954e-02
5.357680023135493741e-01
-2.846403607850229278e+00
-1.733708843943876143e+00
-1.414362207097657809e+00
-1.104765009495614514e+00
-5.727232142896929723e-01
-6.332533078262478909e-01
-2.211223906778477799e-01
4.710931511007562106e-02
5.481439217836133748e-01
-1.850640348823339165e+00
-7.006092712022304880e-01
5.740641275770914237e-02
3.848651285488111085e-01
7.069783566728338187e-01
1.155388976604711404e+00
9.448106227248991296e-01
1.405462701595364905e+00
9.707482394294975059e-01
-1.139875240449202964e+00
-1.126990429457645215e-01
3.742713702691699562e-01
8.089903187445716126e-01
1.041027257097977499e+00
8.641169721159578376e-01
9.924902143237335217e-01
6.512356137182483407e-01
8.289663715710410274e-01
-1.688952072008743643e+00
-3.114653388338945450e-01
3.205003184431318708e-01
6.998301508745505828e-01
9.976169681783216836e-01
1.105068453105490400e+00
9.581900563085162803e-01
8.322655350895419302e-01
9.703929429043002264e-01
-1.152248001441293024e+00
-1.170862274512550344e-01
3.739044698275783563e-01
8.055873388790781853e-01
1.039719992719850827e+00
8.947125746888724418e-01
1.014049521828728651e+00
7.871745470815906254e-01
9.624328596009873449e-01
-1.707696200498009409e+00
-3.689904334229358596e-01
2.733664086019756967e-01
6.569575070780894199e-01
9.524495453206640594e-01
1.074628882037895083e+00
9.052357495593059689e-01
8.352891647980297263e-01
9.804265967317833397e-01
-2.087129417906638196e+00
-6.294897266259077417e-01
8.432201162760093183e-02
4.849559943761115322e-01
7.140124089636408211e-01
1.093599884582390880e+00
6.893635102836239703e-01
9.199453156662582565e-01
7.433359039235556409e-01
-1.919390851693240307e+00
-7.992076057258181709e-01
8.224254555673772907e-03
3.872816136219611183e-01
7.057143976712307865e-01
1.168706040116326283e+00
7.946266664938956836e-01
1.258437063336669048e+00
7.407690161061514234e-01
-1.847385474993367582e+00
-6.958215519265379401e-01
5.258886072205826850e-02
4.080288930179294393e-01
7.253205769231267919e-01
1.186906238468758090e+00
9.514320406890162118e-01
1.380476563035324622e+00
7.982620168294444207e-01
-1.686944690744829778e+00
-3.248306624243953999e-01
3.798795348362025148e-01
7.679302080619605508e-01
1.000075676513256795e+00
1.266549113027489071e+00
1.008594024929425625e+00
9.979059699774168735e-01
1.011552006211617893e+00
-2.043079432463101419e+00
-8.487564759784181900e-01
-5.216019005052447560e-02
3.421226608185894413e-01
6.464967724457415521e-01
1.116770211481742381e+00
7.144102532639932113e-01
1.185050184390957106e+00
7.256548216479734581e-01
-1.180634337446245352e+00
-1.266536901277297567e-01
3.658437894847241245e-01
7.919851124725604263e-01
1.034681693972429484e+00
7.589063722786875132e-01
8.661477774056275392e-01
6.226928881277823402e-01
6.858087469466555008e-01
-2.197727588878671590e+00
-1.033011286876705181e+00
-2.191418374512312806e-01
2.030875335364103473e-01
5.075539503743248249e-01
9.817903808707455493e-01
4.748729299933869274e-01
8.689055870948282356e-01
6.647071090249182523e-01
-1.545646308186999329e+00
-4.875151525842608691e-01
-6.649177313323610672e-02
3.694221036948968639e-01
6.683591284948617872e-01
5.342124255065824334e-01
6.601820178673980521e-01
7.660657858846177115e-01
9.697105748601154707e-01
-2.033444607042016905e+00
-7.866790667642964419e-01
-1.573039225057283608e-02
3.069955479443719493e-01
6.308174470195295758e-01
1.072042110495952771e+00
8.475858233928140750e-01
1.315051734947776829e+00
1.109632365189501479e+00
-1.176510063271551942e+00
-1.168969551259498862e-01
3.861578071582312255e-01
8.085169404054500797e-01
1.054641185036484741e+00
8.102879838439936977e-01
9.103800593639754801e-01
6.520636493505684861e-01
7.256774296682773073e-01
-2.908428479988800053e+00
-1.772935129113737851e+00
-1.378394400125216634e+00
-1.064839326193754543e+00
-5.911319648422690420e-01
-3.401755159289446828e-01
4.009206120392891926e-01
7.944460675622796453e-01
9.917866053624345701e-01
-1.767067776651674471e+00
-3.632865633442010633e-01
3.485360899893468201e-01
7.361804657819033260e-01
9.401373671699975176e-01
1.253447545690723031e+00
8.377840319442718675e-01
1.091826398424438294e+00
8.584378642391511383e-01
-1.529885102483483417e+00
-1.959997824648423148e-01
4.252333838540140465e-01
7.883981248490177229e-01
1.087525703867414428e+00
1.145516346119928919e+00
1.041779184515300827e+00
8.421892910127358745e-01
9.519557039059602932e-01
-1.835520963850347798e+00
-3.805450615456449359e-01
2.633830773215233845e-01
6.458674274746066812e-01
9.484057782304681217e-01
1.019202013108959637e+00
8.960435385185957502e-01
6.676009018749813340e-01
7.601675975112206496e-01
-1.330054190204837061e+00
-2.913638888266705806e-01
1.675248812426144707e-01
6.062752933031450020e-01
8.705328735347670488e-01
7.062387158337177784e-01
8.180510530456737150e-01
6.830309019179121588e-01
9.020926920194296539e-01
-3.127934413497432509e+00
-1.682298148468072796e+00
-1.041479912138912223e+00
-6.994056381833986258e-01
-4.234087236998387849e-01
-1.150802592428043641e-01
-2.110969393922106641e-01
8.488700112440408785e-02
6.093310514463241567e-01
-2.073889891207648439e+00
-6.546660779077454473e-01
5.396326417080855170e-02
4.644003813895449251e-01
7.204421933690908775e-01
9.393867673273552654e-01
6.188942112761735004e-01
5.505320144223322387e-01
7.213669524584896964e-01
-3.249119836619418056e+00
-1.679697671383892033e+00
-8.746056497271561536e-01
-5.344258383390055878e-01
-2.445455946878174469e-01
1.281703136755895367e-01
4.238814260845430448e-02
4.365426340782814218e-01
7.010155294198741061e-01
-2.561183663218232986e+00
-2.008061322119300218e+00
-1.864214921093255262e+00
-1.343913644504569627e+00
-1.021601071434842467e+00
-8.552813019533636041e-01
8.940755363625464691e-02
4.034498326248613376e-01
6.207276473245912918e-01
-1.332362761268188533e+00
-3.105350671753893677e-01
1.278792324523630730e-01
5.774534925333556501e-01
8.229059364976780699e-01
5.020772223993289485e-01
7.140722769459976194e-01
3.352986692021869830e-01
6.780143770224845712e-01
-1.958355927158416776e+00
-6.559904268842462471e-01
4.772921279077994849e-02
4.308412356453540371e-01
7.055296710226640622e-01
1.124910468132072738e+00
6.960738011133773551e-01
1.103325111036334016e+00
1.053040240747427747e+00
-2.841944768699447010e+00
-1.787533782953608208e+00
-1.445798166846327559e+00
-1.155129654183360888e+00
-6.123337509331453488e-01
-6.412595783040552222e-01
-1.486601322219811006e-01
1.183770084922581983e-01
6.225575285319151497e-01
-1.338221683372743831e+00
-3.481881450090824615e-01
7.466049834479805691e-02
5.332146562214544749e-01
7.762884580091352626e-01
4.444992222604191578e-01
6.679142903507823137e-01
2.973513991215728236e-01
6.677799620516465806e-01
-1.440733658683601481e+00
-4.165512927833213142e-01
1.051116064344723502e-02
4.492173428277600467e-01
7.308900298100350357e-01
4.018385685376100747e-01
5.761073680136906683e-01
3.485529182575099472e-01
6.543921496240477920e-01
-2.243251696049406885e+00
-9.241845013525405994e-01
-1.192770441107712520e-01
2.963522936910140682e-01
6.085323112195396567e-01
1.075844372235698287e+00
5.758893522332821924e-01
9.925070357312013591e-01
7.196175380279145051e-01
-1.283469384128510749e+00
-2.329895962462687209e-01
2.278699487034023807e-01
6.679943990361965067e-01
9.168218567379478046e-01
7.518754171222400418e-01
8.768475775149482399e-01
7.222053002632412566e-01
9.388271590785295384e-01
-2.054002855298635133e+00
-7.078413500301002914e-01
-2.275201843777573674e-01
1.415942261582000539e-01
5.624265558688150701e-01
3.991737663886492093e-01
3.682569316966979311e-01
2.720227958758442699e-01
6.720866263987113065e-01
-2.227400016471878352e+00
-1.003644154247393283e+00
-1.934684930837143046e-01
2.061322784497988947e-01
5.140794498395510059e-01
9.868909658886052538e-01
6.003566713728444304e-01
9.993309737329755249e-01
7.329681079578362901e-01
-1.808147341882907266e+00
-4.514183842269381963e-01
2.637637512738417178e-01
6.544640573406088624e-01
8.596723851753037549e-01
1.222351062032470459e+00
7.670690050003386995e-01
1.086779892609178289e+00
9.843600823260151289e-01
-2.201787295043117876e+00
-8.036367772616215266e-01
-2.041849327129154762e-02
3.136695025817284876e-01
6.335734781408994820e-01
1.085859779536509251e+00
8.707535083194916092e-01
1.331413559485927767e+00
1.005603794986045685e+00
-1.958637336040368160e+00
-8.629413408166909383e-01
-5.015479458340667274e-02
3.458915878035945246e-01
6.624678559522985122e-01
1.127552292235118880e+00
6.862219680398834454e-01
1.130607607741869414e+00
7.531702407245393083e-01
-1.261263519194870231e+00
-2.446081909511828023e-01
2.013347179743027460e-01
6.535296323679169461e-01
8.873698376896120843e-01
5.638716243002617201e-01
7.668170861305039221e-01
4.092819445786263777e-01
6.884605314292607803e-01
-1.898456553919242396e+00
-6.634979439872275009e-01
7.580359050062482340e-02
4.661048469544933903e-01
7.719282047291856630e-01
1.224555919779889424e+00
7.735925659826835554e-01
1.155553814190590112e+00
7.880431831124733444e-01
-2.129370281605640791e+00
-8.493559115261214432e-01
-9.830172421160304763e-02
2.706375815038521981e-01
5.801054495070719907e-01
1.003099983504406101e+00
6.587784934346420096e-01
1.062891030389864433e+00
1.028247061170810772e+00
-1.517193009537136650e+00
-5.455887326296701145e-01
-1.646185919726540492e-01
2.989204917951543417e-01
5.619137434776028117e-01
2.034404134668317543e-01
4.445013536348835781e-01
2.447866881297028896e-01
6.455685515753689652e-01
-1.561679289313885777e+00
-2.642787263653018637e-01
3.193796160507045290e-01
6.859536400670978029e-01
1.014306249003069871e+00
9.336111513026507103e-01
9.384214367840110205e-01
6.359511022929308366e-01
7.739727137121751310e-01
-2.091964174224731465e+00
-6.268568100229314766e-01
8.947301189096158736e-02
4.948362087444569957e-01
7.386261040251186349e-01
9.961887129309542344e-01
6.784327044217072222e-01
8.828562038894012254e-01
1.037622326460979183e+00
-2.087869760743234604e+00
-7.406965379064495147e-01
-1.427935113286902397e-02
3.624853809933514803e-01
6.436382108269236291e-01
1.053305387375905511e+00
6.493018924061531028e-01
1.044122137640991932e+00
1.036711169858304249e+00
-2.215694417360301038e+00
-9.640278736852879726e-01
-2.034674068008069103e-01
1.970462365475312838e-01
4.926187808433424298e-01
9.273086986324313719e-01
5.316009661560869848e-01
8.505710400908145230e-01
8.095527987606815357e-01
-1.389670238404151492e+00
-3.555133463184925180e-01
7.143386497134233959e-02
5.222361045908786581e-01
7.787040711838988383e-01
4.807753345389535471e-01
6.300586262372438462e-01
5.459617820610547234e-01
7.067960941788590246e-01
-1.352185922760569703e+00
-3.150844909380818848e-01
1.319590363549231204e-01
5.771064961835166152e-01
8.334970348886476810e-01
6.889308911325434659e-01
8.265869066857137737e-01
8.333647679449573964e-01
1.022035501853014505e+00
-1.554874251771748650e+00
-6.170133331377409824e-01
-2.537323807771468820e-01
2.185627242700688977e-01
4.775798185520767070e-01
1.976788297346299128e-01
4.415306664640950007e-01
5.214012988529294068e-01
7.272377249394812448e-01
-1.207233440088332221e+00
-1.831748401615655164e-01
2.869916625281344058e-01
7.311907739506819937e-01
9.654683928273652960e-01
7.886645124471374224e-01
9.271199837354622275e-01
7.203275764617800281e-01
9.306276513594053945e-01
-2.416242199461497986e+00
-9.703086248461879615e-01
-2.605156314047263333e-01
1.609992809054121288e-01
3.846127823789388112e-01
6.878885671803163238e-01
4.697447389022961217e-01
8.439637811071676321e-01
1.030591394600771427e+00
-1.986379697210997275e+00
-7.053580246087474137e-01
5.473528652403143041e-02
3.768585991964634729e-01
6.998220959532601704e-01
1.145508552345396502e+00
9.410329784578609358e-01
1.411945780302824582e+00
1.056158548145689879e+00
-1.770399692297276228e+00
-6.727150097764907910e-01
-2.584133653874641223e-01
1.480628456126051595e-01
5.102111645976191712e-01
4.182645803266950013e-01
5.601989315166064909e-01
8.121490998294701447e-01
1.010053750425357721e+00
-1.626072643990672972e+00
-7.408880918101948820e-01
-3.970653077123456054e-01
8.030964887856377465e-02
3.532174588216194233e-01
1.193732594266362079e-01
4.049165237138889761e-01
5.631925427981262500e-01
7.923710601492774952e-01
-3.295196065176317912e+00
-1.683708284069389105e+00
-8.620835975118152916e-01
-5.095558807104727528e-01
-2.341586947871336921e-01
1.596286541967271710e-01
4.597527020059518077e-01
8.591222629111731068e-01
1.047203843614162411e+00
-2.375599600420802648e+00
-1.050869266451926132e+00
-2.542673889338741278e-01
1.197325348559088870e-01
4.289945299921710253e-01
8.758581883656552103e-01
6.332783871527264408e-01
1.039108564824043901e+00
1.072972084334846699e+00
-2.745561144690370270e+00
-1.696876229014061765e+00
-1.347629421624498391e+00
-1.039183566950962812e+00
-5.266281003948537487e-01
-4.654881923729576321e-01
2.932288469963694189e-01
6.882163999254954367e-01
9.261072383029673727e-01
-1.245148111824072590e+00
-2.010319906996916317e-01
2.772353457415977496e-01
7.088694656438950803e-01
9.617449449412687201e-01
7.659240692864354161e-01
8.841925688576296460e-01
6.591779849775882827e-01
8.359425368933227629e-01
-1.515149107390405536e+00
-5.583503655469340687e-01
-1.780135959454163530e-01
2.859955385057551536e-01
5.501917763283943330e-01
3.974420749848611156e-01
6.314463743912271942e-01
8.157589710638756264e-01
1.014465385107135242e+00
-1.385545281483189672e+00
-3.844746465985603434e-01
3.113634645167343354e-02
4.906198288853917400e-01
7.366283062813795413e-01
5.686305341876217723e-01
7.442927420829298368e-01
7.778347780851125881e-01
9.891257517937452892e-01
-2.877956877464463936e+00
-1.559598404758254508e+00
-9.849790775258088216e-01
-6.312354175153046532e-01
-2.901052675060763475e-01
-3.399447792538905916e-02
4.178229582702547851e-01
8.181684416395931247e-01
1.019734025628276530e+00
-1.339403744203495839e+00
-2.948283105492522371e-01
1.646491410367855457e-01
5.999761531676290893e-01
8.661181218436906359e-01
7.208819571328437537e-01
8.347657514144868340e-01
7.834453686460972621e-01
9.908089652474599829e-01
-3.239702173568317800e+00
-1.703940166692136104e+00
-8.864410266211044664e-01
-5.362661516616109569e-01
-2.193032374993666711e-01
1.928087351661494087e-01
-1.912035240156682858e-01
9.619176155901122682e-02
6.452842278207426840e-01
-2.024157566443524292e+00
-6.946041294585217907e-01
5.148384254395022008e-02
4.539381399718326326e-01
7.291681708263626494e-01
1.164042994789903807e+00
6.654186360885698814e-01
9.409253536625595826e-01
7.688969252267892074e-01
-1.479609223161738152e+00
-4.886960985926043777e-01
-8.439946025294130239e-02
3.697698143861994913e-01
6.432257060427968298e-01
4.904551011278167616e-01
6.644004530853886425e-01
7.858196974407124502e-01
9.952930980522141091e-01
-1.899091103713887119e+00
-6.021521043529478590e-01
1.045986842051622734e-01
4.626768907456639823e-01
7.793745857406519928e-01
1.219992797399779061e+00
9.378965596741084543e-01
1.352277799801317126e+00
9.157727785276104093e-01
-1.438696479439621978e+00
-1.681106518610504530e-01
4.291278335038403169e-01
7.889074841832207641e-01
1.094269565253551901e+00
1.038531313811847934e+00
9.312251628768318801e-01
8.132045993617131874e-01
7.810770349201608953e-01
-2.425020992178024137e+00
-9.494749792889396467e-01
-2.369086166345579503e-01
1.856042488159023451e-01
4.354167664919256775e-01
7.004733363446212779e-01
2.394987663859060589e-01
3.340900469433734088e-01
6.919023078184952658e-01
-2.356744195627658911e+00
-1.727874614026337685e+00
-1.549439339513599023e+00
-1.045217694181640011e+00
-7.188610282034659793e-01
-7.692817371078560784e-01
1.356895766312627982e-01
4.713362382136471185e-01
6.847708967928627377e-01
-2.384376055105670300e+00
-1.716485425316495395e+00
-1.532224779315870977e+00
-1.044891453602625475e+00
-6.923893011645690931e-01
-7.860043174047952608e-01
-1.011396074120287369e-01
1.397845931789714891e-01
6.480045781283982897e-01
-2.584779823014069944e+00
-2.024515662682400574e+00
-1.885968358189368033e+00
-1.366196265755437400e+00
-1.040845092878517342e+00
-8.480519692118494435e-01
1.138342897081195959e-01
4.320168513879969474e-01
6.479338174521086513e-01
-1.574704319886166326e+00
-2.851980036632620896e-01
3.031037642290011491e-01
6.710591182297629409e-01
1.001558594177217820e+00
9.251039483988819923e-01
9.199693672836020131e-01
6.351213922491263375e-01
7.754248492057621567e-01
-1.652238893605812997e+00
-7.926947582741454834e-01
8.688582838900865690e-03
3.778470187140537395e-01
6.963127193538329873e-01
1.159559096880881324e+00
8.376302865364227968e-01
1.299939602581317688e+00
8.018453334223172302e-01
-2.396971471173237500e+00
-1.024269606657869591e+00
-2.230542942140662510e-01
2.053312050421283175e-01
5.163742540661278024e-01
9.867136649662288095e-01
4.607767960358464809e-01
8.318714685010863974e-01
7.073151081371977789e-01
-2.067641261840110989e+00
-8.158171962650728748e-01
-5.295957327612010185e-02
2.819558341865149864e-01
6.091030885397483718e-01
1.048587560128029672e+00
7.947993196587289644e-01
1.252099714351238680e+00
1.082412970540760577e+00
-3.576535377150915185e+00
-1.765495782615975173e+00
-9.754147237469236176e-01
-6.454735519705523394e-01
-3.353400416682532637e-01
6.071757655945301396e-02
6.122876589222091964e-02
4.715922221115778079e-01
7.420419396862395489e-01
-1.744359844095386469e+00
-4.037572242561178193e-01
1.735152037542885273e-01
5.501946313104830732e-01
8.913431661144890494e-01
7.944197779474356791e-01
5.877105306792280714e-01
6.986575538192306700e-01
8.034157508419466076e-01
-2.098709701432518226e+00
-6.391379906751282203e-01
-2.866092426736015567e-02
3.707018638161057589e-01
7.024647824844288957e-01
8.074218624155143909e-01
6.424875735813629918e-01
8.565210515134775715e-01
1.037913772256042089e+00
-2.481713382647076749e+00
-1.901301503603429977e+00
-1.768916360058553128e+00
-1.247248245794265520e+00
-9.147407673711400733e-01
-8.118059388552920641e-01
5.674890785702311341e-02
3.300737289410795028e-01
5.953302358839388519e-01
-2.191478382366163657e+00
-9.075961299892210121e-01
-1.525092101301190883e-01
2.177754761285921603e-01
5.324682280949738500e-01
9.694742179364697066e-01
6.712304263219256439e-01
1.092219344575992013e+00
1.094481132722557870e+00
-2.038018331255811333e+00
-7.929874361209402478e-01
-1.979345852537448686e-02
3.632421230772348575e-01
6.833052599203259803e-01
1.140799255728651707e+00
7.606864965843692650e-01
1.171563558482243028e+00
7.713500374350832356e-01
-1.840249612283207936e+00
-4.040226612319759436e-01
3.148890468522302921e-01
7.076893302213145276e-01
9.402469106884941974e-01
1.216989122089628950e+00
9.595331662642381243e-01
8.902017821984764545e-01
8.217007471082697911e-01
-2.901862380072652847e+00
-1.575029971348947733e+00
-9.619447404371117560e-01
-6.215324687669351311e-01
-3.081236491903398544e-01
-2.219574728202384772e-01
1.590870728128368494e-01
5.421333052394393670e-01
7.492848590644676232e-01
-1.932149056445680690e+00
-7.510630322103900580e-01
-3.166523686977564811e-01
5.715183562825969926e-02
4.743004074342463960e-01
2.343039326383110632e-01
2.976959472873205170e-01
2.708014022763631234e-01
6.717961566828738462e-01
-1.200489459004217219e+00
-1.564821295556982350e-01
3.304129268842613265e-01
7.629817723971207277e-01
1.001702169477268090e+00
6.982859037724046258e-01
8.178263347660106319e-01
5.881358321867038441e-01
6.955461795090193133e-01
-1.195842144836193777e+00
-1.550137051206345040e-01
3.257827683097253013e-01
7.588030520018028691e-01
1.001146146422072336e+00
7.154037258944699884e-01
8.830367712298914373e-01
5.191058974194753262e-01
7.340892111757926219e-01
-2.015388005885375033e+00
-8.387135016402691434e-01
-6.983192178424929564e-02
2.744691754240186632e-01
5.929426598235569834e-01
1.049158009740221997e+00
7.937939119922579057e-01
1.242280628037770285e+00
9.701007224061484191e-01
-1.820348105248683179e+00
-4.368389397899049564e-01
2.361601534408150072e-01
6.293371781117390595e-01
9.021405743406704092e-01
1.081796873659502278e+00
8.646544072834312367e-01
9.044065876124223191e-01
1.057247758175103636e+00
-1.567176933395998395e+00
-2.341993228117240922e-01
3.787170748645868890e-01
7.447911834209282045e-01
1.057420315879325612e+00
1.045916462616980125e+00
1.011286479136762173e+00
7.205998950355025912e-01
8.078377741450430971e-01
-1.714887067349760708e+00
-4.694586580380063490e-01
2.249757702008833293e-01
6.147858348394288353e-01
8.493801954010589128e-01
1.273107720751442740e+00
8.953845900436759875e-01
1.242433084594847914e+00
8.966518941144473454e-01
-1.409526324418096888e+00
-1.553020375503762207e-01
4.333596095684000282e-01
7.967059066633006559e-01
1.104335875197491657e+00
1.106554560404885423e+00
1.084376836439094660e+00
8.779626859046115728e-01
1.040390013550505310e+00
-1.753306047600812656e+00
-4.388057455846915977e-01
2.776068062386596869e-01
6.747679935424230058e-01
8.981917565158192840e-01
1.199882720725412799e+00
8.849497240547448129e-01
9.923219392689323071e-01
1.066854863926363306e+00
-2.053429048844729987e+00
-7.427186883046812405e-01
1.857697232271926166e-02
3.773601324432404036e-01
6.951561159388151001e-01
1.151519296412207405e+00
9.189313812552939442e-01
1.343172279195157470e+00
8.730608861966695500e-01
-1.578639675365385076e+00
-2.485833407147543250e-01
3.643169903072981386e-01
7.316152230821275637e-01
1.043767886981118886e+00
1.090061594371838805e+00
1.014137503769873438e+00
8.833202639838469983e-01
1.044710055992724929e+00
-2.164930248460023687e+00
-7.372185374059142537e-01
-1.676726153120109419e-01
2.180622418934305418e-01
5.889301857320257128e-01
5.459044747049242030e-01
3.856220624716881762e-01
6.638507988973059160e-01
8.705474495909830690e-01
-1.315479805489480958e+00
-2.985017729865366287e-01
1.450346583661396016e-01
5.950067287429793295e-01
8.400933431859114453e-01
6.867721939799295017e-01
8.395678575907421504e-01
8.397204525621465576e-01
1.026483037012896338e+00
-1.190464888847563962e+00
-1.311372257518012840e-01
3.827024149767392358e-01
7.944298466263089997e-01
1.055393416528033201e+00
8.426793065991255993e-01
9.222576701118702092e-01
6.862635511138674982e-01
7.874005294322535820e-01
-1.991100061584988756e+00
-7.894053669763854142e-01
-4.498940626059916292e-02
2.915709406253275682e-01
6.205699847680072878e-01
1.057740040536277570e+00
8.040702498640581730e-01
1.263940550543080965e+00
1.114323992348080550e+00
-2.028316104986306545e+00
-7.359169221589293430e-01
2.561545582218485370e-02
4.135850488601147124e-01
7.308857411521494374e-01
1.193071340238216260e+00
7.886353404996226946e-01
1.227412736788415559e+00
7.963422032351553659e-01
-1.983927991229289978e+00
-7.652898338118215849e-01
-2.015448172725574014e-02
3.852625213131444237e-01
6.967919362805468086e-01
1.151532441882471058e+00
6.555493718317877416e-01
1.023549951612964248e+00
7.641746486486535872e-01
-1.771322312348099892e+00
-4.328713259379131095e-01
2.955846450076168863e-01
6.940277100209112371e-01
8.982104556736175693e-01
1.279674644295818453e+00
9.044996599852526131e-01
1.129686809395242797e+00
1.080824644918433552e+00
-2.058373488429677156e+00
-6.254922026193245888e-01
-6.308920103095720655e-02
3.242872562558629101e-01
7.033864968185469246e-01
6.373903893672238086e-01
5.398589121874760588e-01
3.979849991121112707e-01
7.155034713676783342e-01
-1.883762800353621092e+00
-6.977986348074032286e-01
5.486077818413531704e-02
3.694546325086401906e-01
6.935446101282087827e-01
1.131964239613254541e+00
9.236500449627286224e-01
1.389438857569321062e+00
1.179179824701628299e+00
-2.048111175940830808e+00
-5.706026182117652779e-01
1.207320373546299092e-01
5.218556024991513054e-01
7.953202120433450206e-01
9.589377544633331807e-01
7.186085990103413534e-01
6.010931274806702307e-01
7.565454259250677937e-01
-2.166943241238871387e+00
-8.221950109496107828e-01
-7.452901218450705412e-02
3.402464165378826788e-01
5.893639659656486618e-01
9.853027882609773913e-01
4.540070292256205287e-01
6.023346943905302231e-01
7.296842765731753611e-01
-1.470868288798285128e+00
-4.255202658491051282e-01
-3.555141449223784850e-03
4.412794397422192261e-01
7.168317788009710423e-01
3.958322184559218693e-01
5.906402154711566377e-01
3.008904769664022538e-01
6.930804522136855272e-01
-4.067104000442382628e+00
-1.682690926030215639e+00
-8.929575129559831348e-01
-5.451594245490006818e-01
-2.512789970364346370e-01
1.350763074408631026e-01
8.529508757239771810e-02
4.890480454770591012e-01
7.538767365274897658e-01
-2.801269763263366741e+00
-1.572648183003425126e+00
-1.169787608208410212e+00
-8.550030080859120085e-01
-3.566580605502949197e-01
-4.680102768604967878e-01
1.175298679463033652e-01
4.370977498307588305e-01
6.692247939066346962e-01
-1.819920672463359868e+00
-4.629915489704332088e-01
1.039040660345471878e-01
4.852511805654637356e-01
8.388671100918018153e-01
8.570789457480354478e-01
7.650263974838535930e-01
8.407907709027071519e-01
1.028338146853504442e+00
-1.230941150911166293e+00
-1.454154827004349448e-01
3.593338845687020777e-01
7.738137556533487560e-01
1.036664383762267327e+00
8.887450935901527460e-01
9.879258492570495154e-01
7.383206578325937075e-01
9.359234819745319012e-01
-2.251446197941089800e+00
-9.469087443463332088e-01
-1.433234185190657983e-01
2.615647983266277676e-01
5.741601723475818764e-01
1.040926689381931558e+00
6.141350622733867670e-01
1.015381452546526342e+00
7.296641690920285805e-01
-2.124315199606533255e+00
-7.212469933414079604e-01
2.643276358590123526e-02
4.010888909074358799e-01
7.247503475133433293e-01
1.178774581466397464e+00
8.469499238451234646e-01
1.264397011973268814e+00
8.030556908821583351e-01
-1.788121703217595559e+00
-3.747742462160770782e-01
2.849801576328042096e-01
6.692592158919962175e-01
9.360816303400538718e-01
1.062168565615516869e+00
7.773613949289409630e-01
8.616759134621656546e-01
8.088919570766851530e-01
-2.521885687863194558e+00
-1.879627866710807282e+00
-1.666004681336603399e+00
-1.251309478273565201e+00
-8.365362142125700728e-01
-4.766201590783485931e-01
4.419388054098014051e-01
8.325456089812255378e-01
1.028414588706120014e+00
-1.393705617355829096e+00
-2.972071518095516507e-01
1.894515107458764336e-01
6.033058904444866810e-01
8.960190234384759478e-01
6.023077790194552028e-01
6.592984660982040834e-01
5.655828869040401274e-01
6.935012852062517608e-01
-1.250134891657947556e+00
-2.294897684818064665e-01
2.319737271315515104e-01
6.771335218261640421e-01
9.153201079833924725e-01
5.848365669908619502e-01
7.314647835186057767e-01
5.280479223434104696e-01
6.747671066980507337e-01
-1.782719343161110137e+00
-4.832532440636261306e-01
8.452287735220297138e-02
4.604559385851906828e-01
8.191590128950869687e-01
7.010800678283715115e-01
6.128556210736133547e-01
6.107558717332646214e-01
7.196037280324472096e-01
-1.337986328662502888e+00
-3.099797736695272254e-01
1.314654828957652899e-01
5.754339756284819751e-01
8.345718907965503641e-01
5.239908774794070911e-01
7.167453730531457845e-01
3.743532977622244795e-01
7.129902411707542687e-01
-1.986658960267086327e+00
-5.988685305863128416e-01
9.605502649638664181e-02
4.845963900832958027e-01
7.414730017329589362e-01
1.159890634769936257e+00
7.666539858154538534e-01
1.090570850270365044e+00
8.640614585577232054e-01
-2.378428778303549596e+00
-1.423902049182848684e+00
-1.135577478929630679e+00
-7.766876292917181956e-01
-2.920397558612343181e-01
-4.947264483598313167e-01
-5.859125071954554564e-02
1.684370177100489030e-01
6.601158903536011868e-01
-3.003926102903771156e+00
-1.735698750733458917e+00
-1.192164203767310582e+00
-8.506926077545390319e-01
-5.041502394211471172e-01
-1.809223150285461379e-01
4.393653250568753665e-01
8.419404433655189868e-01
1.038501066467202083e+00
-1.820647663339127975e+00
-6.770052252746328048e-01
4.637834542751433087e-02
3.877599071673585307e-01
7.146930230499500825e-01
1.148357053394837957e+00
8.646416242369592275e-01
1.339725014104162559e+00
1.119380075705956434e+00
-2.480643784614004144e+00
-1.135949315471668664e+00
-3.305556075366397617e-01
7.978121886108066607e-02
3.777935733983248112e-01
8.292695999321864075e-01
4.394869927687138356e-01
7.663514805504799687e-01
7.989013658283290464e-01
-1.456409548572926926e+00
-4.823872337181910330e-01
-9.225210385957161030e-02
3.725254628230206810e-01
6.238891238798601746e-01
2.521781457505506419e-01
4.687927988606676588e-01
4.321743230348080167e-01
6.396160071317282814e-01
-2.267267450342624890e+00
-1.117888660046154836e+00
-7.194932718143491890e-01
-3.610008644626382379e-01
9.324236744397582100e-02
1.070142016437063276e-01
4.599699003884462623e-01
8.353464606490704769e-01
1.029232652363703426e+00
-1.445738771334457828e+00
-1.719319151031150628e-01
4.207101656466779582e-01
7.871570007556066839e-01
1.095317867596748318e+00
1.102543815039906283e+00
1.073691796329445669e+00
8.768800853883826907e-01
1.039257251086118661e+00
-1.682704546244344623e+00
-7.392746356377597472e-01
-3.972207714086199437e-01
6.817487591081834719e-02
3.591869377210370473e-01
-5.373893961099817165e-03
2.655484172477098337e-01
2.440683277807699225e-01
6.417176563839075421e-01
-1.709484422606387444e+00
-3.795458126985057357e-01
2.219542573817479825e-01
5.946852313734158901e-01
9.300601264132988266e-01
8.913085948868799679e-01
8.394292700875782831e-01
6.106873081821805327e-01
7.673688111834175984e-01
-2.851360723135738073e+00
-1.873411071311169573e+00
-1.618687978727746168e+00
-1.306502347326166324e+00
-7.475859415634783511e-01
-7.452287219855243672e-01
-6.460652707196831712e-02
1.964904811920135941e-01
6.526246763709883103e-01
-2.644634178688015869e+00
-1.249732175391365718e+00
-5.632561757192254825e-01
-1.568720001127998087e-01
1.060857034522813824e-01
3.782468322138484718e-01
-5.885848294201122960e-02
1.666675802779420401e-01
6.697808769907469539e-01
-1.941809450152260252e+00
-6.832900136894843879e-01
5.592716555897456199e-02
4.167269167610859193e-01
7.381431256915895744e-01
1.195117567648178003e+00
9.437450211454604387e-01
1.370986051834184316e+00
8.430595295924957489e-01
-1.720158379764666678e+00
-3.168677400540493294e-01
3.298850989597816863e-01
7.053357441947758488e-01
9.894755915267513524e-01
1.060855016100730186e+00
7.904000311305815485e-01
8.562614606744560763e-01
8.126161364653637920e-01
-2.366365161010377527e+00
-1.386858133434660578e+00
-1.074225056902605058e+00
-7.131154042920867520e-01
-2.349829066811399969e-01
-4.113433968573840804e-01
2.091197201986618182e-01
5.711757726154540471e-01
8.008667307406316382e-01
-2.189025159898932316e+00
-2.432745261719492458e+00
-2.289964768157696895e+00
-1.804438343057802374e+00
-1.437419587414147770e+00
-5.770011278161438772e-01
4.433757328577644929e-01
8.326421157312848820e-01
1.026484169541203695e+00
