-3.391057435049975144e+00
6.081150173823642646e+00
-5.396434104510686169e-02
-8.457209337438790442e+00
5.802827678387732391e+00
-1.314419759308860680e+00
2.383485486185200397e+00
-2.555066134641686748e+00
-6.684850588029706664e+00
6.106590672388285679e-01
-3.456989112529624819e+00
9.741809427041279168e-01
-4.338760416733446479e-01
-6.430405574241085276e+00
7.188467366401746439e+00
-5.164719291651718613e+00
2.780227607060664630e-01
-4.762682857697997818e+00
-1.610337265161157827e+00
2.994453721905639743e+00
-3.221691812799370780e+00
-4.132732901623172417e+00
9.507343588535546175e+00
-6.959359642012129754e+00
6.578530948914101728e+00
-7.211955161265610315e+00
-8.211000299362304133e+00
-6.304888222904395434e+00
-7.943967070223285631e+00
5.127700141360079122e+00
-3.202595502601788713e+00
-7.603395389171390129e-01
8.666190177425795458e-04
1.382024262407312853e-01
1.340904741015039425e+00
-4.181429138928151601e-01
-3.273687639351525291e+00
4.934270543376142903e+00
-2.978612913952612962e-01
-7.618008885361462035e+00
5.419353721010595315e+00
3.381871489878394588e+00
2.501367412312411331e-01
5.925920905680436057e+00
-2.698159431630539284e+00
5.122315305201074587e+00
1.310003452281126890e+01
5.200045744880471332e+00
2.146617761424199244e+01
1.086558124331802055e+01
9.048411364308087457e+00
1.127806015769038872e+01
1.578170108803869098e+01
1.334587322776565266e+01
3.223882599704140706e+00
4.835938633823158028e+00
-4.485920716200058500e+00
-4.494974129903317461e+00
8.278367550762487426e+00
-5.890466975784432790e+00
5.906607444009859265e+00
-5.568127639340075596e+00
-1.438434946675763726e+01
9.539367651183482399e-01
-8.574482003545316200e-01
-3.985484136675510491e+00
4.501917563000216838e+00
2.320054252681429841e+00
-3.157237931791209373e+00
-4.789723683086642980e-01
-7.886060932799949796e+00
-8.029517952547326587e+00
5.163309869163736465e+00
1.906657181224774122e+00
-8.409573920666373326e+00
-1.239811355771152312e+00
5.823931108650135968e+00
-3.696356271846278574e+00
9.793797495969132072e-01
-7.358296575050120303e-02
1.671099386348965377e+00
-1.198456606375730438e+01
7.101016957499890481e+00
-3.441913947753165282e+00
-1.168398548040426732e+01
6.611812142996350339e+00
-1.116888720120148015e+01
-2.571279722532608503e+00
-9.111152861731776298e+00
2.677468504494970869e+00
2.765011392601165463e-01
-1.217108725523826873e+00
-8.168358501092079393e+00
1.810800391425837486e+00
5.667652424832766656e+00
-3.227463375157571868e+00
-1.671552612739194699e-01
-3.389601688479342734e+00
6.875711923567601191e-01
-1.134842125566649651e+00
-4.890187743304354129e+00
-1.552526812588576055e+00
-1.498410159314444101e+00
-9.068428553008647697e+00
1.119938068843302048e+00
-8.255237413415155601e+00
-2.317291705998712814e+00
-6.586556735785708661e+00
-1.790707832303824354e+00
-1.076362206549413614e+00
-1.369800538731256445e+01
1.210351366737512535e+00
-1.570512234156068665e+00
-2.684970620896352411e+00
3.644808394804450291e+00
-1.204745064547844535e+01
-1.211009266200231593e+01
-8.443356374559551014e+00
1.142623855797336274e+00
1.082253733825079500e+00
-2.899859403985559858e+00
-4.961822465506127156e-01
5.025787319863995961e+00
-2.128348888324052446e+00
8.161871482086114682e+00
-2.936665871454591237e+00
1.432743724826416098e+01
-6.990711041160127870e+00
3.177834939791130964e+00
-3.707476408836751780e+00
-1.217017417247921340e+00
2.536769246799394306e+00
1.662980659042808895e+00
4.788635042345682713e+00
6.288184645301246600e-02
-5.486467361841248724e+00
-1.192008469430724737e+01
-3.056443981537709575e+00
7.244010451811249141e-01
-1.006244340205211252e+01
-8.192947873270801651e+00
-4.871546375365737092e+00
-2.652907651892523333e+01
-1.319404605862733781e+01
1.030665128806523256e+01
-3.247053112211243597e+00
7.211177327208146970e+00
-1.974804267186468065e+00
9.352796146098890651e-01
-6.388313674523684593e-01
-1.224322849694069015e+00
-3.846232315100618138e+00
-2.020023837101912800e+00
3.000395917073697571e+00
4.857611763857186737e+00
-5.688129192263178702e+00
-3.455590346932041257e+00
7.352825080322757501e+00
-6.394473609922895818e+00
5.295413618246800347e+00
-3.850405662442640597e+00
-1.179558027935539144e+01
-6.958828722622053542e-01
2.645115431147659901e-01
8.955721265636080730e+00
1.130706528899714236e+00
-6.187522168821913304e+00
7.959037047337374382e+00
3.926220653355794621e+00
4.426101631284844018e+00
-1.078177998187259901e+00
3.568768328715301030e-01
-2.824331386446357506e+00
6.104814581411421415e+00
-7.467765540193151974e-01
-4.841120820920025380e+00
3.992495768715832227e+00
8.022747841951850534e-01
1.507880095098092710e+01
-9.231968745104200957e-01
9.354262718468781657e+00
1.565180984333459513e+01
-6.032028387796693814e+00
1.806525374122077032e+00
1.551034617950774575e+01
-3.949586633828297555e-01
1.490415803306368758e+01
5.905136308683007762e+00
-1.515743927659597468e+01
-6.641859739038046939e+00
7.304747518539797646e+00
1.068812954677595517e+00
-7.556866520996075920e+00
8.338618774136202560e+00
-1.881208816318073351e+00
5.923493409508568064e+00
5.084850087052408818e-02
-3.343003918265408991e+00
3.186652068620503098e+00
5.845512331733941025e+00
-3.250198451306501202e+00
-8.356695867185493398e+00
7.155659179372084289e+00
-3.677498621328926021e+00
3.494916253825324226e+00
1.362268477663380661e+00
2.136450719624445327e+00
-2.366533602519984569e+00
2.667669310002303895e+00
5.324165876445479562e+00
-6.946348566879509967e-01
-2.914870747585124100e+00
4.912379383708023184e+00
-7.521866986537681932e+00
8.005721418538847445e+00
-5.761078413714283419e-01
-1.276637160783336888e+00
-3.973357123078686381e+00
-1.201547789462992677e+00
-6.157607901165584874e-01
-6.752762370797391611e+00
1.229030305712741189e+00
6.151281175655494149e-01
-4.282298574037692318e-01
-3.624588985415941433e+00
6.891735022954919465e+00
2.477871181836136305e+00
1.260728906813054095e+01
1.563519108097870181e+01
4.647293956354615396e+00
9.820875176949547480e+00
1.456572092492783810e+01
1.015070216822694604e+00
-1.043637255498667038e+01
8.870264954903294807e+00
7.555208004788921627e+00
-1.125686105066930587e+01
1.450724350750529901e+01
1.209839496368844891e+01
5.333490776177502113e+00
4.408777767126235148e+00
-1.615972591398060487e+01
-1.294516021025510000e+01
-3.019985423080806530e+00
5.513570645371923540e+00
-8.499679843312099692e+00
-4.688648396191485546e+00
5.894080830277065530e+00
-3.306809292767702857e+00
4.642921219097990715e-01
1.048986455574062582e+01
4.670081839530351608e+00
3.204181134389398888e+00
1.334096187503353725e+01
-9.852763794396405928e+00
-1.286623805570770962e+01
1.204701480206123776e+01
-2.396550399317337376e+00
1.283254038001586039e+01
-2.169991030101776186e+00
-1.373454176837564056e+01
1.251772998731762176e-01
-5.517301631183042510e+00
6.450498725390078292e+00
8.027870239879045799e-01
2.235597646527344384e+00
1.763885140742985858e+00
-2.642128162930387436e+00
-5.911285736958275194e+00
-4.574730587988944386e+00
-1.106164427613902879e+00
-7.251596558324334474e+00
5.692333150414561338e+00
-4.527173935358154822e+00
-3.783794853805246827e-01
-2.872290481295647901e-01
9.460037570743885516e-01
-1.175487134811523449e+00
-9.379832114445245672e-01
2.526908130528514818e+00
-2.340960393995880739e+00
5.592498916299239120e+00
-2.669865065171792562e+00
-8.974853098705857235e-01
-9.820961485536044977e-01
-3.550000507955355378e+00
1.260824111545466239e-02
-6.265202090000163704e-01
2.302850666596229612e+00
6.076229574059787808e+00
-9.849542584195992712e-01
-7.819269195458779187e+00
8.498891215781823050e+00
-1.801092255194488567e+00
8.938786561283252885e-01
-1.229869343503926515e+00
-1.445745109131721051e+00
-5.277758464955514484e+00
-1.965881390498672276e+00
5.585345087673023734e+00
-4.104058864489497083e+00
-8.524995472638666527e+00
8.949907234744411966e+00
-4.516251740342398513e+00
-1.171634262311244257e+01
-1.179548158009317227e+01
-2.793462938084323888e+00
-8.666069749790027643e+00
-2.869170691998749589e+01
-6.188495446270876332e-01
-4.715159021754446123e+00
-1.715783680108816966e+01
-1.275872295484932373e+01
-9.645250203340222095e-01
-4.784521970479173270e+00
-1.081301504150328441e+01
2.852023839717853448e+00
-5.223248170843888261e-01
-6.631750145836263322e+00
5.514408151440440831e-01
2.939409709472768917e+00
1.478233451536055787e+00
7.511854011096558814e+00
1.221351123131942495e+00
-6.728720113407098857e+00
5.158452408866910588e+00
6.867027061809914734e+00
3.251357005777160136e-01
-1.926379142273456413e+00
4.780082141449735644e+00
-1.276835598158300833e+00
-3.904458711645887314e-01
-4.122696714311309130e+00
2.326135214689538877e+00
5.380574203847433346e+00
-8.063696659418480905e+00
-2.076581465738692511e+00
5.678538716187855329e+00
-7.080115301584696930e+00
4.383420227006365799e+00
-5.068659078627255177e+00
-6.742623695270946627e+00
-4.747256807200490591e-01
-3.869917554442929397e+00
1.043785705410261055e+00
-8.254528997507125654e-01
-5.066939483248902754e+00
4.101628000864468326e+00
-8.691600537594699194e-01
-5.862060100460284584e-01
-4.833701401036080370e+00
3.036014876501140325e+00
2.443569490335565142e+00
-7.968865854265165360e+00
5.074035517141354923e+00
5.106853934534322903e+00
-2.722243017591983172e+00
3.601231661614849866e+00
-3.262355288095626360e+00
-5.367659235429423248e+00
4.031646332575083980e-01
-2.003010711162982460e+00
3.184309073112844057e+00
2.429546957412459296e+00
-2.038367480755347572e+00
4.862455871067133728e+00
-5.712517265476334538e-01
1.559091739161684309e+00
-2.124496918475021978e+00
8.773189822928207926e-01
-1.741082419047881968e+00
3.024996753059954635e+00
1.676796329536091701e+00
-2.709229848456887524e+00
5.097270021760582637e-01
-1.068614951526837054e+00
6.752305666970106479e-01
-7.483647981020172146e+00
-1.805739710364395512e+00
2.465898396573548701e-01
3.923633377763674712e+00
1.488770111635441706e+00
-3.826313204191971185e+00
7.701289579109014127e+00
-5.706384523515739104e+00
9.010164435352216117e+00
-2.162477610016595886e+00
-3.475629772072292845e+00
1.266427656661116963e+01
-1.039603052418966200e+01
-1.814670485093243357e+01
9.979942430250114072e+00
-2.899992318963764859e+00
1.658415181405348093e+01
-2.343794699420330030e+00
-1.489892354454180534e+01
-8.934770341158361218e-01
-4.108044412256286471e+00
-5.196467769766290878e-01
-2.026103466402173758e+00
-1.037043235939919050e+01
3.372052610499357339e+00
-2.017051231341350892e+00
9.530503378328301523e+00
4.214100734290565420e+00
1.775154104798989385e+00
2.755873789678491725e+00
6.349301375505410405e+00
2.910878127788398828e+00
-3.535186475669211958e+00
6.744441472104957036e+00
-1.192911356451313054e+01
9.179469371821887824e-01
-9.695837956442417749e+00
-1.082904263539816947e+00
-4.107288057298237760e+00
4.754563705393336503e-01
-5.476403348933869264e-01
-7.118139028695528836e+00
1.601136759722141756e+00
1.871874637873696123e+00
-6.317322035903524480e+00
-8.868281226252371141e+00
-7.885410120521479271e+00
-1.451098739904667489e+01
-5.313666908867386240e+00
-1.484553726580858157e+00
-1.268261569320090665e+01
-1.545810357095438903e+01
-1.053416929908865463e+01
-1.788124117752300180e+01
-8.858546655438045425e-01
-1.222766922253851057e-01
-2.902640991708029361e+00
6.382457569779829143e-01
1.173524264679133733e+00
-3.163207969411930831e-01
1.347463488762907557e+00
-6.020271973992258330e-01
1.253051267167405003e+00
-6.021952881380356892e-01
5.351157308298631676e+00
1.474605238363260895e+01
-9.534054959818092811e+00
-4.739364984847609819e+00
1.899977882673312379e+01
-2.453034547761983042e+00
-3.589019218699939229e-01
-5.556907898664198875e+00
-5.814987505130034151e+00
-4.731874757465436288e-01
-3.891633555015323598e+00
1.267865164257837352e+00
-9.573094737935615717e-01
-1.010418427614204084e+01
-1.000546132264988064e-01
-2.758382232746721563e+00
9.369929953656308541e+00
-9.610112336216584117e-01
-1.110113202399674037e+01
2.413799261895861026e+00
3.014077729714761400e+00
-4.654782616188476219e+00
9.956864055925237489e-01
-5.123122798164380098e-01
1.033936576699608922e-01
-2.377010559702181780e+00
-3.467491452167651644e+00
-3.215502095979042574e-01
-5.817471935798963045e+00
5.421265720545549449e+00
-2.655582662954587558e+00
-3.418527699177629220e-01
-2.497186718677900430e+00
1.712701614187847943e+00
-2.984182993038769105e+00
1.745667488287037772e+00
-1.762071139442262346e+00
-8.879070510779358827e+00
2.518665559041359359e+00
-4.833320619213931302e+00
-7.101881638485474824e+00
-1.907344379244669152e+00
2.751288158365404524e+00
8.553028300950105134e+00
-8.745862468356208064e-01
-7.187683513102450128e+00
1.234163581353654227e+00
1.495698833419307094e+00
-5.937167214983658070e+00
-6.718947986920547066e+00
1.681496388243926554e-01
-2.334649736228963235e+01
-1.422854323251536535e+01
-1.835704862864523834e+00
-1.089622790194805901e+01
9.625455088559927930e+00
6.846039130016383645e+00
8.662908964075056728e-01
1.122743022984768047e+01
5.406995048430480288e+00
1.151991305785553088e+01
1.844816549522871085e+01
1.575757331494862612e+01
-1.535663189714699728e+00
-6.473973826283982547e+00
-2.349112219112129551e+01
3.589494512030001250e+00
-4.316943330274331636e+00
-1.601947548817003408e+01
-5.144260505364308678e+00
-1.231482734593788742e+01
-4.365262777937466865e+00
-1.722786164765956940e+01
1.088175686238381346e+01
7.741571604085558000e+00
1.282727058813328158e+00
1.072742816839626379e+01
6.528540347343482209e-01
1.356330044663177858e+01
6.616664448201997395e+00
2.394328468019150691e+01
-2.322214457584142355e+00
5.383207808450194420e+00
-1.061898049027054824e+01
-2.301530979923843034e+00
5.209530745715563960e+00
-6.675227649452811995e+00
6.457073323661874475e+00
-7.918778481469372466e+00
-5.834227164666573984e+00
1.957330735551106926e+00
-1.090742192877278693e+00
1.111475568487760768e+01
1.321463435304099931e+01
-6.043565162825675907e-01
-4.105591587242528817e+00
-2.952785448559897219e+00
1.828608283676362944e+01
8.085224259974816974e+00
5.631744218467457763e+00
-4.696349435813421458e+00
3.494305797942948377e+00
-6.074526409568201224e+00
-4.985817313612438184e+00
3.988243573774022943e-01
1.170433459812027399e+00
8.004443623200044655e+00
7.281669246750110958e-01
-4.655354454066180203e+00
2.354563850213895915e+00
2.387778254885958074e+00
-2.381480267659448757e-01
-6.731108045628112713e+00
7.151093516728749044e+00
-5.396758795510364415e+00
9.520158864509745911e+00
8.485265332700896446e-01
-1.118818584672780059e+00
2.319606997719982910e+00
-1.265860519470324874e+01
-1.146052526684425699e+00
5.127661188869391262e-01
-1.134941716656751431e+01
-1.165122092962001865e+01
-1.034728217670278561e+00
5.842218933966182526e+00
5.784558090051680423e+00
6.458278037950318407e+00
1.154128917052430658e+01
1.157510654559081509e+01
3.051439227966918466e+00
1.034627165908496416e+01
1.687236459037540826e+01
7.273554264651020951e+00
2.001779044897141091e+00
2.778859725030932704e-01
-6.256332351815849790e+00
7.770400422199816859e+00
1.895190335752138022e+00
2.709236921765643569e+00
1.393152535015794058e+00
-1.115436380663772820e+00
-8.961330798792936037e+00
-2.969896768106199403e+00
1.019900545311372753e+00
5.938273326755145298e+00
-1.299392242756560290e+00
-8.536251481101396976e+00
9.107126568559422708e+00
-3.357955768941308872e+00
3.364722948301398286e+00
-2.709939911566946691e+00
-1.089551793550598058e+00
-3.335720216968832030e+00
-8.733916496958869402e+00
1.449415578816476646e+00
5.446668549052033903e+00
-6.556817509270286948e+00
-6.271726232102038168e+00
2.353790895206786082e+00
-6.404685341515932606e+00
-9.887161577047253180e-01
-5.317478487785301411e+00
-5.244447318717991857e-01
6.039676955672589109e+00
-1.819442887644031170e+00
-1.086047734705812040e+01
3.597531289982808467e+00
-8.557336191899139521e+00
-1.444927601213869428e+00
1.780999694202167971e+00
1.837461386490252535e-01
-3.012568188663529600e+00
5.663474447492368169e-01
1.566651440935042938e-01
-4.325656962795153326e+00
1.579842302700053547e-01
-2.452963968285442498e+00
-2.439262046363372072e+00
-2.376548167898849595e+00
1.073092525736197178e+00
-1.439008027879817631e+00
2.307463383235695442e+00
2.076897107401107778e+00
-5.259087030699579612e-01
5.592534742242967205e-01
2.236126218918901287e+00
-1.004638653194876108e+00
-1.069510483736791606e+01
3.207330685820378946e+00
-2.848098439880275112e+00
3.818432698966935934e+00
-4.653306934133941475e+00
-1.216291961825500589e+00
7.389933189909390077e-01
-2.287753631990459002e+00
1.074482294812695304e+00
-2.650486659526899991e-01
3.024145344825361625e-02
-3.094141809388263997e+00
1.186035828582848506e+00
2.854337953820288987e-01
-1.896908991624692176e+00
3.182215966787454331e+00
-1.732676963387877356e+00
1.613094395580906504e+00
9.854783852082932283e-01
-1.416694022001193964e+01
1.981807421606562036e-01
-6.391923420356270924e+00
-1.573950269256680379e+01
-2.251204306850737247e+00
-4.889490732551544205e+00
-1.783229894680660621e+01
-1.023908236675362815e+01
-4.118750980518473881e+00
-1.776133182618915285e+00
4.724724461639793205e+00
-1.758845488781661359e+00
-7.001238973384651842e+00
8.670658207217510238e+00
-5.290057262793880888e+00
4.160868696216123652e+00
-9.176158099214973163e+00
-5.092820336330160735e+00
8.762778908884771845e-01
-1.613397857557103299e+00
3.240642786645162143e+00
2.863155673375519239e+00
-2.758859193317428016e+00
1.935678766463636347e+00
-1.100471091052321881e+00
-1.736843133805217709e+00
-2.708035921895844744e+00
3.346747282971557880e+00
5.814519063754092221e-01
-2.126475129214100335e+01
-3.814001084025986810e+00
3.335480903512906714e+00
-6.903867029254308285e+00
-8.237972432501805997e+00
-1.951574326426261408e+01
2.330864189884655602e+00
6.885540706067586614e-01
-6.524162744536043945e+00
5.197356822864215076e+00
-4.683179383135608553e+00
-3.390855087870676132e-01
7.202588981961885461e-02
1.741888946937756533e+00
-1.435646779879341084e+00
8.028178376269275995e-01
1.501619029992063759e+00
-3.403883833243552814e+00
7.056718242458401846e+00
-3.077622974340218587e+00
1.778594119832047404e+00
8.249993233172917551e-01
3.119609675811457983e+00
-4.650224994532782929e+00
-1.548992118484341818e+00
-1.613113120946209955e+00
1.757226954249924233e+01
-6.451891714983906567e+00
-1.279596829749640463e+01
2.139496664397810832e+01
2.615769480644990708e+00
1.247160491615057799e-02
-3.908888108193595112e+00
-3.318948665599816827e+00
2.033610209133314584e+00
2.517312466437649388e+00
-6.181921124621226227e+00
-9.729046061595432171e-01
7.239664192559885691e+00
-7.319548920534780123e+00
2.657540516105278527e+00
-4.266484356668790667e+00
-2.152555509592772864e+00
-2.389644903540779630e+00
-2.180651263724240785e+00
3.537225368185458407e+00
-5.413135321915905074e+00
-2.573722615594753460e+00
3.935909592050960137e-01
-2.933566263179582467e+00
-7.834922360220331061e-01
5.738621938292779445e-01
1.147466538223252508e+00
-9.436615038886994045e-01
2.888674439906169233e+00
4.131580154761928192e+00
-8.949823169172819171e-01
1.789768216820705860e+00
-9.499750198909194809e-01
-1.694647634702260541e+00
-3.041350623595858504e+00
7.960648847261463379e-01
5.406870942595400464e+00
1.371507476625653155e+01
6.801106022130066542e+00
-1.124906747218425318e+00
1.338234241080346365e+01
1.547247545898556353e+01
1.403146119360426169e+01
7.868637821922813025e+00
7.192155278484220204e+00
-6.237920345655546761e+00
7.248039114585160370e+00
-1.520687483296260023e+00
4.820561496537112967e-01
2.034200886370277406e+00
1.250228733724914942e+00
2.157914452643179271e+00
1.951793571369416558e+00
1.989125849332239182e-01
2.712290374187314335e+00
-4.418788435143742532e+00
-2.984524332302668892e+00
9.047618624295253653e+00
-8.936536899742913320e+00
4.665175390255380528e+00
-6.542510640917770459e+00
-1.237260376944255835e+00
-1.993714011606785741e+00
-3.250356323540180892e+00
-2.526911460949988975e+00
1.756483113516797756e+00
-6.305089485553392326e-01
-2.465136537992187460e+00
6.693753114925076186e-01
-6.807624502111021769e+00
-7.013889535055134239e+00
5.424918276581243148e+00
8.511504392899563953e+00
-1.508304743319823871e+01
4.048185157969749204e-01
1.242265304379263746e+01
-9.089543148468930411e+00
-3.005520811978371398e+00
7.527669298088037309e+00
6.129856050767842568e+00
3.256681870909314380e+00
7.048150449550966812e+00
-3.857437392825565858e+00
-3.192230251572175881e+00
8.062756340399355182e+00
-3.824525543131226613e+00
-3.598983287312944146e+00
6.982372150432537339e+00
7.280972840632898624e+00
-9.310664559598604839e+00
6.857767731752376861e+00
-9.862534548469483742e-01
-8.310915841607844357e+00
9.106887640641415871e+00
-3.931022741324652348e+00
4.439969751314428059e+00
-8.928023004041135025e+00
-1.947420969313096828e+00
-5.245426130184350555e+00
-1.462983437217033611e+00
4.981505592800060001e+00
-4.985381197895373262e+00
-2.424862316080169181e-02
1.142980246504770259e+00
2.096351475851884472e-01
-1.083808098929330610e+00
-1.144649338416035445e+00
-1.177376768790782968e+01
1.156506686815080176e+00
7.959001197955890561e+00
-2.173870271931976461e+00
-8.337875393183994177e+00
1.153757148992414550e+01
-2.877242972120500042e+01
-2.954361657007594122e+00
4.698594957579241616e+00
1.887895609028242827e-01
-2.171455077342651752e+00
1.389414342288078474e+00
1.738835421378592150e+00
-1.024186853239428041e+00
3.732820269242593247e-01
1.582107367220168870e+00
-2.661264738419008680e+00
-7.664366703865050923e+00
2.806549765109897177e+00
-6.710366456190983264e+00
3.921138458486276068e+00
-2.194312731868450328e+00
-3.593132349021357808e+00
1.769064011220617960e+00
5.375913796727087579e-01
2.948458871663002689e+00
-1.373017547928844451e+00
-6.469081005152614416e+00
7.752982577271803066e+00
8.482435020536388537e-01
-8.196841749735055416e+00
8.866130080270613334e+00
-5.877284871964513435e+00
4.053537371119161570e+00
-3.264321514814118697e+00
2.872286306660168265e+00
-2.364630625710839595e+00
4.923150298970727867e+00
-7.361888621618377648e-01
-9.125350745044768175e+00
6.343410691797110701e+00
-1.898568846878762484e+00
9.026028338481066893e-01
-5.978342630744082342e-01
8.165420865257294603e-01
9.621814831136892288e-01
-2.797614986924982006e+00
2.811356445453030428e+00
2.250216032598128191e+00
-5.000296815897265823e+00
3.055957887053773803e+00
-3.425462751431999298e+00
-1.177319812633588425e+00
-3.844639295463501139e+00
1.642157159222235707e+00
-1.582304943227595517e+00
2.941582993596339790e+00
2.214463809988305609e+00
-2.133303380724390852e+00
3.119934181852198063e-01
-6.878550152940403617e-01
2.742458861564256445e+00
1.330102464602095136e+00
4.218766818221709736e-01
-1.186783195887079811e+00
4.308071971280614143e+00
2.546451543530398709e+00
-5.354260540984366656e+00
3.422152362299381245e+00
5.976608967843315412e+00
-1.086068324177742461e+00
9.258421062502328880e+00
1.421567147608601722e+01
2.051025503068602518e+01
1.201034783456627952e+00
2.345663403237597322e+01
2.528071190913597732e+01
8.269068205524323645e+00
1.021654905263457991e+01
1.575778187403375341e+01
1.484229954825356756e+01
9.919302898769148058e+00
-6.858940341527593354e+00
2.467370894575557028e+00
-4.281872293347602110e+00
-6.505777235756245780e+00
-2.548341724242581652e+00
6.713504807901212734e-01
3.346430158074269912e+00
1.735952562139153832e+00
9.136099041726608583e-01
-1.990696244665191905e+00
2.223135311488908084e+00
3.608721490116752140e+00
-2.099186303423879796e+00
2.652758921621892085e+00
1.306156473467978474e+00
-1.130703701768472014e+00
6.138088032305332176e-01
-9.198612195238062839e+00
-8.611837647939124096e+00
4.321261047400413169e+00
-2.775130213356493680e+00
-5.694808239069494293e-01
2.708824493543350531e+00
4.723714180604672741e+00
3.098565946463359921e+00
4.054149284751378701e+00
-8.594480092646309188e+00
6.712103569970707673e-01
3.669641615245717414e+00
-5.388478776697324529e-02
-3.580035864270536550e+00
6.519482679043753670e+00
-3.756387542678024882e+00
6.298069798269688491e+00
-1.628296291827924014e+00
2.393088979807610706e+00
-9.065938231350164633e-01
4.492735825003399519e+00
3.900860196714677652e+00
-1.068286207927576337e+00
-2.936855537675386429e+00
-1.727044211235874371e+00
1.372462493664444283e+00
1.695008731540356139e+00
-6.115518675835914131e+00
3.145294243310043480e+00
6.561292187093855865e+00
1.331427899788178548e+00
-1.876219223827345628e+00
6.140041611871991378e+00
-1.115062463688048311e+01
6.259432850712403074e+00
-2.241071155720773866e+00
1.738174458364599273e+00
-1.437706903444893936e+00
2.998432629711655917e+00
1.631914377219356060e+00
-5.307978978687181160e-01
2.232899967412314890e+00
3.565573915570366403e-01
4.353594607874215150e+00
4.719917046450830433e+00
-5.605102399998881602e+00
-6.091347655276391215e+00
6.068856981180381638e+00
-3.126049675639897885e+00
-3.457719046970361143e-01
1.735952992717836596e-01
2.177203852119612648e+00
1.413758134897818985e+00
2.589968101222486219e+00
-5.998095029826614244e+00
-9.274411989306367010e-01
7.251465271142064850e+00
1.868691543048766057e+00
1.130138568636209317e+00
2.551193598523677331e+00
-7.033706513324268883e+00
-8.458685394317235762e+00
-3.017594513358967667e+00
2.219935763089083025e+00
-1.448332087431007720e+00
4.280649776143646612e+00
-4.168407041883068764e+00
-1.163726604309104573e+00
7.353528141641987315e-01
-1.128800304415834121e+00
-1.513645084096463922e+00
3.022185203029106759e+00
2.320863446156998133e+00
4.437149379149512463e+00
-7.991814889068441730e+00
-1.329195598958343494e+00
5.126806751865442102e+00
-4.635540098515614105e+00
-7.422971947048066177e+00
9.339034097030429749e+00
1.199762604702373991e+01
1.201320782938885279e-01
6.344245626343489874e+00
-6.747633474855397884e-01
-7.612738653105245668e+00
8.547713108154288975e+00
-5.378470078812592092e+00
2.566366464521657509e+00
-3.440286694247837396e+00
3.587480395320679083e+00
1.012282476063746728e+01
-5.489231938398393851e+00
6.130597647629715041e+00
5.251990268628030645e-01
6.721410429961706123e-01
4.871931149233363456e+00
-1.421528908253957946e+00
-3.627276538257544036e+00
-1.263037442145633182e+00
1.997766628296409053e+00
-1.401889993596330708e+00
4.381209965519624383e+00
4.315845536559573148e+00
-2.352744330663664396e+00
4.938106711811831140e+00
-7.379116788065597232e-01
-1.033728755658215759e+00
-1.186041653937708329e+00
-6.814446659057316058e-01
-3.259549285599082413e+00
1.874935434088090158e+00
1.938845944285731981e-01
-3.812039965328134716e+00
-2.587705553686154403e+00
-1.309525402631578794e+00
1.137484205596409614e+00
3.098850194007736203e-01
-1.109764300197929598e+00
4.847420777358357746e+00
-5.067377196850622045e-01
-7.686729106082412777e+00
9.525626421616870232e+00
-3.284053526752358287e+00
8.332937182519599695e-01
1.346370336527323852e+00
4.719968128918206496e+00
6.556707699675594636e-01
5.168985161038105680e+00
-3.058681055119226500e+00
-2.364713875200046722e+00
9.122150045530231566e+00
-6.311975025516358251e+00
3.151365698821758432e+00
-1.074967827395192144e+00
5.766100953236926507e+00
2.622147463393959210e+00
-4.993386385794243765e+00
4.277246122363731473e+00
-1.186680062489812615e+00
-1.848433646385881479e+00
2.937684041016466185e+00
-2.093964189212628835e+00
-2.491338704581381513e+00
-1.840662340079327830e+00
-1.065892208040618705e+01
5.038487531638332406e+00
-3.598020623243490257e-01
-8.274491591620574127e+00
6.397442900665693877e+00
-3.187087031754117117e+00
2.325035546108261020e+00
-1.809830683808052232e+00
5.350873604936280614e+00
9.884234018389641552e-01
-2.081328640274069386e+00
3.493805166511763094e+00
1.951943517299061792e+00
-2.854326991372869493e+00
4.356468408553519467e+00
-1.141236907026233816e+00
1.471772167807485987e+00
6.111491498306174108e+00
6.066037619016975135e+00
1.416838653644773016e-01
2.923274029129686813e+00
-3.070545830729693115e+00
-3.895622588432084754e+00
2.563027669332724301e+00
-6.208809561403803023e+00
5.190784746385866733e+00
4.220478757114360491e+00
-7.490071405863299780e+00
5.849312750083190515e+00
-2.306991615503761750e+00
-9.738116517647434023e+00
8.031546144564954304e+00
-7.473958696752696973e+00
-1.096270399611764867e+00
-6.259227724002784043e+00
5.582752536602124671e+00
4.031204786772552673e+00
-4.771674027014136676e+00
7.252225149033979079e+00
-3.765799822452982060e+00
1.383309184726817076e+00
-5.885085138242783787e-01
3.902001747863578451e+00
-5.087331520417715858e+00
2.574199835368815137e+00
-4.421471838554407729e-01
-3.515403221787132271e+00
1.774781018265581212e+00
1.437445166874038893e+00
-4.182254418754190795e+00
-5.440913513539723523e-01
1.291353307654963922e+00
3.352339976832879209e+00
3.257849642009491564e+00
1.187158999581846341e+00
1.352961070802885246e-01
-2.014466269862548842e+00
7.358885487231125566e+00
3.032785710426202819e+00
2.827086158682122097e+00
1.403895812968376955e+00
3.295108458100138193e+00
9.793962466827142777e+00
3.767759265955595183e+00
2.458486233893967032e+00
-8.039099053079983292e+00
2.407875649582835731e+00
6.543620773191596740e+00
-7.741070584257491838e+00
2.019085632858000245e+00
3.463272771878498496e-02
1.162092313286755818e+01
1.701248998188781059e+00
-1.756747087012137776e+00
1.673329475288461321e+00
1.496764235778604846e+00
-5.713215117854654190e-01
7.726116931065667437e-01
-4.199047262085570664e-01
2.792573811409967188e+00
8.235147363382871788e+00
-3.597217469341882912e-01
-1.762512308862615562e+00
3.079921170278286713e+00
1.272452821486668384e+00
-1.314853235661070929e+00
-4.788100769067969331e+00
-1.148324695976788767e+00
1.544499690434548489e+00
2.421388302514313029e+00
1.545758950081449079e+01
-7.132313283800276515e+00
2.697664062832258125e+00
-3.143605051037465792e+00
-6.120941996492067716e+00
-2.793893353275133329e+00
2.480909111309764103e+00
9.448468385499680933e-01
4.696816977665879023e+00
7.663607160021157494e-01
-2.619582630933515066e+00
3.526032087706299833e+00
2.690656178851795755e+00
-3.487731432521565811e+00
2.040567649714834619e+00
2.787354584177036187e+00
3.594475006926176608e+00
5.611355232179722208e+00
2.102729282876401928e+00
6.188480599481185784e+00
-7.593682693221917024e-01
-7.328004946841705447e+00
1.018830318775977695e+01
-5.101411875405892360e+00
-1.767399009181040759e+00
-2.926868326648345509e+00
1.068488723053445355e+01
1.978974374509301271e+01
-5.916090814601990822e+00
5.186477421919867048e+00
-2.816829249186567186e+00
4.494907066746402224e-02
1.882832626975398993e+00
3.237300376416410774e+00
-1.231089778943407431e+00
8.206575839509335779e-01
1.021802766935386941e+01
-8.506639510197866016e+00
3.748294980272910415e+00
-3.346470288476581345e+00
-1.576439599706946915e+00
5.260229424375721941e-01
4.533303057712089412e+00
3.252628022291160548e+00
6.242971416125370432e+00
-1.616569151531609960e-01
9.327962072891645695e-01
4.313940540737485563e+00
-1.299177596467062656e-01
-4.344885149293099325e+00
3.230977456327356112e+00
-7.507350185650039087e+00
6.550602141112483068e+00
5.512579821381714318e+00
1.014759227652872120e+01
-1.484925163007723814e+00
6.919265075516513264e+00
-7.587482113465422451e-01
1.581501172564650226e-01
2.847535275416614997e+00
-2.737033377268195400e-01
4.924116014470215907e-02
4.639174482311417158e+00
-8.048381729626573611e-01
-3.516893056289610353e+00
1.764668126489153943e+00
1.128805152523130184e+00
-4.509479270951735508e+00
1.301736773111046297e-01
9.475112981541509161e-01
3.091514372915607378e+00
6.499025900155839253e+00
-7.114744149669274265e-01
-3.138159417824331499e+00
1.835374209366470222e+00
-1.989616782757721303e-01
-4.104987968228965833e+00
-1.072821785468312639e+00
-3.636509010089628458e+00
4.208314259367170074e+00
1.406999836399716663e+01
-5.031078752418888911e+00
-6.710839695005262229e+00
5.830356772763273021e+00
-2.008335802212938059e+00
-4.590882988819710020e-01
3.255174896138264828e-01
1.875961769464377316e+00
-1.434901681128930351e+00
5.261944203214353522e+00
1.855057559886600815e+00
8.638942924840774529e-01
-5.320880839921824368e+00
6.326609935214604796e+00
3.252630652739435746e+00
2.596317098991550942e+00
-2.210431712811353755e+00
6.674621079281760849e+00
7.594970858996118679e+00
-8.115560895047418954e-02
-2.968041524370220063e+00
1.894279091784470737e+00
8.798872853533400429e-01
-2.082182186334287088e+00
9.114660303215955661e-01
-9.841797064262285122e-02
5.512215399812831151e+00
4.590669607082357828e+00
1.752055286893625663e+00
-9.148286761576476245e-01
3.044431069656801991e+00
8.944392935424617663e-01
-1.386395561729787840e+00
2.763776122338806207e+00
4.359530688235445650e-01
4.456762593101080583e+00
1.271249912860597320e+01
1.098563461223861504e+00
1.051895392957455933e+00
3.366159421097441040e+00
-7.784215365195371050e-02
-6.432228049421310878e+00
5.898785557583190453e+00
-4.838896687699584476e+00
4.398432018767460150e+00
2.089118239766449836e+00
-4.183704260530754837e+00
-6.169270912822677033e+00
3.687482863658323673e+00
-1.297297313420817888e+00
8.410183096264928215e-01
-1.277612057940508139e+00
2.513689131239881025e+00
-1.878651905848755410e+00
-1.383110452794460210e+00
-5.946434154136106542e+00
7.725192168984402308e+00
9.487993137820154299e-01
-7.184105018484792105e+00
1.033928401652527640e+01
-2.283653348941198313e+00
-3.961693882316674298e+00
-5.864926642269622903e+00
4.774692217758704338e+00
6.631634931109393172e+00
-1.205455923967767973e+01
9.120537641400923157e-01
-2.458652249003424384e+00
-3.555416134926875138e+00
-5.008884137263889258e+00
-3.841464451885134856e+00
-1.317729829040288969e+01
-1.251283700601544169e+01
-2.472279583723653751e+00
-1.002783698784504729e+01
-2.623693753749222068e+01
2.646959129764271612e+00
-6.501135958701050654e+00
-1.753084482285943224e+01
3.231068108987623422e+00
2.612835517301598287e+01
1.577276464090217978e+01
1.769065205530967910e+00
-1.721998292496966343e+00
2.382629673057453878e+00
8.048757712255483199e-01
-4.847488370776445343e+00
2.700147283170906576e+00
-4.407428852142871278e+00
8.377195453897250843e+00
1.271243676931505995e+01
-1.492770903019856199e+01
-3.347379016019493836e+00
7.149895743832619388e+00
-1.082579045773988780e+00
2.398149283516262109e+00
-1.731018735770714967e+00
7.221290824111632922e+00
-4.810851803527648407e+00
-8.045367192473167062e-02
9.681078791960923136e-01
1.923978866885323713e+00
6.104583086767665812e+00
1.218119842542149334e+00
7.446094678964885194e-01
2.169850725516523138e+00
1.423358695915249716e-01
-4.324559194976992593e+00
-1.024089814476543403e-01
-6.952505558799983554e+00
4.735335517721704690e+00
-1.883693589770641807e+01
-2.365161047457275245e+01
8.969490226684895262e+00
-8.133375195463553808e+00
4.344174996991704951e+00
2.099325610975880352e+01
1.055922943899747146e+01
1.403752609834312270e+00
-1.683418050032226221e+00
2.895046249723251197e+00
2.221856470651178306e+00
-1.626386920655642054e+00
-1.824476888739394453e-01
-2.748807571502461577e+00
-7.062347065948399560e+00
-2.848023135344313062e+00
-3.117828865276603967e+00
-8.471702246970810535e+00
2.552506615534260614e+00
-1.848442660490694500e+00
-5.449086773212417079e+00
-1.719178313257136229e-02
9.653755164272059375e+00
2.292469150496625474e+00
-3.178983661012402262e+00
-1.095069087123824225e+01
1.309492047853130670e+00
-1.588419429785155934e+00
-7.763152960334133823e+00
-1.439269627950473751e+00
-1.533421039483520687e+01
1.904687156209290322e+01
1.451663175439625064e+01
1.354707876059853433e+01
-4.041837774532074157e+00
6.409270444148197576e+00
1.048119071147853631e+00
-6.916534711009894032e+00
8.069716047109073642e+00
-1.287096572743331890e+00
6.620751734901734187e-01
-2.577616480538308608e+00
2.048346796172391571e+00
-6.326243928677312667e+00
-1.791226754586718428e+00
8.678308108944049470e-02
-3.560193454379846578e+00
-2.589008704554650819e+00
4.037639819397594643e+00
-9.542939226987721568e+00
-3.307711364759527983e-01
9.225401962204890505e-02
7.112952342207085721e+00
-4.741455408785357761e+00
7.352404507460812866e+00
2.418726441166365593e-01
3.318149516527394649e+00
-2.869988644750016693e+00
4.249490701375651547e+00
-4.963853055563298255e+00
-2.941974174430991074e+00
1.052552294884947059e+00
-1.659326114685846010e+00
3.598943554802750633e+00
3.929666785045637378e-01
-7.248215719038861415e+00
4.546247002384649072e+00
-1.828673738768791912e+00
-2.841695251591940696e+00
3.513344516063965806e+00
-2.655669288496321112e+00
3.918346774926012799e+00
-1.930910699926428942e+00
-8.204104295839071526e+00
9.149775332909110048e+00
-2.897329889910353007e+00
-2.602966987736457405e+00
-3.468111612038505598e+00
4.149300617694573923e+00
-3.296858332624846843e-01
-4.184462083106209818e+00
3.221224024172514966e+00
-5.470142251839805958e+00
-1.683278487030345438e+00
1.177228677907902865e+00
2.994383383261901344e+00
-9.799860766960885039e-01
-3.277195713654374121e+00
4.444084126514538546e+00
9.028898479474645189e-01
1.639211732028112101e+00
-4.599290775508423912e-01
-5.588472940925461430e+00
4.830459180125145302e+00
-7.096910417971906249e+00
5.139815796600338160e+00
1.675864150903204841e+00
8.140306093379594543e+00
-9.620550513582461605e+00
2.336472703508651882e+00
-3.968393987797876665e+00
-1.043587872880522127e+00
-2.306078906593160838e+00
-1.373041958217554315e-01
-9.639894596114517711e-01
-8.842228306813106897e-01
-3.024324628149806848e+00
-9.765959541423697488e+00
-1.234439473552229882e-01
1.457777343545628490e+00
-9.335857565536519687e+00
-3.578770780534857643e+00
-1.009814048030673916e+01
1.255443647809277330e+01
2.033036152304959998e+01
7.846680960452817599e-02
-2.138612328048923317e+00
4.303727001330478509e-03
1.083715864239874094e+00
1.446920432674747126e+00
-4.106814798162091940e+00
-1.387244461136555307e+00
-2.768043163101946647e+00
-3.051216970626542846e+00
1.061145315751760698e+01
8.065203131729012043e+00
1.744389325219072262e+01
1.926985146992456421e+01
7.437299366218891983e+00
9.957331317346143962e+00
-7.720682783961948514e-01
2.305581351695277448e+01
1.639278628865822895e+01
4.956358920927450562e-01
-1.909966195646737530e+00
2.917717233330869853e+00
7.965593236291088619e-01
-3.939902728806926824e+00
1.562072636214915988e+00
-1.427085280479959195e+00
-1.569197371271538799e+00
-1.845425184476479741e+00
-6.974153044629261444e+00
-1.153585106547951789e+01
-1.960758453017507819e+01
9.696005173395682020e-01
-1.620257840689009043e+01
7.262213824745575863e+00
1.296366133173058444e+01
9.369388921248079427e+00
5.710077215997779732e+00
-1.209166756360955164e+00
6.790845413945080900e+00
-8.132630643774486856e+00
-4.246589212135543967e+00
5.685372134930467780e+00
-6.416248454343378427e+00
-6.317370401689822224e+00
-3.778337805863350773e+00
-6.462465440365289915e+00
-1.072451980629429924e+00
-2.318551586882640070e+00
4.407542816031995853e-02
8.848286738141982743e-01
1.141260233414245900e-01
-1.054345826297393884e+01
-5.759615079896334144e+00
-6.650905696035671610e+00
-6.198650691433329918e+00
-1.499099705551330819e-01
1.128575623021345997e+01
-3.408568676853551249e+00
-1.993870280431918607e+00
1.129065711929789195e+01
-2.300348091508923165e+00
-1.858485735472822364e+00
-6.401429566309955632e+00
-4.951058954384508048e+00
-7.050944692665229496e+00
1.114445026329991073e+01
-2.353037197785563250e-01
-5.134590615707025130e+00
1.961442599718059299e+01
-5.993958524632473583e+00
-1.089192999193793199e+01
-6.716956243002868199e+00
-2.737804078715555534e+00
6.026238205560593642e+00
5.279669537537754920e+00
-3.851809346140074197e+00
-5.505061430465588934e+00
8.138137845076441224e+00
-3.974526447362665582e+00
2.842008445948178252e+00
4.713622188971924309e+00
4.174910034210904008e+00
2.423966578518685466e+00
4.805454650729798494e-01
3.298680521718665215e+00
4.150146784426792301e+00
1.304575593742794970e-01
7.718134778207107694e+00
1.039019716769116863e+00
6.920721375533600117e+00
4.441965169936945124e+00
7.790236785771379679e+00
1.005114762680573470e+01
-1.197464370627414709e+01
-2.226774540351320830e+00
1.344864268076743308e+01
-1.318128233230993818e+00
-7.843069422882128272e+00
9.321055379115525952e+00
1.617345453936134447e+01
-1.191690142561134591e+00
-3.171718196685644919e+00
3.526162202995993256e-01
-1.420086707580896723e+00
-4.582101481422815148e+00
3.452174274777992213e+00
-8.353872158132166215e-01
2.867360073791565434e+00
6.489243735796885737e-01
-4.972107391682347277e+00
6.438414382746758591e+00
8.752027868452740833e-01
-7.027082611028326653e+00
8.287933293920909605e+00
4.302870262676383173e-01
-1.974098757314534103e+00
-1.910581958912017209e+00
4.406339800708696242e-01
-6.986675758565867866e+00
3.769918286563187504e+00
-2.266168919655444647e+00
-9.918511736316723670e+00
5.555924236555097373e+00
-4.696409809899804166e+00
2.884737953084999695e+00
2.597809820365878597e+00
2.657213623500614741e+00
-1.468875996922348826e+01
4.744107394851868165e+00
2.095421853383809374e+00
-4.326410295187777422e+00
4.262179038638699957e+00
2.336374943764738088e+00
-1.191673691626440323e-01
-2.574982944051185552e+00
-5.561092237160130125e-01
1.542115191067193469e-01
-4.091595408675418710e+00
-7.384814877935290678e-01
-1.327544482235577750e+00
-8.494498595834162558e+00
3.154535974001917431e+00
-6.805596513623647370e-01
-9.153570670256133468e+00
-6.379405004702039861e+00
3.731530940279051412e-02
-1.118772912361341687e+00
2.405336470664164450e-01
1.250538161960816463e+00
4.428964137213897145e-01
1.265061433290779469e+00
-4.884349338639228932e-01
3.798408531002708255e-01
-9.882569351052432616e-01
-5.760129908490482231e-01
-2.679130500245987534e+00
2.349034241781001064e+00
1.436953470331167257e-02
-5.069509153537178570e+00
1.073199136177961366e+00
-1.719309025315558292e+00
-2.309971288405730849e+00
-2.291069354004859893e+00
1.040581719625459556e+01
-1.129689556023881281e+01
-1.940728851433507041e+00
-7.258869342246706324e+00
-1.317865146156238865e+01
-7.461954180818115567e+00
5.137334922283887106e-01
-2.408136940471852672e+00
-2.241943121258781701e+00
-3.105782578323627696e+00
-6.335447494952588521e+00
5.839894391198323653e+00
-2.266817618632815723e+00
2.263603854742792798e+00
-2.467523340316984282e+00
6.341281760989541105e+00
-3.501051529347114055e+00
-1.769575018593141369e+00
-2.329610338174836481e-01
-2.405858806091552893e+00
3.160516758616938482e+00
7.574697544683500761e-01
-5.093388826660480539e+00
2.894570415723843215e+00
-7.487044767314563476e-01
-2.771607097548204557e+00
-1.987854249453505417e+00
2.178674908326949211e+00
-2.702444543676512989e+00
-1.637480680004298605e+01
1.164699226555319456e+01
2.985947544322089531e+00
-2.916883038534947570e+00
-9.851082635224051032e+00
8.554712221545925033e+00
1.184871862715995228e+01
-1.128926698838512799e+01
2.959780372504740686e+00
-1.479049403747094038e+00
-7.847360339810496299e+00
3.251184170808770979e+00
1.340945444207957360e+00
8.199447290487563711e-01
3.548956329083369443e+00
4.589754659333606379e-01
-3.652200054251714789e+00
-3.324400884043734017e+00
-1.073549228791008403e+01
8.739076149941105154e-01
-4.167005025743061530e+00
-1.976789980032121807e+00
-4.195526145044540911e+00
2.395370923352091452e+00
4.774369730139881307e-01
1.192674853137535740e+00
-1.702474956430537201e-01
-7.137170660847421466e+00
2.302428687007682662e+00
4.034047258669189340e+00
-3.045997322690700226e+00
6.508745075478188091e-02
4.534102928193386006e+00
1.787647971616227904e+00
2.863159829092815745e+00
2.952869775871215796e-01
9.845109147604393485e+00
6.235811115025973628e+00
4.017401164050207640e+00
1.136284233088811213e+01
-2.768459366111041486e+00
-4.446518590344993527e+00
1.313461950012238644e+00
-5.980576114024164447e+00
-6.648456346151456309e+00
5.909578721549046065e+00
1.749066385590570372e+00
2.045713029723747578e+00
1.150744350782275882e+00
-5.656616529666842752e-02
-7.057043092380710370e-01
4.762205719302755602e-01
1.256112749278409879e+01
-1.177643982307286485e+01
2.038914388384365672e+00
-3.346025927037689307e+00
-1.553959304865839997e+00
-2.950647463364314937e+00
8.064121258868085507e-01
-1.672716790549636512e+00
-1.269648305972320035e+00
8.223833589567547397e-01
-1.014926171324105564e+00
3.347675259912723522e+00
1.049743146943565630e+00
-3.125405313903312443e+00
6.606974626198862666e+00
1.234537462223983306e+00
4.657272839308213896e+00
2.428786848888428718e-01
2.150305037806786057e+00
1.618070407299256530e+01
-6.010419178099285276e+00
-8.984505001088775700e+00
2.262529091470792153e+01
-1.191081887573296427e+01
1.048737445637959986e+01
-9.497434427068174312e-01
-2.930621624857692620e+00
-1.685477405861972588e+00
6.179171144569856722e+00
1.202563518019930555e+00
-6.298900532284194220e+00
8.408488124137647901e+00
5.626138921180583452e-01
7.450354965013112896e+00
2.872671747617498106e+00
-2.965033008099899892e+00
3.525478767166352334e+00
3.845879320108401611e+00
-5.009646842217650331e+00
-2.422547369201464740e+00
9.547847512808372628e+00
-2.597181515998004286e+00
3.508433292293769767e+00
-2.643002824037986809e+00
-1.848669373034391050e+00
-1.403423101683367591e+01
5.681905764012618931e+00
3.291712746801914946e+00
-3.478009565081223720e+00
5.262037700283837438e+00
-3.284020270274090603e+00
-1.575165459034243709e-01
-4.238020710940868518e+00
-3.150118890750511547e+00
8.805463125414570991e-01
-3.380415546513008129e-01
5.402107845477273962e+00
1.278072183255817507e+00
-9.202908830663691475e+00
-3.713863782362638588e+00
-8.411790167855604849e+00
3.644669578818805489e-01
1.302494249480262989e-01
4.350398545877536272e+00
3.395774222704642131e+00
-6.122178639489608720e+00
-3.168303647388668320e+00
7.650060398958696162e+00
-4.567682103150028539e+00
2.047801503443649196e+00
2.778351155325764044e+00
-8.427194018679193821e-01
9.669840731172166803e-01
4.430633680883906855e+00
-3.696377515915951761e+00
-9.209089904174190266e+00
7.878476116081634117e+00
-5.864656516127244146e+00
-2.833132740984592779e+00
-3.618072146400382660e+00
-2.568676984959543219e+00
8.646503411635222847e+00
4.312002756929079972e+00
8.741371703491443768e+00
4.021476624868502547e+00
-6.687523654340285617e+00
4.607371910560538630e+00
-2.621604987171620493e+00
-1.529308525597526724e+00
2.870620287895440992e+00
1.372833067748779001e+01
-7.610195696127198595e+00
1.447376109123246879e+00
-3.086601015281848159e+00
-7.185976781458692564e+00
-2.586837221874372261e+00
3.566310176690797196e+00
-8.973298558061464369e-01
-5.371040679004399188e+00
7.018058082449305957e+00
-2.224485451954153259e+00
5.782091175325944299e+00
-2.357629615669371362e-02
1.614977491308873248e+00
1.007510370504036024e+00
2.214938993157660185e+00
2.124670502356785118e+00
-3.445925164418853215e-01
4.054139112869401984e+00
2.282735089213347113e+00
-7.397226316057881057e+00
-1.873935819249929136e+00
7.938989185146417604e+00
-6.003252118409053040e+00
3.803846238462365470e+00
1.593825510637706167e+00
-1.204635852992006262e+00
1.469985936351591249e+00
-9.767805167004913747e-01
2.599441845269768514e+00
1.366707069339794689e+00
-1.629279281868421414e+00
3.771713690073184910e+00
-1.191426854459451956e+00
-2.124240609545370972e+00
-2.245416273039546162e+00
5.175022240943862428e+00
8.161332742298929688e+00
-2.808060968055834383e+00
-4.595306991201335289e-02
1.259147601525593352e+01
-7.905832338832750494e+00
4.575137065876836440e-01
1.941417811904397217e+00
-2.666215578065815439e+00
2.533740200285618194e+00
-6.239569043166561357e+00
3.973747607287514416e+00
-4.699332199962404033e+00
4.015699297731495365e-02
-1.070493099991304042e+00
5.199068240316073286e+00
-3.043476497053374530e-01
1.685777110264165435e+00
6.922795721770029331e+00
-3.125200481376225525e+00
5.016353719083235241e+00
-1.391223277419348703e+00
1.311104458805154138e+00
-2.125459984335658081e+00
1.827205735641458162e+00
-2.881095470747629506e+00
-1.544829926111115137e+00
-4.418463538968777193e+00
1.372544549664417746e+00
1.139001824355495351e+01
1.022252057590054086e+01
2.835814773115784337e+00
1.073420223981328370e+01
4.030378307790611458e+00
-4.350357415812082351e+00
-5.186378849511995348e+00
-6.641057504215288176e+00
5.650688602504098768e+00
1.091781222717932209e+01
6.577309488719994768e+00
-3.759492966526327251e+00
7.740400802278602832e+00
8.125314782623365151e-01
-2.384184107101970262e+00
2.104341637569578705e+00
6.230955788063897494e+00
2.510779403966749701e+00
1.276622686208692592e+01
9.801485875729154529e+00
4.201775099785662881e+00
8.766384447259422785e+00
4.033651961240154016e+00
7.704913496299971021e-01
2.778733040022071332e+00
5.517051395931423130e+00
9.704701731759934891e-01
4.308019491741509555e+00
-1.006637099228586463e+00
-8.881464189808240262e-01
1.826890468424148484e+00
-3.584227799109064971e+00
6.796726499374340646e-02
-3.716412977938463147e+00
-4.411843143770187048e+00
-9.272991539596940669e+00
3.856316126832016966e+00
-3.230268581353728852e+00
2.353863661638020410e-01
-4.893751657704387803e+00
5.472360376316180108e+00
-7.914188175361066557e-01
-1.467709906760864991e+00
-5.599058280116068431e+00
-7.334669786727175733e+00
7.905592987400112959e-01
1.849919873082132460e+00
-2.155973059927836388e+01
1.409120239923851159e+01
1.190206399981549756e+00
-2.691254345520647906e+00
-3.657556182701878544e+00
1.605581125731577463e-01
-2.051975438228006432e+00
3.029845025947468518e+00
1.283734164167728897e+00
-2.211337917941121223e+00
2.347823306481672478e+00
8.159236027299637817e-01
-4.828916769528861508e+00
-4.480225163507647324e+00
8.150317680575030366e+00
-2.952024873081883882e+00
7.067501837307296420e+00
1.892063631460678408e-01
1.752579193649704825e+00
2.015428733142995643e+00
5.727872111238416775e-01
2.855709743780810328e+00
-2.005169297998426747e-01
8.025848149837269574e+00
2.521503879109007329e+01
6.011661892875449276e+00
9.745522273890454557e+00
3.475697552141866709e+01
-5.193994262948577578e+00
-5.951784388733288189e+00
-9.655867141559793865e+00
-9.668710724866741657e+00
1.041321931526510425e-01
-3.099231739963255183e-01
1.522580713838042277e+00
3.595053055856443081e-01
-5.186258517225076359e-01
4.049919564172137498e+00
2.737006656179581388e+00
3.192205357819838607e+00
8.989394487489204000e-01
2.339859291985118439e+00
1.185109168854805300e-01
1.043667348741964318e+00
-6.463413850975605612e-01
-5.784876696383529193e+00
4.855633447889793786e+00
-8.139746712570181231e+00
4.089469539904023954e+00
-1.257145753779880026e+00
5.518128847664349301e+00
6.898557238234875655e+00
-5.007559506121788573e+00
2.136619267601516103e+00
7.674609725255978177e+00
-3.414939410924272334e+00
1.509347051129941164e+00
1.248697459757396011e+01
1.968934715627872256e+00
-2.289795431884556809e+00
-7.204540657700171380e+00
1.474988666210980348e+00
4.079441919396204597e+00
-1.154571393887627195e+01
-3.438893378775733201e+00
1.204748219036583912e+00
2.929939004406580949e+00
-5.220089168632289223e+00
3.064625325407217993e+00
-4.147548374235013324e-01
4.801685598964084534e+00
2.259140455645200163e+00
-4.937808355633741542e+00
5.183225621971320862e+00
2.685109449259893033e+00
8.128718088596612601e-01
-9.449444832030969854e-01
-7.138588939944932044e+00
1.056475136661910286e+00
-8.955899851247782095e+00
-1.212959772689709048e+01
7.435141878023586059e+00
-5.260527447500511933e+00
-4.013439577747506676e-02
-7.711678777161594667e+00
-1.085344351203302438e+01
-6.838972861428490368e+00
4.612884621522731265e+00
-7.610911975120222550e+00
-1.467890086046741338e+01
2.989950273240977285e+00
-3.506271438215212033e+00
-7.380623480960971428e+00
-2.915028357648102308e-01
-2.866434022259929937e-01
4.701149107129758420e+00
-5.284808856105067676e+00
3.080969951405532758e-01
-4.528679602336091570e+00
-4.616377151633857423e+00
3.707413998559485613e+00
-8.239939541062154760e+00
-3.636846506899708231e+00
-1.362353440112125114e+00
7.120885477381621698e+00
9.765608951567186224e+00
1.279448565317807329e+01
1.615818083935236871e+01
6.425470474026911738e+00
1.758946301599305073e+01
1.054842574555831014e+01
-1.134638500695790420e+01
-7.440052593127128411e+00
1.923863986715224073e+00
-1.052530660909213367e+01
-6.679128114737524768e-01
-6.205453923963340834e+00
-3.937899854010149525e+00
-2.029023327469973159e-01
-1.939531531246952767e+00
4.038336001485819393e-01
-7.212011347886089219e-01
-2.622827820496263507e-01
-2.736294554309684823e+00
7.862462127029584691e-01
-7.561420620822838501e-01
-1.638233001458652360e+00
3.054395042119579351e+00
-5.245711503992385172e-01
-2.642463286683153889e+00
-2.970286650740455947e+00
-1.603303757801602725e+00
-5.628722187209600492e+00
-3.019765321195787333e+00
-4.932279366240197582e+00
-1.224259242557239702e+01
2.204147213336473232e+00
4.974747133101971031e-01
-5.366976844042139483e+00
-3.958624443257551917e+00
2.284769408996008444e+00
1.921667684545584898e+00
6.328801776692131398e+00
3.617860825614680476e+00
-3.785129314220775143e+00
5.021132961111153037e+00
-7.577637994650377351e+00
-2.280062405574800333e-01
-2.444669405803439499e+00
-1.570187211550982287e+00
-2.333945364699478997e+00
8.019075573332054674e+00
5.266844243198558928e+00
-2.010458963496160223e+01
1.747741770787820315e+01
-1.485037006962170780e+00
-5.509149138378524491e+00
-4.668419740564911713e+00
-4.828803538287901986e+00
-9.882861968232980132e+00
5.017080674645185034e+00
-1.944048284754882339e+00
6.940303209498852599e-01
-4.117137626706992570e+00
4.826953108495550815e+00
4.415690441693032597e-01
2.327634156009432131e-01
3.668566027507963234e+00
7.939383385886231714e+00
-1.640038029382667961e+00
-4.607403630115981308e+00
8.503764891314819607e+00
-5.485856331823756094e+00
2.191890288052619873e+00
8.872683544923864574e+00
2.877390709015210213e+00
5.522228698980710782e+00
-1.903282710609919492e+00
1.876637733001351060e+00
3.932345286637309312e-01
-5.661671165900672875e+00
1.812794094872404171e+00
-3.593682724919561977e+00
4.695705122727479974e+00
3.414152951004795211e-01
7.449273568361594045e-01
-9.051412847614951573e+00
7.264999799985499607e+00
4.070870413538830057e+00
4.211290942223447686e+00
-2.162150869838416867e+00
5.791902078945629917e-01
-7.044609222296609463e-01
4.997190644452906838e-01
-4.657596897080207299e+00
-2.036858967786769892e+00
6.090465078695342704e+00
-1.297262568026551932e+00
2.362344108148207444e-01
1.981504874809440153e+00
4.466898650763830858e-01
-1.197743104677406467e-01
-2.575126476694718392e+00
-5.377263710583992662e+00
-1.744699838662990610e+00
8.373302294605713958e-02
-3.714949436915267356e+00
2.709388952894903557e+00
1.178405292745106081e+00
-7.605364834309520816e+00
-4.265178834119697449e+00
-2.393675969043144391e+00
4.538051075280835178e+00
-5.406458655168363769e+00
6.821327589980406003e+00
2.599956715032901933e+00
1.574504421832387369e+00
2.486744209034357778e-01
-2.196753657259273851e+00
1.026254466933317344e+00
2.202264093371482101e+00
9.791766560158057686e+00
-1.222435959984994547e+01
1.456511522568754158e+00
-4.464998179795353295e+00
-2.309993813261205009e+00
-1.140678774904386517e+00
1.880068191811334444e+00
2.698948035753556240e+00
7.209811068949155688e-01
-1.295928180160254239e+00
-1.203251916575370117e+00
-3.211531946368028745e+00
1.470953105746853007e+00
2.681038097758077665e+00
-9.146260260969266698e-01
1.640587311870528087e+00
1.210354265034129240e+00
-4.571902101128831331e-01
1.384811980733275716e+00
-1.943854807268822649e+00
2.766194470533912320e+00
1.617343943969012710e+00
-1.461195365369330146e+00
4.148265292954428141e+00
3.529999041059998177e+00
-1.968374118823391195e+00
-1.612052533138159438e+00
-1.793639522417147525e+00
-8.254381563959382717e+00
1.312256254838870317e+00
3.616958221090477821e+00
-7.703529890466701779e+00
-2.386788777057714306e+00
-2.808603308674801902e+00
-2.698423563347254195e+00
-6.199612334852638185e+00
-6.065750155533805588e-02
-2.525792777103042508e-01
-7.228480015700649020e+00
3.485753974498254415e+00
2.394114542371255983e+00
-2.330628717666015870e+00
-2.403733002455232359e+00
3.774876326277668781e+00
2.009321968577010509e+00
-5.036694488111222334e+00
-5.698194323578795739e+00
5.294938035225209561e+00
1.589470942105670526e+00
-2.556073223292606045e+01
2.193198139853472384e+01
-3.063974164241318299e+00
-6.832302571727358220e+00
-4.503437719151396124e+00
1.123101159237783309e+00
-5.686224052910490379e+00
6.152560908592893618e+00
2.337224501205644955e+00
1.352257061649307923e+00
-1.478687897313426092e+00
-2.016332307516565781e+00
1.412363159676491620e+00
3.154782458289658642e+00
-7.127815886838035908e-01
3.132374547324687231e-01
-1.460463163601778191e+01
-3.090773902758220171e+00
4.256796902944228300e+00
-5.885698818285624689e+00
1.515971985438248515e+00
3.294381173711444344e+00
-6.339083240728903279e-01
-1.302994045239043996e-01
-2.233963228348025520e+00
8.186302820217192799e-01
-1.271809315573060317e+00
-4.532996787488611901e+00
5.928578439552807389e+00
3.179589451268484801e+00
1.174087439501180219e+00
-2.813605564831761718e+00
2.054654160317976874e+01
-6.922423739533882348e+00
4.356192234109052208e+00
-1.443273183462824294e+00
4.446206873633046230e-01
6.347823918764276818e-02
-1.368495634840872333e+00
-1.957811178709235600e+00
-2.039129946388445802e+00
-8.946684096721366330e+00
2.058541085384875569e+00
2.856924569018404192e+00
-2.202857449302031423e+00
-2.412358556939327769e+00
3.873650226219493842e+00
-7.836349244058726793e-01
-1.088364157667436993e+00
-5.176179044108912830e-01
5.731313080566835527e-01
-1.375063538029724919e+00
2.799132593815127024e+00
9.444042436105818394e-01
2.103234544935212169e-01
-4.018954801216709782e+00
-1.221757600353032380e+00
-5.423872379958566192e+00
-5.152825057179058810e+00
-3.227776506608660001e-01
-3.121230945363092424e+00
-1.084885418844540872e-01
-1.989194403437840597e+00
-1.055696027850449603e+01
4.413056233117352178e+00
4.720352183518528477e+00
-6.592145082874989903e+00
-3.965030243339862537e+00
-2.677589719358837428e+01
-2.031072458553016880e+00
7.837100603049248271e+00
8.471774409914092363e-01
-5.884456493123592757e+00
3.869442876779470186e+00
6.053653670550009913e+00
-1.983844755529650394e-01
8.764071606442336293e-02
1.032032805472362824e+01
-6.274457090853659658e+00
4.763283753309165647e+00
-7.372335557227104319e-01
-5.801352597513886877e+00
2.826557945024350982e+00
1.053650645850050971e+01
3.546711769835856565e+00
-8.190676393622157159e-01
1.510816951471498903e+01
2.020078996525806403e+01
3.173173271556421682e+01
3.007112980818853032e+01
4.424184669561211258e+00
1.017632845906324413e+01
-6.745501858197092915e+00
-7.209152224905969852e+00
-3.995381369327807075e+00
-2.761061788339299383e+00
-6.888622374184020458e+00
2.533653579655163579e+00
-7.596724073299733204e-01
-3.689110638897186600e+00
-4.198255897330257724e+00
-4.921401306759533689e+00
5.754723250557776115e-01
1.301899470753797861e+00
-3.603417321447830446e+00
2.958349142326599068e+00
5.187436285114976009e+00
-4.469403802112223989e-01
3.708166159649930904e+00
7.057515234991966757e+00
6.235709906923486701e-01
2.115581066015411071e+00
1.824951121097528661e+00
-5.394385664424083515e+00
-7.008809534171778211e+00
-2.239681524402997947e+00
-7.671721797311517932e+00
-1.164657995453062966e+01
-9.700026324215507145e+00
1.105199203990929302e+00
1.539517963263639100e+00
7.444266079042766160e-01
-1.516118459485801262e+00
-2.631389567701832188e+00
1.822752557173398902e+00
5.287887783387745788e-01
-8.410567052819205358e+00
-4.720748431020885150e+00
-2.698064106705825971e+00
8.955571515593123699e-01
6.593908463468953762e-01
-2.142834558474809192e+00
-1.029057645613683114e+01
-2.606097394825747671e+01
2.130503379651268236e+00
-5.840500085877058822e+00
-1.095094312170121853e+01
-1.824081186445321023e+00
1.660375454518312477e-01
-3.984910709898300762e+00
5.540131644119721255e-01
-8.213910885937519835e-01
1.806901336770304178e+00
-1.007994493532618163e+00
-2.864279962684201486e+00
6.033600293035378925e+00
3.286742908085116266e+00
1.342157212603000804e+00
-1.820154564068229952e+00
-5.798899307056109897e+00
6.541964828200090842e+00
-7.225176009564737711e+00
-5.544190015235810343e+00
1.387088635401410741e+01
3.551482096312633452e+00
-1.953339451132034110e+00
-7.011228786661620305e+00
-5.733766775343505984e+00
-3.264488112581477974e+00
5.047495161742056702e+00
-4.519485717784903933e+00
-9.133192168639780562e+00
9.328974161627144213e+00
-2.047760938488638605e+00
6.734526880864937226e+00
2.184070928539471268e+00
3.359014152357873706e-01
-1.489480879426548832e+01
3.787411404362535094e-01
1.657722163891782508e+00
-3.581091841256560659e+00
-7.023102324024251830e-01
9.101672008429519956e-01
-2.245408795053692064e+00
-4.977609297628544205e+00
1.154297066340735256e+00
8.319087530897817828e+00
6.071490693221678336e-01
8.891516776482237816e+00
8.515054961345599693e+00
3.536064419758275346e+00
1.152743188638557470e+01
-7.365182248650170571e+00
-7.310386385255807085e+00
-3.508452911705577826e+00
5.194255190781861486e+00
4.932322535604938274e+00
-4.983567754157962604e+00
-3.685523121908629740e+00
5.971662836468132340e+00
-6.101099465379123288e+00
1.515871681425160267e+00
2.784317593190149265e-01
1.575226279198405077e-01
2.709839652905398300e+00
4.551164011006586740e+00
-1.792497893682510224e+01
-5.026964104348504492e+00
6.797830143188843266e+00
-8.458259139758132150e+00
3.391434473859737508e+00
-9.048146755409977260e+00
-5.222387586056266073e+00
-6.925908369054172731e+00
1.392194348141775961e+01
-3.909735452502087205e-01
-6.530984792271949502e+00
1.409220873004602126e+01
9.488256874044981304e-01
4.415089828625883506e+00
-3.903427830178886282e+00
-3.139803646519133462e+00
1.614490381814837061e+00
-3.952501269262235217e-01
3.359471033160358999e+00
8.753680928578603249e-01
-1.136183361877988185e+00
5.838295559246624578e+00
1.696811591792506402e+00
-2.858383653502711286e-01
4.988040417426036210e-01
-3.488312946443508089e+00
-6.986708474858791540e+00
-3.506196924484631605e+00
-4.313369307224150795e+00
-1.068614701211278017e+01
9.937903701582534444e-01
-5.523305099436145449e-01
-2.583829783130177304e+00
-1.015051145940725430e+00
2.576895129462966505e+00
9.406500113553539766e-01
-9.439877848164355711e+00
1.141301175797792666e+00
5.227763030617950335e+00
-4.332476811870984434e+00
1.895917502524133935e+00
1.887217255904220403e+00
2.028835079332028002e+00
-6.579685284836712889e+00
2.897733294540681737e+00
-7.501765248084448778e-01
-6.589941422974947116e+00
3.758543331230203233e+00
3.490865522671891874e+00
-2.882645891740848731e-01
7.250794148686690033e-02
-2.086757837861971332e+00
6.012980519108729993e+00
2.361704286231828931e+00
1.001531726126644095e+01
1.507448046714313961e+01
2.021821677837823739e+00
1.973666321541220015e+00
1.068509528637219486e+00
-5.011414708692919495e-01
-4.254886308013814400e+00
1.219009959825093636e+00
-2.881755808785751771e+00
1.537563982952233621e+00
1.790431093328303191e+00
-6.659348876457380495e-01
-2.267223196819734277e+00
1.153023533123549438e+00
-1.998879834124253740e+00
2.018067445876161881e-01
-1.313524512806366396e+01
-5.916975949928591216e-01
-3.263765555290677467e-01
-3.915498321405310733e+00
-1.061904404218551967e+01
-1.252687025469865034e+01
2.784293987260366698e+00
2.434409711874382154e+00
6.977577870730354848e-01
5.855655134460392652e+00
7.035245049334750256e+00
-2.236763666556428554e+00
-5.653062191954004945e+00
7.372815991563111737e+00
-4.562660148885941069e+00
1.478650554006963436e+00
-2.954904060875004901e-01
1.200395278879979877e+00
6.888067784109031422e+00
-8.127103094217195123e-01
5.065207836050349854e+00
-2.421051754902791231e+00
2.942154090170642222e-01
-4.737491415734677580e-01
-9.680131054061281715e-01
3.289170875209264100e-01
-1.972970253428531773e-01
2.476365923650987177e+00
-9.377099025750384342e+00
3.637097898124095785e+00
-2.384311798076418132e+00
-3.531829435086500935e-01
-5.598454172086502645e+00
-1.648964345320086400e+00
-1.117105505320877157e+00
2.190072638785188541e+00
8.263297370098495520e+00
-6.682010845927033316e+00
7.695354100869431946e+00
4.048511897818659833e+00
4.332308332793960659e+00
-3.822610730995798511e-01
4.121006513112221992e-01
2.071128355672004151e+00
3.875403262753383871e+00
-1.085621979364992384e+00
-1.768669230537665227e+00
2.162936649803802958e+00
9.640405378564571581e-01
-3.512081040675160359e+00
1.750728583199487431e+00
-8.987248518263870611e-01
-1.202657673222503609e+00
1.172457115086788626e+00
-1.248147053690269992e+01
3.206215084757592759e+00
4.632856043442611593e+00
5.391891725014423820e-01
-5.636744855881619110e+00
4.587783773197154247e+00
-5.670022185033752216e+00
3.631929136066539776e+00
1.211845941083406597e+00
-6.011771367140361644e-01
-1.604243712269994848e+00
-1.877864349555376844e+00
1.480953389769919859e+00
-9.378213880998043095e-02
-6.999249394247805123e-01
-1.507086843124025632e+00
-1.308669747309822162e-01
-5.075183445966809093e-02
-7.429700195815854002e-02
-4.146767940836433297e+00
3.958133004270479649e+00
7.268874280083372774e+00
-5.017414653382103573e+00
-2.145680490836876064e+00
6.676727147030102616e-01
-3.621697214025592082e+00
-5.138199598867549511e+00
8.853671498832794029e+00
1.127073797705251579e+01
-1.255325425568307729e+01
-2.568905811386042348e+00
1.263050495827859621e+01
-9.924228769961241925e-01
8.770053929639558543e-01
1.535041650053142970e+00
-2.001283126822259728e+00
4.077904978002152347e+00
-1.425098406877477020e+00
6.125211517973052189e+00
-1.883356975897774177e+00
1.950600262418844544e+00
7.524665719018817922e-02
4.243506529256612758e+00
-2.331297247647990123e-01
1.154657746117578876e+00
3.490889147345451193e-01
-7.782854917356980540e-01
2.054351782276523153e+00
6.789980812522765641e-01
1.064811117574609778e+00
-9.034197785406497871e+00
-6.013234850725883263e+00
-3.975469113231140383e+00
-1.105596539153353319e+00
8.261460009845050800e-01
5.455447873192031949e+00
-3.238635313769188340e+00
-8.056211623642617781e+00
7.928509498648722342e+00
-4.235916235340105196e+00
-7.999848518812984199e-01
-1.220532199766003023e+00
2.892437518037244137e-02
1.688535090294356056e-02
-6.910120461662493385e-01
1.684967570344238830e+00
-1.167821401991593122e+00
-2.453116952431867226e+00
5.020242140347132676e+00
5.287332684975259767e+00
2.621254360283456375e+00
1.340525165116578599e+00
2.471369898173642277e+00
6.944766059030230920e+00
-1.822910273542761583e+00
-8.260873941590025638e+00
8.316175610972484478e+00
-3.148000688040653916e+00
8.987418477727154853e-01
4.203077626363111996e-01
1.277472316941280495e+00
-4.290287583207892830e+00
2.258512344868697230e+00
7.026873025527232919e+00
2.619403786208209794e+00
-2.169203332813858687e+00
5.494351151914914411e+00
5.882359269305792449e-01
3.486073256844339330e+00
6.469612538352108366e+00
1.047833504902859536e+00
-6.903657468679512021e+00
3.799086927471520880e+00
-2.193095842342567714e+00
1.644875528012854637e-01
4.710257766397467072e-01
1.557465163252055307e+00
-1.348728014299739597e-01
4.263712658002767331e-01
5.990408081478998392e-01
-3.723498781105939681e+00
5.201756902690818585e+00
-3.754275518551892343e+00
-5.759886974495334044e-01
-2.482735863078046279e+00
8.196908397908841959e-01
-5.078782019024692396e-01
2.708364718564550522e+00
-6.762291691488647061e+00
4.978066842885346510e+00
-5.092989409121867483e-01
-9.031804067499589195e+00
6.909907929551317274e+00
2.182044324558880977e+00
-6.114403948458579485e+00
-3.070505662269547464e+00
-1.876904068170753614e+00
-7.859732902675654609e-01
-1.111163037645482987e+01
3.511143018540650029e+00
-2.661297316838196370e+00
-1.122444246756494790e+00
-8.312712520566364338e-01
3.620745353621688700e+00
2.785947397850858653e-01
2.159082665300064097e+00
1.158631803008903116e+00
-1.399658820295267336e+00
1.742044258460377359e-01
1.599416745732698875e+00
2.428630784466250692e+00
1.627722314743939025e+00
2.934904642263049368e+00
2.384072946103614754e-01
6.173714395237895891e-01
1.393890410249445466e+01
-8.558528209064416359e+00
2.213058019355244710e+00
-3.613545163786445524e+00
-5.881383525638674392e+00
-3.631147280289232171e+00
-9.146370510161256906e-01
6.107490363103158515e+00
3.650682156693961566e+00
-3.146588708492814579e+00
-2.896333258900884999e+00
-5.691590671339011642e+00
2.546205657626341878e+00
-1.696803851420626508e+00
-1.247374483237275289e+00
5.174290243102440456e+00
3.996777533618502964e+00
3.563765481383676104e+00
-9.853233228749342487e+00
-5.592692862662939746e+00
5.362121409770729485e+00
-3.783180350990876128e+00
-5.665800937017845262e-01
-3.804013737330371736e+00
1.008030294118479553e+00
-1.803242669101909335e-01
1.430416260864797673e+00
-7.657901616803493017e-01
-2.765724040762369551e+00
-1.775106142564339295e+00
6.711270819175385594e-01
2.265934455421691585e+00
-3.751016101634555344e+00
4.557148211513852298e-01
-2.787484640016495430e+00
-6.099475889017422769e-01
-1.682959085880842753e+00
-3.466367459943359153e-01
-2.401328441704221817e+01
-1.847617730207762321e+01
2.674243444943982695e+00
-1.085035720732077991e+01
4.127616007790489761e+00
-2.610508129296101654e+00
4.371291282683861246e-01
-5.903176995799058524e+00
4.525924384130918021e+00
-4.828044689340037221e-02
-6.493630359628056681e+00
3.272160294003261249e+00
4.751908126285688816e+00
4.025909402007778581e+00
1.900906811043998168e+00
1.970642473441509279e-01
3.299267581438108277e+00
4.777901861101276459e+00
-3.575441077540918666e+00
-4.749446386578329182e+00
9.103771482447255536e+00
-1.029157993107968672e+01
-4.711884900316326785e+00
-4.771637701645888185e+00
-5.568899836953025151e-01
-3.455986101479091577e-01
5.765061590727075469e+00
-2.547602523397306307e+00
-8.372181046624445955e+00
6.677352707219745831e+00
-5.465041950448812358e+00
9.989097178646292319e-01
-2.885911784482413811e+00
1.453788002067317731e+00
-5.100482147576793635e-01
-1.961577254283964900e+00
-1.499981910041821909e+00
2.167529095138677864e+00
8.095271415433998863e-01
-7.712339777135928109e+00
-6.124135792936610478e+00
-1.855891872555113453e+00
6.662667824213737156e-01
-5.795771419353347165e-01
4.649926812699077594e+00
1.922246030856970656e+00
-5.591797101697748573e+00
2.614094793882796086e+00
1.655551938413376778e+00
-6.043855981962311219e+00
1.857366878016974976e+00
3.544141270140224731e-01
-8.695372373117246312e+00
8.005058154482037835e+00
3.048177148897323274e+00
-6.179626292493568762e+00
6.318859142852219613e+00
-3.170978765903298857e+00
2.816326724022871542e+00
-4.441154397087664907e-01
3.684125487525658826e+00
1.184530075764786616e+01
9.864469043409872517e-01
6.059731432237414950e+00
2.650017435241648123e+00
-4.304890617127261621e+00
3.954070302094467859e+00
-3.137679496131388746e+00
-5.380923312698899785e-01
6.895423145147517863e-01
-6.327335455460139535e+00
-1.193023788919791706e+01
-1.176910585945186938e+00
-3.459612856275084969e-02
-1.742866314244866999e+01
1.130981239244725156e+00
4.143181478441893439e+00
3.710632018109168428e-01
5.143173958715515637e-01
9.985551175660014600e-01
-6.090784124908392716e-01
3.860268999182947525e+00
3.248887349426783810e+00
-3.086786968593928648e+00
1.670632324405136870e+00
-1.712689189079735108e+00
1.046820909226773288e+00
1.729678531190765201e+00
8.241932140954210340e+00
3.358194420172497807e+00
6.278042497732302607e+00
2.241170546856257051e+00
-4.514491317908485790e+00
5.523032554601648769e+00
-4.417629601840692644e+00
5.736128885690500168e-01
9.076506475842983646e-01
1.526177898785164855e+00
4.617161898470111936e+00
-2.050132156873182510e+01
-1.331968353693928719e+01
4.414438008304448324e+00
-9.509934235995524787e+00
3.621010176907715761e-01
1.888352166235822027e+00
-7.672437820259933594e-02
2.511736126645769396e+00
1.496321154032512202e-01
5.164070674547236450e+00
3.723929429160283355e+00
-3.090403865030209918e+00
2.629697309139225503e+00
-1.236294933804354290e+00
2.286940184149957922e+00
2.437251596328284364e+00
2.046306587915884823e+00
2.064763427763312009e-01
-1.091704857966844244e+00
4.279617841532292744e+00
-1.369325655553888632e+00
3.788943338902595048e+00
-1.797914736787022294e+00
4.710088097613018832e+00
4.286726580217137261e+00
-9.439540598000249361e+00
-2.354584829739050367e+00
7.427127291327607850e+00
1.943284848351191751e+00
7.627818397097122505e-01
3.070419945900922709e+00
-7.155243655253162860e-01
1.735616701339496748e+00
5.425916874614020724e-01
-1.227308314264636602e+00
-2.665474186990510308e+00
-9.473115605569597530e-01
-2.487185762443973325e-01
-1.279884398822390024e+00
-5.264619131484917780e+00
-4.564910563057980930e+00
1.370745673569536416e-01
1.524531850388656684e+00
-2.527430697045546459e+00
5.789427882881443388e+00
-1.202594681021827938e+01
-2.641500350924857354e+00
2.063208304834704521e+00
-3.854785600940649370e+00
5.683849419686599208e-02
1.939679530510149963e+00
1.901000499653534126e+00
7.889071189895117131e-01
-7.483624676668133802e+00
4.376318750423372705e+00
-1.552950689027132514e+00
-2.023913739277405810e+00
-7.705457532280384214e-01
1.916135558180802334e-02
3.211130820550697429e+00
1.221824279848910511e+00
-9.673515379270078540e+00
1.771896828684963676e+00
1.778609102519557172e+00
-2.478399007950653932e+00
-4.002092191534545873e-01
6.282478089055436143e+00
2.013260388874067885e+00
1.987896725920201613e+00
5.963798692334629781e-01
5.178153780998310474e+00
-7.653025828169071509e+00
5.113692311099626409e+00
-2.546880172704253820e+00
2.923771646951335845e-01
-3.377599787792048502e+00
1.500168902076794319e+00
-8.374231845933469143e-02
1.626240538679551983e+00
7.207715404723796127e+00
-8.001858771492956990e+00
3.705096794773962365e+00
-2.002872301916969189e+00
-1.159479951060880198e+00
2.406552590773346267e+00
1.718273663784721350e+00
-1.196399440644460056e-02
-1.069502265234759442e+00
-2.217360202502718813e+00
-3.051719172611639053e+00
1.803964423888668733e+00
-1.361008197250368479e-01
-5.064463420495701307e+00
1.049985399308859924e+00
-1.571844129943646529e+00
-5.251576045645465207e-01
2.401191389007983623e-01
3.618161686977567015e+00
3.974822455451250125e-01
4.687403225763040915e+00
5.042203945383170322e-02
-3.183699014512795689e+00
5.331350615501595946e+00
-4.358458340908033968e+00
1.546487398314790651e+00
-2.030483782414076177e-01
9.161576682767593738e+00
1.637876885193007892e+00
4.880288824585844232e+00
-1.405876341183080358e+00
-3.347605900172217375e+00
5.690498559382903387e+00
1.204548920327099815e+00
1.159802419919438998e+00
5.079003955030018114e-01
-2.414419459503616971e-01
-3.705833728272494021e+00
-1.419695987317259434e+00
-1.592050772405831705e+00
-8.822802552548946409e+00
1.001030155994917070e+00
-7.992562082176005722e-01
4.306836445460299423e+00
4.042871862573032438e+00
-4.273810794662702417e-01
2.769676584029328037e+00
-6.744924295808247372e+00
-3.704284111111826872e-01
5.783744012531191636e+00
-4.630159369218787901e+00
1.063660385035216205e+00
-9.507135970729697905e-03
-9.205531460962860235e-01
-1.186365445507018990e+01
3.795665421224895475e+00
-1.465612808308578652e+00
-9.234528333453416948e+00
6.191045320324774615e+00
-6.210258844519381816e-01
1.751629513722744225e+00
-2.373500670404701529e-01
1.174979947779482670e+00
-5.643214254534020258e-01
3.419372079029572298e+00
6.185752413827784402e+00
1.609261557707074797e+00
-4.335742745006081478e+00
7.244182324311990939e+00
-6.963631536398789956e-01
2.152747055321229037e-04
2.400233560705413993e-01
7.021386281791888173e+00
-4.889747844568621993e+00
-1.045656554431575014e+00
-5.288359562297489269e+00
-8.015549946298133221e+00
5.670998431215600988e+00
-2.129134017135290158e+00
-5.095429400082491789e-01
7.110876990192889213e-01
1.771731934040664980e+00
-1.291813049520110779e+00
1.065239990126634062e+00
4.321321055718557069e+00
2.567370439845558572e+00
2.551068654920696233e+00
6.603258149532795773e-01
-3.098925832866858521e+00
-6.535022986231250330e-01
6.228020190256247091e-01
-1.062820180607354947e+00
4.823465984276647522e-01
1.323162855954268746e+00
-2.166804871308493308e+00
6.536809291257772436e+00
3.454566882743032696e+00
-2.017084223189563374e+00
-1.598071850692429186e+00
-1.442637482272556060e+00
-5.070793143791916258e+00
9.075461972542295253e-02
7.600698275308911400e-01
-3.897130518779227781e+00
-6.612900386424769295e+00
-1.774558618254711950e+00
-1.173237842728993147e-01
5.865711386373477776e-01
1.587171951429362071e+00
-6.600923765135259247e-01
2.630073683208055790e+00
5.584006013704425619e-01
2.807555932812807464e-01
-2.904134551062927283e+00
-9.966574822952160018e-01
3.037529181935398004e+00
2.576438013023890861e+00
-5.431473003734047289e+00
7.826119219083467193e+00
7.616139807746448831e+00
6.055565502684736146e+00
1.393827657886253490e+01
5.185538302139127254e+00
-3.969422812408987866e+00
9.708979336467236099e-01
7.969536823366899503e-01
3.677341978770795272e+00
-2.064865524120082618e+00
5.410029549286242911e+00
-3.538611508121645599e+00
6.624464521848089094e-01
-3.064015706759140242e-02
3.770078071609602510e+00
-5.704548994252209848e-01
1.218761086695808737e+00
-3.763546155750795652e+00
2.007032367371025749e+00
-7.893053272568973711e+00
9.007159399803725819e+00
2.317167823396175219e+00
-9.713179796079380424e+00
-9.856312029496285820e-01
3.614564525590085786e+00
1.310168928645657704e+00
7.127293227335133041e-01
1.252999468337719247e+00
7.836350853926737692e+00
9.240684413962993560e+00
6.780956837597843512e-01
-1.423638399326758908e+01
-7.516796079337495051e+00
2.374316442300524743e-01
3.454156219311472209e-01
3.183775071956131963e+00
6.407045817176167724e+00
1.313684317704803206e+01
7.983630439961379999e+00
3.488973257520755489e+00
7.020990287054877932e+00
6.415545699808209434e-01
2.905938008538306416e+00
6.291614173752542172e-01
-4.380112774557020749e+00
-8.379642179935924418e+00
2.343880108639464221e-01
-7.413181710562446014e+00
-4.243997627490236013e+00
4.153462710402866520e+00
-9.489797243785136338e-01
1.137519144113739555e+00
1.780696614336755301e-01
1.188390819628226680e+00
1.257613793078921960e+00
-2.215360389438972177e+01
-6.724902529885824265e+00
5.000771226933065527e+00
-2.484933607989741589e+01
1.468091605526549437e-01
-2.693404627143010099e+00
8.904065164723288239e-01
-8.462759251971475605e-01
-2.560535922257137109e+00
-1.349661543674957276e+00
1.475948527641740116e+00
2.135020238380416657e+00
-7.905600400145413431e+00
-2.913104751942665605e+00
-5.094242463594655934e-01
6.335689926796114202e-01
1.181564539109699385e+00
9.971536393969002710e-01
5.826603904760120578e+00
5.885055043504169525e+00
-2.478222400250822854e+00
4.289429838449130283e-01
3.724422854199857191e+00
2.483673112073213396e+00
9.381969668579522026e-02
3.292360962428652282e+00
-1.528350525684430139e-01
5.021623216090403297e+00
3.776154776099326149e+00
-1.736075819674282039e-01
3.507359241853030163e+00
1.409990822452371173e+00
-2.229335133944494007e+00
-1.253475655688112145e+00
-6.816568018927516626e+00
1.683784244942490460e+01
-2.991256369035028673e+00
-8.485845262662035537e+00
2.434859083345231312e+01
-1.292664350603920553e+01
4.601151675860648993e+00
1.257583558816858682e+00
5.820232269868348407e-01
1.310142916340182873e-01
-1.754850815824539501e+00
-1.791648036223681295e+00
1.693947443434264066e+00
-2.358878467813824986e-01
-8.705264665157126380e-01
-2.137714925859579118e+00
-1.765982627664395510e+00
-3.206179815227191421e-01
2.658324806430817144e+00
-3.418732412689663991e-01
4.629582984029743997e+00
-2.894141439421884954e+00
-1.166235086565450807e+01
-1.947763799799659135e-01
-2.263547870654051053e+00
1.689620702142829112e+00
-4.745702928954981942e-02
-1.154995312550320996e+01
1.083848389638444099e+00
5.585118416042400113e+00
1.726465091030470411e+00
-5.283847266900039585e+00
5.369023324520530771e+00
-4.219174725647465429e+00
-3.310784768668986633e+00
-1.846442207727353235e+00
1.293976496961992684e-01
-1.564878281340144950e+00
1.035701549779709796e-01
3.983571158901432874e+00
-1.309902727351501817e+00
-1.134309518677102391e+00
2.787984104484786396e+00
1.058164321602280245e+00
-1.344814881372116688e-01
-3.787399171305428358e-01
1.047608672810916630e+00
4.236264195603162364e+00
-2.230287192593291223e+00
-3.098535429782264483e+00
3.223996229861188834e+00
-4.530443466546447695e+00
8.454516397346801826e-01
-1.340833260134560723e+00
4.505091500119111636e+00
3.863350530396178595e+00
-5.803765365547086219e+00
-2.108810977657882724e+00
7.220652457301633298e+00
-5.404180126712827992e+00
2.667524914877476228e+00
1.146862039069291184e+00
6.924926058937267426e-01
-1.591021302622795375e+01
4.294992805485807530e+00
8.965061488299994608e-01
-5.495319630255190546e+00
2.877408575113986178e+00
-2.377559224205612887e-01
1.963317658012270428e+00
-4.291485017069754271e+00
2.226964887794721515e-01
7.353387029358086302e+00
6.636346592773214148e+00
1.670270375017836173e+01
2.164247154739128831e+01
3.635838028584063242e+00
-1.030590394870913196e+00
1.225959448434252197e+00
-1.364711675538681890e+00
4.535252470853110562e-01
1.691437045847505649e+00
-2.166770685653236495e-01
3.666537837030789948e+00
1.491149238355349915e+01
1.782323177259474534e+00
-2.620734676174971689e+00
-4.385635348961031132e-01
-2.971823342500532927e+00
-6.172166028561166806e-01
-6.885695297301506201e+00
-1.173618591216947138e+01
-1.984978255497401811e+00
1.674245223791279158e-01
-1.708887936592480727e+01
8.848554648622352081e-01
4.577993880983182606e+00
3.612891000756990878e-01
9.229911262067732602e-01
1.211334623495381901e+00
3.052630395621790171e+00
-7.121548597743755593e+00
-1.441272906097744277e+00
5.445503306893125561e+00
-5.099535167405631064e+00
8.119732573715349178e-01
-6.296321299733148580e-01
-1.848016890397701451e+00
1.029987550793419260e+01
-1.001621759217486840e+01
4.659759959978091004e+00
-2.930174605244570074e+00
5.633327292131704578e-01
1.181170523895392011e+00
6.078211362708057841e+00
2.224838393095968758e+00
8.687613356637657880e-01
1.417546654061809974e+01
-6.486568168089831943e+00
2.037986037464192268e+00
-4.281037676823797433e+00
-6.399728678974592633e+00
-1.326065810799318401e+00
-6.178662180393942327e-01
3.878827085886545234e+00
2.016384356991362536e-01
4.254465123979214169e+00
-4.184485682342412360e+00
6.179972023526479674e+00
-2.220427590641094628e+00
-5.699977455319341635e-01
-1.752909261834579846e+00
7.953821016870725735e-01
-1.164444458525819570e+00
-1.516905294874916432e+00
-7.804883007629713099e+00
-4.797915140193480532e+00
-9.007046216921171800e-01
-7.598538958869717419e+00
-1.139753637280868936e+01
-4.135023814850897317e+00
-2.531096316854074768e+00
-5.645925401737250660e-01
-1.170110735731302309e-01
4.746159605931678627e+00
5.193215412304231116e+00
-6.534490914108761039e+00
-2.795699172945436572e+00
9.308290197213354489e+00
-5.517002721395785514e+00
5.738984255221700082e+00
-4.480034911210896809e+00
-1.391921786153727636e+00
-8.469459226371633065e+00
2.081223586659638691e+00
-9.426091772280695835e+00
-1.371583259715798775e+01
8.296030407365428516e+00
-7.867090619224553549e+00
2.777392696662159377e+00
3.630730285504399912e+00
4.988419668199566837e-01
-2.246626131113236280e+00
-8.520364560314614977e+00
8.344901495658446633e-01
5.180267732744196607e+00
-1.048538713272095180e+01
-5.522151539784308838e+00
2.924381119220566649e+00
4.096819975711815665e-01
8.640768708352922767e-01
6.981315915966062491e+00
-1.633617886769594740e+00
3.755709445116438339e+00
-4.299418558256144607e+00
-3.064369238977707521e+00
4.370271509957920131e+00
-2.965304024282727213e-01
-5.989717852504040652e-01
-1.138336227732847483e+00
7.844332409769064540e+00
-4.305989643224417129e+00
3.358599728748376645e+00
-1.964839218033305857e+00
-1.677218593384858680e+00
6.742814562309091819e-01
-2.860824864669676781e+00
-7.963075650495827773e-01
-1.601595606536289962e+00
-1.241521592963982457e+01
6.317138596281870910e+00
2.156045515814323466e+00
-6.465243614978500197e+00
5.212650001730635196e+00
1.010465474610783954e+00
1.677341680184657680e+00
-4.990258919638856483e+00
2.539003603569237599e-01
-1.063468812734392621e+01
8.297879871317890732e+00
-3.706207247487704581e+00
-7.452189642654886370e+00
1.587984660110292801e+01
6.728231624801063404e+00
4.788969660847357090e+00
2.397496967869361395e+00
-3.188419849641221937e-01
3.884973240129381278e-01
6.054498129566110443e+00
-1.148343302051899428e+01
4.828074381714640317e+00
3.676006652553116982e+00
1.768693965488425945e+00
4.708974873338528933e-01
8.791840696630384144e-01
1.420359819151253422e+00
4.637567572800550125e-02
-1.405629569469068363e+00
9.044597476019009541e-01
1.220980792557266437e+00
3.501010304290639308e-01
3.525938114469522766e+00
3.139714569498785579e+00
3.162442663582933466e+00
1.494763027109169418e+00
-4.977048142021703869e-01
-1.866735144348052877e+00
7.059002387335263640e-01
9.164127099403248655e-01
-1.991714440712231138e+00
9.470523059276401145e-01
5.162138377842832165e-02
7.161234655871397958e-01
-3.458533396177380648e-01
-2.644574108983003935e+00
-4.698860131390562245e+00
6.747146069227314413e+00
-3.794853075060672931e-01
1.382611895533175428e+00
-5.234700610057070325e-01
1.096463829014536984e+00
-1.946015833440219778e+00
-1.137024244359017722e+00
-1.869067829127985858e+00
7.959375608179400707e+00
-1.016429513816542590e-01
-9.610175586241819445e+00
8.105042611878468861e+00
-2.559653623823966218e+00
-2.150230761761204867e+00
-2.483160687350716156e+00
-8.177336409654406557e-01
1.718271529881843618e+00
5.419783529733106953e+00
-3.342341279362238016e+00
-2.351179639047373815e+00
7.035380806579206059e+00
-5.782056910027899121e+00
1.417969031749354958e+00
-4.102955268477549433e-01
-5.657571289134325498e-01
-2.770624494387989925e-02
8.833842073881337242e-02
2.556736414054677109e+00
-4.315098866673028333e-01
-7.638590112045545943e+00
6.389846879178142203e+00
-2.863560565868711549e+00
1.711653656556056724e+00
-1.462305602750255229e+00
-1.305013297999325195e+00
2.621022073787291795e+00
-6.690294531794735100e+00
-1.554609675505910449e+00
6.458023564624475910e+00
-4.065640800331951965e+00
5.478525988909956901e+00
2.466565947277475912e-01
-3.880394140550707388e-02
-7.266311115285404298e+00
4.411494780797201365e+00
-4.205026507998628205e-01
-8.336728771677570649e+00
3.531795204881022610e+00
1.614533141941065786e+00
-7.942780433463990875e+00
-2.354326346955892379e+00
-1.246651960643744700e-01
-1.185926270058642196e+01
-5.101269122406995038e+00
5.472242815635345536e+00
-1.209227347819378018e+00
1.541242880820826500e+00
-2.633597956566702258e-01
-1.704025944217000266e+00
4.617900475796937049e-02
-5.485289337217829075e-01
3.544930147125117337e+00
5.913138634955878992e+00
-4.440120777476726843e+00
-3.619947457190001661e+00
8.209668697509959756e+00
-2.009676253701773607e+00
5.410259344847436758e+00
2.949846466826735014e+00
7.454090383287726995e-01
-1.055652663546017678e+01
-8.491211840999369764e-01
-1.434092285865470906e+01
-1.423403317472195617e+01
8.648507874761870440e+00
-1.067958488182848065e+01
-1.255691615236134373e+00
-2.488417067991747444e+00
-2.949907083849757083e-01
6.055670107755383169e-01
-1.897018237104835858e+00
1.166815939502728217e+00
-3.164295825148876751e-01
-3.904715534204570737e+00
5.797083441786562652e+00
2.237360980309070158e+00
-2.215467525049513053e+00
-2.111501160337316829e+00
-8.117461649201277440e-01
-1.408152231150243239e+00
-2.555819436920734766e+00
2.644969239310348552e+00
4.961349097993378976e+00
-5.133745348399442854e+00
1.191483181157235061e+00
-1.531540600516750228e+00
-5.203112444010059567e-01
-7.374889279928908081e+00
-4.292590793434500007e+00
6.277937917754826458e+00
-2.885323819542215062e+00
-1.068954958034202374e+00
-2.029867141089129134e+00
-6.727034098485403790e-01
-1.656557337375682115e+00
-1.721965971008120988e+00
3.909716505209431148e+00
-3.311428650126901907e+00
4.044359398106901260e+00
-2.085460376806876681e+00
-1.078121367146133824e+00
3.655805535276806850e+00
4.409048606323486830e-01
2.121371479864254006e+00
-6.223709330086349967e-01
-2.896877280688357370e+00
3.386236290701574170e-01
5.767040084652516718e+00
6.180817663643161097e-01
-2.601419720850170592e+00
5.531263416442881997e+00
-2.469782626204452214e+00
-1.587753666211952686e+00
-3.053266471780820890e+00
-9.133571646874122152e+00
2.718017019926603162e+00
2.652548793777355307e+00
-2.109799337281905718e+00
3.226192042867104814e-01
8.013209361970170974e+00
-7.350649500676088799e+00
2.599024388109871242e-01
-9.107585671198994426e-01
-1.311962690987021896e+00
5.901994985527613480e+00
-9.015274278436805844e+00
-9.229598952388148092e+00
2.693330157257664670e+00
-8.155516441536102334e+00
-6.651152578093789680e-01
2.542767940438927177e+00
3.615038789947431358e-02
2.543489656755041572e+00
-1.977174597611357498e+00
4.660927024988081868e+00
-5.400831974866762586e+00
-4.351682233375228637e-01
-2.701399285048964316e-01
2.402381951913199476e+00
-2.843365386871845035e-01
1.958992177763488662e+00
-7.438159609212040557e+00
8.384565720732284788e+00
1.180368318064693778e+00
-7.715065469768688011e+00
7.882370334243659293e+00
-2.774536805544895568e+00
3.074211461841614756e+00
-3.807585530487131997e+00
-1.860209157301725647e+00
-3.067280599134216246e+00
2.022693970509744865e+00
5.195753633046248154e+00
-1.304475212431946973e+00
-7.765047422918143205e+00
-5.310626400860571916e-01
-5.429480560523495036e+00
-6.216615121189018822e+00
-6.256020285414027882e-01
1.655520372028118858e+00
-6.003818767130448819e-01
-6.684024484457218307e-01
3.518994086092961826e+00
-3.202578526630958766e+00
1.179872176929567251e+00
-2.673222993232862610e+00
2.272711854208016913e+00
-7.127425767756388753e-02
-1.905682802641956641e+01
4.722256644463964648e-01
5.432488087772699537e+00
7.538942438174675020e-01
-4.366380714482739123e+00
3.985872298402626690e+00
-3.130132435581157502e+00
-1.365813748019323537e+00
-2.049456782625150020e-01
5.022506748131436716e+00
1.361932744041543053e+01
-9.905187097944640584e+00
-4.724944780158327085e+00
1.789293446137052968e+01
2.142285375505680545e+00
5.590651103088423390e+00
3.658413249102989706e+00
1.376603165217770153e+00
1.412680164729276822e+00
4.094015768924247567e+00
-8.574049976934464468e+00
-4.679751166586781252e+00
7.408954578135572788e+00
-6.003844266213638647e+00
3.641316039047310049e+00
8.918483712347130554e-01
-7.243895305590599687e-01
1.131877077029338485e+00
2.828995531112950546e-01
-1.319050940463035504e+00
3.023985972273806055e+00
4.814460986660731301e+00
-7.149240582503162855e+00
-2.412407400691178871e+00
2.597210963610277368e+00
2.330983885581896509e+00
-3.637405837766748196e+00
-3.943893967412277046e+00
7.751781961702602253e+00
1.957801699626004144e+00
9.664263167070363814e-01
2.154593811429680095e+00
-5.301816288616492123e-01
6.200312418110286439e-01
-1.653762369859297143e+00
3.007058712148065194e+00
-3.609523463349302741e+00
3.971078710054850358e+00
-2.042402213672728006e+00
-1.522854303933605991e+00
7.458712261891257134e-01
-3.603653043241072051e+00
1.150474515385209395e+00
-7.538908840855477189e-01
7.209353297018659124e-01
6.135197502108490575e+00
-1.793303722117718157e+00
-1.011637407221666862e+01
7.025640695898057508e+00
-2.265020277804398408e+00
4.152983656658993716e+00
-2.737374663965742583e-01
7.085180320787859420e-01
-1.090946850729880069e+00
1.049970534428640745e+00
-3.820124758551608490e+00
1.407385878521085232e+01
-1.079140177445397519e+01
1.916725997473506382e+01
-3.670874744644669896e+00
9.440569032071884914e-01
1.911561947293584085e+00
-2.585799880241035353e-01
-1.763477344500020250e+00
-5.671789725959335726e+00
3.871026956983396161e+00
2.806018110117033615e+00
1.213237904428135838e+00
-1.740413156328399547e+00
-1.988818557848162971e+00
-1.461404703143611927e+00
-8.985551243779384967e-01
-3.398057242500294617e+00
1.646767294932001968e-01
-3.960863878219288425e-01
-2.608544675957771730e+00
2.291876864558251015e+00
9.560463330560439177e-01
1.192157837935986509e+00
2.510670046235644395e-02
3.620238866121181953e+00
6.506603641928444759e+00
-6.275212253556436082e+00
-3.011465211705996570e+00
7.420186218276718648e+00
-1.441570470640890500e+00
3.935524119822370270e+00
2.922024852751125668e+00
1.031477713080569458e+00
-1.143947453144570081e-01
-1.177188471264617453e+00
1.312297154917135611e+00
3.853084039571620600e+00
-1.743183771571451990e+00
1.388829554684493761e+00
-2.816730055733409621e+00
-1.226458313924718269e+00
-2.530336319013308799e+00
2.370863662096361235e+00
-5.008729063323742459e-01
2.504360181827439913e+00
-3.331783562843702584e-01
-7.680874551815830564e+00
4.347304402865644235e+00
-3.446134169127389679e+00
4.426193336135347267e-01
-1.180201303555165504e+00
1.084411549326531876e+01
1.629695220360596863e+01
-1.140574371479660787e+00
2.301481103293577490e+01
1.916666436968720788e+01
9.751704276648577974e+00
1.433633193622139368e+00
-5.908716224089951563e-01
-1.455155286012781157e-01
-1.051567020183273016e+01
4.794896767772362622e+00
-1.769941158165499928e+01
-2.417422557125146199e+01
9.116127061769836004e+00
-1.639325624642926726e+01
6.060047666750688400e+00
1.621079694221214673e+00
-5.993585190244477695e-02
2.314214806446232564e-01
1.822555987910410069e+00
4.949537404337539748e+00
-2.165811705139038423e+00
-7.619865695836947062e-01
2.097442050432662075e+00
5.660156762605248471e-01
2.742447992466983120e+00
-1.023943070776705405e-02
8.404729063582236037e+00
-4.803912722908329158e+00
1.631438786995782708e+00
-3.541654364921312137e+00
-4.454747751719273730e+00
9.463711896501218135e+00
-3.876660709548603867e-01
-4.948997524549411109e-01
-3.428937963276567635e-01
1.199884600285989533e+00
-3.694998012435525059e+00
5.313447975698533110e-01
6.081187933184937222e-01
-3.146350599305628215e+00
4.885682926628525991e+00
9.585824618900345984e-01
1.829629204819674060e+00
1.759054955829489897e-01
1.442539757455101324e+01
2.867912590177792609e+01
1.342322251644861453e+01
3.207304822649204823e+01
2.990741471623162795e+01
-2.715336697391056209e+00
-2.492608059017781486e+00
5.614852990453365056e-01
4.505181286535097085e-01
2.825147354720900061e+00
3.651562164561540147e+00
-5.750225196522859683e+00
-8.666969122171417350e-01
7.749146874018304487e+00
-3.900195823985988408e+00
4.291380282969054605e+00
8.794954001865172843e-01
1.215680564159801191e-01
-7.402754731117237030e-01
4.061394722398375956e-01
1.315106343024548652e+00
5.386764025173359727e+00
-3.224109347533904657e+00
4.592079390017908658e+00
6.889193020426416236e-01
5.869087324267141526e-01
1.861183013246381135e+00
1.224688580438054036e-01
5.590308387042055571e+00
-4.549336568587449392e+00
-3.692350827763174692e+00
6.505968843152159842e+00
-5.345405502902402795e+00
5.063199345561963938e-01
-1.048751723115292300e+00
-2.449255503692732372e+00
-4.115982809589946889e+00
-8.909668449615416819e+00
-3.438886767519549892e+01
-1.780621124230410501e+01
-9.567560270439704695e+00
-2.198861762176642642e+01
7.341966041850431779e-01
2.319493497983201813e+00
4.478885658235406964e-01
-5.136130628063405368e+00
1.764940671933347716e+01
1.322325390584295235e+01
8.814651546180927610e+00
1.818376799636677532e+01
1.596595783089615495e+01
2.284752261837386111e-01
-3.924734290298307560e+00
-1.001468510291426250e+00
2.782865245475783400e+00
-3.673095981835903245e+00
4.158116910251384191e+00
-3.965132204476790712e+00
-1.359647986740360137e+00
-5.301239126959559345e-01
-3.239929641025414142e+00
3.337511751056162490e-01
1.114259691861973378e+00
8.694346788951016203e-01
6.995363314583834757e+00
-1.555090507041536174e+00
-7.896865300425677248e+00
8.865270009315706190e+00
-2.178436344345756837e+00
5.500857773250898752e+00
3.500297994651749289e-01
1.116886781917589166e+00
1.017879462183610073e+01
1.473580342471183080e+01
-1.853525579896602382e+00
2.438730010685477723e+01
2.011399530617763531e+01
-1.045816340698098479e+01
-3.766782934985641873e+00
-5.909975172301976443e+00
-9.337986758595920866e-01
4.538924417636705400e+00
-2.415765210813833619e+01
-1.691437761505804360e+01
-1.785052267736542220e+01
-4.463347697980763229e+01
3.445852029308420583e+01
-6.436860535897307223e+00
5.846319340141470811e+00
3.961347994180189680e+00
