-3.580139572523918234e-01
-8.149673984420480188e-01
-4.931880545258708892e-01
-3.073127739888146040e-02
3.496129315527956583e-01
2.815119942826321275e-01
-4.196968029207745476e-01
1.425938482254035800e-01
-2.348505146641880360e-03
1.510718120728135327e-01
2.637351201253547162e-01
2.945279325895253097e-01
1.011817278840522749e-01
9.796072349281891023e-02
6.148932677581125938e-01
4.191573446699142780e-01
6.197843356493198952e-01
1.371113493587698406e-01
-5.011595928565760749e-01
9.654060467445818583e-02
1.914593567722999434e-01
-7.842083342665469303e-02
-6.649687213491205229e-02
3.908829921245662864e-01
4.890787410710712574e-02
1.767363782777467418e-01
-1.739256654817726289e-01
-1.154926880085005969e+01
9.460268804902158379e+00
1.871953374378301449e+00
-2.293563597392946907e+00
-2.345503213748692417e+00
8.515987685239967409e-01
7.127911441089271327e-02
-1.701561758959733439e-01
-2.795452272952257955e-01
-1.164416817503510782e-01
-1.768363908050949174e-01
2.149729838530664849e-01
4.871384895767612577e-01
6.650762810737272934e-01
5.382805658482294753e-01
-3.106381149714532719e-01
-3.878160079131919707e-02
-1.571312425723183082e-01
2.181472148571456104e-01
8.171156587684161865e-01
8.075493046518743556e-01
4.268746753631344482e-01
3.182624864680715926e-01
1.053012577588811061e+00
1.091101612310880542e+00
5.534346815302544353e-01
-2.750263383028079822e-01
2.395276944310427980e-01
4.061478200179206022e-01
5.458497747882019580e-01
1.772889561598127994e-01
-4.233622501414628647e-02
-3.168104533129478817e-01
-4.244553719045366380e-01
5.626377128159043388e-03
-1.818366440736984835e-01
-3.107854759515308318e-01
-2.134773703084108173e-02
-1.119109794272352409e-01
-5.604197222965898728e-01
-6.101551267023540559e-01
-2.172812626008728543e-01
2.731087986298659509e-02
-4.147770800491716869e-01
-3.656216850338505631e-01
-4.003204303269144448e-01
-2.061621701956410369e-01
-2.870731011709703462e-01
-6.613452229766261237e-01
-7.718751179768507109e-01
-7.159955738205070475e-01
2.174224593772196117e-03
-2.430833631091912916e-01
-1.257801489585749222e-01
-3.964368695328698289e-01
-4.245952586705882825e-01
-3.252777362004292266e-02
3.250211875678594708e-01
9.293794107277301153e-01
1.439118954008503426e+00
5.601151360207610175e-01
8.080631699663585188e-01
2.668258624014159253e-01
-5.816441484207757195e-01
-2.901517058355779777e-01
-2.307367023019117058e-01
-4.235895222441259378e-01
-3.590070413814193673e-01
-3.255932538574387441e-02
2.324815574614927660e-01
-2.469920987841399962e-01
-1.386625026618902579e-01
-6.097863362624202088e-02
3.549595238819471810e-01
3.523643914211649908e-01
7.433766899904081793e-02
4.560175936764865323e-02
6.372759005308342717e-01
3.717477128604902425e-01
3.929376592705973725e-01
-2.094461367720892031e-01
6.615262464560373035e-02
4.062943204640452888e-01
5.169941223282004117e-01
2.998811261449394472e-01
4.574282404927740853e-01
1.051226847816595367e+00
1.004681930025311393e-01
-4.168907313009399818e-02
-2.450215823071978660e-01
-5.714616126894906528e-02
2.885619059102736972e-01
4.671018268511731852e-01
1.544476372695106070e-01
-1.082123878251462501e-01
-2.421332991772051080e-01
-7.366957784192487702e-02
6.418392126312975898e-02
-1.244724018711106245e-01
1.626953735404175916e+01
7.933934735498681334e+00
9.177031993524126241e-01
-2.840780352820638566e+00
-2.825417822346255381e+00
4.865859238002115394e-01
6.447790484095199115e-02
-3.785182796288173029e-02
-3.012543950308583796e-01
-8.954358882197168690e-01
-5.201673983496182818e-02
-3.978079235897350463e-01
-7.728624672303410215e-01
-1.047941760323600979e+00
-2.280656427746722559e-01
-1.114918252088920925e+00
-1.474163583381315368e+00
-9.705625707935409130e-01
9.776893246464977594e+00
3.057795220798088298e+00
-7.135889661129468653e-01
-2.075792533645293592e+00
-7.612145613696206237e-01
1.254917712275137154e+00
-2.277934452858930148e-01
-1.682194878510398783e-01
-9.465524925351236074e-02
2.103926219307398690e-02
5.035627596369819381e-01
5.897939767266047184e-01
1.130348468949710361e-01
-1.748592742165612224e-01
-4.666122101024462454e-01
-3.488128953083511341e-01
-3.308265924789552392e-02
-1.523402546203207197e-01
2.977984367983254721e+00
1.071173085442902240e+00
-8.793426380164428569e-01
-1.642161219565651420e+00
-4.360990471159229553e-01
7.054182861974697127e-01
-8.400680358686442029e-01
-8.857946250955097689e-01
-7.143413692479640975e-01
1.499920378160183709e+01
8.962355499039297513e+00
2.939806845703259786e+00
-6.218577150729293068e-01
-1.125740529038691706e+00
1.093446741236284270e+00
4.192086636298896773e-01
9.720723912374933384e-01
-6.647376918430278336e-02
-6.400536447316125255e-01
5.993936030192101860e-01
4.857683964741950078e-01
-1.235265560661695378e-01
-3.098033829205853462e-01
-8.024502814064997380e-02
-1.153849586911492642e+00
-6.130708970124231216e-01
-7.732328461669752961e-01
-5.420731506510383796e-02
1.752968580797082399e-01
2.145990485274897330e-01
-2.200176165292667685e-01
-4.090100572302136084e-01
-2.501365774232144901e-01
5.926215053007353323e-02
1.894104519925262076e-01
-1.162826246027537369e-01
6.258561760619705261e-01
2.738021278352726351e-01
3.587968023780617743e-01
5.185874582238021030e-02
-1.895214766067993273e-01
-6.104102888154614437e-01
-2.712700361540590910e-01
-1.555634772712766456e-01
-1.015781429382296708e-01
-3.072002704719338229e-01
-5.162160167911479247e-01
9.493328432758683585e-03
1.214098319780448909e-01
1.280004359118100399e-01
1.156599629862185103e-03
-1.879577898086874088e-01
1.194708633720975022e-01
-1.100539540636533420e-01
2.282060310242630674e-01
5.139832907437446030e-01
5.734846871661082313e-01
3.838798285699894230e-01
3.615040060740917771e-01
9.249502569587594314e-01
5.603256338315880658e-01
5.426850266460834238e-01
1.239533946134524084e-01
-6.834272280350415230e-01
1.786954754289964697e-01
-1.391842122000221671e-01
-4.459415223972240105e-01
-6.708677563946240374e-01
1.566110105306903477e-01
-6.253729526191080801e-01
-1.259792116390240579e+00
-3.862920497663325792e-01
-2.984833125098219075e-01
4.234219916267454309e-01
6.508202694869663629e-02
-3.917735064325952865e-01
-5.948673687855514647e-01
-3.052146467878710454e-02
-6.106718147267183872e-01
-9.676777076969046432e-01
-6.737050141146445625e-01
6.033664539126811777e-01
9.928537494917140105e-01
1.160774009180653321e+00
7.860309185497998952e-01
7.153786826803617549e-01
5.840467199067964632e-01
7.240258985511954792e-01
6.765020598547646369e-01
2.197596814674691035e-01
-8.514267413955156627e-01
1.227849398189381352e-01
9.242766263727050791e-02
-3.045508223788879754e-01
-1.293904458122651646e-01
1.880507378326644052e-01
-1.466654770255189533e+00
-6.224753450547549916e-01
-6.675218604362375130e-01
1.084490339847434015e+01
4.164980995030660438e+00
-6.997891921558169193e-02
-1.906286095638815903e+00
-7.452184721762658004e-01
1.173648302217511041e+00
-2.869681231910373165e-01
7.574387396114545812e-02
3.417860654081330413e-02
3.562838315097489605e-01
-5.026014990244682956e-02
3.231469519845968086e-01
1.957212957445817469e-01
1.656303708583770351e-01
4.152378908712685973e-02
-1.343644511792563834e-01
1.597360328725514200e-01
-3.849136442417906701e-02
-1.641378611837009771e+01
5.936045912278733461e+00
5.920083281741975734e-01
-1.984523915769399238e+00
-1.037475314004467686e+00
1.274826079267159962e+00
-3.950464780937015252e-01
-2.242273850157716353e-01
-9.459524390945966976e-02
6.347994871742529410e-01
3.813871272218477548e-01
5.678524536986602200e-01
4.020197224161577432e-01
2.455976580651894337e-01
-7.485406543670125590e-02
-1.527021910582901376e-01
1.383114659104342850e-02
-1.034136762406936555e-01
-1.771171453751664959e+00
-1.108062802477356446e+00
-2.440706304614777833e-01
-9.180592210208700366e-02
1.499374208384371410e-01
4.298001157144808182e-02
-1.072887954475971739e+00
-1.060925557714087697e+00
-6.893702994348824831e-01
-7.799674291943397009e-01
3.516019585504935596e-02
-3.977502277818585896e-01
-8.164345224748980057e-01
-9.202129074700607925e-01
-7.424446908740325868e-02
-7.383323617879727907e-01
-3.895205173135874444e-01
-3.111142437980609632e-01
-1.255437113968441487e+00
-1.807622448364335721e+00
-1.245961902306602420e+00
-4.124124824783789722e-01
2.221749821371631628e-01
4.512413295020601955e-01
-5.196366417909940028e-01
-2.038668081610701677e-01
-7.612435615134617584e-02
-8.802097597843473731e-02
4.968597158458130103e-01
1.084846006960913378e+00
1.095020970725079756e+00
9.849459461670456717e-01
7.931274323767459888e-01
4.025973306974132138e-01
4.290557497781191665e-01
-3.925345487703937875e-02
-3.487208766571283092e-01
3.140987947882328823e-02
4.788989944957679212e-02
-2.446534544988737958e-01
-6.701215067748621246e-02
5.276284203938943485e-01
6.138392362309649103e-02
7.397981017830650152e-02
-9.438032444740929172e-02
-2.298579901350800703e-01
-5.068724167319267615e-02
-5.919117894323844276e-02
-3.566785025269526010e-01
-3.837768955999856790e-01
-6.747549726643170542e-02
-2.166468696988572140e-01
4.163876201795993492e-02
-8.741539994779536082e-03
-4.445998934902826161e-01
-1.045253340586360796e-01
-9.910742489777449316e-02
-3.416201489141224568e-01
-1.842943956057874755e-01
3.718117952841822893e-01
-1.261366041517589243e-01
-1.157499327517689663e-01
-1.711885082855157392e-01
-7.384406697920758988e-02
-7.486852762602233535e-02
-8.522101855800252868e-02
-3.688174833222045979e-01
-3.804816615611129604e-01
1.392154942861570377e-02
-1.266874860526962313e-02
3.094868957961662281e-01
7.784637111340347859e-02
-3.177195813270907720e-01
2.732723857534246625e-01
3.076937144886991438e-01
-3.061122904368234962e-02
-7.034748185683888100e-02
2.915935278677204145e-01
-1.199628850837484023e-01
-3.045753148528642651e-01
-4.209114861941587460e-01
-4.230299487845046169e-01
-5.479471220236819401e-02
3.118592153162252356e-01
2.683521013862543159e-01
1.780685886102536808e-01
5.908194548785340033e-02
-8.837705191238276470e-02
7.608494421916317356e-03
-7.948315299929264999e-02
-1.441975115510658156e+00
-5.720084167958657817e-01
-6.578064945640237360e-01
-9.362041547124219099e-01
-4.435127117858008172e-01
2.837745963596050580e-01
-2.019870600554723339e+00
-9.451507341120136685e-01
-8.227353708948428324e-01
3.138238507464061189e-02
5.555594053504850915e-01
5.849665803566096445e-01
4.129304024989093880e-01
3.750810263840891334e-01
1.002431505750217111e+00
6.182330719822075604e-01
6.155327106981371976e-01
4.143595282312501071e-02
7.766747416855079855e+00
1.601875339697220735e+00
-2.263465906849519094e+00
-3.261695317610572964e+00
-2.082599449930645275e+00
1.257625434840566880e+00
-1.341611613468250697e-01
1.655433222438968677e-01
-1.617187088185347010e-01
-1.291520977334825460e-01
5.163866159118744026e-01
5.448668558432940845e-01
2.277495511793141969e-01
1.186020320220147889e-01
6.881838802858981641e-01
2.244674795886418828e-01
-1.417554274837357631e-01
-3.033981118386411269e-01
-1.100607675372035743e+00
-6.307186917114088187e-02
-4.174927693272303952e-01
-8.351986313368809922e-01
-1.140285950692089045e+00
-3.521834947056236009e-01
-1.246122920987600802e+00
-8.802960441758067578e-01
-6.371858212806047472e-01
-1.744195764215967503e-01
2.167568380816849161e-01
3.714443889213216443e-01
1.447436918443329723e-01
1.484754591621632591e-01
3.755587498271391600e-01
-1.372635109801065983e-02
-2.051606692618027084e-02
-1.310562956538491586e-01
-5.582617650811919630e-01
4.261665465481684345e-01
1.692682419101762259e-01
-5.815860900540879008e-01
-6.589362025816827284e-01
-1.836655343423765629e-01
-4.799322731197701586e-01
-4.894428642001470431e-01
-3.858747695466145378e-01
-1.317170890692731695e-02
7.233701584808205354e-01
7.383155865726785949e-01
4.744119217632039032e-01
3.621674410386933052e-01
1.014385461073113781e+00
4.811278798085618091e-01
3.191935298595878767e-01
-3.501871034365566238e-01
3.041428849256937461e-01
4.176769963447813372e-01
7.132920341273130127e-01
4.786411074188640091e-01
2.859999028733390403e-01
1.903966737162610112e-01
2.449276526455910208e-01
3.641623002788484387e-01
1.492403297439662269e-02
-2.178341970770362224e+01
2.814680818274988283e+00
-8.374036376898059686e-01
-2.174042450661283432e+00
-8.271888046977723397e-01
1.039243268957313671e+00
-3.021018583798470991e-01
-2.375708056621481101e-01
-5.904216710066094442e-02
4.289575380342599331e+00
3.928982145020719630e-01
-1.346181421767424613e+00
-1.472440122322279832e+00
-1.746426196014804477e-01
1.417993237153123864e+00
5.159341998539392904e-01
9.145398101216690723e-01
2.323466865234888601e-01
3.627294994208842827e+00
7.818165677052190121e-01
-9.651438154475416864e-01
-1.917793444461177721e+00
-6.540699154106367486e-01
7.517586389261928792e-01
-1.527143028680749248e+00
-1.010706991008535338e+00
-3.938925480293742343e-01
-1.302360163111733193e+00
-1.685461052340163857e+00
-8.761268148028122926e-01
2.040805680267488709e-01
1.269470710544751579e+00
1.792513351555292234e+00
8.580395586896563120e-01
8.888472675533114487e-01
3.881061414500101558e-01
-7.404491102502712696e-01
3.312740411250396089e-01
-2.486316383129989482e-01
-9.780352884383181067e-01
-1.398028705647203163e+00
-7.002445962905722299e-01
-7.695004032468465427e-01
-1.197594224261675722e+00
-4.345542061835566128e-01
8.928096459735570534e-01
-5.187652763470188555e-01
-9.518467165751336445e-01
-5.673457625778707270e-01
5.459552183487645927e-01
2.100332431411650269e+00
8.610477872714688008e-01
7.785323496773264296e-01
3.593378099428263250e-01
4.417786239316597724e-02
4.642908107772013571e-01
5.525241778613815269e-01
2.497073201820188826e-01
4.312902020666711800e-01
1.012521867785086904e+00
1.846908163178699602e-01
1.631304753467746338e-01
-1.873188320553377919e-03
-1.079954745962623086e+00
5.691853432060024059e-02
-2.588415527799105553e-01
-7.464005906254863598e-01
-1.121939967510398262e+00
-3.816813351710814928e-01
-9.332682733659477536e-01
-3.780924192480141638e-02
-6.652087329521863546e-02
1.161993111221501229e-01
-1.097252286322613346e-01
4.727173164227038704e-01
5.830869386373030983e-01
6.089277119925904369e-01
5.630400287314856200e-01
2.845435282862500137e-01
7.333500608143732613e-01
1.360559825283731150e-01
-9.747960739841315947e-01
-2.112725800363011164e+00
-1.667481901508909070e+00
-8.640671375064431503e-01
-5.967363342522894430e-03
7.900110030532595529e-01
-1.161917571033535546e-01
-6.854800034449229362e-02
-7.279284942006286618e-02
5.636764260918231129e-01
1.166610169564408661e+00
1.242307950714530707e+00
6.388533496447852400e-01
3.842555553063931040e-01
3.473418638245803769e-01
8.919922871835731515e-01
8.775596558391050017e-01
4.484529852548988504e-01
2.857042441378259134e-01
8.809421970476839503e-01
9.409140759464811321e-01
8.338963309173403893e-01
7.594240669452673176e-01
1.383594059469279935e+00
7.018693704212120021e-01
3.883670638540415720e-01
7.350914349411175053e-02
-1.568540322470985338e+01
6.371601492576744796e+00
1.352906787073198336e+00
-1.396312492107949721e+00
-5.568051277547644284e-01
1.159039790987165475e+00
-1.568410656668580705e-01
2.468698839725798899e-01
1.848137322372073177e-01
-5.359121551331967603e-02
5.771504345957816778e-02
3.076072718244330512e-02
-4.010814838239453173e-01
-5.428880769668078532e-01
-2.395592359474737754e-01
-5.745886085914078678e-02
9.107619093865572391e-02
-6.198761357878433687e-02
-1.165443118155073066e+00
-8.437144343709078453e-02
-4.770808322829283576e-01
-9.520578783082750407e-01
-1.269076891087876024e+00
-3.651198676414654787e-01
-1.188986407284666758e+00
-1.732651861611730792e+00
-5.981162166975269034e-01
5.847905239612065209e+00
2.372725529205475414e+00
-1.718793336447856923e-01
-1.635235212854559972e+00
-4.723225347675950592e-01
5.782928494222742133e-01
-1.064148246076199511e+00
-9.730763344194955922e-01
-5.232401284875093372e-01
-2.448485058436276202e-02
2.416660748262588337e-02
-2.208931029705961044e-02
-3.563594236787008263e-01
-3.753783135985814257e-01
-2.623826723951171516e-02
-2.825922905479451575e-01
-2.816768332638396322e-01
-1.879082958350788146e-01
-2.803731255247940424e-01
2.454345335292900943e-01
3.049855480814603892e-01
-9.312198974987688505e-02
-1.760597061545902675e-01
1.516161551880722547e-01
1.067431638789030982e-02
-1.634470115799301904e-01
-3.447360912462144600e-01
1.207631404470594083e-01
-5.308881465226955587e-01
-1.256219831017915400e-01
-9.910329108695192790e-02
1.341166708117031911e-02
8.568860424484403548e-03
-2.429184496660241055e-01
-6.710619725159787385e-03
-6.498976515716281543e-02
-4.813559912799015295e-01
2.452243944072467485e-01
3.623221120169295983e-01
1.104004051473596731e-01
1.180301799181283084e-01
3.593010221773173529e-01
-9.760618184605276970e-02
-1.423296914034545835e-01
-3.029326761195023573e-02
-1.533464196777994504e+00
-3.579347712676704263e-01
1.406087298845161149e-01
-4.787516788326292572e-01
-3.168284923392926111e-01
-5.659057896622131656e-01
-9.021124353701461818e-01
-8.815479833387032116e-01
-4.295340185099546515e-01
-3.490889606562222469e-01
2.746317790697712646e-01
5.514758205786962630e-01
4.648604564421801588e-01
4.103297675091806540e-01
3.862834555975552808e-01
-3.393533534427219944e-01
1.397813247961538219e-01
-1.519376951983727186e-01
-3.233240568749870536e-02
2.423259685627260074e-01
2.342016361717208506e-01
-1.306727916630390229e-01
-2.192259294641545619e-01
3.033090752650068889e-01
1.031586918420517585e-01
-6.761682078855092703e-02
-1.568279054471566347e-01
-2.517288054311090373e-01
6.882944491597308145e-01
3.104342251165072009e-01
-3.178262191141872361e-01
-6.302996628992726391e-01
-4.863572003944847677e-01
-1.151548339197262072e+00
-8.474058586888799649e-01
-2.938639081433696565e-01
4.319407771395840367e-03
-6.481910550022867978e-01
-3.505197653433877458e-01
-2.743057925183506329e-01
-6.045185746774604102e-02
9.821106278030496128e-02
-1.802535205202167312e-01
1.471964838492613795e-02
-1.784596932092374910e-02
4.140838841087008948e-01
-7.904726568734828929e-01
-6.613648175686491770e-01
-5.636684657125994313e-01
-1.853306483488795786e-01
2.479682926709772806e-01
-1.191252575433154604e-01
-7.695333731548088807e-02
-3.862751649908595462e-03
-7.725853314027526508e-01
1.915464249819987530e-01
3.183664097104244028e-01
-3.303304588450828305e-01
-3.033731882420455106e-01
-2.521821287615532703e-01
-8.227385037183500005e-01
-6.960634585749242431e-01
-4.612052655857042938e-01
1.045071718077385942e-01
5.303602431537544071e-01
5.402733458010420264e-01
6.641243868868831890e-02
-2.093595512075256959e-01
-2.509993449912890084e-01
8.682013476762046045e-02
-1.364152009171104400e-02
-5.834402288297530631e-02
8.982400819978842321e+00
5.041073772739458114e+00
2.227901689503889449e-01
-2.080214931833859193e+00
-8.683241136615927891e-01
1.475344856297194474e+00
-8.283977204557982366e-02
8.735398989888638888e-02
2.206670315935672227e-02
-2.665502254194266341e-01
1.618174623242680521e-01
1.327487900582602631e-01
-2.633088360086783264e-01
-3.323790692686271475e-01
1.412453120258736206e-01
-2.195562074039611455e-02
-1.063589670766258433e-01
-2.002963045219752214e-01
8.255682138028023198e-01
-5.022075094694250508e-01
-1.719196712479162947e+00
-1.849422823049254871e+00
-5.432497590271806454e-01
6.779163478766949691e-01
-5.018307384636143675e-01
-5.618619296316273992e-01
-4.193307051790752249e-01
-4.967415803721387385e-02
-2.679460331874036760e-01
2.084001995809278973e-01
2.482418389253120694e-01
3.094478351931616023e-01
2.865240052276059046e-01
6.925646924722639319e-02
4.527034340360954756e-01
1.026370038446518806e-01
-4.427825663800146194e-01
8.778370431899670812e-02
2.002380279679909225e-01
-4.835474359646261405e-02
-1.813610512202067787e-02
4.294258570989903379e-01
3.066796727146360937e-02
1.483803708942945943e-01
2.119193166756699193e-02
-2.397653210071105934e-01
1.412446071045734275e-01
1.280437209293827372e-01
-2.569762434463025436e-01
-3.025923958875945674e-01
3.107350866826295507e-02
-1.865452733215107184e-01
-1.826830738869223425e-01
-2.153907090040389771e-01
-6.452150451670056741e-01
2.811441921034307234e-01
-8.396161973655166810e-02
-7.112385666496818803e-01
-7.776808981528052778e-01
-1.344357287593531125e-01
-2.789818329627462012e-01
-2.018810844716893427e-01
-1.022103554498841743e-01
5.927413499781671868e-01
6.020330288028783450e-01
7.060963701531134395e-01
3.593912972600208922e-01
1.764269282596327704e-01
-1.837145904717837619e-01
5.693404092867765387e-01
6.073974003946738254e-01
4.258819868107151518e-01
-7.484602843712402365e-01
-1.103834644849566393e+00
-7.550456205172402235e-01
-3.002090907325780100e-01
2.106134620871802643e-01
7.086816103401438749e-01
-1.534498979773296912e-01
3.310075383523078951e-01
2.469364780144978899e-01
3.076564520248928347e-01
1.183645808619280919e-02
3.394546286251515776e-01
1.863538756678818631e-01
1.957587505692016949e-01
1.569949710968162049e-01
-5.435908991983987720e-02
1.365024151689710474e-01
5.111187283341819126e-02
-1.314419855240490165e+01
9.086928938945286305e+00
3.785754267260553529e+00
-3.453939631524143850e-01
-1.227193967586658330e+00
-5.272903361379591147e-02
-2.163368836353895208e+00
-1.967359367480506771e+00
-7.334516430986682822e-01
-1.152633220902817557e-01
1.821942069386047192e-01
2.414830498201259168e-01
-1.591642191094011782e-01
-2.411361067808358016e-01
1.003929657102059642e-01
-2.906594484369678932e-02
-1.677804917080209512e-01
-2.661687927701022471e-01
-1.276076858059040475e+01
9.334369700795001279e+00
2.992844318639526158e+00
-8.517635278054264125e-01
-1.577555602961878689e+00
7.844957763248406879e-01
4.496520090508209222e-01
8.162472385535793906e-01
1.625577379824216240e-01
1.022495051679465500e-01
2.996878085128749092e-01
3.902570340425936535e-01
1.059243996533754638e-02
-1.207716439270105635e-01
-8.105389619995219397e-03
1.511705671265028694e-01
2.178956362946128933e-01
1.057128289964400225e-01
2.127727514383893903e-01
-3.862354507402033232e-01
-2.288072053271432704e-01
3.936435505689151598e-02
3.615670720346865763e-01
6.406683570328720601e-01
-2.910983911875708041e-01
2.198586825956125590e-01
8.833403603606918009e-03
-1.525873818522628378e-01
4.027060922751354299e-01
4.495091058412412632e-01
1.231536334306442548e-01
4.243897815687370373e-02
6.112925703004227218e-01
2.352314915782849347e-01
3.162731422663109804e-01
-7.612019563171102017e-03
-2.988067914068659459e-01
2.250847624111066425e-01
2.757465036540917014e-01
-6.443419080064673177e-02
-8.960047118881643569e-02
2.913735248775831121e-01
-7.020328857432334146e-02
-1.571212363507010767e-01
-1.049995098884800998e-01
6.579903375414856981e-02
6.907459236349573484e-01
7.404155329208863545e-01
4.585047390944519408e-01
3.192957332184243047e-01
9.201449249156484766e-01
2.359690050394358252e-01
7.793975548251172447e-02
1.208861861401822058e-01
-4.090928490355817959e-01
4.663525925576612607e-01
2.900247449200642480e-01
-1.121548088775519286e-01
-1.057506197603343551e-01
6.527562189994066122e-01
-3.884782253031083404e-02
1.549597950693289150e-01
2.467969643087544185e-01
5.566765782215243874e+00
1.379226166235862916e+00
-1.052484774661672562e+00
-1.576845658052853594e+00
-2.507332812906587494e-01
1.333515933251320451e+00
5.089008263373920871e-01
9.101059097673598330e-01
3.515895379464452630e-01
-1.350666819857635481e-01
-6.205360833846745167e-03
-6.244879284879676501e-02
-4.330169799781373730e-01
-4.610305262244421276e-01
-7.284775933589774342e-03
-1.421391100925404327e-01
3.269365875488293438e-02
4.555975020091931199e-02
-1.220270317983312047e+01
8.699833953692882815e+00
1.635895019837297015e+00
-2.263923372914589560e+00
-2.631921305656252041e+00
4.585206958031540214e-01
1.086866436511626233e-01
5.073104316162395030e-03
1.877726218126077665e-02
3.180856272856432021e+00
-2.615393946910730127e-01
-2.219018105082192438e+00
-2.046849385381020348e+00
-6.806187041682408845e-01
1.935188437741468981e+00
-2.939399610198463741e-01
6.691916803671940639e-02
-1.007575366413251405e-01
-2.210982720879711150e-01
1.225422574006033299e-01
6.334688667324199496e-02
-2.894361745134848563e-01
-3.571592225961069955e-01
1.074427701157961573e-01
5.941913538141289919e-02
2.191451930789177216e-01
1.638388490055878166e-01
1.102165847715139790e+01
4.005996337627963477e+00
-1.188117890959790035e+00
-3.128928134806133521e+00
-2.261115951344682351e+00
1.441074461129884465e+00
-8.132044886308205378e-02
-2.092307626992389036e-01
-1.317549768557139123e-01
-2.349223755610070716e-03
1.954333749192292136e-01
2.746342292867772761e-01
3.372706650635454422e-03
-2.936033547905603572e-02
1.985062726395735999e-01
-1.135728175895998754e-01
9.039083675786087346e-02
5.666060414981093779e-02
-1.141337381212898450e+01
9.023838451779525371e+00
1.732727669374421575e+00
-2.255036486315952882e+00
-2.509475015388228591e+00
7.875265878300929945e-01
1.907757145327961812e-01
-1.456772219468811802e-01
-1.875374146765311674e-03
4.959393697885983165e+00
1.024596296504366871e-01
-2.106938502951031023e+00
-2.292911532124000562e+00
-8.398929308373005442e-01
1.014891538120147318e+00
4.142262923469865882e-02
3.543926939405171450e-01
2.158397945587114120e-01
7.592610002145782744e+00
2.438956820405396630e+00
-1.102472492666954018e+00
-2.288668996195478922e+00
-9.100256593546176553e-01
1.182850709893929375e+00
-3.916343293104853490e-02
4.443002791536362905e-02
3.743562393373507657e-02
3.020752455300386718e-01
6.041676627656795695e-01
6.336307583810403266e-01
2.434350721941649087e-01
1.045640520566964299e-01
-6.330742678073414398e-02
9.384813443336502692e-01
9.121241179941798061e-01
7.101971642325960454e-01
-4.323379947471508999e-01
-3.979151504351418067e-01
-8.972975235123346882e-02
4.020072009972176785e-02
1.519029236468840693e-01
2.418988772681880672e-01
-4.845374869721143507e-01
-1.519622441777815185e-02
9.234794968346317356e-02
-1.283663072556042017e+01
8.459263278557733301e+00
1.993761778504731241e+00
-1.599397315623105165e+00
-2.102244681292313455e+00
6.587829115025045645e-01
2.458144175911603502e-01
3.938553403221586313e-01
1.954898847203120071e-01
-2.248157553404327713e-01
2.778460495920615503e-01
2.892066845422500698e-01
-5.603136372448102448e-02
-1.265001943507523263e-01
4.038041566159044637e-01
9.722150165232490426e-02
2.991622030576724378e-01
1.578211792544900460e-01
-3.326394848561534667e-01
3.682242868621382614e-02
4.883467468089909558e-03
-4.216924459474149511e-01
-5.071518576730610350e-01
-1.021706877017691667e-01
-7.200862750352501895e-02
-6.966091832805038075e-02
-6.093400000541671774e-02
2.439198516293286101e-01
3.702232254638300191e-01
4.337873734828184280e-01
3.272810866595101537e-02
-1.230984636190530779e-01
1.260216578563536083e-01
7.051342246542807723e-02
1.706108549472468705e-01
1.486826713668998601e-01
-1.521446244843171203e-01
5.020365527284498253e-01
6.503206669235630510e-01
3.032752629178229742e-01
3.174501451323437362e-02
-1.239842820192005174e-01
-7.530393586974130915e-02
4.283626323434380767e-02
1.683006896787286599e-01
-1.288000882163829530e+01
8.701483606572773866e+00
2.530441616723807297e+00
-1.074712979322749007e+00
-1.778831059407119275e+00
7.704202053039832521e-01
4.127055255180211435e-01
6.502594503806436999e-01
2.745343106940849043e-01
-3.603629009336694056e-01
-1.223476307064298885e+00
-1.080158193996779481e+00
-5.316404943592950572e-01
3.120650735828392475e-02
7.077289388874924425e-01
-5.218198938163826073e-01
-1.978190956432625616e-02
8.674439918490008117e-02
-2.206264126231243516e-01
-7.263059381288315686e-02
-9.361747964448044468e-02
-3.644417848927274939e-01
-3.749611733551841408e-01
2.958268522024499157e-03
-8.603797843447927307e-02
3.831090691559416728e-01
3.935807319983646302e-01
-2.386704294592689735e-01
-7.773325972551343721e-01
-3.297981816778983721e-01
-1.819413791614847564e-01
-4.982836046754160475e-02
-5.404680550314209381e-02
-3.102432702635742334e-01
-8.518780018473919025e-02
1.665262304997395734e-02
-1.170026715067171708e+00
-8.712591307099408766e-01
-4.758762692347685008e-01
-1.995705850773239406e-02
4.511638690718102751e-01
9.082078888737213918e-01
3.957845217840066376e-01
6.263385882140727334e-01
6.226008656481404335e-01
6.087431158834263334e-01
2.132708057300761184e-01
4.778936301120952357e-01
2.182382459383800377e-01
1.634730636685778338e-01
6.870410035344108601e-02
-5.043623094300758725e-02
1.114208801622294243e-01
2.002728841172335406e-01
-4.065310061605196257e-01
1.183103244271312832e-01
1.067313994203714506e-01
-2.477846050610153505e-01
-2.992116736999201887e-01
1.342573248950841291e-01
-1.181810286810766053e-01
3.179750120405441111e-02
1.339440467301163118e-01
-2.345669409643579839e-01
-8.755332189876044446e-02
-2.212575950232078259e-01
-6.195809556140533525e-01
-6.431423327322282057e-01
-1.630104738304706535e-01
2.059989090048089944e-01
2.569325556482418560e-01
4.234199973819011142e-01
-5.317571893448025389e-01
-3.157938078981353258e-01
-3.512046510002579391e-01
-5.928194637446952964e-01
-4.431964767833013186e-01
1.046302599116368387e-01
-2.107116222979982245e-01
-8.460831592089490538e-02
3.012197619581358787e-01
-9.371311178099634223e-03
4.945839113172348367e-02
8.007654704587217898e-02
-1.696604415035605495e-01
-1.671695055286794296e-01
9.509520991309435012e-02
-1.552174001793675540e-01
1.064471537212115237e-01
2.239467368876531528e-01
-2.929244154257119037e-01
3.946913160199793658e-01
5.130825550647181155e-01
1.592609762717343835e-01
7.852773332047231769e-02
3.648640909449294423e-01
1.511785215412022043e-01
1.650046157547747569e-02
8.490224793104249323e-02
-1.597657152323598950e+01
5.778538399190079389e+00
1.572485829362137544e+00
-9.517995681360018612e-01
1.952473862494205348e-01
1.374960995630174043e+00
5.507498006778673849e-01
1.007228654063457629e+00
6.187675608961558105e-01
-1.576065185173757266e-01
1.376124256204715179e-01
1.068177209084143348e-01
-2.535043002816362856e-01
-3.141566740900597621e-01
1.335850353542891444e-01
-1.266429303713492993e-01
1.778705038752272649e-01
3.192011797932436945e-01
2.224824151720625476e-01
1.680322919303870177e-01
1.484917783730985430e-01
-2.663962031691120558e-01
-4.103741497479332923e-01
-1.702739204740877643e-01
-1.080941137044766492e-01
-8.389708451820262688e-03
2.923926272003463112e-01
-8.144471642332055339e+00
8.926374892340504630e+00
2.750075922978365561e+00
-9.419479132243353536e-01
-2.026606418294437439e+00
1.089059578521881066e+00
2.894609260902495373e-01
-6.664133456945006695e-02
2.376962110625358560e-01
-8.761264159244873895e+00
9.115817994899828136e+00
2.682751407367901297e+00
-1.068971951607770698e+00
-2.314455167062681173e+00
6.259878286767719402e-01
5.896412666114833612e-02
-1.746962153884716873e-01
2.170166292343848335e-01
-1.503581977194005326e+01
5.463339632527824286e+00
1.916257975666136038e-01
-1.914366038903979828e+00
-2.076434942743726975e+00
1.133645183188772609e+00
-1.822355052111440388e-01
-3.321403143183626061e-01
1.374445938945788592e-01
-3.378102315577377612e-01
-9.250829901399763022e-01
-5.511270953456868238e-01
-2.849790928665950074e-01
2.815629840470080386e-02
3.086802826554991830e-01
-3.965004798262160984e-02
2.546397998245952810e-01
3.230158247120624715e-01
-2.532373315203729769e-01
7.605672938198258792e-02
3.232479897077408793e-02
-3.386721256668268065e-01
-3.803413773747064131e-01
4.126586438169058124e-02
-1.676298306397777937e-01
1.452005224205154543e-01
3.550214474930863395e-01
-2.050912516377896011e-01
-1.957672603252427063e-02
-3.946810372487721819e-02
-4.465101009339215166e-01
-5.166638811767353401e-01
-1.003751123467275796e-01
-1.349841681699558149e-01
1.481885552905952419e-01
4.776741132811052615e-01
7.489618992562412092e-02
-2.243472108279783161e-01
1.046668640243823140e-01
9.500779447286895885e-02
1.965532013047142090e-01
3.029346883105540900e-01
6.025359893885595848e-03
3.409843107711467702e-01
3.991437792467957268e-01
-1.002084677876436680e-01
-2.387268626514916781e-01
-4.061182430300713242e-01
-7.403780605000538362e-01
-7.259328799400566190e-01
-4.048331332401427507e-01
2.477958075609948130e-01
2.229375091544516518e-01
4.895733950987116723e-01
-6.356413482600209441e-01
3.194236554783402293e-01
4.205193015762195841e-01
1.621010925104278411e-01
1.491576092846920998e-01
5.374798022831870359e-01
1.885604948944420711e-01
2.587010682213383705e-01
3.800371963598870861e-01
-2.555912071350873727e-01
2.264351320970584280e-01
2.554022032389187680e-01
-1.079085802422557611e-01
-1.734752407230333304e-01
1.662943665991185316e-01
1.119491654470565305e-02
2.106530135276345195e-01
4.599058895508127964e-01
-1.696164676819042683e+01
6.133670685391688693e+00
1.520271752656035202e+00
-5.515752351916300977e-01
-1.205553515745580562e+00
1.474641539910836130e+00
2.363111778701582066e-02
1.812198678760718528e-03
1.507231760189627345e-01
1.258557016660114947e+01
5.930134439616967512e+00
1.648252790307885629e+00
-7.933498257262328046e-01
-6.807287379345126066e-01
2.051875036278798248e-01
-3.063895989855267010e-01
-3.164362008935529547e-01
-4.966737291062988530e-02
6.022881978376160017e-01
5.119646845843593974e-01
5.330604865481388677e-01
1.669737433241887947e-01
5.026444862399446351e-02
8.817131352436013980e-02
7.505139892746261546e-03
3.871877754981830483e-02
4.074991606329846916e-01
-1.136639092206256585e+01
7.644134394926576093e+00
3.490464144235698729e+00
-9.496296446972217475e-02
3.523524392611825373e-01
4.772222872216858036e-01
2.016997398725179913e-01
5.441932625061082218e-01
2.916110674248400536e-01
-1.847468751678613408e-01
3.177551039770982744e-01
-2.212184736140707930e-01
-5.652850873126658016e-01
-7.903117317508233652e-01
-3.270907145622308221e-01
8.976579130212524182e-01
8.220355016442669749e-01
6.047712333859864842e-01
1.284162203033087923e-01
3.455232422068307829e-01
3.421415480221529637e-01
7.569214813210672910e-02
1.986898227277484122e-02
4.755022142220689529e-01
-1.546106895699309314e-01
3.939209435686485405e-01
5.058395523750301992e-01
-1.698446330979469110e+01
6.867537124443515495e+00
2.504844024819285142e+00
-3.545926975030497252e-01
-5.897288255454200545e-01
7.444096779929810712e-03
1.645209081616943458e-01
1.194228446985381303e-02
7.348270445780342996e-02
3.862018885072153740e+00
2.621236795782256213e+00
1.625276358760999185e-01
-6.487949384577249567e-01
-8.109224011866730253e-01
1.157356429218131755e+00
1.115968421847979702e-01
1.823846238346761225e-02
1.333593924865780211e-01
-1.327809956713173367e+00
-8.944657236251981614e-01
-7.093007396436126211e-01
-7.929310895737209375e-01
-3.156336348995872343e-01
-2.285171410174803297e-01
4.110049718855600664e-01
6.662578174035067580e-01
4.148432065455009976e-01
1.174164296800105922e-01
3.954563389428861035e-04
-3.646463188439245245e-02
-1.891564322148900634e-01
-1.578982533219022433e-01
2.372281459533991388e-01
-1.476750363539502953e-01
2.224732392559871930e-01
1.929756747213642598e-01
1.411869891828958057e+00
-9.645326688686148842e+00
-2.027491762255827723e+01
5.745414454224735401e+00
6.537106695341683427e-01
1.430530819992962499e+00
4.138138886588500487e-01
6.674271300373552096e-01
3.721311002744010499e-01
-1.281881958615004313e+00
-6.810637930784435579e-01
-2.663347120754715469e-01
-8.118930669003470157e-01
-5.183296015892487896e-01
-6.713728228906581386e-01
4.153748389196297852e-01
3.910231270996979980e-01
5.889694478869962335e-01
-9.153645072452821774e-01
-1.079147713490150817e+00
-1.018821007871896001e+00
-6.238209362635654953e-01
-2.960157451325202138e-01
5.550970422369106982e-01
-2.218235872309133605e-01
-8.940547401332982203e-02
8.208753125951478991e-02
1.724110163036403354e-01
2.547081343646674656e-02
1.989827534882170623e-01
-2.405166511844400445e-02
-2.149481022143125419e-01
-3.052668894176886472e-01
-2.045767333534911359e-01
-1.479585013162022789e-01
8.168049613578694246e-02
-1.158960081228766015e+01
9.928238070590740705e+00
3.053683316951930848e+00
-4.868296252936191726e-01
-5.262640165570289241e-01
-1.505664841188696923e-01
-5.812688449963858417e-02
-2.053225479114697827e-01
-4.230579155033958177e-02
4.875887953085734083e-01
7.539698027334343911e-01
7.585108696802406181e-01
7.008743835192305927e-01
6.353840377760436864e-01
1.059333544413026962e+00
1.080177705577215763e-01
5.856553105268013093e-01
7.317653323616952754e-01
2.136861195195844110e-01
4.170953377183233557e-01
4.177741913041791433e-01
3.457593433498208635e-02
-8.369889205562174028e-02
2.105804411095325290e-01
1.626842603407225585e-01
8.264129894554102240e-02
2.441581870701956813e-01
3.692306507382746572e-01
-1.239716464850645394e+01
4.012759982181849594e+00
2.788335288359871544e+00
-1.660115438974991253e+00
7.520766717731764972e-01
2.063166893268027491e-01
8.002905315058658764e-02
1.807735881951376966e-01
-3.915992756118635149e-02
-1.019764300494939158e-01
1.974342685489761939e-01
1.111313641747180836e-01
1.013202781847185735e-01
1.188994917223183401e-01
-6.272698824130126805e-02
1.942304220748422572e-02
9.859627648760145580e-02
3.677004999002601693e+00
-9.427260584299116175e+00
9.659543246698351737e+00
3.644340824471073770e+00
-1.311341711397583154e+00
3.495854538458386673e-01
-3.001004092599105499e-01
-3.269181201203276155e-01
-4.404542261267233028e-02
-1.138159173197651031e+00
6.666395767982900844e-02
-3.459557550545652171e-01
-8.064082680788503543e-01
-1.112213310452725423e+00
-4.251090027242899749e-01
-4.475523571791914512e-01
5.317973027722912027e-01
6.899144394986734818e-01
-2.207557892934003396e-01
1.539718221134371012e-01
2.116102088165953132e-01
5.784507207811696167e-02
1.200282175560134640e-01
3.546336709370635498e-01
3.777792475349736612e-02
-2.161644501505722779e-02
-3.041018010387257914e-02
-2.168094998882308388e-01
4.939574692953828117e-01
1.757293448878135544e-01
-2.432148513583127364e-02
-2.305997064055936574e-01
2.977693519474975958e-01
3.081341260088891754e-01
8.560997220993059598e-01
8.332090675987657846e-01
6.913864615910334487e-03
1.144238356409520013e-01
7.445426858875044129e-02
-2.431175328607973196e-01
-2.759425522782326667e-01
1.282201310275479789e-01
-8.123055173879806246e-02
3.851565061831433573e-02
8.354857793307124414e-02
-6.342733388302033148e-01
2.291511911665334023e-01
-1.767912061408409008e-01
-4.672559581844129561e-01
-6.969435578228621031e-01
-1.470881457640772216e-01
4.647344035546649987e-01
5.231571018687001251e-01
5.261399901162592263e-01
-1.956842225931213208e-01
4.259392365877532338e-01
8.924747532097990765e-01
8.881817619383794993e-01
9.266694193023313764e-01
8.011651275489707347e-01
4.286710044596440117e-01
4.398989740668202142e-01
3.508909810235182336e-01
1.557474315380343588e-01
-6.911747534715645402e-02
-1.294154737970104885e-01
-4.077735401237481683e-01
-3.859444312414830325e-01
-9.668049190396081627e-02
-2.643751713156020644e-01
-1.848417128220430083e-01
-4.286196952101879731e-02
-2.622439391204690606e-01
3.185884284581669834e-01
7.935666350264602986e-01
8.787464647262731576e-01
1.028825316803138934e+00
1.090550786227156621e+00
4.635681245361384928e-01
4.891263581750042722e-01
4.291285216508142208e-01
7.783749040357110793e-01
9.109564399614508146e-01
1.022974064553604512e+00
6.338017972667594480e-01
6.911535691924383107e-01
6.903870465349187802e-01
3.304844675574618584e-01
2.207136697542707859e-01
3.534251889149777615e-01
1.367924615058574711e-01
3.919561796729854053e-01
5.885407946386679301e-01
3.850580912048520710e-01
1.853307651224720132e-01
-1.441975172319702181e-01
2.186861886026968960e-01
9.767372101805049667e-02
1.857524325500381768e-01
-4.454220087120663862e-02
2.701958432888603226e-02
-5.759436332018888667e-03
-2.966066261692502093e-01
-2.983492958577121934e-01
1.199837849089001457e-01
-3.585117796493627051e-01
5.922789054775781659e-02
1.357400254016252750e-01
-7.172801114912422671e-01
1.361312485876686185e-01
-3.249455529892321393e-02
-4.046780424998758785e-01
-4.578025182003191418e-01
-1.751089052494073928e-01
1.777104029127262452e-01
5.219488021988676341e-01
7.111025994008726148e-01
-2.718756563906922774e-01
-3.947430659551771914e-02
-9.013243447421863397e-02
-4.396419106085009409e-01
-4.554053039672398828e-01
-5.407381193518905060e-02
-2.331792744114445370e-01
8.844675015288433473e-02
1.154284193825594468e-01
7.470839666707546067e-02
9.218738640978835219e-02
8.060719970217254671e-02
-2.669021060600477724e-01
-4.179818181639916586e-01
-3.255678951524564879e-01
-1.930790102579842127e-01
-1.738896450204939492e-01
3.267987453647249602e-02
-6.227777824751690172e-01
-1.408239208736184578e+00
-1.449148639363801117e+00
-1.070341583440218569e+00
-6.888749542371932488e-01
3.158115440899716964e-01
-3.294802044366528793e-01
-2.214667385499546615e-01
-6.921940790692972245e-02
1.938396773486301461e+00
5.461445035433173251e-02
-8.849310605315848788e-01
-1.084836430264469076e+00
-8.007305393475416810e-01
6.698069142038751700e-01
-1.636506097297958096e-01
-2.543142110344348214e-02
6.581508976294538071e-03
-2.503348983766096603e-01
3.517574133004197079e-01
3.212274695542577940e-01
6.606845420313857409e-02
3.943563449941109300e-03
5.183682141318212144e-01
-8.412660216555040149e-02
-1.938531869066137739e-02
9.883034558982867201e-02
-8.526602983526335167e-02
1.116774564828998950e-01
9.107287788282741881e-02
-2.330277841721315746e-01
-2.247494074927244567e-01
8.567690989200242579e-02
-1.588902219707744867e-01
-9.725993948808329959e-02
4.361379149417109191e-02
-1.620420430902043407e-01
2.206816845752937462e-02
-3.099502691643783725e-02
-3.642828499121720798e-01
-3.981065053366507622e-01
7.805912026118305355e-03
-1.792941996591809195e-01
-3.450585336240721834e-02
-3.152027672378585055e-02
-8.541140787154622771e+00
7.045333914102188011e+00
3.417838251402733896e+00
-6.445275004946124930e-01
-3.356393691662752921e-01
-7.046620448542159076e-01
-4.788050480804166564e-02
1.705325492729194148e-02
2.974919822154445948e-01
1.069292582960708948e+00
1.268296318104981668e-01
9.769707851670371423e-02
-2.429464526858504392e-01
-1.786031028285466615e-01
1.003827060682974670e-01
-1.119092608491098831e-02
-1.446321499914391129e-01
4.026057426111583765e-02
-1.528037265088744157e-01
-1.351420182640454548e-01
-2.091794903771004299e-01
-5.344894224648765180e-01
-5.590201428037270270e-01
-1.742217454624803985e-01
-4.069842503755748409e-01
-1.991022267378896315e-01
-1.559902108756711647e-01
-5.114027897880158990e-01
5.270558523015363983e-01
1.195706645380592570e-01
-3.494410232232921798e-01
-7.256906281548132220e-01
-3.776005548578273419e-01
2.288673104798621960e-01
3.641386964493846246e-01
4.786223643482226953e-01
-6.170092670423492180e-03
-1.115392915282977127e+00
-1.043252654477945240e+00
-6.527315507168701680e-01
-1.042887644338694464e-01
4.413321128116636793e-01
-2.535973591015951434e-01
-2.236011635717883791e-02
7.236993068195873846e-02
2.932324236446294252e-01
4.947500847157284554e-01
6.118641539546894048e-01
4.977855706694662707e-01
6.100738282608354490e-01
9.884116895153880478e-01
-2.953509281537438635e-01
-1.771856330996368634e-02
5.684452077046400764e-02
4.579719607923148361e-01
5.706885195442986669e-01
5.772883439041199827e-01
2.188768376899981605e-01
1.981545911441930444e-02
7.286927557333422456e-02
2.709434321703288462e-01
-6.700501873463010453e-03
7.837980497956961723e-02
4.709985036385893054e-01
4.095702694429720347e-01
6.542803983504238419e-01
5.943825582059848456e-01
5.596812319648043488e-01
7.057811089399625981e-01
5.348527740973450795e-02
1.556441985145579354e-01
2.746681327893535918e-01
5.001359944201468899e+00
-6.562644392047698894e+00
-1.853499380629013160e+01
5.289305148732788453e+00
-1.218382586226478770e+00
1.219464134314658665e-01
-2.294442690840148569e-01
-5.866897710856686099e-02
-9.539952674122925691e-02
6.350594621840023990e+00
-5.847703996035606089e+00
-1.838238010939370071e+01
4.773698266968346537e+00
-1.530435253898711601e+00
-8.360086163498939293e-02
-2.780765101299481623e-01
-2.538950282828948413e-01
-8.684472953036509457e-02
-2.327340539661653385e-01
-7.454819596249097347e-02
-1.093862006876080567e-01
-4.221824452130304439e-01
-4.442110285792492674e-01
-2.662290948410596901e-03
-2.892586703702889062e-01
6.727474209591377541e-02
3.491615792877390909e-03
-2.234629086544064891e-01
5.159461197688498535e-01
3.313456753080123440e-01
-4.479425113016265447e-01
-4.661915442833249323e-01
-4.018687583971515265e-01
7.426883198451270651e-01
4.682451800916081486e-01
3.077549102242191914e-01
-1.311283960856922448e+00
-1.728100686962935395e+00
-1.208458112684196450e+00
-5.404360208827356793e-01
2.532824308338698857e-02
3.544330707740543374e-01
-4.274770827840987941e-01
-1.616006288437715488e-01
-1.460890566107186928e-01
-1.910299396458926546e-01
-1.987446974906967312e-01
-2.039445913756743611e-01
-4.487499336248577109e-01
-3.610515255095144704e-01
1.284766291013266226e-01
4.055102316462633194e-02
-1.230774005889590655e-01
-1.638208596098354860e-03
2.679699689946192009e+00
1.479685181359088997e+00
-8.235476258585178178e-02
-7.745346962190463591e-01
-8.271373901144345453e-01
8.117673960405508149e-01
1.713915782446468195e-01
7.201115206219061912e-03
-7.959271599610368009e-02
2.155632731623107756e-01
7.391759927548192666e-01
8.210016261267404358e-01
6.656445235786727643e-01
5.531434976754068256e-01
9.430431796333237360e-01
-1.102727639484929745e-01
2.276108140504354838e-01
1.723148519915569388e-01
3.219522812554797553e-01
2.411516190654429681e-01
3.812726424157814042e-01
1.134529730209224568e-01
-1.084719806194706371e-01
-5.086337279396596633e-01
-9.488082622142458844e-02
-1.853739776993449384e-01
-8.235748743006503225e-02
7.168559374317323707e-02
-8.716962266239342005e-02
-1.757463581108539563e-01
-5.409418382446078422e-01
-5.820705596352298006e-01
-2.784314860594990781e-01
-1.576745919728518297e-01
-2.201314217863221401e-01
-8.559757693574460147e-02
1.272704320072004514e+00
-7.902501211366257827e+00
-1.779847508667996081e+01
5.578943693852900232e+00
1.782403194997573270e-01
9.879115381809771678e-04
-4.899023233971672719e-01
-2.973736141881898054e-01
2.198390975187454188e-01
4.796479997526670758e+00
-5.202033792347313224e+00
1.283999366623965876e+01
6.854690011540912842e+00
1.452041223605027020e-01
8.229667762510549656e-01
2.260711458224331227e-01
4.786472560374145369e-01
8.333515732560943523e-02
3.900643759749090056e-01
-3.423655629799731703e-01
-9.541741567705183669e-02
-2.389686628470088225e-01
-1.771347206650260853e-01
2.556191946859232011e-02
-2.225733963244950486e-01
-1.289795451830571538e-01
-1.169109178037260471e-01
1.805974887057119616e-01
5.977243913205120274e-01
6.583181923476841835e-01
3.504564228473162624e-01
1.417208303952708359e-01
-9.038606924361637651e-02
2.421668668890273324e-01
-3.749340249963115101e-02
-3.400493697802828980e-02
-2.207508852771378205e-01
1.180401690594098524e-01
1.262873607109542551e-01
-1.837866573059534214e-01
-2.047862527508939046e-01
1.401905629390559072e-01
-2.998904167694113609e-02
-3.332198017788173816e-02
-7.698345566317077449e-02
8.183077926524166823e-02
-2.299535372561169189e-02
-8.317561294086757429e-02
-3.471874645233851697e-01
-2.715540997998507899e-01
-6.911345727426539132e-02
-4.042409893543060795e-01
-4.212764879576191279e-01
-1.757866436046068015e-01
6.742503428147474942e-01
2.701999214817342176e-01
4.978454148472018503e-01
1.612810165159899445e-01
1.105786950718767314e-01
2.256167942204303500e-01
1.407100200502809650e-01
1.179881897297157811e-01
1.317093806327718497e-01
-2.425418373117496973e+00
-1.392529563780882640e+01
6.984375024294512180e+00
1.526164225235307592e+00
1.189372510648477321e-01
-2.223948549682733811e-01
8.597845391021931294e-02
9.466067504681335842e-02
2.274932730050713975e-02
-5.582037854854540626e+00
-1.513953828918018196e+01
6.185573199508719533e+00
1.203695668651254769e+00
6.600236465626686533e-01
-1.642848410691095593e-02
9.829073002963160943e-02
1.150939705307799793e-01
2.562851442275019265e-01
1.884197934448077483e+00
-7.146603143786355972e+00
-1.718376515113450154e+01
5.817242157012876724e+00
1.998091191222578222e-01
-1.648290677394933373e-02
-4.820446017879511102e-01
-3.265296090302320930e-01
1.793819579092604255e-01
-3.486154408907964075e-02
1.843763125243880543e-02
2.222704778222083788e-01
6.489480731553061432e-02
5.936172751028719052e-02
2.071935880651564477e-01
4.373901806233802120e-02
7.030971038906712323e-02
2.786240862162550069e-01
5.683974121698927469e-03
-4.509963373044195145e-01
-1.427721147757458064e-01
-2.352408400262514798e-01
-1.668713761545000118e-01
1.389327221236033062e-02
-1.599497307927902900e-01
-1.514166583532178534e-01
-1.232197362172631899e-01
1.088453188149395512e+00
-3.277695549553971133e-01
-6.395368733775806946e-01
-9.303629012486845928e-01
-6.593724866274038865e-01
8.292712099282131821e-02
-6.732475280475812285e-02
-2.465647233228986102e-01
-1.635231168721079098e-01
-3.936791127772856225e-01
1.778296665195195081e-01
-1.344422897940283079e-01
-5.238698647084220061e-01
-8.507645403800770945e-01
-3.558867023618232373e-01
2.105868522349464145e-01
1.773299899737116048e-01
1.949040915094247817e-01
-1.662800871695510885e-01
-3.236438453720070219e-01
-3.910295732315798301e-01
-5.698511249955600100e-01
-5.093646891152933120e-01
-1.607341110170024123e-01
-4.023031176098888495e-01
-2.850172011282715023e-01
-1.651699905338842866e-01
9.023868635969819335e-03
-1.337681185344759549e-01
1.183610709131094896e-01
-5.110678518192711406e-02
-6.100670714999295585e-02
4.855700795863645419e-02
-2.453728104953949163e-01
-1.064417089851911608e-01
-1.534036925535934570e-01
-2.773530067741144522e-01
4.136822911048117501e-01
5.575683022608084460e-01
1.941059776813907345e-01
3.123543054646053529e-01
2.425568012846215926e-01
1.295014042781517938e-01
-3.237808859056211935e-02
-1.582074817481000234e-02
-1.943904041439571684e-01
3.189687345127424911e-01
3.797838694004707083e-01
7.619990630648348917e-02
6.904756688629881678e-02
3.880223235204093291e-01
9.324763473054371865e-02
9.666652599418334990e-02
6.045565951772702284e-02
-4.020934384732937072e-01
-6.564974149725790256e-03
3.778728302701519493e-01
2.403338048263301274e-01
1.581503603665596613e-01
1.428875510171379870e-01
-2.334175484002110057e-02
1.059400849079410872e-01
-8.026809682084759534e-03
-5.768557141212219408e-01
-1.484675167091186743e-01
1.485145676523577374e-01
1.059190626105401406e-01
4.441513076010077804e-02
-9.111238992453837837e-02
-3.094749938455536031e-01
-2.811990759223316760e-01
-2.702071808371815931e-01
-5.756639740123600246e-01
2.356523111716635477e-01
-1.096238312533186626e-01
-3.456698686864571046e-01
-6.028465715475240794e-01
-1.137354735982510356e-01
4.587928728529420686e-01
3.581599394798000158e-01
-3.975294716783556864e-02
1.544582983810852649e-02
1.924902233593684953e-01
1.492214108821995344e-01
-1.207041797408805600e-01
-1.738858992350938992e-01
3.353322713008616285e-01
-1.836600378906746711e-01
-1.454718575641671396e-01
-1.642206686154820405e-01
-2.577427668802144689e-01
-1.760336335406947339e-01
3.052923592500191852e-01
5.660226862779235146e-01
8.537152802800503926e-01
6.295087555207355967e-01
-3.587835648067720373e-01
-9.393774761144796370e-02
-2.049703400920460938e-01
6.066704020146391763e+00
5.657796136936779519e+00
2.157669216655986766e+00
-7.447787143651062314e-01
-1.623443493210823929e+00
-4.823450862156269947e-01
5.126776961359883616e-02
1.571734669724749733e-01
1.606582508745906246e-01
3.288948695602894046e-01
1.760126497529600903e-02
2.699571340487794124e-01
2.539230538920801417e-01
3.194410186618301117e-01
6.032921888626270324e-01
-5.936539596144317643e-02
6.372205611339015752e-02
-3.500925834748885856e-02
3.636481704456553388e-01
8.862546371270656476e-01
8.695677010766533765e-01
7.062379532363614043e-01
5.384575666065881672e-01
1.024398172661879602e+00
-1.298490182527122228e-01
-2.557738375300621161e-02
-4.324921032274371691e-02
6.316836911399856813e-01
-2.192453886306521826e-01
-1.526427797395593089e-01
-2.587981560667250158e-01
-7.931399917909574826e-02
4.473237997744088923e-01
-3.768763438121131709e-02
8.967137553301110509e-02
-6.614538820607772374e-02
-1.287853035861010950e-02
1.125198144837567665e-01
1.859895291158929209e-01
-2.277090731238775798e-02
1.752509255923698217e-02
3.001941944103428406e-01
2.793544904332023737e-02
-4.314062818062107396e-02
2.092116186605578326e-02
3.491435640950099062e-01
4.398516616777044530e-01
4.263421453953724072e-01
1.994015527704584012e-01
1.349821990519063930e-01
6.096686069234877881e-01
-2.033687719994249909e-01
-1.880326279961130609e-01
-2.134759480595633530e-01
-1.046207100559590053e+01
1.263923933941789457e+01
6.358349838479591121e+00
1.461730052849117056e+00
-1.436178291622944414e+00
-1.830175855682267261e-01
-1.826584558119084822e-01
-1.652943380056291489e-01
-1.849163959432792159e-01
1.545478249827537953e-01
1.717156938544024403e-01
-1.039807722316388877e-01
-4.800124672447663166e-01
-7.902089201033225541e-01
-2.869394131251330471e-01
2.136362264966631952e-01
1.149198750566018667e-01
9.778627769913665613e-02
2.735461697841141127e-01
-5.401109325474225120e-02
8.295304756958345183e-02
-2.070240045496708481e-01
-1.833408708880882865e-01
9.593999202838000839e-02
-1.046774013085031013e-01
-9.920256789251520602e-02
-1.248854298588203682e-01
-1.930117955357443904e+00
-1.328480148179664200e+00
-9.418707279170893676e-01
-6.203487507115192923e-01
-3.453324428894093412e-01
6.274040835727531795e-02
-3.859462719367066641e-01
-2.926664926372138376e-01
-3.087410182923256419e-01
8.281548100153944603e+00
3.631193977838083509e+00
3.931531920030919558e-01
-1.586749957272892919e+00
-1.523780385681138938e+00
7.220914480293298687e-02
-8.887176319441547623e-02
-2.211259844857544066e-01
-2.943795610828445208e-01
-1.682261645854515875e+00
-1.253693894700054301e+01
-2.269938196304855182e+01
1.744342549147397170e+00
9.720348217198472585e-02
-5.332945009431153682e-01
-1.668791098900234970e-01
-8.577326784537718518e-02
-1.699771694669134359e-01
4.523876409630572581e+00
-6.469095359950014057e+00
1.137262499758766410e+01
4.632749460852824797e+00
-2.012942709366206451e+00
-3.779397331655878212e-01
1.627463904337946715e-02
6.845398436597931180e-02
1.461508836317877182e-02
-9.530014192888652813e-02
1.371608140538612963e-01
4.642924018584120849e-01
4.467360872417721618e-01
5.115645323875712691e-01
5.871547729618493694e-01
-9.264283675318218947e-02
-1.620152145278467015e-01
-1.658056566765925832e-01
6.188539155884821952e+00
-3.980645543289406785e+00
1.464847112683697006e+01
5.749304637716681654e+00
-1.378661156333647053e+00
-4.529272203020708876e-01
-1.566685324519895839e-01
8.187825847357060871e-02
-1.851221136179435900e-01
1.033354591445947435e+00
-2.012720801811530846e-01
-3.182013716376834167e-01
-5.510851612247035236e-01
-3.214010221083793417e-01
3.799689182880816585e-01
-2.634304389245474901e-02
6.441465850113195502e-02
-1.222314764910634316e-01
-6.408050254548892932e-02
1.844285304067070641e-01
2.600335839295827012e-01
1.460557138715707672e-02
6.703914578735870045e-02
3.980317814317073100e-01
6.043594196333302443e-02
-1.266642117684192714e-01
-1.041856707815540101e-01
3.130030342152775175e-02
-6.696361944718957904e-02
-6.927329492525122201e-02
-2.140616485618792031e-01
-1.645523449901799273e-01
1.941391090295391253e-01
-3.551332198321217604e-01
-2.558219031746044037e-01
-3.380387143251662452e-01
-7.644042820149140605e-01
9.144382242330159616e-02
-2.778248307111284565e-01
-7.001566291097530703e-01
-9.465709434990680071e-01
-2.797898851091897288e-01
-7.764346559919495239e-02
2.013145163708359164e-01
7.835212825186391172e-02
3.284657506795895521e-01
3.543120832831536116e-01
2.872219278116362462e-01
-1.009220616938097115e-01
-3.033694697735579426e-01
-3.289855517685834063e-01
-1.901304252371448789e-01
-2.615800737430257206e-01
-3.710360642287182098e-01
-1.214503320499378702e+00
6.582540149576251998e-02
-2.023628092597454242e-01
-5.996414223155527301e-01
-9.448641488689175638e-01
-3.832068136557847393e-01
2.046685228935423706e-01
2.687913966957496473e-02
6.204555730088964598e-03
9.072640596332107066e+00
-1.199207671384229013e+00
-1.373876050141768523e+01
6.076036146279806260e+00
-8.239009573470882364e-01
-6.105821698485420779e-01
-1.937006340615686772e-01
1.145916925135686409e-01
-2.010000904620126427e-01
1.700082044245026791e-01
1.658146820926003351e-01
2.425043801321691284e-01
6.717438594458459422e-02
2.964552470893683789e-01
6.688025923807213724e-01
-1.277195353617586737e-01
-2.114202002131353453e-01
-2.487965698940312609e-01
-2.822559534278477056e-01
-9.640496169249848646e-02
-1.162932692132175594e-01
-4.379271131021488239e-01
-4.284264084412235940e-01
4.243263922095947063e-03
-2.498538949737867942e-01
-4.792543661731661631e-02
-2.438421523051783335e-01
6.713289393761968427e+00
-3.906702487993910289e+00
-1.638637302030502951e+01
5.322583106112100282e+00
-1.869067504107190025e+00
-8.406190192083557999e-01
-1.601718348376559575e-01
-1.275435015690341289e-01
-1.229039601104636725e-01
8.033423136337438208e+00
4.656563134338222554e+00
1.662157707009076724e+00
-6.662497233311714950e-01
-1.496089569833927602e+00
1.379389673860066112e-01
4.557749951919248810e-02
1.202216319624692942e-01
-1.441766833125627048e-02
-1.730884234262709542e-01
-1.485764020078577941e-01
-1.716236574708615847e-01
-4.108516245338317274e-01
-3.759414291859195512e-01
-2.946049121441494945e-02
-1.259722456696488468e-01
-1.574119655050989497e-01
-3.166401037751996883e-01
3.133807465866046971e-01
7.071258862293798853e-01
7.513390071401806480e-01
5.670272676445271554e-01
4.441535178909913339e-01
9.494612242611955022e-01
-1.522798677195039418e-01
-1.231419629120646952e-01
-1.650835839305723751e-01
7.476388131004956250e+00
-1.197649124796603903e+00
-1.245287599173330761e+01
6.879962149420198791e+00
6.094820588689250362e-01
-8.183729696268822185e-01
-5.872429830744162471e-01
-3.951353225010926229e-01
1.108959325948572355e-01
6.391152149463127152e+00
-2.511287625836341686e+00
-1.389169344357080149e+01
6.658159881851747564e+00
-3.518830751664851486e-01
7.269201872682880261e-03
1.152988871371138507e-01
2.824852561466478784e-01
-1.058820480809410068e-02
-3.824371954013183750e-01
7.347905791195492586e-01
5.679244112781356435e-01
3.240331914574134942e-01
2.086944848505027997e-02
3.396156911247722454e-01
9.389169369259250941e-02
-8.273644516847042385e-02
-7.333633439663587994e-02
8.900422558283608510e+00
-1.716480226481472027e+00
1.378752108515601904e+01
6.797857695386555044e+00
1.732730718278060467e-01
-2.782125665711777107e-01
-4.017880530887300849e-02
2.289813504653979148e-01
-1.762979065182078420e-01
-4.990451425274265995e-01
-7.093755460536202428e-02
2.189296215295749304e-01
1.724239955742570551e-01
1.889470040733012834e-01
3.115361482710808927e-01
-2.769144304211436092e-01
-2.127509481845415162e-01
-2.900176894975595721e-01
-5.619790263723386525e-01
-8.030661227980491201e-01
-8.047158120515410795e-01
-1.227074025013655367e+00
-9.232981406311274730e-01
-5.344173479966870532e-01
2.999810848028131374e-02
-2.711179601427072400e-02
4.058794001104541055e-02
1.316476340131988720e-01
6.895338539421458357e-01
7.904813542241142521e-01
6.273193518005937275e-01
5.412412043858622068e-01
8.665717484846064966e-01
-3.140850646251386324e-01
-1.997971155127636900e-01
-2.286603187753075972e-01
-4.619941812268107406e-01
3.403496143062434975e-01
-6.806328174805929832e-02
-4.735324603379666986e-01
-7.447572477504349475e-01
-4.241518139443836710e-01
1.248909889416761759e-01
-7.171591800303632989e-03
-1.497422948210221094e-01
-1.590829378312214326e-01
3.038750295362113718e-02
-5.839929727361292504e-03
-3.483757816219487102e-01
-3.562172230397795958e-01
4.491901597810854518e-02
-1.054641352794832149e-01
-2.072202234097838408e-02
-1.383796567192177029e-01
1.506334937040110233e-02
1.469531335455274701e-01
5.177449669435251201e-01
6.798430330914821962e-01
1.101891581749672389e+00
1.088066044210643790e+00
-1.840466705756308163e-01
1.285028424182760830e-02
-8.306842794207693059e-02
-7.377967776690498303e-01
-8.810127721863680872e-01
-4.195559771718064823e-01
-3.359859488446677311e-02
4.447190417048668687e-01
6.067478733206900232e-01
-4.331227078489965354e-01
-1.274810303538162493e-01
-2.054382921792529959e-01
6.542825524920187874e+00
3.409661499351249070e+00
5.801317047017188200e-01
-1.378304287671568540e+00
-1.973003625036664710e+00
-4.768103129379232946e-02
-1.403809035615231071e-01
-2.090341910644627210e-01
-2.311802377180870449e-01
1.115280396732159574e+01
7.223235437424773586e+00
3.442902574332014520e+00
5.882314703420220281e-02
-6.211270874827247157e-01
-4.510588679821436742e-01
1.089163658668172024e-01
-1.309173025440590887e-01
-1.750054187131205585e-01
-1.206350938246789628e+00
-3.973365351159128256e-01
6.194939430929582991e-02
1.165846903204093288e-01
9.841421476669563739e-02
2.621729910645648753e-01
8.087882560036195601e-02
6.480810301802647500e-02
-6.557829532826470707e-03
-5.029364897412367252e-01
1.976535461870763122e-01
-1.679355168900313611e-01
-7.400747244567954519e-01
-7.913458606981090826e-01
-4.925775643383464297e-01
4.183712151053887718e-01
2.910209105522633052e-02
-6.674570169837544531e-02
-4.355957115908583033e-01
-1.182881490076970188e-01
-5.679931799640884904e-01
-7.076807345492641677e-01
-1.336528301539490482e-01
1.176812041494402106e+00
7.967197406238950980e-03
-5.967464245712487958e-02
-1.629001975101461164e-01
-1.026317637544810055e-04
5.282211480859363810e-03
-1.333069130244379091e-02
-2.685192475313810112e-01
-2.471013017068790507e-01
8.042265647868045153e-02
-8.953226397580714424e-02
-1.102898843430261261e-01
-1.050822104576287913e-01
3.669793165998233575e-01
6.612050307173685804e-01
6.946708034116411135e-01
6.187067150647351799e-01
5.523955759899065177e-01
8.463912182943906792e-01
-2.116460935874320826e-01
-2.185258160368618863e-01
-1.710989115889424705e-01
-1.054834608632576956e-02
7.888614478163458177e-02
1.278719149477670555e-02
-3.343884425113397008e-01
-4.636075488345284268e-01
-6.449889876613362771e-01
-2.674779734662360853e-01
-2.630235015569403201e-01
-3.460607104555034619e-01
-1.001345027552022815e+00
-4.189950433205340552e-01
1.419202952789956063e-01
2.393171576963653013e-01
2.966345059112845961e-01
4.812318151577915648e-01
8.360379732030254196e-02
8.926796900377279020e-02
-5.031360536925871818e-02
-2.454903310623067214e-01
4.436844159414828348e-01
1.307561942496025253e-01
-1.345249590494994041e-01
-3.838661470279996490e-01
5.625766299899687128e-02
1.985066451281489452e-01
-1.968999504562934932e-02
-9.288114533699266817e-02
8.546682554531889742e-02
3.077096221268787665e-02
3.094045170626077979e-02
-1.328896812270395633e-01
-1.228901472420205337e-01
2.431797160759491261e-01
-3.681758944217632390e-01
-2.595271043943176981e-01
-3.948666196919921045e-01
-1.118064758139360126e+00
-6.608608078689410803e-01
-5.178530658898465866e-01
-1.073873901197189840e+00
-7.710167847040715339e-01
-6.496200099328315325e-01
2.304515446483783661e-02
3.886397259006996868e-02
-5.594661996903137896e-02
-1.952254960203247958e+00
-9.614178919233414833e-01
-4.385481497243772231e-01
-2.802346655565333133e-01
-1.414606175247029307e-01
2.178479949835204210e-01
7.364231425397102689e-03
9.384376240020775306e-02
-4.060750408776558212e-02
-5.614779275825126925e-01
-4.325230361876186702e-01
5.837389606088386890e-02
-6.579189288707638916e-02
-2.611700528801403492e-02
2.358864852113772281e-01
-1.162392932612856811e-01
5.805472641414953158e-03
-1.031288514036678566e-01
4.004053128883304780e+00
-6.237241004916374010e+00
1.001007244993760459e+01
4.365841495488914425e+00
-1.177400880536199484e-01
-1.093737716266247606e+00
-1.313084887771494846e-01
-1.702635119811804765e-01
-1.031959912694150189e-01
-9.058067833310737171e+00
1.236397117258427159e+01
5.593089869476551179e+00
5.472813724627511034e-01
-7.685720919975422838e-01
-9.370754097385773917e-01
4.848171345022961320e-02
-7.066033669935571637e-02
-2.817099811684578015e-01
-7.838736904962941010e-02
8.709136833034807068e-02
4.438048597463657013e-02
-2.942278271374463849e-01
-3.630967444902911123e-01
6.390789853915666840e-02
9.977078189653341977e-03
-2.198254099403004671e-03
-1.041056155275760231e-01
-5.848368965671930653e+00
-1.438846486402456826e+01
9.255352611588492096e+00
3.314459114930774497e+00
-1.357520814127662012e+00
-5.402934002432377980e-01
1.267591487317794863e-01
8.913953770875993055e-02
7.578724725730609079e-04
1.028149248534834803e-01
5.212761940031235275e-01
4.500744178175920540e-01
6.622645346561738255e-02
-5.897694264514182633e-02
1.884441290563505511e-01
2.190865327734128898e-01
1.100975924332458084e-01
2.315158900633911693e-02
-1.029370902225844597e+00
1.142764638847348219e-01
-2.107738964112703117e-01
-6.034859593782423426e-01
-8.420925999450531441e-01
-2.008811489270506401e-01
1.407226662110225290e-02
7.385422065214281018e-02
-3.081858925167486538e-02
-4.264405107986705690e-01
-2.289775087474927584e-01
-8.799711306944377753e-01
-1.232357166769532109e+00
-9.164606933563048674e-01
7.715137572508849739e-02
1.683464327901050897e-02
7.587661250258783199e-03
-6.258072620030716293e-02
3.642196829996664054e+00
1.826676498634817403e+00
2.471242348948279322e-01
-1.205482751876182590e+00
-1.265722266420004516e+00
1.887084729468181416e-03
3.319399309601800407e-01
1.330306135645798913e-03
-5.019353667668732116e-02
1.454204463711175621e-01
3.222354437535031035e-01
3.711035014702178114e-01
7.436536565677263899e-02
5.265037522144536825e-02
3.623452893291825294e-01
1.483272156115237328e-01
4.715190339972438055e-02
2.898886310602900515e-02
7.093343961192673242e-02
3.456644735673364277e-02
-7.325717605176304548e-02
-5.080188359483012173e-01
-5.832823773860940086e-01
-2.424358687187724848e-01
-8.996889293998167059e-02
-6.558283178218511644e-02
-1.849372921248959301e-01
-4.643936882432149194e-01
3.389304075727175292e-01
4.445141948378141805e-01
1.209799748551419751e-01
9.237114431000341408e-02
4.581949758381522186e-01
1.881485113708075418e-01
1.953513271957738051e-01
1.250353782197556607e-01
-6.804410743942412854e-02
6.521879434364501182e-02
-6.043708100019029583e-02
-5.025986000826191402e-01
-5.610189692855608312e-01
-2.406222956212542841e-01
-1.435501701408270492e-01
-7.272395285743479820e-02
-2.150429422489223974e-01
4.141336936717957329e+00
1.312016257538017205e+00
-9.785600044529552122e-01
-2.339137460667886526e+00
-1.923320316846798050e+00
3.077736795447767459e-01
2.065812965647708527e-02
-1.283554602929359856e-01
-1.031745319338064765e-01
6.624604460870290090e+00
-2.285191837651397329e+00
1.799854630731464411e+01
5.700992447653479900e+00
-1.765409046771521107e+00
-1.262516115555202934e+00
5.906533625619477673e-02
-3.769723086857696380e-03
-1.349308935160742177e-02
5.552898737593563894e+00
-3.967210998773279318e+00
-1.575094589101243159e+01
5.765599822713549649e+00
-4.313599369207140044e-01
-1.121567376908271241e+00
6.210037818523663627e-02
1.350755474229432263e-01
1.176830710980374811e-01
3.949439853406750967e-01
8.825806425150064527e-01
9.514775253426036583e-01
4.317714783366071174e-01
1.109033397755606193e-01
1.001413427284574970e-01
8.467298276394046377e-03
2.017575638000950744e-01
3.906584930085143376e-02
6.806064246137087714e+00
-1.639871362165536972e+00
-1.372284364052162786e+01
5.050225749687881738e+00
-1.634914852148056763e+00
-1.459810159159205645e+00
4.071446045537593927e-02
2.246202880366073018e-02
-4.708163585396561018e-02
-2.624641863492510052e-01
1.518540658549522304e-01
1.755983085204405048e-01
-8.349654420573049407e-02
-6.747945559948438643e-02
2.181702128321121870e-01
1.630868892218629851e-01
4.506019360204198410e-02
8.707922606984914993e-02
8.696534943443509746e+00
-4.130594875157788115e-01
1.763196013192584388e+01
6.759486717377559017e+00
-4.631729529479762242e-01
-7.940807910753863164e-01
1.743167761957291062e-01
2.019975556910298953e-01
-5.985822882812009277e-02
-5.868025348445476269e-02
2.431791787185863529e-01
3.407780867227633292e-01
1.404236292338185421e-01
1.740959055894629182e-01
5.606086668224974368e-01
-3.496931607542420606e-01
-2.516569483312257050e-01
-2.664809799317416905e-01
-4.385143449554434469e-01
-2.902696349835977019e-01
1.826712602400457353e-01
3.612827696057707878e-03
5.322241060358346570e-02
4.181461442105126602e-01
-1.248665781674954817e-01
1.023087917853325729e-01
7.618556934404580039e-03
1.304697772888934737e-01
2.194801942642912451e-01
2.728808007143888603e-01
1.276531543960455865e-02
1.984923317940496396e-02
2.961677964282483089e-01
2.406685078869212346e-01
7.712261926441273119e-02
-7.139134393266473311e-03
-6.984577646829335240e-01
1.640715542751131628e-01
-2.208070835445280766e-01
-9.215979762332340286e-01
-9.748240381039664504e-01
-7.263200276216977835e-01
2.638430002460704915e-01
5.056401211140777036e-02
1.628983727638802503e-02
-2.234732050894756128e+00
-1.698947129725369765e+00
-1.073520110312510933e+00
-6.081103251011633626e-01
-1.495412209310365351e-02
9.722040685606405663e-01
5.117204220702482875e-02
1.982628433502610366e-01
5.255033792983949958e-02
6.759618976653269939e-01
8.066978232045566299e-01
7.766702686069394401e-01
2.892890062034777499e-01
6.437848767190525179e-02
1.277602611777236274e-01
3.031675255863464091e-02
1.435064912184207293e-02
1.894615616913592621e-02
-8.317149399152393707e-01
-1.040735827453703743e+00
-1.031834785405909116e+00
-9.291018931426580085e-01
-5.910203262628667131e-01
4.338609761947762045e-01
-2.864029592622991949e-01
-6.593870443483297594e-02
-9.974346013841828285e-02
-1.401666852124950347e-01
-1.358551699950227565e-01
-2.266333107928795720e-01
-5.520192152214284942e-01
-5.384415444074127644e-01
-1.099489083602873396e-01
-3.039929984316827039e-01
-1.481876050173828729e-01
-1.711162391995316445e-01
-1.153949664175120127e+01
1.070247515968411811e+01
4.281111760589455528e+00
-1.013354102702495263e+00
-3.221901553648315097e+00
-1.438416631228867759e+00
3.835254435172396059e-01
-1.076790806427824626e-01
-1.614014939718327185e-02
4.087928832297935244e+00
2.514128810758754273e+00
1.116253833007982144e-01
-1.426374120023635284e+00
-1.555377359321534758e+00
7.138878476863047551e-01
1.466518252471941952e-01
-2.022066716315928936e-01
-1.427512003617253666e-01
-8.776986699662325364e+00
1.352682118748110618e+01
6.650379265364608550e+00
5.475528612701939801e-01
-8.406596419783536334e-01
-7.610760788965268420e-01
3.968736432119135960e-01
-1.862100150329716319e-01
9.488578974193069213e-03
-8.684561850784641157e-01
5.475447878063766094e-02
-2.549864298122346828e-01
-6.378801651194122568e-01
-8.435453682675507769e-01
-2.099364435635865667e-01
2.470872368410115538e-01
-5.667769032474304948e-03
7.259590115017583445e-02
-3.748158078272518234e-01
6.036656679793390989e-02
7.649309924322279797e-02
-2.619868390799281466e-01
-3.284988426492653768e-01
1.780594523373799642e-01
-3.573964930144288982e-02
2.761093306541185718e-02
3.561378639551823419e-03
-1.686821834109015539e+00
-1.506820277010505471e+00
-9.335252112908005717e-01
-6.197186135334649126e-01
-2.352021995170806845e-01
4.753654033210666374e-01
-4.156006403321937381e-01
-8.446144183131903960e-02
-1.724371006025198494e-01
6.474217427817984261e-01
4.266101108238262024e-02
-1.043084648838465522e+00
-1.698263710194966913e+00
-1.346845921659408418e+00
8.500080584440547482e-02
-1.028206444731648121e-02
-6.703069018492552843e-04
5.143064287314422223e-02
-4.438261817307261325e-01
1.277546091265623351e-01
1.378346595026548327e-01
-1.715594370533237711e-01
-2.308134202934566948e-01
3.077524209371046982e-01
-3.069922207852918139e-02
2.938931370570025195e-02
2.985613641589688477e-02
8.122760335709486301e-02
1.998550246354659221e-01
1.780392314179743141e-01
-1.501642886196211946e-01
-2.308542340453711428e-01
8.820493012254954079e-02
-2.797560724058808512e-01
-1.568656564703210521e-01
-2.824034691322925283e-01
4.642333060570214442e+00
-3.568620118219395732e+00
-1.521155962393330441e+01
4.803985489864221137e+00
-2.208193939860520150e+00
-1.200976228143006308e+00
2.870559393466481923e-01
9.811603403190338746e-02
-5.668822177952910490e-02
-2.383320560872513871e-01
-6.854922871741393753e-02
-9.504169899530233445e-02
-4.519570958218215306e-01
-4.613687192686971028e-01
-3.197045555381133192e-02
-1.595779149269650754e-01
-2.896562793919260984e-02
-6.380514752531640625e-03
4.849332729815884480e-01
4.528060042353626580e-01
4.930068579590082822e-01
4.403418925005896933e-01
7.214242671894022241e-01
1.217965360432374577e+00
-3.925158031017295102e-01
-9.083599983698745217e-02
-9.016617280134374413e-02
2.290022460247220781e+00
-6.625632954810816599e+00
-1.729212470049978378e+01
4.047340682242150933e+00
-3.612931460257249316e-01
-4.696771950719837996e-01
2.391824716443179677e-01
1.102214237412733611e-01
6.376132244415896877e-02
-3.456542702277287216e+00
-2.653331044892663471e+00
-1.729701235056411379e+00
-1.025818857643852056e+00
-3.689996177132158772e-01
6.205754193279848785e-01
-1.913848662773401654e-01
-2.380947950961127130e-02
-1.592991191047014865e-02
3.205718925124742658e+00
1.602085572793427337e+00
3.157650116290751097e-01
-1.047284922410229635e+00
-1.109588744756486722e+00
1.134728370605701114e-01
9.118497737963771055e-02
-9.538701702638434365e-02
-1.923108173261365086e-02
4.813544244516187121e+00
-3.173991525866528107e+00
1.640318215350388442e+01
5.786271332732208172e+00
-1.819588305689277430e+00
-1.210616480180339183e+00
2.602795947405646682e-01
1.803763063140908368e-02
-3.969533743592257996e-03
-5.799414584811186657e-01
3.961855155450288990e-02
5.625760508402521953e-02
-2.804165056025206271e-01
-3.301109458813095143e-01
1.380654428308834836e-01
-9.695750589937391847e-03
6.766943178996039088e-02
6.403255617606855299e-02
-8.786253385327340570e-01
-8.809562396739796242e+00
-1.935060096069457458e+01
4.636445587443334126e+00
-1.850096705251781604e+00
-5.279227924651899162e-01
3.391892010893519660e-01
-7.860009720228662566e-02
1.887537212882461207e-02
-1.213475305819729178e+00
-1.610028481913688525e+00
-1.465252534538532769e+00
-1.257347720673206215e+00
-6.592613661900809108e-01
6.694712369810356112e-01
-2.495444889903067620e-01
-6.524550819188892903e-02
-1.267174967213137438e-01
-7.849382961894467436e-02
4.543150116117239401e-01
5.419902356941767030e-01
2.845424432927217695e-01
1.839434335564979206e-01
6.417287189169673667e-01
-1.485595494755113100e-01
-6.119070321036964438e-02
-5.484994381933863683e-02
-6.901230705830226908e-01
-7.819923937896845756e-02
1.126792309959655791e-01
-5.477497157911154907e-02
-1.135498494968406324e-01
6.597126297861304056e-02
-2.537737356871923589e-01
1.003131542645516738e-01
2.103322897700974498e-02
2.867593884724327635e-01
5.792206009592868465e-01
7.836097397115571184e-01
5.664111531224335083e-01
5.390874869391398816e-01
6.239014497689645555e-01
-3.520347445425142108e-01
-6.480795097059648124e-02
-4.032692715999475208e-02
-2.051460130644189306e+00
-2.105743941802558084e+00
-1.604962653338700029e+00
-1.140290346799504695e+00
-5.160458864897122799e-01
6.588193801638663194e-01
-3.625127472000050366e-01
-1.129401598993193395e-01
-1.369124084938315444e-01
1.140377147760491816e+01
8.379472880273702629e+00
4.163108566752186768e+00
5.413897718870448461e-01
-4.512809120712296673e-01
6.479030955748078524e-01
2.710737850731794740e-01
-5.116275934748665266e-02
-1.459983420722267000e-01
-2.757133859255618824e-01
-5.746435735454149402e-02
-6.452171625365900332e-02
-3.124317192694909262e-01
-3.030596595867824927e-01
7.437407431472325969e-02
-1.764048880442181111e-01
-4.400980281735730054e-02
-1.528045675764863331e-01
-4.545560842978526583e-01
9.224838787271019691e-02
1.583322418502838558e-01
-1.490910746778890683e-01
-1.656886796100709158e-01
2.945227910740091382e-01
-1.691004895207237069e-01
1.003914236755906464e-01
-1.376879933003502705e-02
1.773048463244693415e-03
6.101477438798263986e-01
6.993912158710341442e-01
5.463651193660062910e-01
4.607929330596173823e-01
7.582690558272289216e-01
-1.728377086906557891e-01
-1.841706157896717821e-02
-1.438198705420833945e-01
-2.081313735695714817e-01
1.126837199974005943e-01
1.449671334477519169e-01
-2.131212384639075974e-01
-2.572804160105345850e-01
1.502593697185865274e-01
2.030523506162518893e-02
1.447140699014433374e-01
2.036666015946136943e-01
-1.398147380118096583e-01
8.892418755632973404e-02
4.434098124600473478e-01
4.520507288041842875e-01
7.601938382501347569e-01
1.081955184603853981e+00
-2.187085582401527006e-01
-8.881906253607156632e-02
-1.617081119647555132e-02
1.677911922671395939e-01
-1.545702410331097343e-01
-6.002146233826152200e-01
-1.318103983562398218e+00
-1.117239144361466208e+00
2.129277467618278796e-01
2.394408323206584088e-01
8.496835746201333861e-02
1.535718327200559508e-01
-2.863983189531407736e-01
3.727741273105756314e-01
5.915442284938814410e-01
4.343979264005923269e-01
5.105546936273762659e-01
8.995385932073585167e-01
-1.097769356880965719e-01
-9.427066232790060063e-02
-8.335209903295646983e-02
3.222859571801273137e-01
7.647184212739251974e-01
8.749980936131199760e-01
7.388756162058500720e-01
5.939800862168015394e-01
8.517683106251972003e-01
-1.978762275067218468e-01
-1.946972005277063100e-02
-4.385391317104191111e-02
6.866516829765295649e-01
5.160452144626027637e-01
5.165546779868123162e-01
-1.986473233732833146e-02
-4.358027042859870942e-02
1.613390738166220195e-01
-1.546647968029541131e-01
1.161420745157899365e-01
2.376049037462698021e-01
1.031200105812005052e+00
7.475731700318493100e-01
8.725793127961609663e-01
5.332451435027535380e-01
5.310580169303055209e-01
9.678063440422300934e-01
-2.488805940973814745e-01
1.974808873662415309e-01
1.070569263731398768e-01
-6.748482489165321674e-01
5.710799373650307653e-02
-2.215864630933517820e-01
-7.321245915163780982e-01
-7.614000000222067577e-01
-5.813568883955037014e-01
-5.719644414067238253e-02
-7.400883416104131474e-02
4.594109033151421578e-02
-2.163274702311794861e-01
-7.607253620148229922e-02
-1.397265366154980260e-01
-4.699326403554355269e-01
-4.735428537146545436e-01
-7.919917727369078786e-02
-3.598576158519103257e-02
7.110293252147252552e-02
-1.214423498226520869e-03
-7.487533493989131927e-02
6.582785021251391644e-01
8.527359000555454482e-01
6.409126962781303005e-01
5.378473205119569389e-01
8.867917109012477539e-01
-1.550233694113810623e-01
5.888959321370512701e-02
5.745196624028307830e-02
-3.486667530112661506e-01
2.754081508404043199e-01
3.322129691188990264e-01
3.867970685593809244e-02
-2.679752022356140725e-02
3.950869548270425913e-01
-1.952598954083884231e-01
8.108733805923766524e-02
1.134163455533863107e-01
-6.492122698452661433e-01
2.227299959138269725e-01
2.586154386457826804e-01
-3.947380959650542143e-01
-1.613290458004077721e-01
-4.690789535761035606e-02
9.079824393447391562e-02
8.375451674580360051e-02
9.412460949701080548e-02
-2.358216210336691876e-01
-8.163499430544890467e-02
-6.019378992813551738e-02
-3.831056167342166696e-01
-3.737246800365610633e-01
8.121810189083647491e-02
-2.199888565267115181e-01
-1.724570224695527038e-02
-2.113634435656090368e-02
1.651127330060076392e+00
-6.206151259086698069e+00
1.354460138628337695e+01
3.638604234513365565e+00
-1.801321747404256435e+00
-2.138511912722013797e+00
9.017021345312842273e-02
-3.072105995003656664e-01
2.015265176725866414e-01
-5.963703204215513587e+00
-1.408519804697395372e+01
8.648804976329659056e+00
2.913037314144801826e+00
-1.909374756066838597e+00
-3.114922734332999932e-01
4.324918352285067047e-01
-1.889605491697293194e-01
-9.525030195121525489e-02
-1.670628372025849129e-01
3.903506453272523880e-01
5.348489495453594422e-01
2.983454107372197628e-01
2.517251416034867462e-01
6.317932938602018877e-01
-2.479006426805072105e-01
-5.080255750180422136e-02
-8.735466896142596652e-03
9.990298882193069829e+00
7.264352981029726486e+00
3.922236316600029138e+00
3.933610311410098426e-01
-8.370070665146474020e-01
-1.191410828365587482e-01
2.653068353779685640e-01
3.880807270099297795e-02
-1.876762505127510484e-03
3.285504771141775082e-01
5.632479889845239951e-01
7.202987421364247522e-01
3.338046427438956520e-01
8.458963490101552296e-02
-8.739652034095277133e-02
-2.489670304394072525e-02
2.299277557502160119e-01
1.934261081485175171e-01
-1.723074435964136342e+01
7.936578558412778150e+00
3.294848682875308743e+00
-3.679366320849032368e-01
-1.877486979256253186e+00
5.795904715867832291e-01
6.148654665631805294e-01
-1.466888075451563689e-01
1.962258594587128896e-02
-4.569573369520322226e-01
4.010550143269032142e-01
1.183734177863405151e-01
-1.884304647096605723e-01
-4.875698870376841132e-01
-9.943642973555651132e-02
2.060894689074023733e-01
-1.917592256241884216e-02
-4.444135225909373599e-02
-8.567835582428158236e-01
6.777758158515138909e-02
-2.086856321114614610e-01
-5.942763898546488122e-01
-8.670812276129006291e-01
-2.331542235356834913e-01
7.327046334912355741e-02
1.236592254745884356e-01
1.533267541176794868e-01
-7.792309971317422645e-01
7.405472213388106240e-02
-2.586193926276833532e-01
-6.561857461750335574e-01
-8.718758501393685245e-01
-2.318925531863095246e-01
2.759241398262232692e-01
4.738922781047277127e-02
1.611775564736885324e-01
-1.849581064617755732e-01
-9.127373182247258687e-02
3.172041310717138574e-02
-1.119087815277182291e-01
-1.345725088234644984e-01
7.502967972252144735e-02
-2.978541212474748456e-01
1.050439199041013627e-01
1.662468951636175349e-02
5.671080590643718722e+00
-1.721649548692288700e+00
-1.320029088375284232e+01
6.653132492634067141e+00
-9.117511589073982181e-01
-9.127514958930741384e-01
4.352882034662941546e-01
1.993000702003955849e-01
2.681556222387960764e-01
5.617319623725219202e+00
-2.693383341948766496e+00
-1.435090705699074398e+01
5.185821761013206022e+00
-1.366145735815661233e+00
-8.183822920800445377e-01
4.325285733975562930e-01
1.924976080415726487e-01
5.817672468601214203e-02
-9.848501834024889767e-01
-8.431591070577517666e-01
-5.974121155398238736e-01
-7.264309581400898441e-01
-4.061798444183286061e-01
5.365118596823167385e-01
-1.521587418356868115e-01
7.182745778573862427e-02
1.330825431640916996e-02
-7.115340257367954280e+00
-1.493126019280144057e+01
-2.307367540214858792e+01
7.062811434763572871e-01
-1.141770323871547310e+00
-7.511937789761602424e-01
4.952936310421470756e-01
-1.998746506657221311e-01
9.778585740856053643e-02
-1.277399279523790954e-01
2.003336338101565361e-01
3.074767104315039856e-01
9.283937241350417868e-02
8.218935307558764003e-02
-2.947235800841040924e-03
-4.631001682624286131e-01
4.639069615708368149e-02
-1.517578305282525630e-01
4.824656134854325984e-01
8.474723204815539646e-01
9.226374985788979854e-01
5.145096371952341263e-01
5.314468720043844518e-01
6.098370864729157903e-01
-1.226439441013022907e-01
6.682704834852581932e-02
5.289982093231562071e-02
-8.451505775303399526e-01
1.790121819785678026e-01
-1.637668911421177875e-01
-5.303352433213567307e-01
-7.830921797491977587e-01
-1.394460002360951301e-01
2.623033970990795716e-01
3.643340257677543659e-02
1.600307168866701713e-01
1.500033951987282677e-01
5.192169363022710593e-01
7.841991524848094253e-01
5.585752348029218162e-01
5.438185170002446389e-01
8.659697099499772399e-01
-3.490018985697649345e-01
1.677893362018463008e-01
4.864284778099310647e-02
3.443359292945273431e+00
-5.206076484052510445e+00
1.442728789175500914e+01
4.546669573264220610e+00
-5.498062000871833943e-01
-7.767713803300170250e-01
1.278816615880223051e-01
-1.952290872801577537e-01
-1.692383633460877584e-02
2.030718543159250711e+00
2.289173278927229660e+00
9.907631432513146486e-01
-2.015294886225766080e-01
-5.239113742535222995e-01
9.861453954018898349e-01
1.942148526508976902e-01
1.890086952190295488e-01
3.130014361547191482e-01
7.176146552924556055e-01
-6.560789391632367851e-01
-1.981869813971151695e+00
-2.818386843925598129e+00
-1.669142000753040866e+00
5.260065878470120415e-01
4.115779177760950369e-01
-1.693052446250551540e-02
2.219277998616542291e-03
8.241475827279912680e-01
8.014512555063545429e-01
9.555020736141208726e-01
7.594403699740974734e-01
8.249095568829684089e-01
1.029874814747000045e+00
-3.677023309595099376e-01
-2.974764334011112399e-02
-7.766696699615202593e-02
-1.885189461280249446e-01
1.641939957906476677e-01
1.668929504969432487e-01
-1.325429056420595053e-01
-1.634819433638482478e-01
1.586887723151776119e-01
9.693376272458628651e-02
1.175532624828955486e-01
2.420754894142290448e-01
-2.887238349730322229e-01
2.194661244775385212e-01
2.668078745896126369e-01
-1.091231134345959225e-01
-1.960128016818415697e-01
1.726568315098680750e-01
1.522845018725287880e-01
1.916495426785529421e-01
2.510498199574033307e-01
5.030155355468686196e+00
3.127098127402087702e+00
1.225933100368918671e+00
-5.945820094700181579e-01
-8.831653094932950809e-01
2.379827115974768592e-01
4.267836840732518178e-02
-7.445168617576303216e-02
-3.228836278293995693e-02
4.315204327074455559e-01
6.040767576281751428e-01
5.417418689341796378e-01
2.183847555295043846e-02
-1.760050021777005980e-01
-4.071242834445919917e-02
-2.447407866517086750e-01
1.080861980307895875e-01
3.832780462591996173e-02
-6.688994589995590490e-01
-1.276808648287593162e-01
1.298769821201135044e-01
6.286029950934682309e-02
4.973584393141935317e-02
3.844499397205179969e-01
-6.547634051345505024e-02
2.503855730806185398e-01
2.506777599383957500e-01
1.406519366438949925e+00
7.397188177737998860e-01
-2.910713325648524030e-01
-1.234516137453343099e+00
-9.871867908834299765e-01
6.667801219056483930e-01
1.718477800048780202e-01
7.251234739338753565e-02
9.436971942688125725e-02
-3.820883813058942313e-01
7.222366304220709243e-02
7.399110524162150204e-02
-2.762815738132386456e-01
-2.702532133640558332e-01
2.304834340583959973e-01
2.045778045937174938e-01
1.223997803908315335e-01
1.655334721571310730e-01
1.577266249257532060e-01
7.685521459593621652e-01
9.057293330451141600e-01
4.371723619031089858e-01
1.437359522293940872e-01
1.008977758888260218e-01
-3.322078569341216370e-01
1.396180299021151927e-01
6.739644310370329627e-02
-8.802293357649272565e+00
-1.591097591977175263e+01
8.231824056862096839e+00
1.261670001186961487e+00
-5.716806541123177210e-01
-8.824812740670928690e-01
1.937083105949603534e-01
-6.122189112214350415e-02
4.602879092567147001e-02
-5.515534989414208056e-01
-7.604704721700507319e-02
-1.838856467821186891e-01
-6.177763524397218431e-01
-6.564772979253762353e-01
-1.605855699807580417e-01
2.651865021291775412e-02
1.354757506869187222e-01
7.500729780914386358e-02
-2.130560731717870970e-01
4.268777400156590490e-02
4.222026838368525548e-01
5.087036183067736861e-01
9.016628739873190357e-01
1.092376079827592106e+00
-4.136973306062218247e-01
-9.070468243996683555e-02
-3.200737188386394705e-02
-2.736671784030517141e-01
1.515762708734699205e-01
2.242116355154351037e-01
-1.108515689042312569e-01
-1.464128655788898836e-01
3.077577265742717505e-01
-9.236753397762120787e-02
2.016387930742599144e-01
1.398043079433073932e-01
-3.219410911245604301e-01
2.289321866970181474e-01
2.220355112918609430e-01
-1.246331646856604081e-01
-1.611974788303698058e-01
1.171159910858635272e-01
1.984956220511520930e-01
1.145956389302270756e-01
2.139398561827457815e-02
-5.652723163309480992e-01
-4.739773442378931723e-01
4.133711937335085573e-02
-9.974060495998167408e-02
3.593314015671822403e-02
5.733897348562827512e-01
-2.346051704041474673e-01
1.376964337975250252e-01
6.871239208875763727e-02
3.365077800018258625e+00
-4.261883470053829726e+00
1.658257382757290799e+01
4.951048064673399196e+00
-1.668641162237862741e+00
-6.961062195189600121e-01
4.084611692808274297e-01
4.356552505730720837e-02
1.449921417926090805e-01
4.845006028748470861e-01
-7.582963044565560473e+00
-1.848962364208466624e+01
4.182140874916310480e+00
-2.606312450076817555e+00
-7.292319521565341356e-01
4.391173562796394370e-01
-7.035456336881863726e-02
-3.642070657210621371e-02
-3.887244976386542983e-01
4.310952130779258651e-01
8.754985192698113705e-01
6.182982217793359103e-01
3.865344535759066003e-01
3.208954091765659489e-01
-3.070069753021538173e-01
2.244624615465527773e-01
1.644725295858479042e-01
-6.967216584518763633e-02
1.943469370244053362e-01
-9.478566792306403199e-02
-2.105060042837832157e-01
2.295475043008535221e-01
1.222449187788033020e+00
-2.689368119251283606e-01
-3.597266909231881804e-02
-3.679224990291763558e-03
-7.163930310774767607e-01
8.296112746459932685e-02
7.986837588226447515e-01
6.079102695733855644e-01
5.278992831781219586e-01
6.200916798364184412e-01
-6.064662061643211893e-02
3.635288757849011176e-01
3.365853255267325927e-01
3.580300775472862185e+00
1.583667974119054911e+00
-1.069702688455901329e-01
-1.064998835454447512e+00
-9.210987389009978044e-01
1.008657932925646650e+00
2.564444306907206345e-02
-1.252284675857987806e-01
-8.541321194038108003e-04
-9.518610842881043865e+00
1.276160223863566934e+01
6.521341807992534712e+00
1.478326632824015885e+00
-2.224878341308336172e+00
2.617815270346214584e-02
7.073854444085450055e-01
-1.243484277072742367e-01
-5.698685821696576614e-02
-2.523864584968210645e-01
2.414868933941793638e-01
2.915367833513785034e-01
-3.571323349119313179e-02
-1.394328637382962477e-01
2.950639341873366184e-01
-1.415364337293837371e-01
2.984596959695848262e-02
8.491842969062479013e-03
-9.791935968063125273e+00
1.150406689012671357e+01
5.813288747863419204e+00
2.823071320510981974e-01
-9.808646363901517562e-01
-6.155405657956768417e-01
4.721700532595475286e-01
-2.022038966093301360e-01
5.851716471717230417e-02
6.816795970151311446e-01
2.621108949114037689e-01
-3.166609911482026196e-01
-7.691040624057740027e-01
-2.851931288042757195e-01
6.274640276614021905e-01
2.328891343063775321e-01
1.793027366364145503e-01
2.407031114118117210e-01
-1.068629383852349873e-01
4.522897200320568495e-02
3.069953098708552708e-02
-3.233636812672667782e-01
-2.383324817355252090e-01
1.349938355959189873e-01
-1.430582943781467109e-01
5.487779380579414085e-02
9.212818775884026520e-03
-8.114569143913885618e-02
1.098879807573347051e-01
1.031349444492028755e-01
-2.480961209703401726e-01
-2.699243282050424741e-01
1.034441412138140393e-01
5.773970929140392200e-02
4.661733512922883876e-02
1.263046389604580988e-01
5.922429359062908460e+00
-2.872553122183250984e+00
-1.453461121468947859e+01
5.624199956427077041e+00
-5.167572273666878324e-01
-5.972405718134381480e-01
2.854202663273387452e-01
3.442928629967297038e-02
5.154237929444883959e-02
1.095805122507263807e+00
-7.110306321894663384e+00
-1.783204793186544990e+01
4.679176228356406675e+00
-5.546067310367248926e-02
-7.243452739086975178e-01
1.126188600466767331e-01
-1.717521961688020515e-01
5.759904346008688780e-02
-7.015688213437585308e-01
-7.811675137620389675e-01
-4.691813520173261365e-01
-2.582089122523391067e-01
1.426748031766333913e-01
7.615022576364202100e-01
-2.935316820897653223e-01
1.128160171451048910e-01
1.094494655854931081e-01
-3.044911380802061696e-01
-1.371123543398493905e-01
-4.274647210129878250e-01
-7.641915489849316900e-01
-9.748662111587250712e-01
-3.273214901456558690e-01
2.105519457818369466e-01
-3.740822157051902630e-02
5.945527959917316918e-02
5.272494191729058116e-02
-4.110175279917055446e-02
-1.866187039496421951e-01
-5.832533766346676973e-01
-6.443398616171909232e-01
-4.391940666796861348e-01
-1.981931118194194263e-01
-1.301102835139636427e-02
-4.877924728314192437e-02
1.671661731592677044e-02
-2.750185596859504571e-03
1.393495665028108080e-02
-2.906114029633655726e-01
-3.109893490438240260e-01
6.922099525461609948e-02
-4.661322856921588931e-02
5.934842960151620606e-02
1.617725950628201848e-01
4.219767552537984634e-01
2.109619861758761650e-01
2.958878422389885077e-01
2.146051943855238064e-01
4.265829879649952749e-01
5.367053348161632265e-01
-4.012610703050252248e-01
1.191352506592935623e-01
2.501553303622824215e-02
-2.713452977470127703e-01
8.805600274224280322e-02
8.518346627786779757e-02
-2.748760319172776634e-01
-3.605046111021329991e-01
9.150788970204182249e-02
-5.777510034595919469e-02
9.284895522761095477e-02
7.688387287705458761e-02
3.934131461246941797e+00
1.499701443759235087e+00
-5.108681883157230041e-01
-1.881174371903995057e+00
-1.583192857832929290e+00
6.192987919883996550e-01
1.283787679954904726e-01
-1.741064363531956705e-01
-7.864912229850631875e-02
-3.603806993556765703e-01
5.833528721363662184e-01
3.890435401578475894e-01
7.462598101370145065e-02
-3.870574376967020336e-02
4.043858669829838437e-01
-1.424402482877501208e-01
4.701362133027076062e-02
9.162253929175033507e-02
-5.337536466529949619e-01
2.665258843235135955e-01
1.314593831561075288e-01
-6.879706451391534028e-01
-5.727566824054789452e-01
-4.733320142063604519e-01
1.168098729067951480e-01
1.624122677074412435e-01
1.480786652044603358e-01
-1.977222639758855260e+00
-1.446637416507298157e+00
-6.925351180863543732e-01
-5.775771931342345011e-01
-2.636069319255349708e-01
4.771529860128924661e-01
-1.575474202901158138e-01
1.317996854173422994e-01
1.243515984234670191e-01
-1.299846746220398863e+01
1.144619183001402440e+01
6.771341892882393410e+00
1.722163842327406824e+00
2.667548075314072342e-01
4.204179333124127282e-01
3.738339942257752346e-01
-2.340774544440645324e-02
-2.945329156344216395e-02
-3.842343981724111179e-02
3.763945155773559259e-01
4.780754391092839617e-01
2.724915633400293302e-01
2.241161664249995411e-01
5.766211104913880892e-01
-1.585799774462378631e-01
-1.484866751360564528e-02
1.244819637427538872e-01
-3.576148473888192680e-01
4.548678789368253428e-01
5.385660220748509364e-01
1.979491184290780303e-01
2.160913059888166510e-01
5.446172429325365494e-01
1.991714423502137232e-01
8.498495831326828565e-02
1.263401542499398011e-01
-2.626733888008740414e-01
1.033886544687799419e-01
7.086188186441857995e-02
-3.234176571146428203e-01
-3.406922397498226562e-01
1.336271481142331796e-01
1.544699482701131499e-01
9.482224197715477532e-02
1.589987249620359588e-01
2.438841180432496925e-01
6.846388087391598321e-01
8.150684475379682548e-01
5.840233054811223568e-01
4.191952744448516621e-01
7.869983027778613138e-01
-1.425565527709332092e-01
-4.647813646199255161e-02
-3.188401093378052942e-02
-2.690392938875560414e-01
-3.243906071556807991e-01
-2.846485711049877576e-01
-3.387955774206320436e-01
-1.376708571765379308e-01
3.926984599227180683e-01
-3.674557021755857633e-01
5.016831256851420062e-02
-3.122091311130951660e-02
-9.112692697537652653e-02
9.326729532382722898e-02
-8.114842098443199037e-01
-1.355634732182557478e+00
-1.151393100059972641e+00
-3.867911570433713031e-02
2.611680072097969513e-02
9.364016887450929416e-02
1.251582370246633602e-01
-1.379257691234686334e+01
9.376458410948512068e+00
3.963248123050334915e+00
-4.409403450107083899e-01
-2.539200015428187740e+00
-1.172096654310250119e-01
5.116829640552946756e-01
-1.691837306551715880e-01
1.000623543566774160e-01
2.732651494952225146e-01
-7.400907288897615288e+00
1.120411894318260870e+01
4.568840298392010446e+00
-2.452976717726311484e-02
-8.614898815221140316e-01
1.733918999779228698e-01
9.912471452616020140e-02
2.373068114787003080e-01
-6.896701787908205983e-01
-1.943044467025244193e-01
1.318870569929538050e-01
1.569420266912896211e-01
2.685658407045414253e-01
4.495483175769693918e-01
-2.955355672846186610e-01
1.721511910240106080e-01
9.938226099344407705e-02
-9.355677222915569080e-02
6.596215542740928583e-01
4.889308532720664235e-01
5.592860052550827077e-02
-1.734320946448741352e-01
-1.486111365618840441e-01
-1.075478031779596583e-01
-1.500283454354943598e-02
-5.825293534592235201e-02
1.626824093914832348e-01
-6.868558766041392705e-01
-9.290819842666130368e-01
-1.432941327560141920e+00
-1.514199769113603544e+00
-4.710443388801519582e-01
2.797586203638289803e-01
1.404565575402203503e-01
2.674074904267100816e-01
