-1.833024078308404858e+00
-5.211556076173664565e-01
1.757064260950282342e-01
5.496569241062219113e-01
7.930611537131758704e-01
1.170271114104345811e+00
7.040700964285814267e-01
7.123397941006945899e-01
2.708767563183849675e-02
-1.791028819294907093e+00
-6.473318921083914823e-01
-1.421297441518214466e-01
1.860919759307391452e-01
5.483848039783253414e-01
6.776612678625582031e-01
5.360177331378263021e-01
-1.921623617781554327e-01
-4.208764088214869137e-01
-1.692508762354308915e+00
-3.390613446776176154e-01
3.395914404171966883e-01
7.165928402562307120e-01
9.454116605047668820e-01
1.282267351569183145e+00
9.723605288946062242e-01
7.423735073714076149e-01
6.328620403517147552e-02
-1.723811146405055839e+00
-6.749550275390002740e-01
8.947731553818008554e-02
4.251394478401263610e-01
6.968799757736604539e-01
1.135226544476215071e+00
8.001013752050678551e-01
1.273292117650705713e+00
3.254054516194977431e-01
-1.776971168580280702e+00
-3.942327496407136977e-01
2.905001261948979008e-01
6.689971669160725831e-01
8.931310426460827845e-01
1.304550394500093136e+00
9.140079657677239178e-01
1.023899025943101559e+00
1.912846149517783145e-01
-2.180036132863838017e+00
-9.693120954408681600e-01
-4.572210714221275341e-01
-1.599754697318647167e-01
2.180947225369888887e-01
4.023850355929700640e-01
7.766495619112118165e-02
-6.917624066167201713e-01
-5.696800842559343048e-01
-1.882734201902158677e+00
-5.265437954001777054e-01
1.557822956128853964e-01
5.426326700142082293e-01
7.934620164450609803e-01
1.096018651514078401e+00
6.977454570212470175e-01
2.731181162456896017e-01
4.748645288232860445e-03
-1.698035450320460438e+00
-3.724159680608171152e-01
2.263416336301493359e-01
5.915875889103778817e-01
8.941271271291308942e-01
1.081821555445228844e+00
9.207236528165405609e-01
1.444652163000756384e-01
-1.950593229475088008e-02
-1.822692560376240500e+00
-4.031323922369601243e-01
2.582434959885683279e-01
6.329711514323593802e-01
8.910964049146086197e-01
1.151483578939413110e+00
9.222545005948640240e-01
5.115063656323771690e-01
-3.450219749110957496e-02
-2.136030167963511417e+00
-8.004761489656355700e-01
-1.035722708140822262e-01
2.869817131272012767e-01
5.358724953731333063e-01
8.727863477356546662e-01
1.711525409081875726e-01
-6.575544501104892137e-02
-1.092562133841502442e-01
-1.628952014793645153e+00
-3.117061495400003657e-01
3.147892582189396049e-01
6.870119473401206101e-01
9.580915351120520285e-01
1.190165105259305856e+00
1.022070547277234898e+00
5.156769143544912559e-01
-2.023551660061812321e-02
-1.833943436247958969e+00
-6.867000252685219186e-01
-1.826441914404501876e-01
1.406745267022272428e-01
5.087935142850984471e-01
6.431623841060158941e-01
4.792288491993040300e-01
-3.247581067190224990e-01
-3.685412549341487987e-01
-1.952805573632476088e+00
-6.692064585229028362e-01
-8.966107452114069343e-02
2.591706271928760352e-01
5.851199803425072288e-01
7.849522768333356826e-01
4.768638016128312618e-01
-1.680903861832886148e-01
-3.405520707874449826e-01
-1.665211752836456061e+00
-4.624301087027118395e-01
2.155764404427707726e-01
5.954423038687174374e-01
8.426239785068683208e-01
1.270037836656230601e+00
7.413187692328522260e-01
1.030796383598735488e+00
2.295062531785491133e-01
-1.730164144742527332e+00
-7.516475685212617996e-01
1.825805023789535755e-02
3.799858844093997323e-01
6.574257281352899884e-01
1.099793276625810279e+00
6.399605720663598118e-01
1.163244967821143394e+00
2.211250567774427633e-01
-2.865655406256421234e+00
-1.936868697911176218e+00
-1.674270836178073596e+00
-1.465091659214356579e+00
-1.035205911364617259e+00
-8.672033666620574399e-01
-1.034719764346345716e+00
-1.756395562504290853e+00
-1.291422740991552409e+00
-1.734525715525545797e+00
-6.752126076405823296e-01
7.588994340606759759e-02
3.953740480658934353e-01
6.943686364711529890e-01
1.124437954534378337e+00
9.486949566540887613e-01
1.340306413945258512e+00
4.230372404791670204e-01
-1.867703121262769494e+00
-5.043548301340664564e-01
1.679641337368612819e-01
5.509414093184744621e-01
8.062205594424599608e-01
1.096869902051249346e+00
7.298743523227860797e-01
2.664264581266941323e-01
1.939550491984594685e-02
-3.047544059775803227e+00
-1.641787885630082489e+00
-8.440892939860202837e-01
-5.064422548383602507e-01
-1.763248025292508125e-01
2.058598741222642248e-01
-5.347523732904451155e-01
-3.812285249988292546e-01
-5.455124020127427587e-01
-2.305325021601426272e+00
-1.001583052951874109e+00
-1.985799585815506141e-01
2.168044764444103933e-01
4.935600437506946214e-01
9.467026077397884265e-01
1.611018100586745216e-01
7.107159892978889282e-01
-3.438775072870993432e-02
-2.944926270035485238e+00
-1.682162739220458336e+00
-1.190076687947061229e+00
-9.328661314197563836e-01
-6.105636156461052844e-01
-2.579729995745533300e-01
-1.002892010381429388e+00
-1.514708184424403692e+00
-9.313208867819889880e-01
-1.812940506058359658e+00
-5.256137203408749459e-01
1.674046570896896569e-01
5.517033747610806671e-01
7.824987872098729813e-01
1.164566902941050808e+00
6.347986024509311154e-01
6.625323661217423776e-01
5.191292857899934554e-02
-1.846706549252389973e+00
-4.570677592301825021e-01
2.312255763624167793e-01
6.079715952239823640e-01
8.403326285171835996e-01
1.170096088732104134e+00
8.418338506963323198e-01
6.570765566926330958e-01
2.724763705801342903e-02
-1.874154094829936890e+00
-6.835555700513142874e-01
5.130962585218026145e-02
4.016218947719470411e-01
6.923065137547854686e-01
1.125866304101680537e+00
7.273330859356156308e-01
1.147347901226457134e+00
2.875509854347201855e-01
-1.858257129294225374e+00
-7.224054718117581819e-01
-2.247188808610464383e-01
9.759466674067858449e-02
4.640001134091049639e-01
6.030073351475488952e-01
4.269656548748331226e-01
-2.623952272283581189e-01
-4.689807194710402527e-01
-2.681431452113152147e+00
-1.743525124695767037e+00
-1.448556141722505686e+00
-1.224116930389848923e+00
-7.885973921328083280e-01
-6.331474585401428712e-01
-8.038652333049171039e-01
-1.697867442141378858e+00
-1.188857487046889982e+00
-2.881109411643187457e+00
-1.691809971104069055e+00
-1.270061853579629529e+00
-1.035117032627642430e+00
-6.479647034648226001e-01
-3.983992330191084008e-01
-8.793233777226834302e-01
-1.392266004711804950e+00
-1.092786925439587220e+00
-2.127885842881774625e+00
-7.731827915309080757e-01
-1.280756035416504290e-01
2.463958320053613038e-01
5.229320406345373540e-01
7.758477367140722558e-01
3.598325234918613447e-01
8.228040323929326771e-02
-2.472655466933512403e-01
-3.010182973895647152e+00
-1.718761565622864751e+00
-1.201754615384368785e+00
-9.501269343295618564e-01
-6.463811764587901187e-01
-2.677634495563867567e-01
-1.174363731939558564e+00
-1.502726418581797008e+00
-8.825326046058205032e-01
-1.859641091962590531e+00
-7.948594684946636013e-01
-2.698206209205819550e-02
3.232538207083092141e-01
6.286365730399448015e-01
1.065829429099231840e+00
7.202953093406339047e-01
1.162849298869768289e+00
2.162351269787664565e-01
-1.727530334410888990e+00
-7.479116166798293053e-01
1.587565465750853319e-02
3.308105775328677445e-01
6.077937905353563153e-01
1.047999513874291022e+00
8.519388736544015739e-01
1.262569644834647509e+00
3.977995108559466142e-01
-1.803152753745161041e+00
-6.853460714254012709e-01
7.084543844459686990e-02
4.073364379781184708e-01
7.116368677108674268e-01
1.144205751024741868e+00
8.540627358044016182e-01
1.288375587391740185e+00
3.433123913331964094e-01
-1.724052547319537831e+00
-3.682689414084050483e-01
3.231510397488590036e-01
6.942917963189875197e-01
9.201320982530445391e-01
1.286619338989271943e+00
9.664945655291682369e-01
8.792387007659845377e-01
1.284050356803001780e-01
-3.069029691798668136e+00
-1.662815441284401619e+00
-8.578280491339299596e-01
-5.197532267639328740e-01
-2.239755954404593630e-01
1.837258503581728486e-01
-4.569375831605678173e-01
-2.295345783467981626e-01
-3.373939988841893611e-01
-2.921712245642989370e+00
-1.779774585224842998e+00
-1.389544838238011559e+00
-1.167809094523209135e+00
-7.888157484711433298e-01
-5.088945190198125301e-01
-8.140423816967844450e-01
-6.890618657800513525e-01
-5.197869802693370067e-01
-1.720613145519207965e+00
-5.040379846016497245e-01
1.830168538028699166e-01
5.573604993348072467e-01
8.005824937853905920e-01
1.208559984466184734e+00
7.478117027467688915e-01
9.229444203822021464e-01
1.426949443675923079e-01
-2.132749401250917831e+00
-8.664827658781171227e-01
-1.314302848445908223e-01
2.591833042349616645e-01
5.188841343369485770e-01
9.299982328692466549e-01
1.673035102734533597e-01
4.417815034354394821e-01
-3.983698678485632361e-02
-2.033315158914306142e+00
-6.084541782114927244e-01
3.810472934806133360e-02
4.151475356598852695e-01
6.859414940176151720e-01
9.458760428282293464e-01
5.652310925809485020e-01
9.772832907737072361e-02
-1.852068731802702373e-01
-1.621581940629128971e+00
-4.245439184781460429e-01
1.159446173502465816e-01
4.697211014953848185e-01
8.025760412564975077e-01
9.370619173254112200e-01
8.350200817565579525e-01
1.410971781843558259e-01
-1.913123422611536784e-01
-1.851580920601320734e+00
-5.083876268998209769e-01
1.023797227835043233e-01
4.726203623542479249e-01
7.692649166534474281e-01
9.817564920231902637e-01
7.219071045215178506e-01
6.859178983161917653e-02
-1.933520321435415190e-01
-1.615426117359593849e+00
-4.807417175030001544e-01
4.837351231009698327e-02
3.973419118150743889e-01
7.368396517665639633e-01
8.729908254137536128e-01
7.536417042084451179e-01
8.348338068097203857e-02
-2.341554818291841089e-01
-1.570963574693984288e+00
-3.478350036708640070e-01
2.028452460154759884e-01
5.627276500130888870e-01
8.834183406665468974e-01
1.030756732895785177e+00
9.282266770773689446e-01
1.075073664919766608e-01
-1.748751863798271231e-02
-1.733840841794022758e+00
-4.746295302632860258e-01
2.116231916631099164e-01
5.777573498468864255e-01
8.485710292397675714e-01
1.280955158982892472e+00
8.148419826581755343e-01
1.174308600607768538e+00
3.320427726818402370e-01
-3.057487700520005625e+00
-1.737091929334887874e+00
-1.185560610046280994e+00
-9.256815499513374457e-01
-6.508807214697551746e-01
-2.410932673817907934e-01
-1.312699731286520288e+00
-1.511480024646175924e+00
-8.446066467484467655e-01
-1.897600518688306259e+00
-8.096457684114523046e-01
-3.275279841104186684e-01
-2.130466141274917416e-02
3.612941510631399455e-01
4.886821734348469892e-01
3.258795762698983856e-01
-4.559905838758335772e-01
-4.603466118949960939e-01
-2.060030607432488559e+00
-7.218605947562676262e-01
2.148432274820049129e-02
4.158748041832007192e-01
7.075547189910538215e-01
1.145139284584476114e+00
4.277546578580003755e-01
8.944606176645627515e-01
1.725948202737824511e-01
-1.827542113830442405e+00
-7.056896468384206145e-01
-2.046199842641894251e-01
1.157202249576187586e-01
4.796208671810501811e-01
6.215303783687878836e-01
4.458794512531929488e-01
-3.343227338615347710e-01
-4.208272908313533400e-01
-2.895277923786296004e+00
-1.968173740136081262e+00
-1.700797435384294731e+00
-1.496955545342663951e+00
-1.068914485792680669e+00
-8.980757810903213789e-01
-1.060350843412553035e+00
-1.466748157340253877e+00
-1.043812836886021111e+00
-1.517849314692611751e+00
-3.140051845011436193e-01
2.521456349182227274e-01
6.160298593872974848e-01
9.282513704809488564e-01
1.079305129590979462e+00
9.899033154333468643e-01
3.266016095108332795e-01
-6.447233312014559459e-02
-2.849500238359826021e+00
-1.585616868473385788e+00
-1.036403861494616274e+00
-7.591895644159469825e-01
-4.812595693866333346e-01
-1.161222329175132101e-01
-7.045601112654538145e-01
-5.575540318866065714e-01
-4.358690666384258949e-01
-1.920884069741965350e+00
-8.054030373045555358e-01
-3.240317282084773653e-01
-1.719469366382877021e-02
3.624786299967946990e-01
4.952565260587877272e-01
3.312638052090119412e-01
-5.245265959191519611e-01
-4.418297668502112474e-01
-1.965738871916138830e+00
-6.501661932155646806e-01
5.055392034040355476e-02
4.391298117402381296e-01
6.850526039097122322e-01
1.091570778470251968e+00
4.134295625175709032e-01
6.449654748572597462e-01
6.650487654727041398e-02
-1.747810482511629404e+00
-7.190796945818505037e-01
3.613980453580416252e-02
3.543326121800559059e-01
6.510691550177660769e-01
1.084466210091984850e+00
9.006565676172308965e-01
1.295882839372469952e+00
3.844326809182803673e-01
-2.223418511290929267e+00
-1.011915167667512216e+00
-2.284076528933614569e-01
1.518607496147190150e-01
4.447818008339076701e-01
8.880858210666464636e-01
4.581202895861214430e-01
8.511816675041351532e-01
4.279125367377616118e-02
-3.142949903602133777e+00
-1.677881830581264389e+00
-9.929566437354391262e-01
-7.681778895040841659e-01
-4.236638759721771397e-01
-6.814337536140697982e-02
-1.210641643682541790e+00
-9.878971503031868107e-01
-6.504606575560114567e-01
-2.226586611353571055e+00
-8.999918353657867520e-01
-2.030704718815642684e-01
1.661231133972450869e-01
4.179676458717846987e-01
7.455400704319566918e-01
1.882667906112032441e-01
2.314659258129455055e-01
-1.575749023135452065e-01
-2.961050073780959746e+00
-1.834502942379658386e+00
-1.487833749642672121e+00
-1.267944865124076781e+00
-8.502212994119757727e-01
-5.857095505522995627e-01
-1.042102646262220933e+00
-1.755464516116732820e+00
-8.721115677741559935e-01
-2.369349719486836481e+00
-9.304472506454963820e-01
-2.150860598610554453e-01
1.728716444875439684e-01
4.286349354967906589e-01
7.989017730051808375e-01
-9.166255410678673943e-02
-8.279789012694455108e-02
-7.436718303946311670e-02
-2.173353548357643827e+00
-7.568602614132420303e-01
-1.204693662043526403e-01
2.441928333409818797e-01
5.329847965814735744e-01
7.883369286194116254e-01
3.464148185319035900e-01
-7.079952713856947633e-02
-2.227453065917289754e-01
-2.719878493000157604e+00
-1.770305382772172198e+00
-1.476913436197498930e+00
-1.256234485697939940e+00
-8.358345481387825515e-01
-6.617821782699714328e-01
-7.319292757949661388e-01
-7.035389698667161573e-01
-4.797604243212410524e-01
-2.060508962145902512e+00
-9.259890402734156645e-01
-1.314491841069656830e-01
2.175090542886869149e-01
5.005160203225006432e-01
9.475172482587870260e-01
5.941994776795951338e-01
1.030013496579880172e+00
2.306085197822765054e-01
-1.696976221655301709e+00
-5.152786596705251077e-01
1.769360724357378067e-01
5.174815069964120440e-01
8.176064319993168183e-01
1.245228300648142161e+00
8.967219696038540855e-01
1.290438540732820716e+00
3.914970931042416336e-01
-2.059328005490445701e+00
-7.250954814276751037e-01
-1.083880259474676172e-01
2.570190990291322808e-01
5.630243094374786095e-01
7.984341410600673816e-01
4.099700999100102661e-01
-1.556869125010703347e-01
-9.781564725582070352e-02
-2.017623817555064036e+00
-9.374737770541033965e-01
-4.733841296849189417e-01
-1.788233126784487537e-01
2.063258378578877450e-01
3.446109824195748295e-01
1.570707876004157622e-01
-5.495350108687724333e-01
-5.978995642256864640e-01
-1.992056487197765957e+00
-8.336064794675575040e-01
-5.373289116785871788e-02
2.968918642249243622e-01
6.029971587535157829e-01
1.041631785920472009e+00
6.880531639447876602e-01
1.134779709480779442e+00
2.139622595596444854e-01
-1.770688820506012728e+00
-4.145105113901039751e-01
2.789355421717461536e-01
6.583544562597256622e-01
8.784737771745512180e-01
1.254438973045240990e+00
8.397763794630950240e-01
7.885183850193555610e-01
1.575522083003925433e-01
-2.762930414378351962e+00
-1.814175246817973264e+00
-1.550422602345228773e+00
-1.330260694180894321e+00
-8.840462982814217829e-01
-7.194554843063912797e-01
-8.924495424435537894e-01
-1.796226335803465135e+00
-8.382483088474859123e-01
-3.121636171195947718e+00
-1.675257065792263855e+00
-8.887757611674822478e-01
-5.976504078624439442e-01
-2.369033252225672126e-01
1.173845574991231322e-01
-6.822638211655061014e-01
-5.331235746508959927e-01
-5.548058447908205126e-01
-1.583482095365727371e+00
-3.826164687738311532e-01
1.719766020471514556e-01
5.301327570376198617e-01
8.566687341187665394e-01
9.984465424938078204e-01
8.943726771644096019e-01
1.346947230918914828e-01
2.074060822374758709e-02
-1.560731437337812277e+00
-3.420987130085711980e-01
2.130222550138227144e-01
5.711156237387176038e-01
8.872283920479516750e-01
1.044296248542295080e+00
9.232142964448961653e-01
1.142747435140894913e-01
-1.413536942263479146e-01
-1.694826512173881472e+00
-6.928911586028411174e-01
5.086763916222731413e-02
3.699401387331024971e-01
6.580781299572121545e-01
1.092262318385128550e+00
8.425415731362597693e-01
1.267829264114838983e+00
4.105579570121920541e-01
-1.497081337137505574e+00
-3.144789190096385911e-01
2.400668447362943880e-01
6.020535748514865837e-01
9.194469582572298849e-01
1.060172184384404526e+00
9.809527017024242124e-01
2.859192382485878370e-01
-5.238710346840112775e-03
-3.012313624648995880e+00
-1.618960863963955665e+00
-9.310893612693208476e-01
-6.577385507822385291e-01
-3.930861230736794054e-01
1.621521005917388875e-02
-6.716322691093945529e-01
-3.867896577701700478e-01
-2.999705778732913442e-01
-1.742516665389870711e+00
-3.903975615588026749e-01
3.000778231472815416e-01
6.820505646675683042e-01
9.140223635924179524e-01
1.271465192515120135e+00
8.995007559872785219e-01
7.166133213793645096e-01
2.492398653444175272e-01
-1.758813102888051816e+00
-5.850065477220406374e-01
-7.142177325716674019e-02
2.683745837605832629e-01
6.191055263242332130e-01
7.606970832769931468e-01
6.004230966817316606e-01
-1.711043600325100056e-01
-2.990510225229375263e-01
-3.006703425729613244e+00
-1.792535580617842239e+00
-1.370959760113429127e+00
-1.147305466560470721e+00
-7.714806082359163542e-01
-5.070196782999466523e-01
-1.044559370705933743e+00
-1.277324939552799021e+00
-8.956056390585461768e-01
-1.837442197827575674e+00
-7.387273085272659801e-01
1.722796468094872635e-02
3.241391088907373819e-01
6.088374824950272268e-01
1.046579442336962984e+00
8.486531413357297771e-01
1.278146507456630054e+00
4.362861197753410969e-01
-1.703926200023632598e+00
-7.036756957221954600e-01
5.227082933928331454e-02
3.467204157894453465e-01
6.317057776527267299e-01
1.065662096779004253e+00
9.353040247442128141e-01
1.351493753776473516e+00
5.274532636739551750e-01
-2.888901487282272917e+00
-1.557943615170710672e+00
-9.538447808605530209e-01
-6.685720949385901557e-01
-4.199593947491544466e-01
-2.710430951667694086e-02
-7.424010445911113365e-01
-5.021553721535203518e-01
-4.161052981397668771e-01
-1.775860159764450330e+00
-3.488413156408069482e-01
3.138648519011262850e-01
6.885101908470859788e-01
9.400653736266441074e-01
1.229413611351465763e+00
9.722235276476866028e-01
5.635201275608713312e-01
2.090378237757720969e-01
-1.745433896218989034e+00
-6.358632703608175785e-01
1.061357063444612059e-01
4.307454441109250798e-01
7.462977065787617104e-01
1.173668177918646860e+00
9.445691444294010974e-01
1.356695359549080715e+00
4.382917699372597675e-01
-1.696990574554499975e+00
-5.199181262159929817e-01
7.988160850931541601e-03
3.551283259655447777e-01
6.974961824920157261e-01
8.450034899435358016e-01
6.851230617356313113e-01
-9.513365470768418708e-02
-2.342818638497318473e-01
-2.936148508693689152e+00
-1.579449041447076318e+00
-7.904262278552345311e-01
-4.446928385418892349e-01
-1.450051899302295111e-01
2.351497660242695964e-01
-3.737997627196487649e-01
-2.105985728800671142e-01
-3.867399505206798871e-01
-1.919862580292591714e+00
-8.402242923090397220e-01
-6.824528421089076646e-02
2.640905444962043380e-01
5.441405598578673564e-01
9.881467529109857484e-01
7.068839897525127647e-01
1.146020056884887284e+00
3.253677625464950207e-01
-1.635186737543546487e+00
-3.293536172120933303e-01
3.418214017099607260e-01
7.162965518759261130e-01
9.504931515746687376e-01
1.272722377285130602e+00
9.841068807578793320e-01
7.094018704619255988e-01
1.351290799326895498e-01
-1.641605936734252147e+00
-3.918540766397101138e-01
1.777442700388045804e-01
5.396757941733555386e-01
8.551977415620511946e-01
1.022420095297634335e+00
8.737869667201468848e-01
1.066026084090963555e-01
-1.204890661336549262e-01
-2.867772574579520839e+00
-1.641236457238121949e+00
-1.149117728384819515e+00
-8.888405674286844471e-01
-5.759834873678770784e-01
-2.381683805363243311e-01
-6.709064129257177322e-01
-4.987336780103963085e-01
-3.534613482689627495e-01
-2.004253850626166678e+00
-5.909396537654473258e-01
6.916749435399134616e-02
4.479444977675429151e-01
7.041261107179361822e-01
9.614105785206585875e-01
6.429895449585865119e-01
3.669700401717785332e-01
-2.729991483472992905e-02
-1.972874821444729143e+00
-6.157251585405218997e-01
8.875025965681776485e-02
4.801393311438671985e-01
7.220184781537295482e-01
1.081099341182615747e+00
5.183633702485530570e-01
3.834412538740028520e-01
1.697894639303674513e-01
-1.711747335973343720e+00
-6.217711637832277205e-01
1.173224885548863616e-01
4.260457681914662231e-01
7.074320753610930934e-01
1.136772745207675239e+00
9.876947417065974344e-01
1.377880900632398875e+00
5.610168998571392063e-01
-3.238626281750577540e+00
-1.697884238597338280e+00
-8.741592319749078577e-01
-5.657157749068438823e-01
-2.256841803302916394e-01
1.567955543299575094e-01
-1.285380447849030050e+00
-9.761434286189735188e-01
-4.738448253234975316e-01
-1.577536610030132014e+00
-3.627145095464786584e-01
1.961261341051200036e-01
5.571498887928431065e-01
8.745220576478657248e-01
1.031901555702657403e+00
9.061129996411747545e-01
9.936068215922060076e-02
-1.107620151260446106e-01
-2.156672152153786381e+00
-9.459576238632547707e-01
-1.531170561039953693e-01
2.521996170005083582e-01
5.298228744496138454e-01
9.837593079036986987e-01
3.388631534987531779e-01
8.748511298497011479e-01
1.402105353440346869e-01
-1.872812868700953981e+00
-5.965280235062196956e-01
1.048532976799271821e-01
4.907425866860974373e-01
7.229401760282265776e-01
1.090058949119056209e+00
5.363266878930359471e-01
5.342772090915187677e-01
8.719647753920718725e-02
-1.761134541696188105e+00
-4.098226148452985274e-01
2.895181943016869597e-01
6.652796414172388317e-01
8.969228107130370331e-01
1.293353843939591741e+00
8.792568122110966389e-01
8.953933871896321284e-01
3.210525544780649665e-01
-1.779722178374196107e+00
-6.327755878031026127e-01
-1.261069139419644658e-01
2.028881439195401870e-01
5.653021289358592938e-01
6.935301098098608508e-01
5.529135224679514460e-01
-2.484787828713885538e-01
-1.504616750663014813e-01
-1.576028971320795780e+00
-3.521108957336276379e-01
2.027436170180292319e-01
5.635390944704246063e-01
8.842138130468858437e-01
1.028475209368287624e+00
9.320391644861344416e-01
1.640852382971543233e-01
1.078204542162651131e-01
-1.912792360352769228e+00
-8.096312957864879589e-01
-3.299533284263689303e-01
-2.248371470356669635e-02
3.510198221770367000e-01
4.930161737931620380e-01
3.152429385305081655e-01
-3.418247985897711061e-01
-2.657070925405523032e-01
-2.683740690468153556e+00
-1.457075923188051680e+00
-9.560539609892164670e-01
-6.903423305388023401e-01
-3.480796841418640764e-01
-6.154990457800226661e-02
-4.708611113164993256e-01
-3.924671797632240944e-01
-2.395052375523793187e-01
-2.046046554453496036e+00
-9.880175354809804800e-01
-2.152669342862091606e-01
1.628355344283191897e-01
4.615541222102358954e-01
9.007008064234434119e-01
4.891180824173651520e-01
8.753715120098737312e-01
9.913894245349104406e-02
-1.686283851758484609e+00
-4.691392446042860764e-01
6.829392774550360756e-02
4.194126465484236954e-01
7.584330372205068116e-01
8.925271469613057507e-01
7.707258274927218933e-01
2.950645172903900229e-02
3.841722388458087417e-02
-1.885832725354568584e+00
-7.786177158369417262e-01
-5.811108016435393353e-04
3.597923097984342955e-01
6.407884478144931784e-01
1.083450865787933814e+00
6.542728777998584322e-01
1.156210006854756056e+00
3.106056301262230535e-01
-1.794993477698319628e+00
-4.963538642735095263e-01
2.006979601812167169e-01
5.785219463350003144e-01
8.565660850576295449e-01
1.293846033885800217e+00
7.274795599679507729e-01
1.090076038567572514e+00
3.834556823610266729e-01
-1.698193946876549676e+00
-5.435059488503033442e-01
-2.380080509129449060e-02
3.190496633125988191e-01
6.666295949219118722e-01
8.052506974320298161e-01
6.616893196482500628e-01
-2.860514065233369166e-02
-1.972270314072151476e-01
-1.849341516998176393e+00
-6.413289013052064780e-01
1.024702036659660420e-01
4.771432463828507164e-01
7.794815719795123998e-01
1.217205407010860219e+00
7.130205411878932642e-01
1.197887660110816599e+00
3.832136187562866780e-01
-1.508220437748922560e+00
-3.364676299827040751e-01
2.166462132687652364e-01
5.784050576623097628e-01
8.966025101588744883e-01
1.035970849645855285e+00
9.545138386935023700e-01
3.205991903302636836e-01
-6.356534632761625704e-03
-1.764921723877317161e+00
-6.998399083729197612e-01
6.278367066853964007e-02
4.042654790923260744e-01
6.876660164481865900e-01
1.129857142183926300e+00
8.032314887520235480e-01
1.269325275180939849e+00
4.036504658308718851e-01
-1.902197160794848685e+00
-8.305426868175666000e-01
-8.986004266817175512e-02
2.654211574402189355e-01
5.684658004415846788e-01
9.998104817057394955e-01
6.496008748850430337e-01
1.057784517027637206e+00
2.205189076020896144e-01
-1.704706301665434243e+00
-6.280996974561728896e-01
9.757663572487197678e-02
4.086968796882118893e-01
7.129439393286722826e-01
1.136802452627505788e+00
9.811156595428994764e-01
1.372163607240279637e+00
4.858430922141125374e-01
-1.985672456349585557e+00
-6.182427316911006665e-01
1.942358966499650036e-02
3.931280968925064956e-01
6.693505020355837720e-01
8.846482281773639933e-01
6.075304789575181053e-01
2.866974113094624133e-01
-3.472115003698554494e-03
-1.808601192837283156e+00
-4.640307169543730348e-01
2.349248109580228394e-01
6.164500405248384274e-01
8.531374920973405773e-01
1.215313067317482343e+00
7.962922472746529756e-01
6.509238616610681927e-01
3.301977066408466888e-01
-2.059392628171922368e+00
-8.671765968553677428e-01
-7.545058440784414844e-02
3.160465197184734176e-01
5.994640595786180359e-01
1.049221676216502752e+00
5.014588472408353370e-01
1.014134670440978159e+00
2.613256963913933584e-01
-1.744148748175323282e+00
-5.780136658654805304e-01
-6.861519969198372204e-02
2.664194171884273765e-01
6.235964946034473488e-01
7.472063406497565508e-01
6.197900711802108997e-01
-1.378298578033935740e-01
-3.055358244935550693e-02
-1.598324607848897738e+00
-4.207929136147257609e-01
1.191533595979153010e-01
4.742209359205788455e-01
8.034290164654267485e-01
9.493796116158575993e-01
8.245579543963753588e-01
6.087629579317732631e-02
-7.619376107649143692e-02
-1.622552246918057328e+00
-3.662704434788758290e-01
3.254194091148918111e-01
7.026402144981421793e-01
9.187983931870244980e-01
1.307527971390193500e+00
9.198817853521745747e-01
9.054591047921264346e-01
2.913729751734846496e-01
-1.735002269535433905e+00
-3.906145451362925680e-01
2.894876487348488903e-01
6.685602065801569127e-01
9.126494429704804512e-01
1.226263111316625576e+00
9.306189130741090443e-01
6.081293358837970287e-01
3.413788110001729215e-01
-2.040472718494208415e+00
-9.331347681481664269e-01
-1.275974253001311565e-01
2.762450677176270242e-01
5.621038425154434304e-01
1.012496069580096858e+00
4.112279785557464984e-01
9.247596822509411840e-01
2.319580368500758494e-01
-1.709496215148867737e+00
-4.870842895897595226e-01
2.131242197648348380e-01
5.954179848768433869e-01
8.331868943029134833e-01
1.226211821315223549e+00
7.373798026537622397e-01
7.430804765340709439e-01
3.595545529365056781e-01
-1.663266708173678499e+00
-4.909714786444563384e-01
3.889422692709006840e-02
3.856304865310345997e-01
7.272921809148659156e-01
8.502335538159947470e-01
7.480230356008364945e-01
1.241867686795729842e-01
-8.364649400390006262e-02
-1.786605196713389354e+00
-6.558864232311286679e-01
7.777078315353282145e-02
4.144741177579392422e-01
7.081857957750127275e-01
1.137267389619531111e+00
8.006199440031518400e-01
1.224020476509648070e+00
4.444334435666686400e-01
-2.076773680702798774e+00
-6.729808032859418976e-01
2.221588856631399184e-02
4.095330609842133818e-01
6.573770446767430720e-01
1.000362540162278213e+00
4.503973252492021184e-01
2.783231267743305759e-01
2.346617803368266364e-01
-1.714470312448312272e+00
-6.600683490423164823e-01
8.380263128922466054e-02
3.835011821945650268e-01
6.570192441476793155e-01
1.089840477145965325e+00
9.929477221513453022e-01
1.370197988774706666e+00
6.422610399243443569e-01
-1.608735810110031528e+00
-4.224381515588652158e-01
1.218019337335500690e-01
4.750116265888923994e-01
8.079914436101727215e-01
9.401841329810718406e-01
8.392348620464280540e-01
1.059022669214862017e-01
1.576023212350848024e-01
-1.755178186638343796e+00
-4.939472043984705074e-01
7.148316001136069409e-02
4.237146950964231218e-01
7.553940781699808316e-01
9.023759647191665900e-01
7.519817554884080657e-01
1.095562885470848513e-01
1.759523261241788539e-01
-1.799873650203572373e+00
-4.510026330049430876e-01
1.822422711636877968e-01
5.564835465502736556e-01
8.298208095727924727e-01
1.072038756824053030e+00
8.050709749371215418e-01
2.877501729842030787e-01
1.156418951186094363e-01
-1.529974709311187953e+00
-3.496540062451076736e-01
2.053326917797414775e-01
5.671088959625458781e-01
8.853940906073350936e-01
1.023207867961605455e+00
9.390458953882787618e-01
3.533581932832868810e-01
7.256053541450521727e-02
-1.503019862714210619e+00
-3.054095856356627281e-01
2.487592527681248833e-01
6.104956461655821620e-01
9.236135174900145239e-01
1.078313620624795188e+00
9.731614160776366207e-01
2.217360631698352680e-01
9.051966643067704821e-02
-2.086001439767676491e+00
-9.978952271353604964e-01
-2.202384466328775880e-01
1.545827259209801852e-01
4.622890418090205289e-01
9.034143935120018121e-01
4.736295780366124308e-01
8.557998252001700612e-01
1.910151718393551801e-01
-1.655508431202424413e+00
-4.666775746486893084e-01
6.469909395981450484e-02
4.122083931914468091e-01
7.548784925537749269e-01
8.685374970659666127e-01
7.801291410859999553e-01
9.861764398202063631e-02
2.378515987225408301e-01
-1.724302029852873286e+00
-4.012774099547456452e-01
2.969746166402030263e-01
6.749914586768789304e-01
8.952520732246186386e-01
1.267391175154646277e+00
8.839178503778200024e-01
8.251234319191447231e-01
4.025734029523289625e-01
-1.624094778089754998e+00
-6.995758769730081594e-01
6.200186950339021258e-02
4.070616477541963429e-01
7.033243912472827430e-01
1.146553577976928029e+00
8.727181504833203540e-01
1.310300425265998436e+00
5.575809222058649706e-01
-1.654653084097999383e+00
-7.793784299694637152e-01
-6.148639642955404210e-03
3.557804364300021227e-01
6.522853620191754187e-01
1.099054169464632302e+00
7.300279171651564702e-01
1.198359720262422545e+00
4.776477556350032239e-01
-1.844052268155555341e+00
-6.901660921594854337e-01
4.737330109596526312e-02
4.166301518577691931e-01
7.372011398407105620e-01
1.179659941818403723e+00
7.228788554212900452e-01
1.151245211828671122e+00
5.320369048543118762e-01
-1.969296261969271988e+00
-8.498033483924938292e-01
-7.948334318426726608e-02
2.624563355756784344e-01
5.551707227927266119e-01
9.881139428513444622e-01
6.479382242635562950e-01
1.094911415349607342e+00
5.310230806759028699e-01
-1.622252491235235627e+00
-4.280832873991414211e-01
1.029781092465967690e-01
4.543885714433924528e-01
7.910166900117873157e-01
8.948248077404508116e-01
8.229752433657012700e-01
2.084531039396497476e-01
3.773971102337956296e-01
-1.611880470613384242e+00
-4.241756382097860989e-01
1.081452441934222797e-01
4.627051388462588011e-01
7.931233624407004745e-01
9.385043679387299331e-01
8.146495006375975567e-01
2.395295037528201998e-01
3.527712360665278823e-01
-1.972098417951992255e+00
-8.791063157984418952e-01
-1.106064152642568243e-01
2.225568342685432799e-01
5.073697005056944098e-01
9.433491938720424130e-01
6.491967227572726928e-01
1.105985698908154680e+00
6.110641334097838273e-01
-1.818115422240956791e+00
-4.967974146386348044e-01
7.556667280616369275e-02
4.327873097458982410e-01
7.526640158750868004e-01
8.658770586621532539e-01
7.488804232812916739e-01
3.381380781276852043e-01
4.284325673440930737e-01
-1.508216700830150803e+00
-3.218102873099261685e-01
2.391771760764960786e-01
5.979619076550770629e-01
9.133552446505114331e-01
1.021331230705712079e+00
9.748837544288092571e-01
4.065526981744414514e-01
5.631258315905451894e-01
-1.542042978698186406e+00
-3.449753804322436279e-01
2.099222884253873767e-01
5.709078901757739244e-01
8.892924846683223361e-01
1.042203621885291920e+00
9.314927693489499783e-01
3.852560930627491054e-01
5.086896231089620413e-01
-1.796299928007205171e+00
-5.702563450180984095e-01
1.326775562389217733e-01
4.889093494866026957e-01
7.982409570281258082e-01
1.244420086219183874e+00
8.144313028058333126e-01
1.195505527739332052e+00
7.000587344914797061e-01
-1.824422604373780121e+00
-7.658661565257133264e-01
-1.169752092245246282e-02
3.084660521350410800e-01
6.016423041573724095e-01
1.029153945704505357e+00
8.252645978123450687e-01
1.254463508390124771e+00
6.056016505695193120e-01
-1.945594471929625646e+00
-6.377547017348124125e-01
5.721696300895228599e-02
4.434974615422700994e-01
6.797045265952869064e-01
1.048503860193860326e+00
4.901111960893931863e-01
6.432536765012102364e-01
6.595407115263848263e-01
-2.138389043656326205e+00
-9.867649315552703415e-01
-2.055120259736367416e-01
1.532926110459153779e-01
4.461574452323996409e-01
8.823313108856883913e-01
5.835185321044289442e-01
9.850430432143135739e-01
4.799487214124409928e-01
-2.910087293252345386e+00
-1.826195646324843658e+00
-1.464903075749824923e+00
-1.250927254058206595e+00
-8.439112028976761826e-01
-5.736848761466531998e-01
-1.566088544959907403e-01
1.957271202883346106e-01
3.457754685980560794e-01
-1.796537969032296234e+00
-6.409623376393610572e-01
-1.373864941909779813e-01
1.896422906532185537e-01
5.465412677990385548e-01
6.887316747645139126e-01
5.501622493499883637e-01
3.740753350615823591e-01
5.688708539146101195e-01
-1.810651631115889559e+00
-7.025523756584123314e-01
6.267151746814372815e-02
3.558386232048200148e-01
6.420472500791004622e-01
1.063980243734909070e+00
1.012961640993972123e+00
1.404517627078951447e+00
7.834643840986911245e-01
-1.938618567225676825e+00
-6.888419561357415066e-01
2.136371714929762716e-02
3.986390814957614381e-01
6.648173185582773037e-01
1.083704453356684416e+00
5.569313107252440442e-01
7.437613125348436771e-01
6.597833934580439319e-01
-3.017042355064345038e+00
-1.728682869068911776e+00
-1.178032783386028681e+00
-9.525374119992836563e-01
-6.538155961131363325e-01
-3.823803899629731884e-01
-1.038538462368315679e-01
2.617079154322407564e-01
3.717855802316572533e-01
-1.746997205054349411e+00
-5.909937980338679786e-01
-7.611928153479703696e-02
2.586811737689867496e-01
6.132213192677573588e-01
7.338949700538109910e-01
6.191852919960628698e-01
2.785095241241703490e-01
3.327759725698156701e-01
-2.190964188735407880e+00
-1.098428195507335836e+00
-2.907876876700621338e-01
1.163415786369392801e-01
4.237941647774401965e-01
8.924985569543821828e-01
3.434372204211411095e-01
7.416245870802550266e-01
5.817531368111306112e-01
-3.002759097906757546e+00
-1.605099835976858236e+00
-8.826417985184660253e-01
-6.065428856572423477e-01
-3.279814834755721553e-01
7.639902282208749229e-02
1.594392228219994045e-01
5.141036682762193388e-01
6.775818031994246260e-01
-1.868651274243231075e+00
-4.586421860561303854e-01
2.361883557217222540e-01
6.100630314112647223e-01
8.337055699783976204e-01
1.214536469048163703e+00
8.365738712357468909e-01
8.638440787421279854e-01
7.425376648113352074e-01
-1.666215003530645999e+00
-4.829981668699373509e-01
1.984406332662102534e-01
5.752276605382159458e-01
8.265108549251445336e-01
1.252245464463920710e+00
7.349932653436720420e-01
1.061059006549381900e+00
7.781402681384010922e-01
-1.825697416225894321e+00
-7.166775694939457875e-01
2.452333942393621069e-02
3.273548385064651844e-01
6.182916699173731656e-01
1.041218294560437130e+00
9.611173812862847665e-01
1.359969918573432635e+00
7.379552713714491174e-01
-2.009777494457838820e+00
-9.468238998449362009e-01
-4.936846361196468025e-01
-2.037590998799363728e-01
1.898870553090377944e-01
2.850110783986985474e-01
2.023366968825776047e-01
4.004124091411574021e-02
3.388896252225949146e-01
-1.699317901915817330e+00
-3.544337307518726221e-01
3.358900663375110063e-01
7.138568645467192608e-01
9.302910188899186084e-01
1.304969186115933821e+00
9.511266964772113752e-01
9.243861706078049245e-01
7.564469212040434432e-01
-1.607961996183990383e+00
-7.038545947833136918e-01
4.787780864096483763e-02
3.861394319874234538e-01
6.967011881433340381e-01
1.150448939638703871e+00
8.970322907854807459e-01
1.326719021514280561e+00
7.727589751344950963e-01
-1.758145620084681671e+00
-5.176271501662617069e-01
1.768061240574544390e-01
5.203201777500995329e-01
8.125836087663981244e-01
1.238542185429678977e+00
9.052678851917297376e-01
1.324572510364533828e+00
8.893533132624660276e-01
-1.663062274043346278e+00
-7.996914588291884618e-01
-2.827019666518216026e-02
3.169976611319977322e-01
6.326847662301072761e-01
1.086640211848318049e+00
7.896782854603539015e-01
1.224196352794399978e+00
7.317458057553454243e-01
-2.786786506325829915e+00
-1.840896636880305692e+00
-1.617991561062400718e+00
-1.411783833342072469e+00
-9.343094747171636349e-01
-8.021860733422629952e-01
-5.321087475958257151e-01
-3.029534006074515728e-01
5.339053171723185942e-01
-1.512147260424525186e+00
-3.145661916494563726e-01
2.551842836107964807e-01
6.189836608841815524e-01
9.289762398744763061e-01
1.070623335091176465e+00
9.926864797125192208e-01
5.681409644770423206e-01
4.974001196668759728e-01
-2.554491120694538875e+00
-1.595876385538909314e+00
-1.282965700024169875e+00
-1.054674057415027955e+00
-6.113659031400388022e-01
-4.782355276277358014e-01
-2.213679216748864753e-01
-2.319133626030311229e-02
4.020707772740282349e-01
-1.586892251077696825e+00
-3.755490112090467680e-01
1.683261067043042014e-01
5.217691671936522946e-01
8.462554582199423026e-01
9.297909873912517664e-01
8.850450275205568040e-01
3.869266603542282357e-01
6.780048644949691061e-01
-2.821431929067199196e+00
-1.842884085530491767e+00
-1.511359104215855620e+00
-1.305525229347457739e+00
-8.938432682855870226e-01
-5.665100739402663121e-01
1.120821828968454198e-01
4.815988915797201897e-01
6.774344521170704292e-01
-2.230849631315983572e+00
-7.914961384251359977e-01
-1.498482887207022440e-01
2.116908185383382102e-01
4.953426509507265485e-01
6.672578997628632047e-01
3.668432545469592077e-01
2.469987163129975516e-01
6.409366168466241742e-01
-1.579779393964378054e+00
-3.747607360679584554e-01
1.837696414468625861e-01
5.434191763373703576e-01
8.641717774282360320e-01
1.015027569015993780e+00
9.029902403537848343e-01
4.739219432886365158e-01
5.335854138862728968e-01
-2.257532163356672950e+00
-8.701369984428841686e-01
-2.280489070216301650e-01
1.298863310780954683e-01
4.103545078766654419e-01
5.962800961668647259e-01
2.533120780636854974e-01
1.725185776421975237e-01
6.328493344589277703e-01
-2.224409405110439497e+00
-8.504071263594447094e-01
-1.744213790461569547e-01
2.043401647604705940e-01
4.509720014815393752e-01
7.723205440980485115e-01
3.222439199031031931e-01
5.769888618768435062e-01
7.347242473205923829e-01
-1.728658866991731990e+00
-3.461044087675065328e-01
3.214441544829321207e-01
6.908002910631099169e-01
9.156945662326202440e-01
1.216670267049887677e+00
9.741355680861899513e-01
9.121118220513091401e-01
6.882497922077374097e-01
-1.737641440159534145e+00
-5.228915266737416134e-01
1.172939008301484773e-02
3.574981140442617389e-01
6.986138997700219733e-01
8.485094270922944881e-01
7.089568417342140272e-01
4.973372920757985760e-01
6.837912796668011994e-01
-3.033164477821677973e+00
-1.776063644284162635e+00
-1.336447166284035593e+00
-1.136924263420894921e+00
-7.590382978689468318e-01
-5.622666209164418616e-01
-5.325804659557538123e-01
-2.150193937674556299e-01
5.861961115153737634e-01
-1.622104578074542447e+00
-4.111407736869518992e-01
1.324869087350844243e-01
4.866931114572523032e-01
8.145158529140376080e-01
9.644403147406148680e-01
8.466937773526713729e-01
5.152487067574417212e-01
6.889104210625776048e-01
-1.803689584283385106e+00
-5.113043051793443317e-01
1.856963194510010962e-01
5.675556187928204599e-01
7.947757697384622011e-01
1.187280484353580468e+00
6.950910466528129605e-01
8.439753214993436226e-01
7.904514143744560961e-01
-1.906400974978407215e+00
-5.508175589765745839e-01
1.534681589384220834e-01
5.252410752063993993e-01
7.555840221406997514e-01
1.112822182120935866e+00
7.164570367255831407e-01
7.264900832882751347e-01
7.570809441548307372e-01
-1.787487985180939543e+00
-4.673301742487470101e-01
2.218891107458183798e-01
5.931656085027682268e-01
8.285448917065025842e-01
1.238123854879098262e+00
8.295824268529505829e-01
9.903837416536627192e-01
8.042298432067082059e-01
-1.813007029599636777e+00
-6.575094487611433669e-01
-1.569328902856938768e-01
1.632799213677102457e-01
5.296777174686199130e-01
5.792429934839993244e-01
5.049130299400965693e-01
8.399528320847107765e-02
6.318639932870755427e-01
-1.597063999042748872e+00
-3.518169891435634078e-01
2.175602206347150291e-01
5.792272190061888981e-01
8.918644283556701469e-01
1.055007278805906168e+00
9.342053357394751734e-01
5.309693801127406410e-01
6.865752696220303042e-01
-1.610916762512037081e+00
-4.009079572528835844e-01
1.397763152544004295e-01
4.940383625988216676e-01
8.224733106515788039e-01
8.972889552620691989e-01
8.518443508699869993e-01
3.779762007415323199e-01
6.995288438712785606e-01
-3.071730620586730520e+00
-1.716327984674689500e+00
-9.240410900103950276e-01
-6.171244855070304736e-01
-3.116409877087376601e-01
4.005527013261633157e-02
-7.180865317520430946e-02
2.857284017798130127e-01
4.850005669791168095e-01
-1.870663250210909512e+00
-7.012181293583997777e-01
5.551388261354767845e-02
3.517970685773607054e-01
6.337494507950081069e-01
1.059487678691081403e+00
9.283649278991511489e-01
1.354917830757766728e+00
9.756499615012477200e-01
-1.665492829180124090e+00
-4.638910527865066635e-01
6.631100138252461751e-02
4.109564012468275296e-01
7.515943436218524010e-01
8.161890514590089962e-01
7.665965072630300803e-01
3.309348861907380757e-01
6.777989006199790500e-01
-2.963292977441753795e+00
-1.803206427006154078e+00
-1.496492387894044818e+00
-1.305305474128337639e+00
-8.414230096556379879e-01
-6.948204478320075816e-01
-4.252220853043486293e-01
-1.322895247738980207e-01
6.247439789060107440e-01
-1.756149337364036667e+00
-4.597338012445904565e-01
2.209526189899079229e-01
5.902055761780499177e-01
8.141991318286303514e-01
1.205260907485520727e+00
8.214644424281196677e-01
1.036145026895245014e+00
6.943369427996886056e-01
-1.971437238559422545e+00
-7.164554968739019758e-01
-1.726960692237145822e-01
1.594491192699313831e-01
5.095746901156276154e-01
6.866023574604747104e-01
4.939389072997776298e-01
5.456952884404888682e-01
7.354637489235268388e-01
-1.649090019593075773e+00
-3.224389678148442684e-01
2.942988896024272272e-01
6.572718409155584585e-01
9.344485804450302080e-01
1.103215544003789850e+00
9.768326718277721143e-01
6.339419093635334512e-01
7.991697880266622755e-01
-2.422050402798292534e+00
-1.181798166624703272e+00
-3.853067599053591752e-01
1.644350669873915344e-02
2.896515872035309580e-01
7.358356475941425501e-01
4.088324209065478665e-01
7.761282918108688422e-01
8.373094695647489427e-01
-1.983393074493049468e+00
-9.048329896662867800e-01
-1.063524977017712286e-01
2.596211804498694264e-01
5.761505186122177768e-01
1.034646967367025328e+00
6.616911459414277497e-01
1.101062835819582197e+00
7.597875746337163783e-01
-1.607984881242678910e+00
-8.017467929868778986e-01
-3.731340038292959432e-02
3.011258776126234937e-01
6.221123541110874511e-01
1.075415302067421974e+00
8.013241922391591832e-01
1.236677752684711473e+00
7.986313679855169267e-01
-1.672161156651047920e+00
-4.746187200929540273e-01
5.463340484965822919e-02
4.042051697118048126e-01
7.430300083343036599e-01
8.876254001166904439e-01
7.715677952611066370e-01
5.555800086147141270e-01
7.417720694586916741e-01
-2.871606968592685494e+00
-1.551070944670124518e+00
-9.563813165701348096e-01
-6.712890197808910608e-01
-4.183098550899745915e-01
-8.902861584204524795e-03
2.546133706692874088e-01
6.243138150055425051e-01
8.032479554635610919e-01
-1.914390964599397504e+00
-5.408368248902440945e-01
1.416544743718808064e-01
5.129115758007304349e-01
7.384712982275579707e-01
1.094406551073612954e+00
6.864417691782493947e-01
8.665949597982811614e-01
6.572261023992493900e-01
-1.751319770749500959e+00
-3.645332465869040028e-01
3.065654943783283071e-01
6.832571574169693518e-01
9.232319414736260832e-01
1.228093350334876988e+00
9.520979967745941686e-01
7.750641697648767980e-01
8.087876146308456971e-01
-2.052234132493579999e+00
-7.135994574053634576e-01
-5.634954009438872605e-03
3.727600154525779752e-01
6.119492451651283860e-01
9.824213253873264051e-01
5.137633655052709081e-01
5.967339915355591717e-01
7.671739836173007143e-01
-1.948699628341824308e+00
-8.335376715051500129e-01
-3.594082288629639188e-01
-5.629594180865284819e-02
3.197671029990490910e-01
4.630501470401979236e-01
4.071758432667516026e-01
5.362608176188182751e-01
7.430739057386868129e-01
-1.740368526674836547e+00
-3.906891055374288046e-01
2.663472363493951112e-01
6.396657716946192451e-01
8.793262269836542577e-01
1.137069654126993790e+00
9.136962407713102863e-01
8.096213262092311069e-01
6.683857042779187685e-01
-1.771998940254254418e+00
-4.384875853144260538e-01
2.459460699812646978e-01
6.277428395519722981e-01
8.552526890377154523e-01
1.201169486523145702e+00
8.369598871676866558e-01
8.085097520096365953e-01
8.236466815068707037e-01
-3.293401199046305905e+00
-1.667003705819459114e+00
-8.961559545420706430e-01
-6.398855738835078633e-01
-2.910558005135974180e-01
6.750380675611959702e-02
-3.896165701184062247e-01
-8.827043856114842602e-02
6.712819056872008083e-01
-2.236199602658992980e+00
-1.105145245408012178e+00
-2.997072992782126577e-01
1.142403040892865235e-01
4.171531820018369863e-01
8.877260091766825401e-01
3.674257066068934430e-01
7.441468277354321703e-01
7.329750168793668363e-01
-1.867872440297410952e+00
-7.665303359628280466e-01
-9.255888055181680715e-03
3.247289893583599207e-01
6.089748060156586762e-01
1.042147271161764088e+00
7.728009116360023967e-01
1.210085356061395778e+00
9.382556658275496009e-01
-1.740190919955381776e+00
-3.316973852233078279e-01
3.219526158561292206e-01
6.938446898899872650e-01
9.377290002808792435e-01
1.198733478951608644e+00
1.001401695329494190e+00
8.507903160169415502e-01
6.691967550689814637e-01
-1.552254421448766353e+00
-3.383128047924609527e-01
2.123487010555984711e-01
5.713699275396290078e-01
8.876472751776642856e-01
9.742735383684135719e-01
9.256647611400049547e-01
4.954315919018166259e-01
7.677191941134163811e-01
-1.916857089122438351e+00
-5.537540369941728047e-01
1.184013621777323111e-01
4.972483182253361611e-01
7.508780468896522065e-01
1.030398773262598100e+00
7.005109986707145353e-01
6.491329501741434083e-01
7.740811894744872301e-01
-1.680340673918701677e+00
-6.081561415734900722e-01
1.240385351365164146e-01
4.237260494421943857e-01
7.051631573774120865e-01
1.130493056847841071e+00
1.009463746015464292e+00
1.403458071490079284e+00
1.041871503542276534e+00
-1.785925788526294689e+00
-6.810924030195070200e-01
5.656970210790536469e-02
3.538202931924888661e-01
6.582396663535527992e-01
1.082657822494430322e+00
9.806483533241290296e-01
1.385110642772660716e+00
8.166474804528260911e-01
-2.845314268221263987e+00
-1.491666164372162262e+00
-7.093693566930944217e-01
-3.362477118821722843e-01
-6.440176377833572996e-02
3.326389980902318411e-01
6.742848552490603165e-02
3.748596481651881307e-01
5.546529766792027694e-01
-3.031178851107559691e+00
-1.644878611736073193e+00
-8.581029448453334485e-01
-5.777178567019846112e-01
-2.368026770681223581e-01
1.335683382382150675e-01
-3.525039109171410057e-01
-6.584044383652178090e-02
6.950983877840042346e-01
-3.113999659659949071e+00
-1.480113465852099575e+00
-6.941552865219440260e-01
-2.914735733697263464e-01
-2.789258777371177514e-02
4.045137201629429580e-01
3.386830724318762864e-01
6.984130578044843718e-01
8.579482275803637092e-01
-1.769203415716068983e+00
-6.098073622904963687e-01
1.160044856418265269e-01
4.396099815494718399e-01
7.309009201438584347e-01
1.156217697239532383e+00
8.992519708575482662e-01
1.325786296405403908e+00
9.858538748216746361e-01
-1.809941676514877251e+00
-7.780773517882605406e-01
-1.475410960855471319e-02
2.890419094590570559e-01
5.739367578277883020e-01
9.988623471709578983e-01
8.232106455959978808e-01
1.279537631877178505e+00
9.416257782773950202e-01
-2.683717843084698185e+00
-1.871750001295315657e+00
-1.586320000585124346e+00
-1.379392755593500830e+00
-9.540717180117322949e-01
-6.344057618530922760e-01
1.617409377409684823e-01
5.364873627507187326e-01
7.535220669106467151e-01
-1.657178738966690545e+00
-4.630100220123675170e-01
6.550977247043965335e-02
4.126892672641319093e-01
7.527059783932610326e-01
8.584893768424605165e-01
7.827673890422306435e-01
4.496779826111079736e-01
5.442436121842080254e-01
-1.867277039675826922e+00
-7.472639961361289274e-01
-1.775913066427042527e-03
3.389928385412493417e-01
6.229624945833012184e-01
1.055004350828242954e+00
7.692365552602051793e-01
1.200674606607967210e+00
9.589135831904079810e-01
-2.717151549395201648e+00
-1.360523450595490180e+00
-7.515798374526357906e-01
-4.497231821348499081e-01
-1.729655042344864224e-01
1.690923191350665045e-01
1.834069228821486597e-01
5.398051355131167073e-01
7.215325322903344274e-01
-1.536582097973052674e+00
-3.123635505181408534e-01
2.572837898565183967e-01
6.188248426438975880e-01
9.277632115623763998e-01
1.092034536836535397e+00
9.835715686420921644e-01
6.221586135420401620e-01
7.897957143703019378e-01
-1.673762408124512380e+00
-5.027676585359174277e-01
1.849152776079356353e-01
5.299828217849460454e-01
8.205952876542470520e-01
1.245532495232439807e+00
9.121395226756363606e-01
1.331270721523780232e+00
9.932795482965310896e-01
-1.940278553983154630e+00
-5.439479452890271238e-01
1.011405145241325992e-01
4.741047893496724841e-01
7.417255612395460274e-01
9.243071333463427353e-01
6.961459332974868630e-01
5.120688632780145966e-01
8.057381447443219269e-01
-2.759928216773352982e+00
-1.809262589726678305e+00
-1.519585710913767596e+00
-1.299788220053857968e+00
-8.686912661385914891e-01
-6.129028604681131531e-01
1.873394306469233078e-02
3.141976758667940905e-01
4.886010414786262079e-01
-1.759541391328943494e+00
-5.929633099177140654e-01
-8.274946226126586590e-02
2.420500687660932237e-01
6.014119748355545303e-01
6.454810884964270468e-01
5.878979953206571185e-01
2.102537240314845401e-01
7.500674497208762448e-01
-2.086271649834856579e+00
-7.077791235068281450e-01
-3.781570349833080630e-02
3.398117609290051688e-01
5.808295811253396668e-01
8.281788552441133877e-01
4.889436636761326227e-01
6.157500762724168464e-01
6.308151738130381991e-01
-3.150299560995584613e+00
-1.754676326346972681e+00
-1.159171655677697865e+00
-9.642130952433175528e-01
-6.583789305049055907e-01
-3.654692450162956852e-01
-3.913808797639319326e-01
-6.337843422489833345e-02
7.272495876639318846e-01
-2.184594575327471144e+00
-9.862250647032945183e-01
-1.940813647284391208e-01
1.865929066798954761e-01
4.668286580647906248e-01
9.068676026735839057e-01
5.428335025405648384e-01
9.367402084454828914e-01
9.211168023868918642e-01
-2.137665509005564957e+00
-1.046233646234773662e+00
-5.942503005002731653e-01
-3.297805981440544154e-01
7.949828368723912964e-02
1.146268453559351891e-01
5.812556670224484218e-02
1.736536063583504416e-02
7.299968792689258690e-01
-2.018096357243531092e+00
-9.409810282788955149e-01
-1.743836252241166840e-01
1.796820132075871435e-01
4.637427815974368150e-01
9.014957363626793230e-01
6.139403768429474439e-01
1.039216751705722253e+00
9.237493804295791033e-01
-1.537403964325569694e+00
-3.204546415346475330e-01
2.395842665934588556e-01
5.997369742869526066e-01
9.134379144301081332e-01
1.018223359471186695e+00
9.657994007313907003e-01
5.809493821454532192e-01
7.224728999571113919e-01
-1.866830209610984337e+00
-7.119214983893205062e-01
-2.221189624911293348e-01
8.957173855515039584e-02
4.633413345517226056e-01
5.003172614723663258e-01
4.328292928600799283e-01
1.500665558247536446e-01
7.448432587488161838e-01
-1.846728895584987429e+00
-5.914027757720091705e-01
1.014218843771793194e-01
4.592682020350336569e-01
7.650362925496756450e-01
1.199632453162012613e+00
8.098718903589493534e-01
1.173341282115649031e+00
8.796534179582178314e-01
-2.488353650180613830e+00
-1.846343659112697821e+00
-1.566721752923703859e+00
-1.357263184743432660e+00
-9.307921996625430072e-01
-5.811954066659594798e-01
2.174109568212432009e-01
5.877382141184595010e-01
8.013262666838182335e-01
-1.822638511041391629e+00
-7.620145024715924142e-01
-7.573692595535999779e-03
3.013331294162066576e-01
5.800897872027377389e-01
1.013102704959756739e+00
8.346382402950658363e-01
1.267396305430949388e+00
1.010835760247780879e+00
-1.922790463954809681e+00
-5.526673708499402204e-01
1.320953710525934466e-01
5.071437176903335065e-01
7.461832751073792513e-01
1.002818187247002113e+00
7.076178385279989769e-01
6.146154255945325273e-01
8.426800684328147328e-01
-1.851420715241323567e+00
-6.884908682380342926e-01
2.770151426768459671e-02
3.771127571755022445e-01
6.802331397868952578e-01
1.098579311710578876e+00
7.480632198860615034e-01
1.152753322939094938e+00
7.607582503228053072e-01
-2.071762281798976257e+00
-8.630069693664299546e-01
-8.983481295762092700e-02
2.370549104443792909e-01
5.372133397258732623e-01
9.655389945177421662e-01
7.627343152428883721e-01
1.191717592075986820e+00
7.385829396164927951e-01
-1.748851705863867512e+00
-7.226602715234449192e-01
2.903532507519171468e-02
3.678463211209307970e-01
6.878534214868443630e-01
1.137932250375701893e+00
8.832921900991456132e-01
1.312410966125261647e+00
8.954400028492569552e-01
-2.087292956729972726e+00
-7.883399937596771156e-01
-6.312212163383283670e-02
3.250744340594404758e-01
5.750253941123798507e-01
9.771176057145829486e-01
4.601064678583752232e-01
8.034269597036185484e-01
9.179858958178495065e-01
-2.129100036513761118e+00
-9.096802907124181825e-01
-1.470127893509866335e-01
2.297807420380313104e-01
5.430947555414465944e-01
1.005329212136754524e+00
6.150305080106917011e-01
1.042728672545580659e+00
8.360882441827554024e-01
-2.025012722928901443e+00
-9.432859192493109335e-01
-1.611545902850887724e-01
1.702412091837507968e-01
4.537368447146323813e-01
8.910748366895367978e-01
6.510870724528665665e-01
1.090161467627164704e+00
9.411672537410533668e-01
-1.633288174731178266e+00
-3.110568764545562637e-01
2.859290208766981922e-01
6.536126429425376250e-01
9.477703390535306971e-01
1.136992076531524010e+00
1.005666964853672463e+00
6.714701828499037850e-01
8.344117499748610056e-01
-1.736447573066236538e+00
-5.946877014124110072e-01
-8.468469051916949208e-02
2.493641117957505760e-01
6.062444290994641882e-01
7.158755161417504898e-01
6.295761616190707066e-01
4.302600414325060130e-01
5.614391299885185260e-01
-2.746390457650613293e+00
-1.816152927090383340e+00
-1.584053609103417193e+00
-1.377807340758517851e+00
-8.946533203983225713e-01
-6.995703502579734279e-01
-2.333354724619035314e-01
2.234065043844886064e-02
7.676621107501151453e-01
-1.771757153109285943e+00
-4.111691928529564999e-01
1.906175802978827272e-01
5.560506135767888658e-01
8.492476319454317357e-01
9.770216547039228816e-01
8.399306259479393244e-01
5.747188368254575463e-01
8.720149203135854066e-01
-2.668985790968673832e+00
-1.904223432074228395e+00
-1.638002442088942079e+00
-1.429927829950852436e+00
-1.006643022006462385e+00
-5.781751531107122144e-01
2.632328668822338513e-01
6.339116815807973593e-01
8.420781845358864537e-01
-2.168737096878692761e+00
-9.305980125977101336e-01
-1.673231887401518958e-01
2.038345812570999394e-01
5.166945774539081215e-01
9.767780718419301067e-01
6.181472080836687422e-01
1.043922550796354098e+00
8.517345911377373069e-01
-2.106067707663513033e+00
-7.028200117863332430e-01
-7.288736343887977642e-02
2.932317546767688743e-01
5.836500467650226343e-01
8.293771211512630526e-01
5.495360211315610810e-01
7.041830353187865654e-01
8.884639985496338710e-01
-1.622420834328735184e+00
-4.350131193476285962e-01
1.077589790352283944e-01
4.628064227409060538e-01
7.935219824356173346e-01
9.443808797859354343e-01
8.341850501627762204e-01
6.630810653574041869e-01
8.560903574893868884e-01
-1.649900622273874795e+00
-7.608702931747526321e-01
-1.206424707314658791e-02
3.367043720063530032e-01
6.508941060719366511e-01
1.103653834679982682e+00
8.432542508745989318e-01
1.274746957791279556e+00
9.089424959058723941e-01
-1.764227817108203977e+00
-4.805399524571288827e-01
2.008026808258247253e-01
5.610300369411936883e-01
8.215466038345644595e-01
1.246525125474715390e+00
8.412087243914708745e-01
1.106160998313174160e+00
9.301783563191116100e-01
-1.561448357896403349e+00
-3.802566117911359012e-01
1.602126686523603349e-01
5.204895304966601355e-01
8.455532046092817389e-01
9.810004080087196821e-01
8.932978142104704977e-01
5.734018525488769891e-01
6.576801388300633766e-01
-1.980423115196715766e+00
-8.569988648802774334e-01
-3.909282781922911454e-01
-1.052967765757081980e-01
2.882967320847809045e-01
3.172514669213176153e-01
2.613580187763660523e-01
1.163267115408289087e-01
7.961439860859174100e-01
-2.834255942318834265e+00
-1.679361845136943199e+00
-8.602101286404152392e-01
-5.165626626725908777e-01
-1.918352649288668499e-01
2.124705067011200821e-01
-1.927887071124289864e-01
8.299998264096968004e-02
8.005554428548343759e-01
-2.314459211034888053e+00
-1.195218283752485622e+00
-3.898329182435752438e-01
2.407380100703021900e-02
3.249681934624505941e-01
7.971081990370969539e-01
2.776233397071508624e-01
6.034228242526551433e-01
8.281584005435215223e-01
-2.476842973020018324e+00
-1.539269762294138477e+00
-1.196526200672891393e+00
-9.624776614124148644e-01
-5.438880895866865517e-01
-3.116947450627288729e-01
2.677502114056983795e-01
6.339174006325666300e-01
8.451058962626573079e-01
-2.101562789256961938e+00
-9.590461921031318004e-01
-2.089208084921971575e-01
1.729503197500255052e-01
4.804582031044852264e-01
9.285302320755536298e-01
5.503062772485443066e-01
9.359723482050595900e-01
8.322395301641939414e-01
-1.934880975254886337e+00
-6.556001136224501868e-01
5.871516236562503849e-02
4.434782164612029454e-01
6.942210182365790017e-01
1.105836949613558939e+00
5.785372552038842153e-01
9.124809051764962708e-01
9.673223606483273285e-01
-3.131376178333191707e+00
-1.690129872820770762e+00
-9.037580600390450192e-01
-5.956079431220473452e-01
-2.880424175798099173e-01
9.555050843436745101e-02
3.734006303081180977e-01
7.486590328105452441e-01
9.357078732077076522e-01
-1.885822243933531928e+00
-7.749129390832300013e-01
-2.832877698590797189e-01
2.868730241287679658e-02
3.983839463783653279e-01
5.441183043464626889e-01
4.878726037154164641e-01
6.382976997489093751e-01
8.512476781511871815e-01
-2.976497432094301843e+00
-1.858473425194515638e+00
-1.566052525302641829e+00
-1.373327937026908030e+00
-9.049703922526470823e-01
-6.631924979952404930e-01
-1.442197246568201474e-01
1.381890059012836902e-01
8.090671732216976331e-01
-1.554464861942668641e+00
-3.706993361288094535e-01
1.759949582529332646e-01
5.377906856174017314e-01
8.583611882462147680e-01
1.010333502377847026e+00
9.065655017706631957e-01
6.681452514651263774e-01
8.608992713968157684e-01
-2.271255847180150944e+00
-8.891952033309840076e-01
-2.397508374151688382e-01
1.171538501180588027e-01
3.864149119031701773e-01
5.569652501442767800e-01
3.316181779410737329e-01
5.429700471733247547e-01
6.852396719061665253e-01
-1.968909745906602948e+00
-6.540462720090526316e-01
2.389512444663086793e-02
4.004147310040354624e-01
6.371862608373848325e-01
8.919948240270291206e-01
5.649925423999905272e-01
6.991984975490354026e-01
7.212751325650784695e-01
-1.879808072901803406e+00
-5.261403799300086170e-01
1.548317487104629853e-01
5.267699381509804990e-01
7.762316945489542430e-01
1.186571858739008611e+00
7.638094776191014512e-01
9.792540238257598784e-01
9.285610599910332219e-01
-2.719986128781832324e+00
-1.495629105344228327e+00
-7.055215414115062478e-01
-3.190187868014154327e-01
-6.132113878166411264e-02
3.474712854233180104e-01
1.987941538772271532e-01
5.776109097249071400e-01
7.512047960246350797e-01
-1.818342139299757187e+00
-3.821912526322652770e-01
2.981334390072344909e-01
6.697814767664577174e-01
9.067637976904721064e-01
1.166850012489316413e+00
9.224240025630965345e-01
8.087131460801996186e-01
9.390010109774163949e-01
-2.913984613034930948e+00
-1.664663257632332138e+00
-1.161838557774502512e+00
-9.013391622744807430e-01
-5.960782026872575301e-01
-1.791681084285096925e-01
3.496827317618398379e-01
7.329525628167042894e-01
9.259254095956929165e-01
-2.335316626328203249e+00
-8.955081398509000534e-01
-2.419640820048034047e-01
1.210296957121256706e-01
3.773345799930860056e-01
5.848300696259184361e-01
2.420307000144446552e-01
3.272121325701273786e-01
8.536625613449958516e-01
-1.574258018109145674e+00
-3.492257669060929715e-01
1.899511782370752189e-01
5.485649596796723371e-01
8.713190158950812059e-01
9.627823864492057737e-01
9.095178097974087050e-01
5.675508195714773496e-01
7.957432334909986249e-01
-1.941428176066843259e+00
-8.608509258528979080e-01
-3.946999101480049843e-01
-9.659523602858453850e-02
2.892222302434255266e-01
3.731256190996018463e-01
3.428215813948343182e-01
3.309294233538206953e-01
6.557752074304953327e-01
-1.845602125056045040e+00
-4.436022192703583111e-01
1.849879205933610826e-01
5.561734285376022102e-01
8.317947050061402781e-01
1.017803668250832017e+00
8.412140138377969256e-01
7.046935397651864497e-01
7.277985333131674617e-01
-1.688643002331363441e+00
-3.959139006931539084e-01
2.864534709109525235e-01
6.612319579341499054e-01
8.871947918993251525e-01
1.308183652233837480e+00
9.066572505361055745e-01
1.132863251068378707e+00
9.527575218464423568e-01
-2.603720065682463503e+00
-1.660681446497551006e+00
-1.353344760891569187e+00
-1.130336259099796958e+00
-6.780883988984082178e-01
-4.790359628144146842e-01
5.383900668903759956e-02
2.806325196518402176e-01
6.916134689531531210e-01
-1.762805054015387896e+00
-6.150201064892184544e-01
-9.863412599058908603e-02
2.347275634014429069e-01
5.920409224709722862e-01
7.191850849252515721e-01
6.194456528570382314e-01
5.149474722988316433e-01
6.669723740222270880e-01
-3.024494443203878724e+00
-1.606781472750312467e+00
-8.521962790344961292e-01
-5.643944656331248977e-01
-2.505947735358045603e-01
1.457636615927165868e-01
4.279212820123816097e-01
8.099039441165737374e-01
9.902957666142488957e-01
-1.792862908760977536e+00
-3.795363081976881325e-01
2.979422235915654693e-01
6.681747870815327728e-01
8.926871891542454973e-01
1.187624737248465623e+00
8.985793996025139840e-01
8.780297499465318234e-01
9.492935689139173627e-01
-1.783686359210804762e+00
-6.361814220484399707e-01
9.925727244322186948e-02
4.093668475800383288e-01
6.960486592978345488e-01
1.122333357018002964e+00
9.403651001112108831e-01
1.350730319188169881e+00
1.110718088428622741e+00
-1.930093175321573762e+00
-7.835503102403305054e-01
-1.649632457251703349e-02
3.012103339345912900e-01
5.992730289975105595e-01
1.025185198400387687e+00
8.880814540606737362e-01
1.307893451857838674e+00
8.813531706907733465e-01
-1.972630258103093226e+00
-8.485628251857550985e-01
-9.780264178388770047e-02
2.359008332761738658e-01
5.258882665320109284e-01
9.565412866039140205e-01
7.355168729191142729e-01
1.179936540985042637e+00
8.267522411360087586e-01
-1.575009385696834352e+00
-3.885962054484836670e-01
1.578796513645602251e-01
5.116664461094733163e-01
8.362646200933904206e-01
9.047137229231195787e-01
8.449357741166739766e-01
5.051998818462140051e-01
9.093697728326969321e-01
-1.769585411067681413e+00
-5.943969594935308853e-01
1.089586866389217756e-01
4.542109189906098909e-01
7.686496870980649154e-01
1.204020625545145329e+00
8.561749620366899682e-01
1.247254332728822135e+00
9.753958447611600358e-01
-1.597296339689163513e+00
-3.156901271278947374e-01
2.628154407092241907e-01
6.231191196899690254e-01
9.254113281125559975e-01
1.031163450669375647e+00
9.435463743473122555e-01
6.284863095241609576e-01
9.388497604463725832e-01
-2.737028880415709686e+00
-1.785117231784527636e+00
-1.531665771284038913e+00
-1.323543038951379813e+00
-8.481164622410347631e-01
-6.108209852627322078e-01
-9.209763732571409067e-02
1.500601750109721022e-01
8.549044798351248531e-01
-2.940786742907623097e+00
-1.719817801550815650e+00
-1.252357254573215783e+00
-1.042431360821993724e+00
-6.625454929424251516e-01
-4.637820268717069427e-01
-8.075876046470729930e-02
2.027278044342147867e-01
8.653360482493652750e-01
-1.678698388171836475e+00
-6.571357234733790076e-01
7.147299596185834047e-02
3.646171496535151046e-01
6.581418678890049723e-01
1.079677465969213657e+00
9.337338090074943642e-01
1.373953256974105752e+00
1.021615462712906819e+00
-1.515992771171161380e+00
-3.098504347012151494e-01
2.550076213731314323e-01
6.173053125453837886e-01
9.278275314767957527e-01
1.081520076060193292e+00
9.918668528304607213e-01
6.648616783951274423e-01
8.111906458021240773e-01
-1.689557996971766229e+00
-4.216241170834910679e-01
2.610489927319641912e-01
6.416020876558135022e-01
8.702080100767759507e-01
1.208029485602424513e+00
8.805678290880634140e-01
8.903144187020429756e-01
9.896234258866535294e-01
-1.526230622151853789e+00
-3.118577127642573332e-01
2.520115610118561777e-01
6.165122617192407839e-01
9.268559778280439643e-01
1.087222454696203933e+00
9.918098312849994436e-01
7.402903383128724979e-01
9.286892622513278628e-01
-1.840742927648423954e+00
-4.656897396278740220e-01
2.225171127323701259e-01
6.041720925467846115e-01
8.348174722199096509e-01
1.174412424196066507e+00
8.251140179698861488e-01
8.841339384596625939e-01
9.984511664669835085e-01
-1.820250079302509372e+00
-6.425194698139831129e-01
4.311914796028763069e-02
4.036924694754935317e-01
6.780930823317685707e-01
1.080533704458257249e+00
6.774409648299916098e-01
9.920463831027098722e-01
8.202114208498778591e-01
-1.776011583930771964e+00
-7.765322445952512753e-01
-1.570703289606070752e-02
3.142618548688379532e-01
6.312614940330830704e-01
1.084949654736663271e+00
8.498372783859078350e-01
1.278191500398195402e+00
9.788873952437262549e-01
-1.760741392315787524e+00
-7.202600486369652444e-01
3.663782095447864345e-02
3.394686638963269609e-01
6.535809436694796082e-01
1.082069665183769569e+00
9.792430130030217450e-01
1.384310403373871790e+00
9.646296205820426017e-01
-1.679226782050947442e+00
-3.796919982155856910e-01
3.171245957429152384e-01
6.920436179632034612e-01
9.080213074853138444e-01
1.314492748841168179e+00
9.302346941203532005e-01
1.080086834558482867e+00
1.036061120795211288e+00
-1.898748580013366105e+00
-8.481545235993303011e-01
-8.069785246438702930e-02
2.629261074099792372e-01
5.787978720520329246e-01
1.034370476265830119e+00
7.752718274773190421e-01
1.209456675408725701e+00
9.723234534798674833e-01
-1.570644697666060186e+00
-3.259726029114393686e-01
2.430340014024760242e-01
6.055210719538796083e-01
9.158089311488633033e-01
1.042797977229458439e+00
9.731552575832340679e-01
6.807897112631855485e-01
7.650507176379109930e-01
-2.302626698344800271e+00
-1.008919461155626696e+00
-2.465361993643044591e-01
1.322580638917225104e-01
4.413142851559318514e-01
8.920664403649865015e-01
5.461877689427202531e-01
9.352452491044247473e-01
9.245529428812232497e-01
-1.849898057404490981e+00
-6.473347418680545085e-01
-1.056286044758832782e-01
2.313629466040204585e-01
5.784321153718704478e-01
7.425337136684239114e-01
6.188448089791853679e-01
7.310701287909955326e-01
9.440004411037788978e-01
-1.778424848260555580e+00
-6.936390612243066300e-01
4.880334114400494000e-02
3.499058596612216743e-01
6.311884020058499134e-01
1.058848779565932929e+00
9.289516198663725355e-01
1.332576931729819503e+00
1.166399457713593657e+00
-1.529468651268872437e+00
-3.068005658105631972e-01
2.658008158981548519e-01
6.268017467246469465e-01
9.327104380530022443e-01
1.077227242166085341e+00
9.991096434484242339e-01
7.039928251306900586e-01
7.579831634927230999e-01
-2.946200118961317393e+00
-1.710103657282186163e+00
-1.198561389555379053e+00
-9.334603949864600514e-01
-6.484215415589374976e-01
-1.771246764397631235e-01
4.244724208277363964e-01
8.126648360397671356e-01
1.012221888082015742e+00
-1.600943171611921789e+00
-3.973807257028798001e-01
2.667817726983808813e-01
6.313626311530851076e-01
8.543369544912058355e-01
1.263295937297566063e+00
8.526163429332460630e-01
1.159581549238870801e+00
9.002511326622192334e-01
-1.728213852989560539e+00
-3.326989084249129536e-01
3.363463461934125265e-01
7.123296727984097521e-01
9.420566114793996748e-01
1.266114225939021454e+00
1.004823500072637543e+00
9.291890991229654340e-01
9.642955770920188519e-01
-1.915419374782708850e+00
-4.897604389183436990e-01
1.983579216198274042e-01
5.739424753253437039e-01
8.028565725119832797e-01
1.093264379051170909e+00
7.727799442784268891e-01
7.799481745275953504e-01
9.956589381582461318e-01
-1.696123495244659551e+00
-4.671689194677116630e-01
8.461924735865315739e-02
4.396570600143671625e-01
7.703825861590772872e-01
9.235707301372331202e-01
8.012495005617965571e-01
6.803900136658843634e-01
8.814100248916584279e-01
-2.922781659216318939e+00
-1.609078429209005234e+00
-9.379742160819418695e-01
-7.061308874434636396e-01
-4.164819312172681198e-01
-1.187235540813536550e-01
-5.644387123076360924e-02
2.405582530853862533e-01
9.203834294166531871e-01
-1.969182066519317820e+00
-6.810607781662124660e-01
1.895265282791807823e-02
3.963577877121320925e-01
6.306860874892087354e-01
9.699980534856151859e-01
5.676851628988126564e-01
6.671886033368005231e-01
9.760316528620680554e-01
-3.198228179828939588e+00
-1.599835385304867463e+00
-8.108725122340192382e-01
-5.034498787251691088e-01
-2.031417374313872759e-01
1.467854054886562620e-01
1.765185040476949518e-01
5.436915525813302841e-01
7.885489789275521577e-01
-2.833228807147444961e+00
-1.911093121988238774e+00
-1.673146854077951273e+00
-1.452040388838846674e+00
-1.006368736670144814e+00
-5.912887740826874294e-01
1.843746514641287637e-01
4.375978317494589320e-01
6.887048189310498447e-01
-1.658709778316956651e+00
-4.865177175941766130e-01
3.266596669139664594e-02
3.749101655788205645e-01
7.186781501699263108e-01
7.638553822591076514e-01
6.963013016157459933e-01
4.473120285387807149e-01
9.542377180486018018e-01
-1.803888864443980999e+00
-6.602338661683950782e-01
5.681366086915082964e-02
4.234088816228209207e-01
7.102760239414189769e-01
1.137222132970924449e+00
7.577529654446742979e-01
1.153826641101883155e+00
1.093138177530469379e+00
-3.051200822120609057e+00
-1.743297917551869691e+00
-1.287475042359808919e+00
-1.074501033608099121e+00
-7.037486442759510741e-01
-4.694015022789436165e-01
-1.074365742782382345e-02
2.685876043223686671e-01
9.299111867267692011e-01
-1.733217158281735726e+00
-5.276416842784660277e-01
-1.182316758135674648e-02
3.272703330329456151e-01
6.756220798303379516e-01
7.148259659893642093e-01
6.524313772676320067e-01
4.127535122487765440e-01
9.509119487953791028e-01
-1.808324095304578050e+00
-5.905979162008413441e-01
-6.044188567050330640e-02
2.774834882368733546e-01
6.270126799480943980e-01
6.722047105299301384e-01
5.774684833777090631e-01
4.613863505952892075e-01
9.310281608473516268e-01
-2.124494133274982488e+00
-9.344997793125801033e-01
-1.429913873600565377e-01
2.243753060493811902e-01
5.397079867506336948e-01
9.947554342238600356e-01
6.398824182361184665e-01
1.049654637054756368e+00
9.811166528526684694e-01
-1.597530565131637381e+00
-4.166801183487454097e-01
1.304947908676496460e-01
4.876180675095157513e-01
8.149146152021951028e-01
9.665093346758824033e-01
8.589949023257924532e-01
6.996332206136969267e-01
9.084100234556892195e-01
-2.220727022586505672e+00
-8.289519680791636036e-01
-2.237991539289775345e-01
1.191683771538060849e-01
4.310516781608851877e-01
5.355751001048550952e-01
3.263750650175038515e-01
4.044647042380968838e-01
9.576313275232625211e-01
-2.045589262007558418e+00
-9.741346781983859504e-01
-1.977830272690204727e-01
1.510196755159201598e-01
4.521368714659266819e-01
8.874065416687955121e-01
6.302868196900982545e-01
1.040842907416168250e+00
8.718267389533822520e-01
-1.687297863610322635e+00
-4.624108859457017329e-01
2.123639299348613063e-01
5.804759083630617322e-01
8.275551500497640989e-01
1.251032825974507379e+00
8.329827630735038291e-01
1.148272790593095394e+00
1.013836304299484237e+00
-1.738459376930264533e+00
-7.384976906679462383e-01
-1.874354292093872044e-03
3.030552107570769760e-01
5.859208262467855421e-01
1.014756240895490658e+00
8.605753019454204233e-01
1.299573178040160704e+00
1.046916510367794206e+00
-1.788837324696854747e+00
-8.528295388628820417e-01
-8.454730730277237871e-02
2.712924316671709857e-01
5.891618131411778814e-01
1.041866093187040043e+00
7.418053597298917001e-01
1.169289593932250515e+00
9.998399075517701018e-01
-1.613605680651713836e+00
-4.346611615724005340e-01
9.450768502161643880e-02
4.461513863324540474e-01
7.811806331968678130e-01
8.361818472083840659e-01
7.722388349974789179e-01
5.100288064648430542e-01
9.564764320360628069e-01
-1.863231225600078034e+00
-7.111570173179723175e-01
3.964385571920193280e-02
3.904218721414721149e-01
7.045196993506870342e-01
1.146133372769660097e+00
8.023674980242521126e-01
1.203722454856170021e+00
1.019258382439251376e+00
-2.112833481871743135e+00
-8.162742968612735073e-01
-8.556566017559312509e-02
2.751741320948993819e-01
5.719966980346281593e-01
9.983586702381790356e-01
6.923139379587901487e-01
1.102010328603364897e+00
1.062854821993067578e+00
-1.844699922745432152e+00
-7.096079422671293102e-01
-2.095828841895741868e-01
1.030597209260660091e-01
4.769128226343731791e-01
5.031153170604645286e-01
4.472982428066630267e-01
3.601114063118507347e-01
9.372333216795374344e-01
-1.855562028311347644e+00
-4.251971221802525736e-01
2.269772909721575194e-01
6.006300596970982619e-01
8.575972393860384901e-01
1.059916260132241828e+00
8.232030555009257622e-01
7.280472702168763188e-01
1.011754890777421423e+00
-1.934451931045024331e+00
-6.369669197996447041e-01
6.674155239115120430e-02
4.562680038055790255e-01
6.918376925126248356e-01
1.077867938554687433e+00
6.380788624943678489e-01
9.333484330511840898e-01
1.073253251745282411e+00
-1.880163704755092313e+00
-7.416228260070482081e-01
-4.921948169916285677e-03
3.580705474682488454e-01
6.514942498725045938e-01
1.075078083450250022e+00
7.053760470831093032e-01
1.093938000024215373e+00
1.072184001544633780e+00
-2.155703414025272213e+00
-9.622941001326218435e-01
-1.987933778540485474e-01
1.707535919147067649e-01
4.634132706014117420e-01
8.881993358192106225e-01
5.550249873488765084e-01
9.181287933426879322e-01
8.706461397888861642e-01
-1.746047460208485447e+00
-5.352791865023157625e-01
-4.026381416497546405e-03
3.422475481927261254e-01
6.870739373496232982e-01
8.027225350449697094e-01
7.153346826135650316e-01
5.922607606295644533e-01
7.373674295808491097e-01
-1.684961028039175357e+00
-4.849115681605508654e-01
5.514440713327519589e-02
4.024982787270952045e-01
7.379863975955662792e-01
8.917597748674804814e-01
7.895238027826213534e-01
7.789641041908105246e-01
9.855468387460509794e-01
-1.879566166865552557e+00
-7.659119709862928227e-01
-2.741320864360845544e-01
3.693488058475735691e-02
4.117097311398324466e-01
5.325514820596750631e-01
4.879004623193321510e-01
5.591322480269191875e-01
7.364001430587198138e-01
-1.543705158675877209e+00
-3.667150398952344070e-01
1.789493291548331921e-01
5.392049515818992944e-01
8.606518560477603996e-01
1.006796268385562021e+00
9.163332825010124250e-01
7.040202268798326779e-01
9.001804931841601576e-01
-2.271739673716933083e+00
-9.506318445030755848e-01
-2.217883797428222836e-01
1.647300871905544584e-01
4.120142007315734656e-01
7.997821927492012595e-01
5.171274989312033554e-01
8.877580787149478292e-01
1.068865277691122939e+00
-1.671003717221267504e+00
-6.752505076784166560e-01
7.160848373017898727e-02
3.657897839133568141e-01
6.532236695847767338e-01
1.075391086511001237e+00
9.458978607782474457e-01
1.372729410779693904e+00
1.104386724612545612e+00
-2.078906628942586821e+00
-8.024558206683014561e-01
-2.562024503383845686e-01
7.087109832198024151e-02
4.171075329999823778e-01
6.161957358901956061e-01
5.215083773792489330e-01
7.872827109915875310e-01
9.989075806428716620e-01
-1.963725077407417752e+00
-8.670822859070297373e-01
-3.895466769705338006e-01
-8.955044660298332182e-02
2.917126715989370456e-01
4.275087092384144416e-01
4.116898832309808243e-01
6.000788677026088758e-01
7.868606351558200540e-01
-2.885035680939175506e+00
-1.570205657592131265e+00
-7.656988228047719725e-01
-4.073480581158164249e-01
-1.304313902402933489e-01
3.000454354997035278e-01
5.604853634112730854e-01
9.417718099438312507e-01
1.122284643542994953e+00
-1.989763372004683228e+00
-9.864055577854554668e-01
-1.927160409085692527e-01
1.648628956939573731e-01
4.464610688968111973e-01
8.863738056677189503e-01
6.996965147797477025e-01
1.095684974434489645e+00
1.138478860260857761e+00
-2.926330542200102247e+00
-1.667280042221322089e+00
-1.168891471071105803e+00
-9.038643453454516807e-01
-5.924025812141426872e-01
-2.199666183694336252e-01
3.457587234893626515e-01
7.313489456716457671e-01
9.432575085272500992e-01
-1.606471330986498414e+00
-3.903493669771722629e-01
1.752139172434515890e-01
5.349877515446509468e-01
8.517818782867986327e-01
1.003463108072799370e+00
8.996507383836527261e-01
6.931395386392108504e-01
8.368055537545113776e-01
-1.846763216473366720e+00
-7.062356456949850925e-01
-2.056122976871481434e-01
1.128246264906096891e-01
4.763247055723111023e-01
6.245964325595984024e-01
5.827445420421666356e-01
7.621487536529633067e-01
9.768175063969698479e-01
-1.707678968466795899e+00
-5.548823457665332803e-01
-3.583677779763771304e-02
3.042109776670683385e-01
6.517536720548929852e-01
7.928744330043810962e-01
7.105352394257845594e-01
7.340141543249197875e-01
9.505551159749290324e-01
-2.894982728450516962e+00
-1.479180886981898535e+00
-8.441795552526001334e-01
-5.455092741741247586e-01
-3.036352361751289974e-01
1.222907489068120190e-01
4.606455151311857898e-01
8.511241052347515712e-01
1.052040673191442233e+00
-1.707069125732169290e+00
-4.716674034442968066e-01
8.232949647126329429e-02
4.364391005487607833e-01
7.664292157993209953e-01
9.236185508021826918e-01
8.043692075901592853e-01
7.435331768031424593e-01
9.578861344104947495e-01
-2.818151887283623758e+00
-1.646792449733541108e+00
-8.460972715169297054e-01
-5.493378402044467590e-01
-2.293496036453036013e-01
1.492295945443627425e-01
-2.718969654988818985e-02
2.496970196847054513e-01
9.524928089262194586e-01
-1.909802710156019323e+00
-7.159150438998923560e-01
8.306966098770693710e-03
3.701753580975815638e-01
6.740605768007555954e-01
1.107951078801379774e+00
6.939428340402181705e-01
1.020013355219418827e+00
1.010140590861518195e+00
-1.846669043153458478e+00
-6.461847357021776039e-01
-1.264606059651846304e-01
2.060985357531986417e-01
5.603728834147052584e-01
7.122999018596369858e-01
6.240279002847612944e-01
7.412221302842204596e-01
9.615947237642183953e-01
-1.771518653680749456e+00
-6.207767167663433838e-01
9.370388101453966390e-02
4.150545208906726291e-01
7.205298310127258299e-01
1.138216850065957741e+00
8.910964049146086197e-01
1.357695696616499248e+00
9.716437651573626155e-01
-1.704561407884362723e+00
-3.326107494673771758e-01
3.186486150900121883e-01
6.892384413978240865e-01
9.296744109640471265e-01
1.180577370248357294e+00
9.382035245936656276e-01
9.084394869836158737e-01
9.234511373898616204e-01
-2.233770797936726726e+00
-9.401892967066111106e-01
-2.292136405597506033e-01
1.411933995257171337e-01
3.810615268037600978e-01
7.116622412135983344e-01
3.122323837063820662e-01
4.586899600319174763e-01
9.757484872097758055e-01
-2.638821076265804422e+00
-1.689194448545456195e+00
-1.388192703517880044e+00
-1.159523981667891057e+00
-7.200573812473992641e-01
-4.462439617077329501e-01
2.189993345616259857e-01
5.072862531065578384e-01
7.111246618443108902e-01
-2.698921205196508133e+00
-1.688998879671412157e+00
-1.403487941432190800e+00
-1.193186885802675512e+00
-7.237165825104975303e-01
-4.976157165217541811e-01
2.688512461008414275e-02
2.720907353816959806e-01
9.472307784723265067e-01
-2.895890368232458378e+00
-1.942105542973983301e+00
-1.689851964179569732e+00
-1.472263418075870245e+00
-1.021448137156454106e+00
-5.853594067053825567e-01
2.052007262689802825e-01
4.639460875129309270e-01
7.113844834753892954e-01
-1.789245506831095067e+00
-4.373226623166456828e-01
2.171014899414409893e-01
5.900316753256679148e-01
8.446647234321276176e-01
1.048968131415372040e+00
8.031676698154424088e-01
7.292402330846862180e-01
1.014125135351758633e+00
-1.513568871175827057e+00
-7.549482023338393022e-01
-1.462126242916950841e-02
2.947796114176123305e-01
6.200161067657541381e-01
1.072681806282399286e+00
8.929841322954503724e-01
1.309818001089468664e+00
1.033694252196769359e+00
-2.185288633239547806e+00
-1.036265282754820438e+00
-2.367486865779159788e-01
1.428507804698390948e-01
4.460137234464002232e-01
9.033309893764471799e-01
5.320369048543118762e-01
9.089505142393651260e-01
9.714701862744596905e-01
-2.003420186778055001e+00
-7.781989789010197445e-01
-2.270673799022434464e-02
2.884501395884361274e-01
5.830649497434222672e-01
1.009788726423117122e+00
8.191198820141237791e-01
1.257442104600035027e+00
1.124353442970881023e+00
-3.372121591931726670e+00
-1.736527012486592803e+00
-9.107666418216758819e-01
-5.958858533520240419e-01
-3.029486717706597054e-01
6.766851927306753722e-02
1.927896881778777827e-01
5.776482959708779674e-01
8.207199151509884105e-01
-1.929070552977970809e+00
-5.376822524776262435e-01
1.245062696748590048e-01
5.042422005029787435e-01
7.568126159251958862e-01
9.998187580860705692e-01
7.393534121988863950e-01
7.786662940934538923e-01
8.475972728799779921e-01
-2.083902675463125576e+00
-6.971021831521873047e-01
-2.047111363723271363e-02
3.637391935817818056e-01
6.076031444601687204e-01
9.224619346139982801e-01
6.136072620308739012e-01
8.864075189504238006e-01
1.067865895488962158e+00
-2.785429216972642674e+00
-1.850299694132835793e+00
-1.591910904643315305e+00
-1.379834630387875238e+00
-9.134267391602410857e-01
-5.525581823965967088e-01
1.640137802043905579e-01
3.908016310430474927e-01
8.244031633806799819e-01
-1.973419086580748827e+00
-8.609431243561994629e-01
-8.526800026541668520e-02
2.662891247182911370e-01
5.518397028748974753e-01
9.867978877273663185e-01
7.713241787579050435e-01
1.164311927760077969e+00
1.175891799866634946e+00
-1.935693992671946306e+00
-7.907791836790509787e-01
-4.205197044784033528e-02
3.028096944710835237e-01
6.119501376276481608e-01
1.044180678397387707e+00
7.834465370822758512e-01
1.204855255854509588e+00
9.716416994717268496e-01
-1.738658010208116611e+00
-4.562797996741689288e-01
2.355672983697070233e-01
6.086765730490372173e-01
8.353309063554715808e-01
1.224978624335378852e+00
8.420008678084944798e-01
9.996817016037237158e-01
1.045875006274034069e+00
-2.765311538963833193e+00
-1.491866136041863244e+00
-8.475212503902610495e-01
-5.986588896897120371e-01
-3.251280418108396519e-01
-6.562129276310316173e-02
2.729568959068254808e-01
6.397918725949235386e-01
8.194052673748344340e-01
-2.230185514586703110e+00
-8.836319090875417448e-01
-3.103605561829888004e-01
1.324823733071212213e-02
3.537416708536896826e-01
4.165590994231349042e-01
2.805692532748816359e-01
4.057309537372729147e-01
9.596471500763431584e-01
-1.573364885042890515e+00
-3.478350036708640070e-01
2.085105318581593203e-01
5.676425220571668095e-01
8.850288141597830727e-01
9.847799901502035658e-01
9.174818676124703032e-01
6.546463076725069774e-01
8.872984992097286971e-01
-1.553406340497851534e+00
-3.514174187363409696e-01
2.044052562302554055e-01
5.625405625457228220e-01
8.789275781142174004e-01
9.578806692554056035e-01
8.785388737397553660e-01
6.080912697039146941e-01
9.899674911276264977e-01
-1.942551357477702689e+00
-8.243598041914323993e-01
-5.866424960278375511e-02
2.595976772839859725e-01
5.479012530128697378e-01
9.770024599493243311e-01
7.779441439862438967e-01
1.224523514071905961e+00
1.013934354666127691e+00
-1.882687756862098105e+00
-4.972841750913730152e-01
1.980107007320332513e-01
5.784448774235857460e-01
8.057259194058141727e-01
1.169746562408295665e+00
7.950844960378660176e-01
9.677278553563783969e-01
1.093154424999599916e+00
-1.710016087519657058e+00
-3.980089462282459523e-01
2.826652992096431172e-01
6.549369906228480476e-01
8.942648358928184660e-01
1.149069374538651767e+00
8.805858422824685006e-01
8.276036138467399716e-01
1.033772589819930143e+00
-1.660103499906112168e+00
-4.899031355900742013e-01
1.786690686645235615e-01
5.205957199746823472e-01
8.048297768019974097e-01
1.225791401925557578e+00
8.535569669784762725e-01
1.270539294207978509e+00
9.409845390631469408e-01
-1.734280933242002165e+00
-3.217933623560874090e-01
3.351429941635505338e-01
7.066809232292626808e-01
9.574978026916202145e-01
1.236578171231475398e+00
1.022010142511046382e+00
9.051172450828480764e-01
1.041504871324198334e+00
-1.801736719256920471e+00
-4.641999120407856450e-01
2.289523113747671812e-01
6.085386324470846153e-01
8.373793262387284608e-01
1.248116498605303049e+00
8.193840677163395370e-01
1.067177150074539727e+00
1.105527303682674711e+00
-1.761830698810253448e+00
-7.356168457286861306e-01
2.373579481913399430e-02
3.276427768753667480e-01
6.285510174521470317e-01
1.055065830903657798e+00
9.015907888642880064e-01
1.346292121753581039e+00
9.491939024741693487e-01
-1.748900291756993131e+00
-3.846284188484218047e-01
2.868761523936116387e-01
6.626721105607656925e-01
9.054347021248762006e-01
1.208977522481771594e+00
9.461193743837532644e-01
9.215486623729155502e-01
1.058389426267944078e+00
-2.231262727812973079e+00
-8.096395657643294941e-01
-1.453810407507185043e-01
2.341508866601866856e-01
4.913369625328861123e-01
7.636596239873998382e-01
4.654095456369206074e-01
7.444888865531666955e-01
9.041514842853718426e-01
-1.682811370762452796e+00
-4.753897371909024949e-01
6.202256604387264283e-02
4.099191343723158631e-01
7.472908449828178368e-01
8.942534814079874383e-01
8.040247518161263152e-01
7.815788448087305218e-01
9.924211632169493980e-01
-1.582892339885880073e+00
-3.245168993694886317e-01
2.646441864508594088e-01
6.291613647168927681e-01
9.310135130978286488e-01
1.089808798094237252e+00
9.953425326386550198e-01
7.412626438226865844e-01
8.129637585599502891e-01
-1.824037801943593884e+00
-7.494361993169800229e-01
9.539543742963398423e-03
3.298632869547530877e-01
6.161724847395091409e-01
1.044572321526341607e+00
8.699996231073812147e-01
1.287858907494560778e+00
1.170460052330286826e+00
-1.818558154162003504e+00
-7.456123689064315663e-01
-5.204459136704190757e-04
3.406359329345011178e-01
6.566821721029455494e-01
1.105335503080544512e+00
8.310478557282958700e-01
1.257525161471387154e+00
1.032538626106247692e+00
-1.992904630953010736e+00
-7.900737265275173948e-01
-5.798919969017590770e-02
3.176777507326333794e-01
6.286052756312291434e-01
1.076225791275362553e+00
7.019261975563737543e-01
1.086236690502369040e+00
1.011705865060402720e+00
-1.704639985397279123e+00
-4.310111861846874781e-01
2.473992168617581977e-01
6.200204266689343102e-01
8.654143214216929447e-01
1.295182037987175017e+00
8.724374115098114668e-01
1.190930550511248187e+00
1.119212440873618597e+00
-2.022874344595626095e+00
-7.238404132045803685e-01
-7.432755915904169786e-02
2.998247812424910119e-01
5.642366167881610606e-01
7.404866999149307683e-01
4.678534198538676914e-01
5.079720037053063741e-01
9.851905800702257521e-01
-1.686826220319981751e+00
-6.182596250874944355e-01
1.160032187322641156e-01
4.212558241015230132e-01
6.986579498662621734e-01
1.125419729227579602e+00
1.060685365125712432e+00
1.423434940026060413e+00
1.279386747724361451e+00
-1.965659465784826088e+00
-6.188669516407777627e-01
7.897078871549895185e-02
4.560292641199582553e-01
6.851463217097575331e-01
1.006242573426634035e+00
6.318940593465965927e-01
7.156659037199780693e-01
1.006433244595563048e+00
-2.109208629740897845e+00
-8.409707046455332513e-01
-1.042186454639304760e-01
2.701258310385319383e-01
5.510023837611353059e-01
9.593203071062100795e-01
5.141630912381625063e-01
7.234122623462289070e-01
9.931340166685600490e-01
-1.824396343415101374e+00
-5.957200148822427987e-01
-7.115025477703344758e-02
2.616612902921434669e-01
6.142960335544631612e-01
6.509261504047760827e-01
5.588900046074859462e-01
4.241495794236226913e-01
9.735019428608318037e-01
-3.288480856416082787e+00
-1.625301474800566082e+00
-8.361133360651930024e-01
-5.029918685983063575e-01
-2.146163671564571829e-01
1.544840308149329489e-01
2.082475830791352123e-01
5.956119938761653687e-01
8.288547591955452987e-01
-2.889110384571885071e+00
-1.561818740887850776e+00
-1.031054383220733284e+00
-7.976989323519727559e-01
-4.519608039428396618e-01
-2.669395351735842636e-01
2.281068666794779654e-01
5.334234748485346955e-01
8.374348391361059463e-01
-2.017601774539498738e+00
-5.852651450427934776e-01
7.878678866128385749e-02
4.566186315375390103e-01
7.188895718961290093e-01
9.910282364294559221e-01
7.122817398258008970e-01
8.517616134842229680e-01
1.041613990940061907e+00
-1.604485212709675812e+00
-3.353003951308359265e-01
2.480224421021626491e-01
6.127956449307011555e-01
9.172585246149147498e-01
1.089461322341620519e+00
9.752910712388023207e-01
7.409489536497039230e-01
9.150997839718238991e-01
-2.181073183353006151e+00
-9.408827703357458550e-01
-1.616935692422955262e-01
1.957178334929841335e-01
5.014887092449265005e-01
9.425577058147556198e-01
6.556135550254368338e-01
1.063729740339304231e+00
9.493060243473074866e-01
-1.927925298878572669e+00
-7.263220575024322834e-01
1.289202242672389184e-02
3.385678063876230159e-01
6.568096056560909224e-01
1.083496401160707334e+00
8.514151637463693856e-01
1.286075389093260357e+00
9.806682570382311281e-01
-1.789919184438185207e+00
-4.603130202690960404e-01
2.156645066086284313e-01
5.883026436465900177e-01
8.043446196211920807e-01
1.140364025009733551e+00
7.778756917877216459e-01
9.507634258789422477e-01
8.884349287579379473e-01
-2.577566239336965381e+00
-1.818178783979188529e+00
-1.478607285545057604e+00
-1.273027834641272893e+00
-8.439932041907922677e-01
-3.694347851004997629e-01
4.088635349089754234e-01
8.006053807079787088e-01
1.009509693624743853e+00
-1.762197795549506063e+00
-4.694621730552113181e-01
9.813467191559334390e-02
4.560808577417395648e-01
7.778756917877216459e-01
8.877522482030489881e-01
7.775811301301187584e-01
6.390931232125397488e-01
8.444264376903517499e-01
-1.609005986206653027e+00
-4.189382108597877186e-01
1.238327694370071480e-01
4.781802118998511042e-01
8.086406685073893597e-01
8.952704486674205597e-01
8.318496653870091073e-01
5.979925871280503680e-01
8.728901570229559148e-01
-2.003624991660096999e+00
-6.044907382903733639e-01
4.039556439538913302e-02
4.166369640531307206e-01
6.741856375463042284e-01
8.554191212485753315e-01
6.012331482620099088e-01
6.992038342807482820e-01
8.993743103285036788e-01
-1.709241616282533904e+00
-4.873436211946603480e-01
4.174637005865009659e-02
3.865519911520845509e-01
7.266704876353684561e-01
7.748748178367460548e-01
6.904697826113708192e-01
4.876136640356711904e-01
9.839655552643352676e-01
-1.845225110041008865e+00
-6.439831240274169755e-01
6.008003683051869881e-02
4.125508378487274808e-01
7.053239902738757117e-01
1.120214075557755429e+00
7.451848747569312925e-01
1.135247526850111877e+00
9.145662398809474292e-01
-2.670833735918590079e+00
-1.467668141450373387e+00
-1.017715109470836099e+00
-7.854960767319926207e-01
-3.766432177122336911e-01
-2.625467139539208183e-01
5.491452091944354352e-02
3.070025777541127154e-01
9.583960388836426647e-01
-3.000663467606220269e+00
-1.633320836580278712e+00
-1.025541330582192989e+00
-7.430048031149314447e-01
-5.054894835726773117e-01
-1.524565710285036638e-02
4.929357129823881967e-01
8.816178789334719879e-01
1.076867813989151212e+00
-1.776068976288854628e+00
-6.320333746691069177e-01
9.111759522803582201e-02
4.063530879392104334e-01
7.029468286468990579e-01
1.124754334468316852e+00
9.260861492096075231e-01
1.355938164881249852e+00
1.166442294552191061e+00
-2.444065300530292362e+00
-1.106708078831795561e+00
-3.186673070941996588e-01
6.874363577728430375e-02
3.501047341679603409e-01
7.847992327190447259e-01
4.808400140572803294e-01
8.419586847603968138e-01
8.601105771801391686e-01
-1.786767162124165420e+00
-6.505160133657352795e-01
-1.491141151022190858e-01
1.764684502146837419e-01
5.418673225493003676e-01
6.201236500337450330e-01
5.738098996359041193e-01
4.914316719108803300e-01
8.076237296355529560e-01
-2.506098482133184646e+00
-1.178729465844845281e+00
-6.244019215893631403e-01
-3.220507383123664691e-01
3.375505901868659179e-03
2.934281273880313123e-01
4.599729590263158530e-01
8.377354646669924465e-01
1.039233942688906120e+00
-1.713511715823497372e+00
-3.324732799508602343e-01
3.269167673588637135e-01
7.011381726043914853e-01
9.499392776725726906e-01
1.232160504483180485e+00
1.010862998399050694e+00
8.996257477186705431e-01
1.036971448088160441e+00
-2.012279196681338700e+00
-8.759207493287096691e-01
-3.987290532293440437e-01
-1.103182310137518080e-01
2.817039910852446871e-01
3.068029044213835266e-01
2.998062560868365312e-01
3.620477828041579471e-01
9.365135655417410332e-01
-1.895230657482382064e+00
-5.165345773786684802e-01
1.551572390297575599e-01
5.317404507105552014e-01
7.792683618465299222e-01
1.000617476865262478e+00
7.203881074342898261e-01
7.049497775055035831e-01
1.009844317964343929e+00
-2.964397924624132319e+00
-1.825266423087053225e+00
-1.434818150668039749e+00
-1.239054827540457593e+00
-8.269836054176091800e-01
-5.182690739425227511e-01
6.531167868380999275e-02
3.316563116433599578e-01
9.523295932539371789e-01
-2.596622627331488964e+00
-1.209921648845475595e+00
-5.147637724904836620e-01
-1.773761778497413011e-01
7.587254968526012389e-02
3.741950943548034147e-01
8.363677083876341900e-02
3.103495340994577023e-01
9.684133437953191814e-01
-1.733452916656948561e+00
-7.065785152886406850e-01
4.732039879194390591e-02
3.589879140873722951e-01
6.666790015158673421e-01
1.092404024048991618e+00
9.496420801302402070e-01
1.377053837416482018e+00
9.976740266086957520e-01
-1.747119336516123944e+00
-4.282801788246625718e-01
2.554067774005006064e-01
6.244984439375315111e-01
8.439247586572730109e-01
1.162797397705533697e+00
8.374115610650706421e-01
9.486858754299165586e-01
8.837638079556811022e-01
-2.599203134932371206e+00
-1.429823575003974279e+00
-9.371811767185700415e-01
-6.715300587947141686e-01
-3.036478793296960577e-01
-5.058766552426988139e-02
2.626475639859306432e-01
6.498247366569128713e-01
8.327127572284539481e-01
-2.265847542906223921e+00
-2.282283644427492764e+00
-2.014002316226416234e+00
-1.779581202870185175e+00
-1.366049712580843067e+00
-5.590558594199469544e-01
3.859054223987729015e-01
7.727776144617675147e-01
9.886451127170867714e-01
