-1.501122765763634703e+01
-2.186045269891141896e+00
2.970104602595335930e+00
-4.089963801711673952e+00
-3.501867583572932929e+00
1.704225349718891946e-01
-9.955296307851201121e+00
-1.227720840704272121e+01
-1.539629177353114109e+01
1.055984188544217872e+01
5.682595147567821137e+00
1.057064153672782680e+01
-5.721767402719397655e-01
3.058469238452822925e+00
4.701309435799645442e+00
2.612399958868003136e+00
9.795967533121805459e+00
-6.061256700887502014e+00
1.673178052986338704e+00
-1.027324523151339486e+00
5.245490718485678272e+00
-2.233012527249779389e+00
2.297211292260746163e+00
-3.638104536537510314e-01
-1.301047521441583532e+00
-1.423167202654854080e+00
-7.409830389629409986e+00
-2.667846177965202514e+01
-1.091112914267875666e+01
-4.757579112282867229e+00
-1.050433564524237440e+01
-9.430274829125293579e+00
-7.061405736911035014e+00
5.881616288277499827e+00
9.419758240307062991e+00
2.247040201666875703e+01
1.197541051058892858e+00
-9.637086061191489916e-01
4.953057247923965178e+00
-4.557229409130844289e+00
-1.244389297732709121e+00
-1.504795437874940633e+00
-1.026522315337017544e+00
1.855711348371631431e+00
1.582925298394472158e+01
1.529996312713829409e+00
-2.325024811845863848e+00
3.929128519646758466e+00
-3.110694288281320663e+00
1.227182060015704179e+00
-2.524020187150404215e+00
-1.146216708719758198e-01
-4.097010223700325859e-01
8.096166083121053347e+00
3.207204668080927856e+00
-3.308642954943216363e+00
6.670531937246650500e+00
1.688195368835216925e-01
9.500636551987299283e-01
-2.901134739573837384e-01
-5.500789541803628724e-02
-4.472712878976187745e-01
2.128181043427435915e-01
-1.641316689332641632e+00
-5.721937183976343100e+00
3.508857381177757251e+00
-2.513160317428468904e+00
-1.451535309296321241e+00
-2.921664547243084886e+00
-1.308712127168710326e+00
-2.159143123744859505e+00
-6.142649957433252705e-01
-1.815876502517469682e+00
-4.216633755461446142e+00
1.910233450500441466e+00
-2.930500054202935356e+00
3.824671237722628292e-01
-1.729212699820697807e+00
1.261856723754170906e+00
-8.139803693611233903e-01
-1.206814427207993479e+00
-6.638217422182377980e+00
6.417219934153542971e-01
-4.279123170263166576e-01
2.569286767749547007e+00
-3.527492530110865054e+00
1.514085778084074407e+00
7.951546242965614741e-01
-4.510873052724289067e-01
-2.350598357985845599e+00
2.267287151775167486e-01
2.370895316118369678e+00
-1.785988632983332922e-02
-2.354973211047667547e+00
1.977011353565256924e+00
-2.442360354695905844e+00
1.046559726550362113e+00
1.499186479228321156e+00
-5.945983365312217384e-01
-1.290498303022796112e+00
2.673392559539206736e+00
-8.203895801051240833e-01
-6.960350381782286489e-01
6.413932332197304076e-01
1.877765821886250741e+00
-1.251894790592528173e+00
-4.444639175273575743e-02
-5.611851517305813886e+00
4.652509508506543767e+00
-1.653631276591138510e+00
4.364618027157018965e+00
-2.244480565921029847e+00
8.689893993983935916e-01
-5.298415116532760871e-01
-3.187394459357613119e+00
-1.477363261139295947e+00
-2.429238527077134169e+00
-2.948136054630829062e+00
3.089648403309987135e+00
-1.484918469953727324e-02
2.654641745073850423e+00
-3.977593321230435741e+00
9.240005108363320563e-01
-1.124037260423694229e-01
-4.489632339536560046e-01
8.850509554894682163e-01
7.690621024298590847e+00
1.689407539409645054e+01
1.207884804641668097e+01
7.597549959089858085e+00
1.405476763349954439e+01
8.127056203143947499e+00
1.472976445943657353e+01
7.922454667908421122e+00
3.149574385894405193e+00
-2.280971564372475058e+01
-1.368023627388136987e+01
-1.030127629870599826e+01
-5.833165063076608980e+00
-4.183302069747721674e+00
-1.137189471419605802e+00
-2.553247835866942594e+00
-3.176708979948771994e+00
-1.148067317497311279e+01
6.458000722533523419e-01
3.320121179274673651e+00
3.577641854941848276e+00
4.358077233342336765e-01
6.093489303917706046e+00
1.293763290798122245e+00
1.523478686028368445e+00
3.091249873625268596e-01
-2.085301216040680305e+00
9.515035627116963823e+00
6.455770931556426007e+00
2.632998697285965140e+00
1.541407125502086140e-01
3.490476206720997787e+00
1.310214563041402824e+00
3.690709887725115657e+00
2.951002680713543658e+00
4.265177973654533439e+00
-4.263573568435904804e+01
-3.165090947785668973e+01
-2.422101126994598275e+01
-1.855649704862885585e+01
-1.898706919291487694e+01
-7.149865883649766829e+00
-8.235452520419439537e+00
-2.337657548534131102e+00
-1.305819814276918400e+01
9.766903339478774093e-01
1.457495422056337767e-02
-2.098196708856119308e+00
-5.431613273115027951e+00
1.317231739737961593e+00
-3.932681652679518303e-01
2.342206472025016417e+00
6.721152476138503307e-01
1.091048320634043778e+00
-2.866421020617106130e+00
3.011196767407430031e+00
2.420724377797741911e-01
-2.820165385640823974e+00
1.287119645347396091e+00
-2.118455288508243495e+00
-8.372506111009133667e-01
-1.448233800122881609e+00
-3.294294940337711086e+00
4.789333891751790695e+00
4.467623846900725226e+00
1.187266281519355537e+00
-2.472385131473990416e+00
2.965824049925839478e+00
-1.149127638706211707e+00
1.139378491327789122e+00
-1.938743009640609527e+00
-4.132856796162223567e+00
7.284173351633734805e-01
4.554727982240479811e+00
2.373503590439625555e+00
3.438571893289173342e+00
-2.773003648979698532e+00
1.750542792434643280e+00
1.814792821159138203e+00
4.182801778247840496e-01
-4.974852196773882906e-01
4.153613063568813324e+00
-1.173140732053173707e+00
6.035862664535170730e+00
-1.412675814455144119e+00
4.562694039983802852e-01
-1.757084319340025402e-01
6.525569301132677635e-01
9.332459415789954305e-01
1.947726310482739587e+00
-2.479655554897552072e+00
-3.126443950565887864e+00
-1.362809277201557734e+01
-2.575113617773401309e+00
7.235300236607685953e+00
-8.135007391604879956e+00
-5.403220493197764540e+00
-4.374038407792700589e+00
-7.197564056161085411e+00
-1.729103862927822366e+00
-5.697920961605970724e+00
5.131032325630985325e-01
-3.701878024355544916e+00
1.627461160832492704e+00
-4.144955862837802485e-01
1.261752713420873917e+00
-1.215329571767503669e+00
-3.604425175572207429e+00
-1.671679039670988942e+01
-9.150190780594043005e+00
-6.832064463799703447e+00
-3.822132118364196085e+00
-1.691190149992368941e+00
-1.759745285136097848e-01
-1.196357289753182007e+00
-2.428031367942277807e+00
-8.585392439911348816e+00
7.530565901084194991e+00
3.871683555129385557e+00
5.764422310427429252e+00
-8.068694611228748315e-01
3.403425194835295042e-01
7.507252942864121259e+00
-1.745848508533725862e+00
-4.952755814181777350e-01
-8.920384545149385502e+00
4.171588885466531060e+00
-3.465325139216798522e+00
5.716561254305775996e+00
-1.394668743825241801e-02
1.685474848346854904e+00
-5.833457814783207240e-01
1.203311744458452015e+00
5.788792952125360713e+00
-9.123997581320217876e-01
-2.763033323602402724e+00
1.080526440732374027e+01
1.016118875151129863e+00
-2.159644887631433807e+00
1.152551864772470402e+01
4.370035538923569440e+00
8.161176751642570393e-01
-6.168319381466933926e+00
-3.658212901557780228e+00
-9.538316553473269455e-01
3.344459587036059833e+00
1.494267375495981653e+00
2.884770804222430485e+00
-3.173908385975543478e+00
2.712743665004085258e+00
-1.215749271606843651e+00
4.290414570033160291e-01
-4.889020963234635531e+00
6.864965420775690497e+00
6.616583399412600208e+00
2.181524870251089876e+00
3.179173797196830353e+00
8.118213458426921658e-01
1.905849680057651652e+00
7.322879436675279186e-01
1.061390527008580831e+00
1.762011138610561911e+00
-7.911183156125831673e+00
-5.850168780419235937e+00
-7.248447077467449207e-01
-6.977120326547294304e+00
-1.569884797573516844e+00
6.749475868215589758e-01
5.249344515527549326e+00
3.172135737699875335e+00
3.716222645627959675e+00
1.995768799880947464e+00
3.287533935176548017e+00
-3.033434900740883955e-01
-1.433233099194361593e+00
3.745275465324564568e+00
-1.432793414214957206e+00
3.123616383547850539e+00
1.567960423469877851e+00
4.149058466262364187e-01
7.817318624403978289e-01
5.834025226891325744e+00
-3.253312840737669909e+00
5.901843449217071047e+00
1.511519728758267966e+01
-3.360406088458993690e+00
3.056557027580289798e+00
-7.075738565795074209e+00
-5.165433533348527284e+00
6.452811520382705446e+00
1.184217550233917038e+01
1.921905824732519918e-01
6.857495712781124242e-01
1.896146988523703669e+01
-3.773789039967613501e+00
1.916028264760756272e+00
-6.353208099565392786e-01
-3.827077707879737556e+00
-6.082785206344657247e+00
-1.118122852655582200e+00
-3.151531366274651802e+00
-3.466421003354360320e+00
-6.642721753860068024e-01
2.079067041367936852e+00
1.003813570070391403e+00
2.839980229446940618e-01
-8.424232807992396710e-01
-5.227130202044776297e+00
6.715289679366579279e+00
-2.040167572893739845e+00
-4.481349664314589809e+00
6.085055353034261039e+00
8.185357799786417976e-01
-1.360277262606728987e+00
-5.509255284687353260e+00
-1.873279497905794511e+00
6.707566394773556873e+00
7.022386737755084707e-02
4.831830112424274404e+00
-8.959104008703894229e-01
3.097924414316974850e+00
1.030383276423256556e+00
1.417708451775781198e+00
5.047501863693544255e-01
-2.391517162685461717e-01
7.772706067937150465e+00
2.379906654696965163e+00
7.517975528816299047e+00
-3.118893603191650321e+00
4.149084138711510050e+00
1.047716096394785357e+00
-3.237066817025248344e+00
-5.574076125123599290e-01
-4.366590085131305976e+00
-3.946299735856279023e-01
-5.103660941306993770e+00
5.035968357720874145e-02
-4.362170135719306785e+00
7.598012596640038030e-01
-7.091677320804895546e-01
4.822878443291237494e-01
1.240558712144854414e-01
8.274256627883591619e-01
-2.117485671022862004e+00
9.027041672151969731e-01
-3.018788026256819634e+00
-5.103536448852430407e-01
-2.626105693605127467e+00
3.747207980756412926e-01
-8.393274784144866274e-02
-3.355284230951845470e-01
2.955564732789630611e-01
-3.464852265067706050e+00
1.641463308312615998e+00
5.978586037075032777e+00
-1.563613379967352834e+00
-8.061283745541427681e-01
2.728182259451465974e+00
-6.081628763995221121e+00
-7.692437221353891630e+00
-1.054557312542705461e+01
-1.611076413319921130e+00
-1.192975640535700377e+00
-1.533364630947852980e+01
-1.533951757125095128e+01
6.665888407514124481e-01
-1.206725363102656701e+01
-6.744317684123283030e+00
-5.156880679699144210e+00
-7.288895769632750543e+00
6.032758394401662727e+00
6.327317072690658684e+00
3.183982311040103319e+00
4.576137507471570665e+00
-3.034973496365347412e+00
1.224993526813379585e+00
-2.535791158426821679e-01
3.961021817901619335e-01
2.337108122734843807e+00
4.997907271091388992e+00
7.272531801361162174e+00
5.047593309376225079e+00
1.963491672925302245e+00
1.503487435229483582e+00
6.691470485162992254e+00
-6.565393508130220823e+00
1.871390526167736379e+00
-7.783322343224746476e+00
-1.273289155110770787e+00
1.120229700457112676e+00
-1.301182073745136947e+00
-2.696104316979343274e+00
-4.044966677667027888e-01
4.809462085247270813e-01
7.125963917642562651e-01
9.813256979786267875e-01
-2.972453470028167288e+00
-5.435964821786869905e+00
-2.417814331566631392e+00
-2.327569821593384436e+00
-3.250162704040088890e+00
1.850288618306477284e+00
-3.218501115964175874e+00
1.055625618517063158e+00
-1.007313280522087684e+00
-2.708494387052469587e+00
4.395797349330154979e+00
4.109272240712052771e+00
2.093404674543664079e+00
-1.799618021889486386e+00
3.356905616035281259e+00
9.255010799821998813e-01
2.069401253696172116e+00
1.479739184150432596e+00
-3.038443433569747221e+00
-2.278705634116298562e+00
1.027257086697483723e+00
6.517892534280399497e-01
-1.158938633382965655e+00
3.414198400244051967e+00
-1.725072492070176988e+00
1.450014502298787811e+00
5.745830587667641876e-01
-2.484136373604014292e+00
-4.944971836393682985e+00
-4.985346648891895299e-02
-3.353906529414955873e-02
-1.467936633975874150e+00
3.851155835924836346e+00
-1.790152923374871863e+00
-1.268366164104589300e-01
-2.675175519279032965e+00
-5.212453270358778923e+00
-5.270820145181436267e+00
1.756220439513076714e+00
5.131368538480910457e-01
-1.848344700621729897e-01
-2.951187723848134326e+00
1.771998817024496464e+00
4.353318581326557357e+00
1.992343514497247670e+00
2.372980524710196271e+00
-5.365672023303422300e+00
6.472120211788459976e+00
-2.312880277364540993e-01
-3.331561222424662461e+00
3.387699133718971467e+00
6.642197299872922844e-01
-4.889040037431541919e+00
-7.299553950648448364e+00
-8.310185986592290019e-01
1.312999625123878022e+00
4.656223539869161598e+00
-9.225578947271021457e-01
-3.370094647913057351e+00
1.275596057203742584e+00
-3.771715245005024642e+00
5.160922165986919552e+00
3.284715823415531144e+00
5.790033830710657803e+00
-3.175165265932244552e+01
-1.631353010869223397e+01
-9.766734612558403583e+00
-8.725226459498369280e+00
-4.954683311606249418e+00
-3.348755512515799282e+00
-7.270669561760684019e+00
-4.283285957029312030e+00
-1.038335738357972104e+01
-2.135992770750973602e+00
-7.333641395783141448e-01
-3.056228984893168743e+00
-2.506873525476699616e+00
2.822458995190647357e+00
-3.346077706113699701e+00
2.763940312889275885e-01
-4.780304864378641660e+00
-5.318457014379173842e+00
-2.322022329330484247e+00
-4.144091416112030579e+00
-1.511135337619592356e+01
-3.844895188399148456e+00
5.681484133930917224e+00
-6.671901349773057710e+00
-1.885162123005818424e+00
3.793754398028694297e+00
-1.575791991980968199e+00
-1.209363647036882483e+00
9.400087397244004661e-01
-6.597957290593867707e-01
-3.002295074183311208e+00
2.756766754884649284e+00
-2.423524027393106017e+00
1.336346667126642851e+00
9.821206541436693083e-02
-5.762762904777282147e-01
-8.071872299756247315e+00
5.261551835806002941e+00
-3.001354116276642170e+00
-3.610447041869323304e+00
7.492637291802759947e+00
-2.114615559233462783e+00
-1.415765673234770317e+00
-4.643765070637689618e+00
-3.915481600071345269e+00
1.236301301946321818e+00
7.749430503611131726e+00
2.699984513755895321e+00
-9.292615920899852666e-01
2.659432220309254191e+00
-1.268988330031160849e+00
3.873001744027641635e+00
1.155041080620060612e+00
1.906670949611118271e+00
-5.261407803315832687e+00
8.460214870151429034e-01
2.598583211103562829e-01
1.073176596146401929e+00
-3.885724522180172613e+00
2.594425808540964162e+00
-4.229866885764595352e+00
4.434225604125677789e-01
-5.374807690081872202e+00
2.163520951377398305e+00
-2.971180155703819548e+00
2.126132329004752908e+00
-2.643778903155197924e+00
2.214817508666895307e+00
2.538553429880976986e-01
1.557331233082372535e+00
3.219618343127001597e-02
-1.179835547877244872e+00
3.760681607877665478e+00
-2.477648459233110945e+00
2.612263355061888337e+00
-4.653847077981094316e+00
-8.843816213567656792e-01
-1.296841533515448175e+00
6.344386622058538094e+00
2.705033455403058618e+00
5.235485844954869350e+00
3.779727761898056926e+00
4.340909410689980596e+00
1.541861503219055018e+00
-2.110624322145548515e+00
-3.577047418160077097e+00
1.899945561308708397e+00
-2.255259703601090404e+00
-3.502437361598035981e+00
3.153660120081154261e-01
8.524085460018325122e+00
4.780153175714094260e+00
2.470090305510364903e+00
2.262753928207099197e+00
-8.815857863784185566e-01
8.363216507997032423e+00
1.184325990416710939e+00
4.213565115943451289e+00
-8.781375067457959371e-01
-2.391507124102945081e+00
3.506984522628285195e+00
-1.023072698393122515e+01
-1.140029738087420519e+01
5.048742665468151536e+00
-7.581348051541382915e+00
-1.043539256912557533e+01
-6.638371892676774522e+00
-2.344800832991280615e+00
-1.361965470354623875e+01
-7.524112910081361072e+00
-4.410696765232174243e+00
-3.215675487842016178e+00
-5.236690883976795163e+00
4.931970213594824237e+00
-3.730537030559222256e-01
9.048486720883760270e+00
-2.488476317344558097e+00
8.116171460853655040e-01
3.129446378093871495e+00
2.746637602020722824e-01
-2.045960147526031836e+00
1.292548891827923985e+00
1.095876833695327290e+00
2.150998488205738912e+00
-2.457109571255438940e+00
-3.737067582337228466e-01
4.977112689478583540e+00
2.820650859927881005e+00
-8.375915306354416501e+00
1.742593895261319303e-01
6.819291575651341475e+00
-7.167269231721109080e+00
-2.092251571469642801e+00
1.060930707489071700e+00
-4.873561786640081550e-01
-1.826127628857418195e+00
-3.784204470829275468e+00
3.488632943255450591e+00
-5.957631710750759702e+00
-3.593713646161912911e-01
-5.060333066926184786e-01
1.616558291944084402e+00
3.856482003499345224e-01
-4.293712794914071873e-01
-5.136543144501150238e+00
-1.278297715535450241e+00
-9.698357328054436621e-01
-5.118914030805434834e+00
-2.893874950184681438e+00
6.961356177869538753e-01
1.054656485038075298e+00
2.481321666378359048e+00
1.968121662072229938e+00
-3.016142171588769827e+01
-1.942487702201199440e+01
-1.596070409888116970e+01
-1.523483170634544770e+01
-9.248320849908990837e+00
-6.368811105049877241e+00
-5.228979517437370106e+00
-2.046422112469049370e+00
-6.406453228765006003e+00
5.685486611985197669e+00
9.565530968240418375e+00
4.476428948542673147e+00
6.354781760501334809e+00
1.283484173709251408e+01
5.116252232827387836e+00
1.094979195322507692e+01
2.350564240948618711e+00
4.168047653338254221e+00
8.482493273044726223e+00
2.050919192939097524e+00
7.540615160942937045e+00
1.338422844457314298e+00
4.283225149462852599e+00
1.283861183716274779e+00
3.899813477227111469e-01
-8.968442759746019233e-01
-1.064259753477136528e+00
-2.177703457493775918e+00
8.753047092561804243e-01
-3.050946417956501122e+00
-3.700262419470049524e-01
-3.601982610210747726e+00
-1.036241086084834090e-01
-3.448266237834178849e+00
-9.309349237962675216e-01
-3.834319581584844538e+00
-4.846176398721993905e+00
1.920621489434588769e+00
-9.099758901734848138e+00
-3.170646693913286907e+00
4.072286316754770930e+00
-1.001241885822379629e+01
-5.328008460574674032e+00
-1.016677223336581903e+01
-3.588994075484548407e+00
2.879390533117106021e-01
3.379716923153612274e-01
2.514827211699086185e+00
-3.208267776653342285e+00
-2.352521895961634080e+00
4.938282525443470128e+00
-3.558596571355330390e-02
-2.252754567749472026e-01
-9.406548575675115487e-01
-7.957007072189684393e+00
-3.714473621715273843e+00
-3.004454566580529562e+00
-3.534342000431956787e+00
2.224652164383015496e+00
-2.804223119750755888e+00
-2.039752398988971815e-01
-2.680460179380694807e+00
-3.179900322787653444e+00
-3.642391055749576445e-01
1.272506590968979667e+00
-1.398337592051034084e-01
-2.204914321171263847e+00
3.606334636315136510e+00
-7.496318547227882600e-01
9.539645703567712909e-01
6.776094065610068773e-01
-5.180830814641721460e+00
-2.075909198830314217e+00
-2.999642182720064110e+00
2.167240664706951314e+00
-6.764827152870467764e+00
1.754210952042637439e+00
1.893549330255749064e-01
-1.572008957703575627e+00
1.140583660068281047e+00
1.171109097011925060e-01
5.512535744819433425e-01
2.963090527493382975e+00
9.933809614953511558e-01
-1.478917681951024576e+00
3.537099361706261380e+00
-2.443722576056982287e+00
1.211303655837668192e+00
-2.755286334156423766e-01
8.681888618083763876e-04
-7.324240737692952585e+00
7.209852619731346168e-01
-4.342677463987447417e-02
-1.859500068442198950e+00
-4.012736622498464634e+00
-3.110617988669652778e+00
-5.843188252438839214e+00
-6.420698010022824143e+00
-1.032871653452787752e+00
-2.368331935535132882e+00
2.013894316234569715e+00
-1.295713012537764275e+00
-1.173665563030660830e-01
-1.249976724769135794e+00
1.285509322825282963e+00
-2.298543976096907304e+00
-7.517951906468081091e-01
-4.259886270455212731e+00
-1.524156995731367870e+00
4.257098124717278997e-01
-6.893585262012627002e-01
-1.375914791061509046e+00
3.533646193189804663e+00
-1.692524038023843103e+00
5.470471752575143398e-01
-7.584930954539331749e-01
-2.885949172895450499e+00
-9.280437713669672517e-01
4.881221873969919578e+00
-7.915580472153256331e+00
-9.000806213656417754e+00
9.999182724435650371e+00
-1.168306976512092987e+01
4.384363058661619128e+00
9.998822046992120960e+00
5.435208882989579493e+00
5.299162809059846602e+00
1.066382636563920405e+00
6.014761220529182495e+00
-3.817363795931535631e+00
3.772888106711746126e+00
3.749498044952430109e-01
-2.689849046787458953e+00
-3.528470851915278539e-01
-2.058833282245986940e+00
1.614740054294148797e+00
-2.464032747510045418e+00
3.738734481117285569e+00
-3.181613269633805974e+00
3.279785653629767150e+00
-2.467140264754274226e-01
-9.273193246136957058e-01
-1.086882089974450460e+00
-3.098733162235171257e+00
-3.853631679381191333e+00
6.219085288056584560e+00
1.756227472570400572e+00
2.265472249103003932e+00
7.341794759099151690e+00
4.499748351537956326e-02
2.521012538449360019e+00
-1.734217745383184406e+00
3.310686603417993812e-01
1.269337843252720921e+00
1.910843434098793869e+00
-9.187316249474877239e-01
-2.887434366198539770e+00
7.240136229152546177e-01
6.028192016462978753e-01
7.240721242727257145e-01
3.527878565870289918e-01
-3.224372207373670252e-01
3.516259612487475206e+00
-8.511052885713809024e-01
3.368771498377664653e+00
-2.294319517896903360e+00
2.692053243243848648e+00
1.750430248610054806e-01
4.084537111472546500e-01
1.290883204676539220e-01
-7.332807803113865486e-01
-1.774423315422536840e+00
1.290175960422057955e+00
3.011277958566554447e-01
-1.206188733750133801e+00
3.767236189742637187e+00
-1.120597736594139526e+00
7.237790880041193864e-01
-5.152637532644089857e-01
-3.208054035727901265e+00
1.043339772382321584e+01
8.241856541958620497e+00
9.329714667579079190e+00
1.943109001235151290e+00
3.565287934239841583e+00
9.502156193528152883e+00
4.353001364568766185e+00
4.752056017456838255e+00
-2.314353455348793775e-01
5.779279308974244245e+00
2.654302015923605484e+00
7.984113039620236663e+00
-2.435672374955327069e+00
4.222079607256182143e+00
1.896102633842145169e+00
-8.349452517696378528e-01
5.643009954542006490e-01
-3.358084423026153509e+00
-6.794042943036023852e-01
1.940231011980166231e+00
-8.591893672248399616e-01
-1.318321938551640926e+00
9.432367600666771157e-01
1.699127878522549873e+00
-1.333672542914773773e+00
-3.423966062006467137e-01
-2.091697343697629830e+00
8.038663946983251041e-01
1.072251108046915480e+00
-5.321256405553711488e-01
-3.193949686768186247e+00
2.990918079827321385e+00
-7.469484269807111776e-01
1.123909231727238556e+00
3.608797255612851140e-01
-2.736683229536458928e+00
-3.646004644534315720e+00
4.650874024887960090e+00
-6.236737137072206671e+00
-7.474896893647257734e+00
7.115372266189297967e+00
-4.213674641965720724e+00
1.258033150109530096e+00
1.753814119463092958e+00
2.665984982417938465e+00
-8.390905275480044168e+00
-6.108368054295925553e+00
-6.186828885494381147e+00
-4.421668472795964533e+00
-3.461308491179170055e+00
-3.557760267182312197e-01
-3.310864358078909220e+00
-5.119120779261355780e-01
3.599674937970463451e-01
-4.608733877177568417e+01
-3.391879109833902817e+01
-2.584078265579163869e+01
-1.693960879650530416e+01
-1.757630163885831820e+01
-7.202452846162898936e+00
-9.937802782162151516e+00
-7.490248456655653087e+00
-1.516857305221105179e+01
7.260152855026066332e-01
-1.003421307469342105e+00
4.929422611893800266e+00
-3.882700252522256701e+00
3.974860113956371954e+00
4.943636388720779040e-01
-2.751233334544231024e+00
4.989080337301948220e-01
-1.895611978063139302e+00
-3.515666083776516349e+00
-4.464118976338500744e+00
8.708047890431779292e-01
-4.191808876404535589e+00
-4.917406144162884019e+00
2.737874209651121049e+00
-7.158247810844565961e+00
9.194900319377704578e-01
1.680418451339338981e+00
7.842470010272339920e-01
1.310837566834960555e+00
-3.498799497667901548e-01
-2.413067555904304218e+00
3.508579557231846557e+00
-6.624346138258480066e-01
9.034082826317212378e-01
6.208902714919672938e-01
-3.599765169745603899e+00
-2.256751560737741524e+00
-5.311424644050938504e+00
5.002919851831705067e+00
2.145906506974614436e-01
1.219297940095285027e+00
-2.682584664759278592e+00
5.930968769216692360e-01
-1.441563087882735683e+00
1.031678292345968861e+00
-5.180859504714848462e+00
-3.446234150389924089e-01
-6.477161004957608936e-01
1.407086862463980292e+00
-4.281605789861997913e+00
2.292436409814939235e+00
-3.053548513862522906e+00
-1.852774735866363209e-01
1.957980223874426773e-01
-3.212354126489366024e+00
3.009226543563322309e+00
-4.744784873402483338e-01
2.019858976743382328e+00
-2.983339388791826696e+00
1.015550435805884888e+00
-6.647689553166507004e-01
-6.311141914905008532e-01
-1.649337560891192267e-01
-1.577155180748161101e+01
-6.271205618928774150e+00
-5.356623353022378353e+00
-5.920304544787246215e+00
-6.900670755609226159e-01
-3.104030840602021168e+00
-4.620317201609558388e+00
-5.054310459205324513e+00
-6.714736086551837069e+00
-4.095518293104428942e+00
2.119815526338872935e-01
2.477138396256320374e-01
-1.354920596560997392e+00
3.951852333626810321e+00
-1.806036485134836056e+00
6.159422810321981551e-02
-1.976678736173674178e+00
-2.294027506044308939e+00
-8.393908900480552271e-01
1.335602551993336773e+00
-1.940630751132541576e+00
-2.957864120966017807e-01
5.073662614836928597e+00
-2.837873029730614505e+00
1.017234454180423242e+00
-4.878733174428426800e+00
3.444493678440954110e+00
7.977293910288474343e+00
1.491045928493593209e+01
4.821829703501756548e+00
3.493942726290094836e+00
1.669836346063410559e+01
3.113621763269673881e+00
3.267856696715383702e+00
3.503194927757263599e+00
7.709131588382442501e+00
-2.025838166443193200e-01
-3.959342137422914298e+00
1.003910321764792002e+00
-5.216754033048934147e+00
-1.456176957534558891e+00
-2.444327903190966822e+00
4.465278529058433143e+00
6.855447209274406761e-01
5.236563083348962699e+00
-3.107954009884291224e+01
-2.087149499728904090e+01
-1.566454022347243402e+01
-1.308835419083888141e+01
-5.469389257364562162e+00
-7.392750791884921568e+00
-5.870283571674759671e+00
-8.547501476406631937e+00
-1.150919142270300988e+01
7.551525640735301081e+00
2.319297914733286170e+00
7.649267147315690352e+00
2.167076642418770682e-01
2.102944947569574730e+00
6.346295131706575221e-01
1.047131945865350522e+00
1.216856219743844170e+00
1.838533926382849293e+00
-3.918341414937664080e+00
3.076069989612722821e+00
1.515943219754154025e+00
1.356676673819571910e+00
-2.041123336016434475e+00
5.861229909207782418e-01
-5.926057080086553075e-01
-3.968121408186642274e-01
9.572363928376105280e-01
-1.408285286309236994e+00
2.015413214871283554e+00
7.959401776123271599e-01
-6.590365945248517487e-01
3.959548704604368918e+00
-1.055732632563582074e+00
1.321987165659662455e+00
1.206728214881314321e+00
1.828166260862290615e+00
-5.183238944240386559e+00
-5.954166786951602397e+00
-1.602924508833795780e+00
-4.699516984273984122e+00
-8.100991009093223560e-01
-1.194936401770503975e+00
1.927052308800077940e+00
2.415918931020236693e-01
4.162573903431571409e+00
1.499303405267607081e+00
3.116436757484536191e+00
1.189962566598098848e+00
-9.644635398293032180e-01
4.264064253474340482e+00
-1.536144787887626650e+00
1.846102583148665932e+00
2.801744508658304600e+00
3.877581080029230076e+00
3.564311373940460825e+00
-2.382799060331197982e-01
5.054234894651203014e+00
-1.394206092178254641e+00
1.293436925695923501e+00
2.480868812167842941e-01
-1.416260427712475067e+00
-7.347662607311211680e-02
-6.536426158417045773e-01
-9.016350792894662902e+00
-7.277686282610152269e+00
-4.432912235623659991e-01
-5.359073211263919667e+00
3.867100833546612687e-02
-1.870911059805355547e+00
2.996490406991556110e+00
-1.630939543485127041e+00
7.952582051633652060e-01
3.433094865097233050e+00
-7.360631845795220229e-01
3.533117960690326242e+00
-2.350362100443724067e+00
3.450120068342939383e+00
4.445214218799691669e-02
2.028574899235509044e+00
8.875506878353733864e-01
-3.610297300536597365e-01
-8.888944931963310481e+00
-5.492248731852192201e+00
-5.701022232029693271e+00
-5.839633410685390658e+00
-2.500792495398267867e+00
-9.927414089167391209e-01
-3.977761279454350873e+00
1.015433921510552062e-01
4.944459815578960971e+00
3.767122209130266519e+00
7.344642379175349234e+00
3.494755353653694385e+00
4.534785399924254889e+00
3.692765341738662999e-01
2.117922466002028603e+00
-4.438919517262476799e-01
1.076581801326749632e+00
2.945773100551684731e+00
-1.010093516798504076e+01
-9.541806984639210398e+00
1.728907082697124675e+00
-2.360256934571095755e+00
3.982864820079902723e-01
-2.552161106210297792e+00
-6.379967429235187115e-01
-3.521201543705159587e+00
-4.097855756400958782e-01
-2.570356516944008973e+01
-1.357359322034709415e+01
-1.044051090608089538e+01
-9.271441601347772732e+00
-2.970207350045277472e+00
-4.837194512842726724e+00
-6.112585684375818396e+00
-6.677717296081394416e+00
-8.323184305788654314e+00
-2.716215579366732857e+00
-1.472666605528483441e-01
-1.500167381874833117e+00
-2.914435575590828442e+00
2.286968269162474421e+00
-2.087528738586826638e+00
4.739486220543757122e-01
-1.262581597109073916e+00
-1.479476903259173914e+00
-3.135866221447972002e+00
4.060907296022595148e+00
3.399365286690270160e-01
2.755777772041295481e+00
-1.140330445534924131e+00
1.911917914488765469e+00
-1.238392855470059839e+00
4.256978977417339993e-01
4.235628999232833314e-01
2.126195849531881787e+00
2.578617201983842921e+00
-8.482781883460466243e-01
-1.686011504813097917e+00
-1.271656179866957337e-01
2.749618075218572266e-01
9.011836769021429328e-02
9.950252524613383276e-01
1.994846233087219645e+00
-4.664852051198653982e+00
-9.104814670580864799e+00
3.007667788400394393e+00
-1.141504912424746054e+00
8.832171765832412813e-01
-2.902694118123058775e+00
-1.279522231626434525e+00
-3.774321102124291727e+00
-1.251960241067122670e+00
4.239811927344994125e+00
8.018206172437370327e+00
4.962028154188171669e+00
6.221218407627554292e+00
-2.918725059318613146e-01
2.725995839073270144e+00
-1.006182677214232601e+00
7.575147037076308543e-01
2.097311352871712664e+00
-6.738683877176452341e+00
-2.364584327641100714e+00
-2.117899489749822894e+00
-3.187388369870299165e+00
1.646038702594124103e+00
-3.206588011380879344e+00
-6.746632534489227506e-01
1.003714690304732260e+00
1.716009750715318249e+00
-9.132483604763228513e+00
-5.865656565708354364e+00
-1.762810806715654932e+00
-7.927507982527079555e+00
-1.567366173886797887e+00
-2.271484562038895705e-01
1.602897806536325076e+00
1.343160147975186236e+00
6.152375389422441998e+00
2.007017126289404132e+02
1.195645671921894575e+02
8.056133923559833931e+01
5.942025388787259033e+01
4.323965683091120837e+01
2.203789037991513666e+01
3.072008468556238370e+01
2.183393479131587611e+01
5.379744380673469095e+01
3.748611233763236572e-01
-3.091595262611575023e+00
4.020548868166388345e+00
-3.492388494352858253e+00
2.739942079687077925e+00
-9.685694715433257329e-01
-1.485817900586676510e+00
-1.407371453979757048e+00
2.329130905110267769e+00
-3.375636446799520485e+01
-2.468545708635870994e+01
-1.979456960215886951e+01
-1.650077577697559050e+01
-8.273921200742758941e+00
-1.003447389053499172e+01
-6.292683973171394385e+00
-8.367579671210263470e+00
-9.826628973966281322e+00
-1.773691761549319779e+01
-7.600776429708982818e+00
-3.429189571644007284e+00
-3.531948596986079991e+00
3.060043446036705639e+00
-4.813610354751857723e-01
-3.221641841050202348e+00
-3.921187501273049936e+00
-3.228329357263826527e+00
3.463635468832682029e+00
2.732050650467103825e+00
-2.542463069909186024e-01
-3.128671052688327681e+00
1.357940688703522580e+00
2.794117115663561912e-01
4.728972705137765575e-01
-2.244797782308101952e-01
7.539159677485237410e+00
4.393337207992209059e+00
4.322512229573159281e+00
2.290494053962472965e+00
-3.115776862465980540e-02
5.210543641970033946e+00
-5.928317395210405127e-01
1.729832024345401509e+00
4.052302153651499594e+00
7.681144750563000834e+00
-3.100489861108719047e+00
2.318574948672185165e-01
-9.374030609753174481e-01
-2.746992889836630258e+00
2.832473168171116384e+00
-1.999766055747962401e+00
-6.553221887436697646e-01
-1.789109963613421783e+00
-2.784224571557800121e-01
-1.959364260673047253e+00
-4.332460548020105051e+00
1.136213447517679498e+00
-4.933581276446434849e+00
-8.142809163997375421e-01
-3.056490503907799194e+00
2.330963647261736771e+00
-3.870406995065896472e-01
4.538540436732799499e+00
1.713634219864988779e+02
1.067167898852081436e+02
6.818839674554683938e+01
4.439747390237722868e+01
3.437566300972220290e+01
3.148808023813315415e+01
2.738906023035022841e+01
3.724764888081463710e+01
5.176983537394108481e+01
-5.130661634969738039e+00
-5.506789039671309283e-01
-4.211377158056569314e+00
-1.148492112114055885e+00
-3.527549828422362754e+00
-9.271435311388179779e-01
-4.503298444442624948e+00
-1.790872670360001528e+00
3.386908208044284496e+00
1.869739115185427902e+00
-2.290885308722599767e+00
3.732328808287554978e+00
-1.696558714626561937e+00
1.818118979967713544e+00
-1.712832044076411861e-02
-1.514298376503846244e+00
1.723489123075316320e-01
-5.888696683364009754e-01
4.751340804208330049e+00
-2.999451681290853933e-01
5.842420640322806946e+00
-9.289920712898543931e-01
1.687141815433122582e+00
9.386628232248027670e-01
1.808782863943759089e+00
2.318529680162821904e+00
2.538049317903786406e+00
-3.301689255664181477e+00
-3.985253941431094127e+00
-5.681563068232530211e-01
-3.797937213275902391e+00
6.067116151331940488e-01
-2.766451429716785260e-01
4.293720543060091543e+00
1.401269428341523904e+00
5.003370852949262648e+00
-5.145082709838874280e+00
-4.928700147463829673e+00
1.184370191846401577e+00
-6.501831544363353643e+00
2.136268434562809543e-02
-1.519450639286138882e+00
-2.194080151795976263e+00
-3.110453786766488982e+00
2.841412129762131755e+00
-3.290517393055345252e+01
-2.419430683239503210e+01
-1.934101877456362217e+01
-1.620200326049662465e+01
-8.264062317686933667e+00
-9.992876481232654484e+00
-6.503391239954552816e+00
-6.416906164041917826e+00
-4.979223389825565782e+00
-3.600957402929097384e+00
-1.060661462597857874e+00
-2.020659099706029860e+00
-3.102672575845720093e+00
2.103184066829859589e+00
-2.749352855974223520e+00
-1.941443050045878360e+00
-4.359486662746272501e+00
3.441296275900390889e+00
2.993579829688876703e+00
-1.093303303866469012e+00
6.071994564765732960e+00
-2.969992166343668138e+00
2.871566449132946897e+00
-8.044839883778648337e-01
-4.398275199204871200e+00
-4.461422272511262221e+00
2.700852213343100328e+00
4.471063728557427841e-01
4.618456273908960519e+00
5.324788463150289530e+00
2.410984981935286431e+00
7.661695720011532984e+00
3.482805405459826975e+00
-2.034615382557114049e+00
1.765760233604051432e+00
6.794239401291585878e+00
1.157435406655024313e+00
3.437971770156893925e+00
1.912242651172878949e+00
-7.505198807342140510e-01
4.052741286542022259e+00
-1.739823100831795477e+00
-8.831456273033075344e-02
9.097762803316847835e-01
3.801660046816749183e+00
-4.853375529431138702e-01
1.180475024490323932e+00
-1.821883589368619993e-01
-1.888214017575432946e+00
3.522970395262191801e+00
-1.776041432802922149e+00
-2.478266735460111558e+00
-2.667720083479863558e+00
5.388564769894995443e+00
-6.170487606862830710e+00
-1.435044039211312183e+00
-4.786711838785290274e-01
-2.514780553395445484e+00
-1.056858419574739472e+00
-3.300064230748964711e-01
2.082658754648855748e+00
1.009394686123984003e-01
1.025190635389409799e+00
4.494413193094835890e+00
-1.742037310453174781e+00
2.453952440754801678e+00
-3.326614896977817537e+00
2.762547621089340044e+00
-6.621635580582998504e-01
5.853821581052118944e-02
8.234290348003550086e-01
-3.170358806824010167e-01
-8.223181097143140050e+00
-1.058878416967288905e+00
1.702721620985114592e+00
4.015990988600072420e+00
-2.470964212917233560e+00
6.437714208812629346e-01
-2.155151248741606906e+00
-1.138754769393295785e+00
1.029990007784471651e+01
4.885146060725511497e+00
-1.978433355407873018e+00
5.035174607997931595e+00
-1.009535482627143654e+00
2.720372739791969696e+00
-1.600827907447826659e+00
-1.715390236277578140e+00
-5.598663380600588546e+00
-5.756218185325613135e+00
7.237810032802639348e+00
1.056313347021119231e+00
-1.409259344365214872e+01
-1.352108360986353652e+01
-1.974685031119411960e-01
-1.080619213107854470e+01
1.987951889939647110e+00
1.644482833505029884e+00
5.494648028592494349e+00
1.035364723459644365e+00
4.203954825926412564e-01
-1.543982949169022678e+00
-9.936851111278593995e-01
3.175977567569244098e+00
-4.871701969517071795e+00
-8.223022368124652814e+00
-7.255737956323805582e-01
5.808842669215161791e+00
2.833404649703145317e+00
-2.898205854683131300e+00
2.224343197657123739e+00
-1.448441406125180464e+00
3.165718190955155276e+00
-1.320502229721867593e+00
-5.003119932639968903e-01
-2.208989300649863430e-01
1.358379870386567267e+00
-1.814976559693185720e+01
-1.032810050740066288e+01
-7.335801704021673864e+00
-4.141516500588230620e+00
-5.975323936746309350e+00
-1.724264773725572297e+00
-5.046209099740903703e+00
-2.893732913818843233e+00
-6.135797252519819445e+00
-5.911671191338756515e+00
1.201993002198692873e+00
-3.885890178580317933e+00
-3.087182005874181456e+00
1.627814960512089293e+00
-1.370434259780392061e+01
6.532547846676921566e+00
3.811128337347489570e+00
5.417613532251746022e+00
1.912043865217803118e+00
2.395509893404704993e+00
6.816120133367595813e-01
3.025581201405427856e-02
5.378733811943926746e+00
1.170658593150047722e+00
4.409871946077328353e-01
1.147524070112139818e-02
1.071969948112424076e+00
1.213740703823738265e+01
-9.859162958123818266e-01
6.319339070351633225e+00
1.372760518427855292e+00
3.648322033201490733e+00
6.373910938796536474e-01
-6.858210020794062167e-01
7.557848780914104558e-02
-1.410471580391036983e-01
7.934551550420842148e+00
-9.997075656898401164e+00
-3.865636546349327407e+00
-4.117865967274653372e+00
-1.651074537822354138e+00
1.634486438253660356e+00
1.216565443088454757e+01
1.185252286684095324e+01
1.297324642254098315e+01
1.684297937873375339e+00
3.940864939680809975e+00
8.917607236492972045e-03
2.499339924865093820e+00
-2.802600955593945731e+00
1.554146364350098009e-01
-3.712676148781086649e-01
1.857447163101876575e-01
1.707084869683041628e+00
2.274144097323965052e+00
3.305813890641140951e+00
2.930890266078682860e+00
4.204742712569925267e+00
-8.390780570213612899e-01
8.401325261311910486e-01
3.948160280347084300e-02
-2.632397085019334781e+00
5.160296686683243372e-01
-8.509298756482861492e-01
-6.300121122787508909e+00
-1.753341809216090730e-01
-3.005276223354321985e+00
2.706116334432937531e+00
-1.382346819814606276e+00
-9.008395111903453323e-01
-1.229143970328318458e+00
-9.821256339886921261e-01
4.127521720031630537e+00
5.173195088495838867e+00
-4.371850277921149885e-01
1.425663890605309625e+00
6.969010332517193262e+00
-5.498460882572740793e+00
-4.682676578506248966e+00
3.114065924874607205e+00
6.662220568045970737e+00
-6.714024107558874688e-02
3.840124859350063868e+00
1.342918467403893423e+00
3.533914271095488502e+00
8.184356576426351504e-01
1.535502970893135144e+00
-2.040378173145261098e-01
-1.404925312480315713e-01
4.906832863549032808e+00
1.313981702340420998e+00
-1.887963341068519707e+00
3.243934629271472581e+00
-1.584255407422489048e+00
2.625121636647017365e+00
4.393862141404560329e-01
-9.829794396059833295e-01
8.601124543343243722e-01
6.777772607954507533e-02
-2.127081977297110349e+00
-2.308205765507615137e+00
1.226604927844016757e+00
-3.353509244184673221e+00
-4.912515939150178257e-01
3.838050139328300636e-01
3.777773935706993380e-01
-1.051791960112607588e-01
5.826270472841869053e-01
4.632346172122371541e+00
-2.483234482944555399e+00
2.151306805088939011e+00
-2.975412359688250685e+00
1.136707929506470371e+00
-4.402378371354652709e-01
1.191054468602399163e+00
8.685538178932460385e-01
1.875445661526584096e-01
-5.410170866685562352e+00
-1.083353185189976919e+00
-1.152142348323616794e+01
-4.845547150787028023e+00
-1.180860428636425485e+00
-8.674396379515177946e-01
7.761946470346572369e+00
1.608195791813695763e+01
1.131242882712924214e+01
1.634720992785249905e-01
-4.707875123579767784e-01
-1.669336701614884122e+00
-3.188735759762693966e+00
3.271255838039498709e+00
-9.641304152694176732e-01
-1.124725852618160410e-01
-8.439189987166292317e-01
-1.567806933093131905e+00
9.719901005724150167e+00
1.297926312212179489e+01
4.429733125776487590e+00
1.078795388425849389e+01
1.502148737429425296e+01
1.901065175106650074e+00
8.748252161608631283e+00
8.857114114430608254e+00
8.341053526222681924e+00
-6.866879908392118814e+00
-2.628444836783671246e+00
-2.478177721992995686e+00
-3.281344322628680477e+00
2.204260297040762762e+00
-2.559967113553844431e+00
-6.044516259740004838e-01
-6.036153657574340192e-01
-6.232783428759811617e-01
-7.007313268811984130e+00
4.092116486208441373e+00
9.902759172277246336e+00
6.135881883957848837e-01
-7.491526545912439161e-01
1.335672335812101430e+01
7.434234539686269905e+00
7.918497812574884165e+00
7.433619212021770117e+00
-1.232729601762009253e+01
-7.992559630259894021e+00
-7.713840897335145996e+00
-6.697384018373944592e+00
-3.348132058977774328e+00
-1.336378090047772638e+00
-3.870924394309688044e+00
-4.822034927341558586e+00
-1.682494266850304676e+00
3.229311072719995401e+00
1.398289270679057728e+00
2.393689804454648962e-01
-1.247718504991790489e+00
4.591541295709848036e+00
-9.440910054069417967e-01
8.366843534196290177e-02
-4.650106981413844487e+00
-3.748489105964990742e+00
-9.929780444230180692e+00
-3.199421350607456471e+00
-2.721042019044600302e+00
-1.928779618885021030e+00
4.272575848460392067e-01
1.087111459303424787e+00
-3.363085022509653577e+00
-4.254268017879061503e+00
-7.675827972215847061e-02
-1.303162920235040900e+01
-5.634433810247037933e+00
-1.438697526958990780e+00
-6.903255756726653924e-01
-3.770658312381353738e+00
-2.695061152613658528e+00
-8.791829357193826633e-01
-2.662646024482233642e-01
3.849154308254111534e+00
2.551442932065683955e+00
-1.224906248057136882e+00
-4.001608588330562100e+00
-1.916809168787823703e+00
3.521144178415365755e-01
2.044206072162014109e+00
-2.695303514359674857e+00
6.850102464967481319e-01
7.671373201922353502e-01
2.557851470241448766e+00
1.751409488649179114e+00
1.022880277780359171e+00
-9.769163944080384854e-02
4.098903469459303395e+00
-7.350030998412674377e-01
-1.654978120964622601e+00
3.021834270339085027e+00
4.736382347985598429e+00
1.010056388607088795e+00
1.162213026228084267e+01
1.354090969681633894e-01
-2.534569006492287002e+00
1.086213244568583924e+01
-5.484863116505339420e+00
9.492800725606230117e+00
1.336179778505654880e+01
7.463653241755669576e+00
3.228615101494308193e-01
1.761277782546028514e-01
-7.566887728832003557e-01
-2.169538997515358503e+00
2.406765094740103361e+00
-2.150379796998961535e+00
-2.062690626025157403e+00
1.287849815571753709e+00
3.953303752834917528e+00
-3.228146553155050835e+00
2.328925823481905244e+00
2.268126292574601965e+00
4.540806962654944101e+00
-1.764771644238469550e+00
9.297542217609762183e-01
4.070906611710332079e+00
9.522746931634491485e-01
2.645858713560591102e+00
-4.880925498429154352e+00
3.157917491531287979e+00
1.162274119609833400e+00
2.985863622121065042e+00
-3.044194145824065334e+00
1.861138352357386005e-02
7.565538544612901983e-01
7.476619042018468608e-01
2.851383484067065321e+00
1.285593717220082199e+00
3.790400083658340691e+00
1.158130878163784683e+00
3.520483490983648878e+00
-3.007117755740449816e+00
6.382511322129245102e-01
-3.808763178164845664e-01
-4.623245835636278778e-01
-2.013807873929291059e+00
-2.093527986900935112e+00
7.738022472636237881e-01
-1.461442645842264243e+00
-3.232265544628301068e+00
2.233766797973918194e+00
2.018524382954976076e-02
-1.616016934845465602e+00
-1.851731420212099008e-02
-4.171539810725215514e-01
9.315978446340291708e-01
1.030317212037497265e+00
-2.774852307490125458e-01
-2.212896855926760331e+00
3.405228502862700068e+00
-1.981852415668186707e+00
-3.182079506446580108e+00
-2.104015895664074876e+00
2.351637440175616156e+00
-1.171558755282952013e+01
-6.920468197065626548e+00
-5.513290320539221412e+00
-5.780060688482315356e+00
2.772528442011770733e-02
-3.864738723364532724e+00
-1.846971570053643319e+00
-1.608469123595787087e+00
-2.743568445559638302e+00
-3.769603689971989802e+00
-8.818027236236124722e+00
-2.910013226183007617e+00
-7.815127261444117401e+00
-6.812879749759074066e+00
-6.923475710010415618e+00
-3.067661631036644909e+00
-2.641395196015554170e+00
9.214584597414678946e-01
2.227455950083566047e-02
-4.060066534915589997e+00
3.115946573508597162e+00
-2.930957909744705159e+00
3.214513791411189203e+00
-2.708490613832966964e+00
1.348146238263935315e+00
8.325412602246440308e-01
2.097170888080018170e+00
-1.504427170389869239e+01
-1.031943201118782838e+01
-8.673270165173292412e+00
-8.256982489597374908e+00
-2.133954923796816061e+00
-4.349609629555499346e+00
-3.637227482879428653e+00
-2.035755289605118978e+00
-4.928105769478674958e+00
4.939725479884819137e+00
7.190014912927885860e+00
-5.135460440686809847e+00
-5.369721502018438564e+00
6.932669240742054484e+00
5.741901218760963981e-03
5.008420579683172669e+00
8.631859869016913933e+00
4.387370942375614646e+00
3.022988464939152742e+00
1.826396650618608453e+00
-4.314086197126317801e-01
3.327024218326222194e+00
-3.104603309631260188e+00
6.598854860773719633e-01
-2.983026510872098580e+00
-8.019334669495148393e-01
-3.175355356856286004e+00
9.740614353184829710e+00
4.373972837878220332e+00
1.225273710211778999e+00
-2.689487947091534270e+00
2.610437530336697787e-01
-8.886134705867990702e-01
-5.672148797142920751e-01
4.261704830789206255e+00
2.671971287999120648e+00
2.124967574894002897e+00
1.221485962014014603e+00
-3.588965124263362311e-02
-3.684385391546209920e+00
2.716185372615225635e+00
1.367402108953737205e-01
2.469843599710372484e+00
1.610823327245550551e+00
3.915747453109419407e+00
9.582320977624176450e+00
-1.211610742522499784e+00
5.594336531214489483e+00
8.261697137457272300e-01
3.429259979298067140e+00
3.718772182141121818e-01
3.756043588676159839e+00
-3.516170780932029727e-01
6.529565794083238561e-01
1.289410221683937596e+00
-2.812833606235838779e+00
4.855581325507627000e+00
-1.096914199783708854e+00
2.761864177870345660e+00
-6.281755010208585066e-01
2.186398005770665343e+00
1.711734663027022485e+00
1.178463964523778218e-01
5.839615352357011346e+00
-1.649631733580527948e+00
3.247297337797921291e+00
-2.648526012405925556e+00
1.663851244614096059e+00
-1.849411700815928317e-01
-1.228601517248120306e-01
2.421134882018241563e-01
1.022173769787783626e-01
-2.031541755739337152e+00
-2.173645334426912157e-01
-6.228871893921857916e-01
-1.591738624725899776e+00
2.213274098522461486e+00
-2.559461803745629038e-01
2.144332099268991598e+00
5.085515755547036498e+00
2.330482374187573313e+00
1.689315749682661050e+01
5.729989511030292526e+00
1.307555238455530677e+01
7.886326912826286062e+00
8.172929419087992642e+00
1.043460821294921637e+01
7.504114127099665410e+00
4.509251926277240585e+00
-1.707349360554118567e+00
3.291188641050736940e+00
2.576784858823077062e+00
7.742038561316385570e-01
3.770331116389284976e+00
-2.411752685880521163e+00
2.015563747435076714e+00
-2.672915498695839442e+00
-4.236032311438107101e-01
-2.571507367432473323e+00
-6.519574860767145541e-01
-2.581907784140904383e+00
-4.216840112647002314e+00
-3.422825345601356872e+00
-5.785165020264553259e-01
-6.466838773086180936e-01
2.320871028614361453e+00
1.621766840915866981e+00
7.262326264293553768e-01
-1.590058019376924214e+01
-9.155003466327853445e+00
-6.627962812493655598e+00
-2.653987207521308012e+00
-6.644801892568401591e+00
3.579108330290676869e-03
-2.817564824433686166e+00
-2.409755711743087225e+00
-4.123848468884674823e+00
7.966090200857119108e-02
-4.961206734147283193e+00
-8.730446154833551020e+00
-8.279749307591986351e+00
-5.307091704890655848e+00
-2.929854930541378355e+00
-2.763837966881462105e+00
4.183228911521113424e+00
1.279938287271382924e+00
5.893089464107971409e+00
-6.144539332850131874e-01
-3.729255140774124566e+00
-2.619182520866591535e+00
8.461440585518571478e-01
8.308406196008348843e-01
-2.620258477049480117e+00
1.158956871455620652e+00
8.766506243697540501e-01
-1.525197941214671227e+00
-1.329381121456470582e+00
-3.254416764167842757e+00
-2.665464848029169831e-01
-2.031682752649254464e+00
-1.029128384810473085e+00
1.513143571184450753e+00
-2.122920756801369158e-01
-8.289284875050360046e-01
-4.560719763120997250e-01
-1.037461946863104251e-01
2.993647343046002884e+00
-4.093017226112086737e-01
8.234192176355286108e-01
1.943799876337040766e+00
5.426287775231801724e+00
3.186993493933897970e+00
4.228506830293643937e+00
8.183705237564302237e+00
-3.268451142139753074e+00
3.521124101627534309e+00
-1.277674992388588171e+00
2.555987152992716283e+00
6.203759318543542456e-01
-2.814041545924305332e+00
-1.073612439698137466e+00
-1.699234521942215803e+00
-2.786394664080404371e-01
-2.315024530912730416e+00
3.555713698638751197e+00
-3.173724928899138487e+00
2.703668680761759369e+00
-2.830108584435880870e-01
2.813019957207791855e+00
1.380987823987328778e+00
6.046054490404778603e-01
-5.225589584140518523e-02
-2.117759765718536524e+00
-3.503460182708461712e+00
-3.230769956963756240e+00
2.068850818844885531e+00
1.761637056183356531e+00
-4.196564810167027204e+00
-1.113175401310675605e+00
-2.404926459563157870e+00
4.043016560242610247e+00
4.674523614176211872e+00
3.275848991826026513e+00
5.160936435929276422e-01
5.472897461178045653e+00
2.075051172108640374e-01
9.920819072020999885e-01
1.657050223793307575e+00
1.022344457436950682e+00
1.918899312690818926e+00
2.103428948715391211e+00
6.066019741872273885e-01
5.606408895506680423e-01
4.563705976424802802e-01
-1.265916889960122527e+00
-2.925408537399474262e-01
-7.813927415059034043e-02
1.781185272150060950e+00
2.019325322136393819e+00
-1.787144312914052513e+00
3.822372857940913971e+00
-3.282494219224691090e+00
3.076173432458970236e+00
-1.984323928450013819e+00
3.489114878588172264e+00
2.236597642462802682e+00
1.898346726219060532e+00
2.833694339536954043e+00
-1.973243178882849946e+00
2.673118286398652454e+00
-1.358899686079602098e+00
3.907230290943177309e+00
-4.801787263840777142e-01
-1.089518335356253420e+00
-1.186574346302862848e+00
-2.683058869640967625e+00
3.846312007916234510e+00
4.869368542997375648e+00
9.613849488678519961e+00
2.476076767272963775e+00
4.412110164413037161e+00
1.907046976660951909e+00
-5.867548557883094595e+00
-5.713660597555178633e+00
-3.129430482511364797e+00
-5.097604319552961449e+00
1.876029823433262189e+00
3.657324367591126002e+00
1.106924978223575051e+00
2.460576731555225827e+00
3.422119641276407886e+00
4.356177578090860258e+00
2.252939533375687642e+00
3.224758587690761402e+00
1.520091604229208393e+01
4.010714754484419053e+00
1.085717878582136642e+01
5.909992844404776235e+00
7.604759617952339568e+00
4.923699233572740752e+00
7.184748348549454988e+00
4.434374322202277341e+00
1.017072528986481483e+00
4.272170280448742141e-02
-3.968173575090318650e+00
2.114340857573611565e+00
-2.968097117857320555e+00
3.688563461519350106e+00
1.012045296393839083e-01
1.493337374008602225e+00
-5.997559028913024282e-01
-1.323562213716039881e+00
1.095776340388504133e+00
-2.894666312573114464e+00
2.680490949387540844e+00
-4.399806073869364731e+00
1.771319266276375481e+00
-3.269449825949794164e+00
-3.425085250243368407e+00
-2.170139861406572834e-01
1.663940471912877195e+00
-2.012639927673871654e+01
-8.050714365238722081e+00
-6.561814723255104953e-01
-7.906015421661931164e+00
-9.310910367014940903e+00
5.523256133164027304e+00
-2.361291712034855550e+00
-6.962983004665129760e-01
1.190519721855255231e+00
-1.218776662673104472e+00
-5.774630552389898863e-01
-9.269097932561732867e-01
-1.846926825569244812e+00
3.388301617914481589e+00
-4.530392058549942980e-01
8.233718923968235126e-01
-1.386642828925185311e+00
-4.556566619309797339e+00
2.656658652560343281e+00
-2.808023474585970014e+00
4.037362404416905193e+00
-1.962748053328288167e+00
3.001265345561266340e+00
2.913446377087092753e-01
3.060559274230396198e+00
1.074034148825433022e+00
-2.114492047041550971e-01
-2.372200623515208662e+01
-1.234914113427183757e+01
-1.130547877769109277e+01
-7.869217292607898706e+00
-3.826564289439507771e+00
-1.150279770953692093e+01
-1.134091960791943698e+01
-8.008200104605059266e+00
-4.035079860054640477e+00
-3.572189338147254145e-01
6.958030322629361608e-01
-7.583345936900855178e-02
-2.472907550204884064e+00
2.475249729129708420e+00
-6.163907020540994042e-01
2.481058309427193187e+00
4.240875999882669944e+00
3.581093782715132345e+00
7.006173179927546180e+00
-1.611742588776803098e+00
2.476615730102910362e+00
-1.867403745708272167e+00
8.195772269209271599e-01
1.025158230546260318e+00
1.933988863417592352e+00
-4.477534841858533676e-01
-2.077400953391163263e+00
1.452493534276853682e+00
1.307695672274254095e+00
2.876251074496646853e-01
-9.206296994773216502e-01
1.550213645018714059e+00
6.793093564496209824e-01
3.810716171164452604e+00
1.379931180863041007e+00
3.948306375475858498e-01
2.751469600422661976e+00
-4.039231160604846771e+00
-1.696402821207052725e+01
-9.626438708405411049e+00
-6.224208780537237473e+00
-1.141591063036428544e+01
-7.325484306180944039e+00
-1.058730443036048108e+01
-7.046928995432254261e+00
-5.999107680920276131e+00
-1.677801066254889673e+00
-2.528104951322460714e+00
-3.322894106052212582e+00
2.314351988535750415e+00
8.763471673731967337e-01
1.726732348870902767e+00
-2.118670577293659540e-01
-2.730832430027877233e+00
2.150096561456114053e+00
1.809591032048302628e+00
7.325474489078663831e-01
2.894868796699655356e+00
8.202306124335583259e-01
3.021888181985924238e+00
-6.989197966393052575e+00
-5.841323926348698237e+00
-6.203561861688220880e+00
-6.243173075974697284e+00
4.461990047994805586e+00
9.579120846650708287e-01
-1.066939796517918787e-01
-9.299032679382802646e-01
-8.478350961882576087e+00
3.650389412747556239e+00
1.639699582985413739e+00
7.448056255280258164e-02
3.384336683325875672e+00
-9.170145067054738419e+00
3.859849011869084245e-01
-3.103075344361270194e+00
8.325045254285806662e-01
-2.971484731822898073e+00
-1.546799105889873349e+00
-4.184079587069013506e+00
-3.962774560394286993e+00
6.541323753920365469e+00
1.238969362173732591e+01
7.007772240441396683e+00
7.043538047465398577e+00
1.138928799674518189e+01
-5.944554135335045508e+00
-5.485158031437283199e+00
-2.617786694701389028e+00
-1.031927587287193360e+00
-5.878792113439368805e+00
-7.513916693568206462e+00
1.229823495602954120e+00
-2.555056673329697770e+00
1.648708962864072314e+00
-1.855963755222948208e+00
-6.996581244981701087e-01
-9.967069147199694168e-01
-2.823754036187700933e+00
-9.705730741751654733e-01
9.725941884389778247e-01
-5.409377024799061351e-01
-2.496959515753053527e+00
3.178607908386417158e+00
-1.176148609316117533e+00
-1.732908353128331802e+00
4.953387283367176597e-01
-2.403339666536645769e+00
-5.818484159585342042e-01
6.814526456981145897e-01
-2.773386256785815185e+00
-3.938597606067925305e+00
1.865551213998374314e+00
-8.889008824722384183e-01
1.031364767630151391e+00
4.607770855738386184e-01
-1.503617834572313350e-01
-6.703236901722047669e+00
-2.416566772916046268e+00
-1.411336189895838533e+00
-2.435807418623715304e+00
-7.922714910940984456e-01
-8.164751906090760292e-01
2.333050550556384106e+00
-9.301149121477954029e-01
-2.219391917133465952e+00
-1.334689457119918643e+01
7.472089624998204727e+00
1.396339063312909090e+01
1.405297443791418077e+00
-8.807136422775165840e-01
1.182251118081716790e+01
2.054511728321375408e+00
1.349208798515969532e+00
4.875242512695229791e-01
2.174223796467558145e+00
-1.473391317610616369e+00
4.185797165880901893e+00
-3.157639759811618152e+00
2.248398763361842523e+00
-1.864969774901442889e+00
1.663071688545062710e+00
1.249522453375517150e+00
1.101238591597607730e+00
-2.312455509019145872e+00
1.822421500057201271e+00
-3.392636076538694812e-01
5.566536653155964576e-01
-1.041730910918130970e+00
-7.668032434042594547e-02
3.274147935878452653e+00
1.998197350739947975e+00
2.088006805903846796e+00
-1.093423761869484778e+01
-5.372983295219277977e+00
-2.422045736639539815e+00
-5.515201585808532592e+00
-1.332342586331927148e+00
-1.550002654069177588e+00
3.408880875039710934e-01
-5.781664224002066588e-01
-9.852998651020968834e-01
7.338376330653003876e+00
3.014965966783064388e+00
6.329752596816231147e+00
-1.392514647784506565e-01
4.074052733872270515e+00
4.910354796303804115e-01
-9.533654591893485630e-01
7.202151822774056633e-01
-2.307782740750111472e+00
1.351159382883061033e+00
-3.679704234096279780e+00
3.809137817701332973e-01
-3.177315132317153346e+00
1.307038455508119368e+00
-5.679982381015151738e-01
-4.303396416792487633e-01
2.813325890071060043e-01
-2.877984134004213934e-01
1.431226948057735804e+01
-9.786473844345676909e+00
-2.530845069889623211e+00
-2.376898021913906867e+00
-1.297983246280024483e+00
-2.149329635047325215e+00
1.069478418014948140e+00
-1.212908350632358800e+00
-2.630662008312794065e+00
-2.322833920701894428e-01
-5.202507536185336789e+00
3.954334990393598925e+00
-1.242028641822280788e+00
2.531509748859242848e+00
-8.201403574837984323e-01
1.854259334595924846e+00
1.934303496255207033e+00
1.386059505484048548e+00
-3.506004128071025683e+00
-4.739758441544966061e+00
3.052176698775823205e+00
-1.584641313737437551e+00
2.253965503135108239e+00
-1.120946795100908666e+00
-7.998843361240097760e-01
1.385063890750472648e+00
-2.139609133181449963e+00
1.949092850865157045e+00
1.295235008190871229e+00
3.204082035046023069e-01
-2.983693328952690127e+00
2.455305000109946789e+00
-7.552827654640594801e-01
1.424929154725021574e+00
1.745848585395473940e+00
3.610766961144949994e-01
2.733397184939197810e+00
9.982543833505693742e-01
-9.137406869463319259e-01
-4.449493321205233998e-01
5.356732592359102263e+00
1.172080068398671182e+00
3.407472270727384345e+00
-1.833218283062509668e+00
-4.179891438748077448e+00
-5.934277126902148147e+00
-2.911150452110819811e-02
-9.001005779898322956e+00
-2.662120142046910942e+00
-8.538228943380907765e-01
-1.680029954692409122e-01
-7.412248970494644817e-01
-2.048114762155317514e+00
-2.311273794383930991e+00
3.744612383870289829e+00
4.221324311830303877e+00
3.348678122709725535e+00
-6.055678600595010286e-01
4.404106846380259732e+00
-9.003875450407057757e-06
2.263610741079226329e+00
9.166771408212922578e-01
2.451031213683124044e+00
3.119710505228515451e+00
1.435379130833910466e+01
1.444069620616387972e+01
8.980019784099411151e-01
-2.640077788549616944e+00
8.329459668538365946e+00
-3.565000856312851019e-01
-9.045491455784054891e-01
-8.565607012903330153e-01
4.826630046865434842e+00
-3.572336346451923550e+00
3.715204643502975301e+00
-1.330024799195092866e+00
1.981916102598580087e+00
-4.795867634348693342e-01
2.575006280342142073e+00
1.934255724095122808e+00
1.294746756815510436e+00
-2.717530813356471064e+00
1.061470124222734235e+00
2.229934990167778519e+00
-2.117865830917045500e+00
-1.490151950682094606e+00
3.193809924655268695e-01
3.887880402715531591e+00
1.646831384939713816e+00
-2.284505844648275996e+00
-7.691180178885095309e-01
6.559841469849302387e-01
8.701716915658429530e-01
-1.386114292339587273e+00
1.667553091303911383e+00
1.628092461578844796e+00
3.543100925441247551e+00
1.878174579168053526e+00
-2.318481112125255095e+00
1.868504131239394628e+00
-4.132108103375125907e+00
3.155559803150772558e-01
-3.898261520697876126e+00
9.915182650874571069e-01
-9.029990846037274643e-01
-3.608039106904195603e-01
-6.997578443122645098e-01
-7.068349355107688137e-01
-7.050632178879054912e-01
5.653532670490886147e+00
3.402427017507357210e+00
4.478987536957450111e+00
-1.132303840446585053e+00
1.738090451931319613e+00
6.392290915291408693e-01
-1.659115833505057369e-01
-2.055742953540356854e+00
3.512014940377169658e+00
1.387078032613310530e+00
4.844588232168887676e-01
-8.664835731718768530e-01
4.372164525053077178e+00
-1.568632094965946022e+00
6.982065203743373916e-01
-4.928573074362446960e+00
-5.740028355963515239e+00
-1.840659002732344174e+00
1.757494817720940405e+00
-2.680677481377116589e+00
-2.527664441783816329e+00
2.559097461288626807e+00
-6.493506368340701940e+00
-1.326709283574776910e+00
-1.351562482231077889e+00
-5.635674821985798832e-01
8.704448793524720784e+00
-4.537749211383781400e+00
-5.922279041999876092e-01
-3.686809223778946709e+00
-1.380827700003994574e+00
1.653640274609834648e+00
7.449511656746654609e-01
-9.179330084678425372e-01
-1.149215579829144129e+00
1.019416753664834374e+01
-9.508385437168690446e-01
3.600527222400184968e+00
-2.490661746499977180e+00
2.383746731914929917e+00
3.067919752396692346e+00
-3.164097951413751719e+00
-9.242022934733072626e-02
-6.231915815251810598e-01
-1.658064278933757407e+01
7.790251855911528800e+00
9.504404330816694113e+00
-2.701706278173763298e+00
-4.616183664557822475e+00
6.729507490322629515e+00
-7.789629531563220244e-01
-1.087565069274655460e+00
-2.217165233856358331e+00
-1.323476110149294804e+01
-6.171852718330894660e+00
1.104212237233878291e+00
-3.727285739732346226e+00
1.055091347447872252e+00
-7.292421693370072511e-01
9.782084221317181028e-01
2.399895753228631357e-01
-1.700772463475293206e+00
8.997474419450233185e+00
-4.320565759031975261e+00
2.602401747452494085e+00
2.071827883045660457e+00
1.065186702981410827e+00
2.515374433481933347e-01
4.261009400832828753e+00
2.324707925542088383e+00
-7.010325067242374475e-01
1.115771433352326758e+00
-5.179877369476441729e+00
4.190173597366369407e+00
1.167813999116355861e+00
3.800777459107697709e+00
2.007674624165022959e+00
1.403624392412144095e+00
1.392477400960591138e+00
-2.472597350480854494e+00
-9.729457982378288960e-01
-5.858127806242805491e+00
-6.504209378875006387e+00
-7.304755792015519944e+00
-4.827001268029431635e+00
1.742386254601372642e+00
8.714169244721985397e-01
1.159490414623751020e+00
-3.451581324046028243e+00
-1.410534861226928838e+00
9.640929871228850478e-01
-1.188360172514591717e+01
-1.104636263666640872e+01
1.131662281297621142e+00
1.402885671384730415e+00
-1.062752038442035030e+00
-4.672576330030044467e+00
-4.251909398469451595e+00
4.982982536935088858e-01
1.975350431042584232e+00
1.243358167862420371e+00
-9.578671380517838063e-01
2.801675925973097225e+00
1.072182303078906607e+00
3.248471853937507259e+00
3.455366776176949983e+00
-1.730438501903647897e+00
1.020995199828288058e+01
1.110462227235385413e+01
8.907771052954926105e+00
9.071667043309947331e+00
9.147114440238857114e+00
5.336926521019034197e+00
-4.634615771744342361e+00
-5.815610289398208899e+00
-5.183624707988532698e+00
2.985728283816750650e-02
1.035472782793914082e+00
-8.838874111652047505e-01
1.121363358827985435e+00
-1.196482389736628793e+00
3.164220089275038283e+00
8.672033563718566374e-01
1.712651291218568961e+00
-1.105272278406920439e+00
6.443752222232918214e+00
7.513488718549504952e+00
5.229316340818190412e+00
5.913420344872017509e+00
-5.534865414732076383e-01
1.044672318334063155e+00
-7.976256117079648655e-01
-1.265748176903660344e-02
7.832013236446632165e-01
-1.753078431449026553e+01
-8.618112558667364809e+00
-2.551647961525053354e+00
-7.231817560265367817e+00
-4.307909290872809827e+00
-4.951525715352238066e+00
-7.833813598005576750e+00
-3.226737197878815078e+00
-8.893326500549991742e-01
-2.004186284770505200e+00
-8.737584203044544973e-01
-2.663621800274976970e+00
-2.772406353898341003e+00
3.857665354965387344e-02
6.144097799264242737e-02
6.283550665362097609e-01
-6.078561759622097549e-01
-2.030038700234053084e-01
4.008546773027323873e+00
2.919609813184484093e+00
9.769843409203879503e+00
1.176654166088757503e+00
5.912200426923480689e-01
1.781829845249805366e+00
-4.908003179191802623e+00
-5.336319371402180600e+00
-7.827469255239600798e+00
1.231234050220977316e-01
1.589505368821904963e+00
1.323577428264857581e+00
2.407112368921627166e+00
2.059955552427219949e+00
5.338205068572221990e+00
3.551702839542380391e-02
-2.363706242605309704e+00
-1.092402971320391325e+00
2.972433674299598483e+00
3.752528102519230302e+00
2.034917997666530365e+00
7.521653899882661809e-02
5.183295210338553005e+00
3.618629566480114357e-01
3.696745958076309013e-01
1.033294957169004658e+00
-8.926096400595326941e-01
4.612777447279665211e+00
2.893346562604491190e+00
-1.032308997408650120e+00
1.496580879375777107e+00
7.335440931172827028e+00
-5.366207100099372518e+00
-1.124134281587857442e+00
-3.338457949556440152e+00
-4.154961349492535483e+00
6.553943482133552045e+00
2.176662063974553085e+00
8.396589189792831587e-02
-2.021282742128744037e+00
3.257982310380733715e+00
1.342823439949594633e+00
-4.964701126247447194e-01
7.716696508111099417e-01
3.342044477703229877e-01
-4.302183636634181241e+00
1.305335344092371841e+00
5.758167228649619940e-01
2.860949504599737736e+00
-3.781888103388088229e+00
-3.430175123969473328e-01
-1.615636972608752941e+00
-1.293560483542316453e+00
-2.973736696027624138e+00
1.027051068695977776e+01
1.159347624490484741e+01
2.717119100455633429e+00
8.792403644177953836e+00
1.111136395393644172e+01
4.016143372009589041e-01
-7.917136255982601956e-01
-6.983152902567027809e+00
-5.926590650773191804e+00
1.551193442008640844e+00
3.862152131160203616e-01
-1.166167909382909373e+00
-4.672669754407932641e-01
4.772610609672107707e+00
-2.731692115925743014e+00
4.018293338543088566e-02
-4.662623347907193683e+00
-3.940175811854749188e+00
1.871044752162416103e+01
-9.654314166320725477e+00
1.275032386642344751e+00
-2.517649732881469316e+00
4.091292058258787501e-01
-2.002240116361545308e+00
-4.317522738554624873e+00
-3.718684020603207685e+00
-5.901923440882355543e+00
-3.156850252305648308e+00
3.481803953259340334e-01
-2.651926506247128668e+00
-1.358718083863958537e+00
-6.837283137031324731e-01
4.905165513860494375e-01
1.520725277282128918e-01
-2.048669074407508950e-01
-5.143275568441636469e-01
-5.255177588317710979e-02
-3.171260252226227649e+00
3.262005923829842224e+00
-2.702717980526730290e+00
3.748131217005812754e+00
-6.926840063656729551e-01
-8.759723013285228288e-02
-1.291149073032188399e+00
-2.306697884864445935e+00
2.433391877748358301e+00
-2.443198307891254917e+00
2.422924706981610665e+00
-2.154086122449436314e+00
2.933508942822387944e+00
7.116944066259116297e-02
-1.070521593340906241e+00
-1.869020825778096695e+00
-8.000443105811683164e-01
4.217428378645197817e+00
-2.297738368939502562e-01
3.925829300402864597e+00
-2.576217123563268707e+00
2.157237838299136623e+00
-4.351940138154520299e-01
-2.231097715589690722e+00
8.839267524178039404e-01
1.584647435132703785e+00
6.622026401025967735e-01
2.740291849940921232e+00
1.907679473314034757e+00
-6.980048753132769290e-01
3.899476189599373477e+00
-1.354265458687108792e+00
1.092310809057644772e+00
-3.513869811181427605e-01
3.378683845645463757e-01
-5.850141511156111918e+00
-1.869267131669096305e+00
-7.133624079086785530e-01
-4.088927105441735321e+00
-1.754303182479073353e+00
-1.085597790804226470e+00
2.785004719462489842e+00
3.905806425724094311e-01
8.940470898252991239e-01
1.901047154999138677e-01
1.858705769306882694e+00
5.658577689048958081e-01
-3.198173543449357226e+00
2.453855736631427753e+00
-1.553299258097364133e+00
1.132308959350656563e+00
2.387074715676496539e-01
8.966894808354509694e-01
-3.993646779773235789e+00
2.656586273780128238e+00
-5.331953759117337377e+00
9.263040127872300689e-01
2.127673055410499448e+00
2.278915790397270102e-01
-1.244008552104496346e+00
-3.380431949938572878e+00
-2.125459384062472701e+00
-6.460933866998336272e-01
8.169266465146952427e+00
-2.582171312526622131e+00
-4.469343025645925671e+00
8.620346936241171321e+00
-4.534395895706339275e+00
-1.508016908415300561e-01
-3.228273270685536378e+00
-3.266145641039681191e+00
9.239704662967405113e-01
-2.719186423445414835e+00
1.897004600016663378e+00
-3.060592852613544412e+00
3.106260481055545419e+00
-1.826222359468771872e+00
-3.825213193547538637e+00
-1.559227390540501856e-01
1.619666196629067301e+00
-1.702519993529399978e+00
-3.949205353729318829e-02
-1.381612800581519807e+00
-3.306030111782932490e+00
1.963441962532230134e+00
-4.384770393814148903e+00
-3.503627006257764354e+00
-3.642313505309890509e+00
-4.714681920875771759e-01
-4.363325331631127568e+00
-1.620855468986585723e+00
-1.757881949544757294e+00
-6.827799719072956408e-02
-6.784515790133314184e-01
4.781567688486267342e-01
1.507092239368858833e+00
-2.975340125380241396e-01
-2.259894777268415034e+00
-2.183861133024175949e+00
1.592816192777434470e+00
9.214888267726673021e-01
-2.136206515956463381e+00
1.773310119907590243e+00
1.232426302367486626e+00
3.209388996367031677e+00
1.134521504431091898e+00
-8.845357759535431574e-01
-4.310617991812477179e+00
-2.544719472527897430e+00
-1.736206523447550554e+00
-9.922417004408996544e-01
-2.527716694850829615e+00
-1.118151028335139019e+00
-1.599663321834561280e-01
-1.585759694618426696e+00
-2.533587885984891042e+00
-5.226353500747018543e-01
3.347380588554154102e+00
6.467545225548220200e-01
-1.786368183253636555e-01
-2.034622364786405235e+00
6.485189926682595196e-01
-5.399526381821823096e-01
1.833314070835745602e+00
1.350239611830054365e+00
-3.682983960466438056e+00
-4.124399605251666046e+00
1.897882826741591922e+00
-4.079766487103603900e+00
8.314702381306887657e-01
-5.489901432750873278e-01
-7.660399615206955337e-01
-3.675629685146961090e-01
2.865657651627864233e-01
4.212631051392146553e+00
9.921632833172193688e-01
4.579732054306361988e+00
-7.584741385785465084e-01
3.524133563845204709e+00
2.964982802765689929e-01
-5.957680927616694211e-01
-7.643809137635797502e-01
-2.335780574072369997e-01
-5.545896981148561444e+00
2.281478754779663110e+00
1.159477335955402699e+00
2.112274360718473520e+00
-2.133832626641855690e+00
4.019904307814091415e-02
3.559532764227577584e-01
-1.244034575285428018e-01
-1.313006148500533987e+00
4.455352412908498039e+00
1.551646625238553900e+00
5.978773815416746018e+00
-1.265663386743167251e+00
2.083279895456845665e+00
3.409607628201792584e-02
-1.296039050004952786e+00
-3.730608992032788951e-01
1.767300364256743306e+00
4.531590241338206981e-02
6.446336962176038021e-01
-8.645467756685841776e-01
-3.111303796871896399e+00
3.052358361298085576e+00
-1.255328192619355132e+00
-3.239170110181355811e-01
-1.010720618755382105e+00
-1.723259342045960540e+00
1.540840188952405398e+01
-4.971205296305741150e+00
5.204794078648138367e-01
-5.609958712022593552e+00
-1.326240476304655802e+00
-5.674271659886811481e-01
1.720758788647033688e+00
8.436224544957507954e-01
5.902743815492300650e-01
5.455697851713908086e+00
3.516479138879490929e+00
3.604344430614804029e+00
-8.325192131896339554e-01
1.061235800288442332e+00
4.499559103607517763e+00
2.893836252133325182e+00
9.960035166246835603e-01
-4.383243748200529311e-01
-8.154913334027030780e-01
-2.599014823731868873e+00
3.218303065350843539e+00
-3.578306425347801412e+00
1.866590975636838845e+00
-1.413291585945858353e+00
1.087029325578807576e-01
-8.167736388860625807e-01
-8.874613254117947880e-01
-2.253747077903847096e+00
2.176077842543533078e-02
-9.880134625449480401e-01
-3.267910519484156673e+00
2.969121726448655352e+00
-1.671982605660788046e+00
-5.899355762398306169e-01
-1.838999535244641104e+00
-1.902119067235416683e+00
1.146018444845796580e+01
-3.974511324382882904e+00
5.124023874893778974e+00
-3.156347536651862851e-01
-3.655882584873828001e-01
3.799310251897214386e-01
-3.629745907359682722e+00
-2.334917580454073605e+00
-2.581378840154478382e+00
-5.243350220548561591e-01
3.501886676271503518e+00
1.220378986449783598e+00
3.867644837134252001e+00
-3.163707928517139667e+00
2.175333248151364973e+00
-1.560535385555299470e+00
-1.348974503868373143e-01
6.701709016563597299e-01
-1.033065019114261851e+00
2.452042841047944677e+00
7.398961927116885773e-02
-4.480060804990361745e-01
1.416787897774790805e-01
-2.468736152168050091e-01
5.811518176010294079e-01
1.407156197131014919e+00
9.683507533813643375e-01
2.175728097303601949e+00
2.965846096812363442e+00
-3.566699305322409974e-01
1.151479566242005648e+00
-1.246381248953787324e+00
-8.039953258607680786e-02
-9.671297794521365176e-01
-4.614987760880224776e-01
1.290205947865711744e+00
1.474349427868736628e-01
2.716312768089536658e-02
-6.689407928550640259e-01
-3.197929622460319532e+00
5.306206616606451432e-01
-5.825424921984394544e+00
-3.532511942839452246e+00
-1.387128934433068173e+00
1.442487548271007114e+00
-3.024029921499403528e+00
4.548769101092018374e+00
1.365815277514284221e+00
-3.453710280395713150e-01
-2.419623610403644154e+00
-3.875674132712100040e+00
-1.102893095379721577e+00
-2.270552302390394850e+00
-1.940259374229246436e+00
1.243661018287427478e+00
2.597913613748424222e+00
1.531175760875254088e+00
2.539347422638712271e+00
-3.363269932515643657e+00
2.896105505643921774e+00
-1.236572707381595471e-01
1.338507442371839495e+00
1.509440642176643310e+00
-3.783887707701473868e+00
1.280570425444427229e+00
4.882169744013942214e+00
-1.610234890899098437e+00
-1.258188413210297840e+00
1.922399739080742076e-01
-1.487371593456960683e+00
-3.757623847012729335e-01
-7.002371239795321944e-01
-4.564321835215127798e+00
-7.721331075869132476e+00
-1.664921987839723982e+01
-7.275284427746364635e+00
-4.967641160306508930e+00
-3.864928283380595353e-01
-6.711430428522043856e-01
-1.368350150426569156e+00
-1.464605416924407821e+00
-3.305406999199510309e+00
1.709407175081780084e+00
8.357697994177233358e-01
-1.607733735525040952e+00
3.000954370945732474e+00
-1.693366938838774649e+00
-3.945959105649491372e-01
-8.457392344608117840e-01
-3.070421509523729164e-01
1.619405478692355516e+01
-2.265759494109077288e+00
2.651567340702371212e+00
-2.352256199934227965e+00
1.033355565700323497e+00
-3.461064338887778202e-01
2.625665884753341506e-01
-1.102132212508793119e+00
1.286895691232996242e-01
-1.086742287024446618e+01
1.286678846646141405e+00
-9.100455601842700304e+00
-1.065195073229129186e+01
2.051589564646260744e+00
-7.426865988377114647e+00
-2.877880617707267996e-01
-1.145203203274203663e+00
-5.483825637190119506e-01
-1.985226627983004422e+00
1.564046877994051732e+00
4.962397600948818543e-01
-1.571153139822162759e+00
3.054770618748267719e+00
-1.401901950085111537e+00
2.326127522967691708e-01
-4.126426941357235201e-01
3.898710690105550714e-01
4.055366616569403782e+00
3.072891595448522750e+00
4.947375725543708969e-01
-2.059476493423305410e+00
3.976996590939238629e+00
9.726265263125077887e-01
2.344091552282363100e+00
1.334573725704638614e+00
1.663902895933292436e+00
-4.433538287609263051e+00
-4.737263240169153455e+00
1.964275499659436264e+00
-3.761760282790798549e+00
1.073061806094070869e+00
-4.388890879361127539e-01
7.686313520753919049e-01
1.841083385055440891e-01
1.423110610875011783e+00
2.343275766421857864e-01
6.222369417124649082e-01
-2.085196126829067312e-02
-2.152714335184219951e+00
1.595828998159975143e+00
-3.139752531796093038e+00
-5.292153797728507136e-01
7.134956808860760669e-01
9.208170817147921516e-01
-2.050806404023997054e+00
-1.071709598287337695e+00
-4.897008509296275847e+00
-6.223967973883049787e+00
-4.170488342582022168e-01
-1.674899836191040325e+00
1.378531035630320645e+00
9.774909650226641933e-01
5.477354433561023583e-01
7.196752416172105704e+00
1.116452514402305196e+00
5.994098302331437367e+00
-2.510739956123006600e+00
9.500874914331333132e-01
7.164552017339054224e-01
1.736729151452105935e+00
1.890362805956875836e-02
-4.246300339170203109e-01
-2.414123625299785303e+00
-1.414963996170152338e+00
-1.222202781656974047e+00
6.553478165917734355e-01
-3.072536073865636652e+00
4.067922392660417996e-01
-4.382702211059551489e-01
7.214251519938821300e-01
4.181483980328813410e-01
1.544200227831691308e+00
-1.454491150763541629e+00
3.302460490042424368e+00
-2.549236399360589989e+00
2.663456419778660766e+00
-5.827084566844057401e-01
-1.754121986396404376e+00
1.116513382238696561e+00
2.048653578908736339e+00
5.794842083774717878e+00
-2.339223206578996628e+00
3.149960995991294865e+00
-2.970545971043722311e+00
1.092259282662359166e+00
-5.666964642445442291e-01
1.096092975668725433e-01
-5.240863060871873147e-01
5.877572889694562264e-01
-2.541722087184250967e+00
3.664362540301334681e-01
-3.315721802516375938e-01
-2.218972002134474319e+00
2.510173365319215311e+00
-2.040273848787058419e+00
1.127049642795648204e-01
5.346924742366892386e-02
7.614235305376119978e-02
-6.778027267463422767e+00
-5.088901979047706803e+00
-1.153759820705560379e+00
-4.859265286366225567e+00
-9.357133926530333268e-01
-1.642577639261936895e+00
2.032243978625346337e+00
4.151070673082183915e-01
3.320817334381777688e-03
-8.650086772032970828e+00
-5.704323677749534305e+00
2.093890873157461918e+00
-1.939699140453665871e+00
2.165407652205793454e+00
2.484054349003085860e-01
2.494428929707215747e+00
1.914713781471677478e+00
1.550051549898098013e+00
-3.376519924764890934e+00
-1.589983499649137766e+00
-3.926273081391204567e+00
-3.829544068182042071e+00
2.226945121563261853e+00
-3.229646181510718694e+00
3.577953364748363008e+00
2.047574166735003143e+00
2.389021208639560800e+00
1.139656572273047397e+00
-7.310103821716875672e-01
-2.758620720924518821e+00
-3.834542728525085042e+00
1.194173229167993788e-01
-9.880873350113553721e-01
5.787878986425397387e-02
-6.876584525812838855e-01
-4.355364119846005799e-01
1.782154437028458460e+01
-1.850253947600241089e+00
4.400255419989124839e+00
2.363760341799729492e+00
1.148538957936102028e-01
-1.522948046225574836e-01
8.962542522356293784e-01
8.600751024804895728e-01
1.074696724748867460e+00
1.360019246903536816e+00
-3.997888853899131067e+00
2.794050832935957906e+00
-1.461346105747324264e+00
2.291465152253490789e+00
2.666949607122813815e-01
2.050436464104050671e+00
7.218020750081799441e-01
1.261389795013261983e+00
-9.714657154765273361e+00
7.094129795111506764e-01
2.986029274165706848e+00
-3.872178680341744617e+00
2.505017481399077206e-01
-3.691720839469690429e-01
-1.421576263133969675e+00
1.401946214984132855e+00
2.294849595065248771e+00
2.085470194854994297e+00
-1.122330987142000636e-01
-1.733051348881128106e+00
-2.555216074464935705e+00
2.819114614471130764e+00
-3.994020168047121899e+00
-1.277367711964317643e+00
-1.060481752317798732e+00
9.172182653552731768e-01
-1.552398793784294906e+00
9.921523090685313573e-01
2.509882944230664936e+00
-1.827642251175338295e+00
-4.354508366029442024e-01
1.595454226353488103e+00
-1.559009628917999546e+00
-2.951252247096421311e+00
-1.720389132404807953e+00
1.836319699804259020e+00
5.656830063568302203e-01
-1.388617145323928437e+00
2.023266071290231061e+00
6.947304031625925802e+00
-6.744027826666418868e+00
-1.902060109051220138e-01
-5.741711186705720227e-01
4.634112649437232001e-01
-3.948558047667606874e-01
1.184018933341744795e+00
-2.991780144280037357e-02
-1.823346474471094547e+00
2.462562157296222409e+00
-2.678999528171249978e+00
-5.263775318809612441e-02
8.719895826864950683e-01
1.777782212635347747e+00
2.192541144382683527e+01
-1.230361392621791516e+01
-4.279018422281132494e+00
-6.003246288086174332e+00
-1.576008672659903853e+00
-1.788018066954123464e+00
1.124188014451940498e+00
6.545045848352688544e-01
1.484151905827364004e+00
1.827669674533051847e+00
-1.282785532451078847e+00
3.234968025271322212e+00
-2.549819955500883584e+00
2.957504901608298820e+00
-9.304129764695724392e-01
1.166430659778171230e-02
2.091113502480967945e+00
1.509641443922680848e+00
-5.408568272461087290e+00
3.773365847594467026e-01
3.280185168442940391e+00
-4.196827523001827487e+00
-3.316161026913064358e+00
1.299050731205092291e+00
7.511560493190040377e-01
-1.125596256965671671e+00
-1.270420913424621157e+00
2.888152984625107500e+00
2.394245906164662319e-01
-2.333547624532922971e+00
1.503130487974013940e+00
5.206178373165623263e+00
-1.025197578642958440e+01
-2.758512263611227144e+00
-5.826662970698422983e-01
1.227493144709990602e+00
-1.718656882650219986e+00
-3.921781514862693996e+00
6.199030308201624706e+00
3.745414265888554195e-01
1.616094545135298155e+00
4.455235311516094754e-01
8.582429052767380773e-01
2.148013542622340122e-01
6.063945347892164550e-01
-2.232047316223894740e+00
-2.974649313351732438e+00
5.696629624794291580e+00
-3.017980731708463371e-01
1.889371130780419072e+00
-2.266275040055567846e-01
2.693079311846828250e-01
-2.813345169673557300e-01
1.272144581217787285e-01
1.041167484253461772e+01
-6.818752397718945701e+00
-5.204968774244015384e-01
-2.123010777072413258e-01
2.001563393393430257e+00
5.526440630962431655e+00
2.867198378527259006e+00
3.735094043660549090e+00
2.057136278858285650e+00
-4.379731890759493429e-01
4.675069694964037459e-01
-4.858072322549031319e-02
-1.918350465550932027e+00
3.634241660544987873e+00
-2.307473561996920886e+00
3.964773545404269295e-01
-7.561514515748948839e-02
2.340241715013308355e+00
-3.822291070247068490e+00
-3.466185136941720923e+00
3.351998635616821320e-01
-2.835770092248144358e+00
-1.506876219418973539e+00
5.507931767924805655e+00
3.167835422396191314e-01
-1.828298312559355709e+00
-6.558544563165541463e-01
-1.768846365345267513e+00
-8.670007378203945514e-01
2.458904512317014457e-01
-1.329174058684882143e+00
5.491275220869927809e-01
1.913434824474517182e+00
2.788677922729209668e-01
1.849077675896235506e+00
1.586872919140726701e+00
2.006338668299873618e+01
-1.201327099086933359e+01
-5.933454052231689202e-01
-2.742929836540469068e+00
9.178383354122860993e-01
2.341489052422108585e+00
6.649891378315212487e-01
7.731774898227979920e-01
1.025638423448579806e+00
3.192773970614120049e-01
1.419180421486213595e+00
1.424419472140614706e+00
-1.993281776086113011e+00
7.470761253314007755e-01
7.433574694659915716e-01
1.153907443790764376e+00
1.791992522728622417e+00
1.619151884165977995e-01
-2.323178166762224883e+00
-1.710967825137809761e+00
3.342541537933673146e-01
-4.480825775757743656e+00
-2.747599486707920757e+00
1.332843637921468316e+00
-9.981012437314269459e-01
-1.567478461546589541e+00
-1.876795979350508681e+00
-3.210634431607465311e-01
6.187840910093008517e+00
6.143950932770636086e+00
2.134339938524957070e+00
2.726452994545904840e+00
1.273040532801216651e+00
-1.865918448109668448e+00
-3.443673733929734637e-01
-5.785191817591047725e-01
3.148897983775827747e+00
1.499208207718160990e+00
2.393486767530662362e+00
-4.365389470532707317e-01
1.396799181405035339e+00
5.087513824514084071e+00
1.966077699432462467e+00
1.230940788790727325e+00
5.986403623119260775e-01
-1.749434508955926448e+00
-3.343005123935186784e+00
-4.340506125857791497e-01
-5.791816297460769647e+00
-1.032315767996433570e-01
-5.688140409008586307e-01
-1.306426357485546363e+00
5.859629407854058947e-01
1.904990146303098264e+00
8.174689476755004902e-01
3.063784423688448832e+00
9.234411274040690287e-01
-1.043188929347121263e+00
2.853263641993319499e+00
2.828849384881985340e+00
1.342691262096024907e-01
1.631337440887219215e+00
6.174101823323986382e-01
-4.527633871286266043e+00
2.115450291613836242e+00
-5.670180027525193456e-01
-1.826246737727595493e+00
-3.023616869426704934e+00
5.045190819415422467e+00
-1.909042857207586374e+00
3.174723349812325623e-01
1.208232827431629408e+00
1.735744303854037662e+00
1.096205566584945501e+00
-6.791455813251694451e+00
7.447576347084901016e-01
2.728682732162376112e+00
-2.573463623464675276e+00
-1.457866860258475894e+00
3.923532282525092896e-01
2.115819322063399177e-01
-9.963601799721977237e-01
6.854258185157852346e+00
-3.897160059151445477e-01
4.022987166866258235e+00
6.461962887784662435e+00
-4.876411199254587769e-01
-8.707964968666235261e-01
6.410235215610869952e-01
1.709716582799068574e+00
-7.399154016123835831e+00
-8.246318808644147680e+00
-1.729414270468777914e+01
-7.352940704019877316e+00
-4.629343744650896042e+00
1.647286515685952857e+00
8.739023596509659653e-01
1.369280873419079114e+00
3.835003028711986839e-01
2.800462628854700764e+00
-3.439854422297372039e-01
-2.299511033906445956e+00
-3.227308256357835248e+00
4.608661638055491228e-01
-4.420283738604434687e-01
-5.398226701254178056e-02
-6.793075193862695427e-01
-9.955401027080720278e-01
4.758086412429983980e+00
1.492877447144417280e+00
5.453377506072453862e+00
-8.187268759943576724e-01
2.615545479196197842e+00
8.379099478559902670e-01
-1.032690613883047837e+00
2.595504552044278768e-01
-8.827771327997777084e-02
-7.658567807337144373e-01
-4.625154340597374514e+00
5.462799355846563731e-01
-6.865694646895225794e+00
-1.414088719728454402e+00
-1.582690836216885388e-01
2.528508600887523494e-01
2.557891911495794868e-01
-5.230876496307946405e-02
-2.736413931889809081e+00
-2.308182734575999984e+00
2.794770307252685715e+00
-3.894499251257008243e+00
1.277647918010897499e+00
1.318244693382667615e-02
1.346914132725225421e+00
7.888539187848147005e-01
2.664239663202403463e-01
-2.105835640205910408e+01
-2.910131149164778996e+00
3.554245162059465279e+00
-4.047830533848488344e+00
-3.847192901091780026e+00
8.171642345173667499e-01
1.946925870518606327e+00
2.645155294983293714e+00
1.481515039244964749e+00
-4.144214509881131159e-01
7.712887593772228545e-01
-2.818435525591036495e+00
-3.474785123014607180e+00
-1.989926292806471819e+00
-2.038491313590852894e+00
-1.749634498606863264e+00
1.444169518639455640e+00
2.328707965933936475e+00
-1.226028751561693220e+01
-3.831787566682320012e+00
3.557669730036906230e+00
5.026845614971184872e-01
-1.226176842272799217e+00
-5.366841945959847093e-01
-2.233466622542792379e-01
-5.227694634765441828e-01
3.428809497610117440e-01
2.123541209439875121e+00
4.720485244251827694e+00
-3.327305460550198379e+00
4.718762339891790170e+00
5.590905993899642823e+00
5.531580036659115684e+00
3.323474064481988677e+00
1.506805836399150111e+00
1.682447665819898908e-01
1.213959666423461536e+00
-3.371214267382768082e+00
5.576137749172858982e+00
-8.304405834087540406e-01
1.746440717580072466e+00
-7.818383662175889537e-01
-1.800967449793818620e+00
-2.022187343011614402e+00
-1.598449669275650686e+00
-1.187322334619892894e+00
-4.349650928080212253e+00
1.330393675787395091e+00
-4.450214624822862675e+00
7.010912724387730055e-01
-4.193787342698666598e-01
1.522897724247314510e+00
-1.502679956618111712e+00
-1.862855589471088757e+00
-1.784734654894346129e+00
4.625727225265066522e+00
3.590959033814764112e+00
4.810605253538840387e+00
-2.489968178974028223e+00
1.382725532505535648e+00
-2.480642586255429549e+00
-2.180601237677630977e-01
-1.908301112620091611e-01
-1.647276802541610508e+01
-2.237108346513971391e+00
4.221120007087103554e-01
1.432177795009335730e+00
1.673865518655980045e-01
-4.934862967867671979e-01
1.700575461722205528e+00
1.508125538172437663e+00
7.935714538531604134e-01
4.294148013819587106e+00
4.402326529996189564e+00
1.019551876035012378e-01
-2.247332361058791417e+00
4.630987893518181409e+00
-2.761535413175772113e+00
1.042910318517179524e+00
9.071493046771462732e-01
3.562969267805475848e-01
8.943047320165434244e-02
9.395419873358927809e-01
-2.598238135822585892e-01
-2.334598005019677736e+00
3.601172330024027701e+00
-3.844649433044644571e-01
5.497500586582255711e-01
9.392133719794211189e-01
4.802391561772613726e-01
-1.741312017756558861e+00
1.329441888879626665e+00
5.046224142330056894e-01
-2.461431054400258223e+00
2.825342253200359366e+00
-1.522803623655137217e+00
1.360503373816795980e+00
5.742422137713936170e-01
1.253128619024527213e+00
1.499759935451698833e+00
-6.619414466246440476e-01
3.600298068510485727e+00
-3.292761787495889880e+00
1.161086084174300925e+00
-8.770240365798199766e-01
-3.348182907057126290e+00
1.071102858635120253e-01
1.111254188241222796e+00
-1.022522592294394528e+01
-1.973185292609320518e+00
3.802160979379947681e-01
1.534387933975722151e-01
-2.815380765255688367e+00
-1.088365720061736930e+00
-3.267135511268377979e+00
-2.448241444604033923e+00
-1.884302587073276580e+00
-1.826612129297857656e+00
-3.668828997329927621e-01
-1.862868635162707509e+00
-2.637477140971575373e+00
-4.061404071773505597e-01
-3.911185444135479861e-01
-8.632770235233242495e-01
-7.386095735526395645e-01
-7.949628199112872551e-01
-6.779602791063993550e+00
-7.071799165654113484e-01
-1.874751562292988893e+00
-3.029141286274630751e+00
-3.742082818768222907e+00
9.534231125155793185e-01
4.971321373664852605e-01
2.328986393663512455e-01
1.278017260270538635e+00
-2.282599328623715174e+00
2.325735564830690993e+00
1.828557987072304547e+00
-2.203646112266988588e+00
3.119033056526507863e-01
5.634988397386883063e-01
-2.911082970666979408e-01
-1.380812009363459048e+00
-3.165544899052284422e-01
1.026467789367662320e+01
8.165959098433035468e-01
3.550932850823971698e+00
3.483196577009939787e+00
2.808834527175446683e-01
1.946216308325230626e+00
-8.021127532268441662e-01
6.018352634208906649e-02
-2.923563294547369407e-01
3.463880963415447933e+00
5.453286613765468971e-01
4.472489698445873074e+00
-1.007824844623260940e+00
4.651218816148354307e+00
1.398145652724379184e+00
-3.875880993243379091e-01
2.679262712354839038e-01
1.754037424968000469e-01
-4.832141907132048608e+00
9.352747520513378376e-02
-2.515861987512352793e-01
-1.050429822718407458e+00
4.743381675391273311e-01
1.305655680290819465e+00
-1.600632671463423362e+00
-1.652125326752659884e+00
-1.578979974021451405e+00
-7.706968563621996893e+00
1.288577255157304258e+00
2.736279502042005873e+00
2.934403335358352294e+00
2.785347236852471764e-01
-1.530925419003212440e+00
2.506239654678638296e+00
4.054587903351109190e+00
4.086377963502582311e+00
-1.638231908342641097e+00
4.961800013236548623e-01
1.855026957722228698e+00
-1.886320312594766957e+00
-4.881814129320074525e-01
2.170238546385406142e+00
-2.816506187388689852e-01
-1.415386691396231411e+00
-7.131872477320860826e-01
3.709452079774468169e-02
9.093596896757647485e-01
-2.748932276448090017e-01
-3.212182279372615579e+00
3.335887562769467962e+00
-1.240644246356502611e+00
9.225324649893189288e-02
-3.546463763493014065e-01
7.943561629517986722e-01
-2.808311689327224414e+00
-2.179956936629263708e+00
2.964512194759545860e+00
-4.077114957219060365e+00
1.194187944783495103e+00
-4.388431008880087636e-01
4.786313743640204475e-03
-9.428078469818294005e-01
-1.086926825185000167e+00
-2.340460762716876975e+00
-3.883470335773024029e+00
9.629026573173082859e-01
-4.644773187281781901e+00
9.979202085265348465e-02
-9.609017635467154150e-01
1.298651962800683402e+00
9.123417448395245710e-01
-1.697888404199104639e-01
-6.774243274517163904e+00
-1.331863920978858307e+00
2.622038067360421110e+00
-2.737350330970071965e+00
1.659185390590679043e+00
-4.364968419354364193e-01
-4.645468088042546961e-01
-7.951804165292113424e-01
-7.945932444088340540e-01
1.323526827535280148e+01
7.694597849435772519e-01
3.171632035182246678e+00
1.155766484073871503e+00
-1.232006550485782448e+00
7.058203489449130785e-01
-2.079320648727242260e-01
1.865137661510704314e-01
6.719706084239356336e-01
-5.412379352068882987e+00
-3.116816529369131228e+00
-6.340411358907729777e+00
-6.299723795459262199e+00
-4.341787135794920260e+00
-2.624145189839700021e-01
1.100995393651103216e+00
2.580367903924783990e-01
-7.092912233663175581e-01
7.648137939346066894e-02
-2.323116315238100693e+00
3.807754063427115199e+00
-2.803738490702677666e+00
2.355887706447777230e+00
-1.264367281543608224e+00
-3.170191203117007084e-01
-1.141933801130713411e+00
-1.798329136381648041e+00
-6.026319215901524196e+00
5.631862189967594468e+00
3.457083325931730844e+00
4.227984130250665551e+00
-1.933757497218536736e+00
2.515050201474336333e+00
-2.138532212962787060e+00
-1.241857453852370341e+00
-1.380801600876892188e+00
-2.597989040799770222e-01
2.566539254038814111e+00
2.928794535718099445e-01
-2.390754272257435975e+00
-1.290806270951972312e+00
2.548512191303917263e+00
-3.887967820566693433e+00
1.711884252880086776e-01
2.132746159281520004e-01
-8.448817660422092146e-01
2.389521177434335897e+00
7.205524974004678951e-02
-2.501119451101928348e+00
3.166859836423853825e+00
-7.007912077097214754e-01
6.766586833129702994e-01
-3.920855763651099890e-01
4.926642262628107560e-01
1.609164898640206953e+00
2.976985112938681066e+00
6.296699960259936724e+00
-1.514127722133167930e+00
-5.530111055758936134e-01
2.343391423918750771e+00
1.830609630183682057e+00
2.532555200421080066e+00
1.737747113784499975e+00
-1.666575229077788878e+00
1.452826785261968823e+01
7.234410846262244732e+00
6.012920473174534486e+00
1.314018147872048736e+01
1.091136982961105284e+00
4.042845279153946869e+00
1.602342580136888017e+00
3.264579746374953184e-01
-4.409246645885365190e+00
4.312746278672941358e+00
5.582610335954738545e+00
1.487095721522215364e+00
1.375690054089194203e-01
1.388678493992520913e-01
-8.299193560659967606e-01
-1.534486332805052422e+00
-4.218823706014392383e-01
-3.532156921120545023e-01
1.504056635797479169e+00
3.840823823776864931e-01
-2.547585031376415898e+00
2.983035632695072881e+00
-1.363054466469164838e+00
5.570231361472051113e-01
1.167961081455433536e+00
1.479337603127678813e+00
1.964514771197552578e+00
-1.733865734834724837e+00
4.078320527661575490e+00
-3.838458071097717639e+00
6.999269401475606278e-01
2.672231191463423361e-01
1.611598972058852386e+00
-1.513055046298149575e+00
-1.648700942842187267e+00
4.783356425127805456e-01
-1.868155778767371489e+00
1.132448980457135379e+00
-4.246786217934060303e+00
1.383970845092222568e+00
3.989271752546640348e-01
1.933486614933636272e+00
-2.784271176958718133e-02
-1.706699223889809547e+00
-2.542649137008647475e+00
1.401900398101582734e+00
-1.644124830541813687e+00
1.921997746128576434e+00
-1.514612435919711064e+00
2.964008626340812746e+00
1.451982035349050681e+00
2.008126851979182170e+00
1.579493878247074878e+00
-1.526314660885225116e+01
7.425960446443344409e+00
1.070912405669914769e+01
-1.093627613345275584e+00
-5.064492385876920189e+00
-2.135953530753133267e-01
-2.439574559435252255e+00
-1.041452145075393299e+00
-1.917277276244881701e-01
3.727646844866230325e+00
1.072273269255172412e+00
-2.664612564872012590e-01
-3.200858106752483057e+00
3.436709815731520123e+00
-1.640510373936482635e-01
-1.610689573359344484e+00
1.655846586476441284e-01
-2.637211302939721502e-01
-1.387868968493886968e+00
-7.847930177617942760e-02
-6.288621911089954386e-01
-1.988324627043920545e+00
3.700473010745077396e+00
-6.126836543161453541e-01
5.179320991019350506e-01
1.240366933414020600e+00
3.384685308273902571e-01
3.662414348501970007e+00
2.592528895583827264e+00
-2.025872126194621092e+00
-3.421573045596911555e+00
-1.515288933116842429e+00
1.397652946600342005e+00
2.067331487751515873e+00
2.269471205170986217e+00
2.553971220470585557e-01
-3.598407579375152987e-01
2.671104260872138703e+00
1.277489731434759301e+00
-1.450563778926674319e+00
3.559966740589503686e+00
-1.102145397125630755e+00
-1.277830407208680130e+00
-1.345124517663437436e+00
-1.134326190526997458e+00
-6.805570355689885886e+00
-2.158159587741044660e+00
-1.888873926582465224e+00
-3.984627314454172620e+00
-2.260752410790423106e+00
1.727609770036029890e-01
-1.573914386196366144e-01
-6.897990386646944971e-01
6.159989308789923790e-01
6.446197302832262110e+00
1.489167176235921630e+01
6.538545482688951971e+00
5.248793403591737849e+00
1.551111626863036541e+01
-4.449136870766426277e+00
-1.171935804764669298e+00
-2.614672343124445630e-01
6.848615552737460366e-01
1.656751046041614117e+01
-1.063887953176627299e+01
-7.225008270451760417e-02
-4.153160694200095371e+00
-6.046395551987530093e-01
1.291597793808880290e+00
-9.107417484752070580e-01
-4.064608390513224090e-01
5.745179654430204730e-01
-5.807924886808690790e-01
-2.244741088205407298e+00
3.131755233460429277e+00
-3.177473808692568458e+00
3.422585641938816536e+00
8.666224649051627038e-01
2.458216426789609610e+00
1.338975316471773258e+00
1.134852919012620420e+00
-1.300855403147614719e+00
6.414473138028053967e+00
8.796876177044623546e+00
-6.335199171246160832e-01
1.931965218726722444e+00
1.754036996004613380e+00
-2.637491832195112407e-01
1.836900135050406835e+00
1.868901468758189743e+00
-1.986186928170294186e+00
-1.279069430708712929e+00
-2.740548014927371767e+00
-1.438111444926721161e+00
4.628529901512762557e+00
-2.527333552758963542e+00
1.466497975493717076e+00
1.477442434509788516e+00
1.293236961482772784e+00
-3.194358942670301715e+01
-6.062690188673936831e+00
2.306430700542207113e+00
-6.759888690872652539e+00
-6.376718917634947026e+00
-2.221078598573262841e+00
-3.074400110515254525e+00
-1.855331066733178602e+00
-9.668924505901442812e-01
-5.575792889209219005e-01
2.214618376953903400e+00
1.267944373823135074e+00
-2.389510923145046206e+00
3.131877370998211729e-01
1.047569357145403002e+00
8.510954812218605170e-01
-3.158443937803945278e-02
3.318469673304430545e-01
3.231955904569958626e-01
4.689512922354225566e+00
2.202843993849265658e+00
3.205515408135603650e+00
8.223996633728118510e+00
-6.302796547400628668e+00
1.826462026457915888e+00
1.720104561386370357e+00
1.070796879600554252e+00
1.335361305542806187e+00
2.972176574016482054e+00
2.570726021985719409e-02
-2.117360798582929304e-01
6.057988664154052572e-01
7.720980939956424427e-01
-1.184921080082917078e+00
-1.296273998804287286e+00
-1.780856488456612929e+00
-8.317718102947365466e+00
-2.084924053490062601e+00
-1.547468012731270903e+01
-1.743223491370136102e+01
-2.339163673265749033e+00
-4.756603887346410708e+00
8.880315785938854845e-01
1.365395643831869010e-01
5.439662260138484751e-01
9.641941027398829078e+00
1.061197999622849686e+01
8.304514588631699112e+00
5.143331068759250613e+00
4.369086004587767746e+00
7.167927096619523653e+00
-2.022374530613655352e+00
-8.336947466468391799e-01
1.701460532640553525e-01
5.303941239496317017e+00
1.974009079761571472e+00
4.590842468491178607e+00
-1.807883323314641855e+00
3.079261894125864263e+00
6.206646373527232585e-01
1.393972754141289128e-01
2.287010435810240550e-01
5.098636766994276703e-01
-5.420208877599598907e+00
-4.734362515065803634e-01
-2.996373287350886372e+00
4.549263470670821263e-01
-3.205628732719397744e-01
2.915634251587447601e+00
1.168666662012202817e+00
2.347519217613207143e+00
1.669475831402628563e+00
6.695362525518320229e-01
1.339945986035194103e+00
-3.711919599464817754e+00
-2.282633484826981363e+00
5.345687104740936668e+00
-1.819645902314457331e+00
4.042450538375316760e-01
2.238379576408611182e+00
3.750996559341369885e+00
1.884562425263232655e+01
1.477988016393616988e+01
1.135283188070486027e+01
-1.058433487032542919e+00
-5.019918968203012533e+00
2.720837400193884204e+00
6.366850502600527317e-01
3.865401424291308174e+00
3.453206063471740972e+00
