-4.430287984034594895e-01
-6.522473538402535631e-01
-1.600630457395890993e-01
8.750596071452795832e-02
3.122056175695939184e-01
1.861837832650523883e-01
-3.427022656465574246e-01
2.855312263749050228e-01
3.124508162892453665e-03
1.180841229647501406e-01
2.758687263718941352e-01
2.865689765964435920e-01
4.861077489519034095e-02
1.086015262716753665e-01
5.654884675833545815e-01
4.700476215427388249e-01
4.217945785032474748e-01
8.339495374350944235e-02
-4.113462936414291615e-01
4.666438574633537117e-02
2.273495019162734554e-01
-2.088412110105414971e-02
1.465395218417398296e-02
5.107371479286666460e-01
3.613753625107352964e-03
1.652378681546551875e-01
-1.590127520935453176e-01
-6.026172269161971684e+00
1.300286608814807998e+01
3.701740298838102738e+00
-1.754385435628993850e+00
-2.433995801487588651e+00
4.255037227714685288e-01
-3.931162412339175155e-02
-9.940065962622657292e-02
-3.321628790717953000e-02
3.858746263274455690e-01
7.346294308374640147e-01
9.760695407983981386e-01
7.082289935515025947e-01
5.569891542898363079e-01
2.164736062954215334e-01
-2.091514846576346953e-01
-2.616893285137134387e-02
-1.067293159958262183e-01
9.367928712476171482e-02
6.323741549741997980e-01
7.114338718834430919e-01
4.510467777270694145e-01
5.785919065413619444e-01
1.376922679101778790e+00
7.079751554291117133e-01
2.652889768964200035e-01
-1.929435084136257583e-01
1.583859425010161193e-01
7.520186089948802666e-01
7.783973949365379230e-01
2.214099598840112704e-01
-1.767646999685074660e-01
-3.377346735342315331e-01
-1.823061566714785087e-01
3.193022979979177611e-01
-1.718360195128269541e-01
-5.004511908351124694e-01
-1.325623759170851679e-01
-2.130740636392719212e-01
-4.949946643030906923e-01
-4.472027637597757455e-01
3.703317470357123109e-02
-1.379189881832114661e-01
-1.005163239370681499e-01
-3.895112671190344988e-01
-5.506016953845863648e-01
-4.705549587868452788e-01
-4.683188071131841879e-01
-7.056591475943176928e-01
-6.453221585316699649e-01
-1.885387186961569039e-01
7.187992775536518331e-02
-9.883386504581491427e-02
-7.807359091413480778e-02
-6.131260838379809508e-01
-4.841072252520119412e-01
4.235922002780284070e-04
5.252316955985768532e-01
1.012139154116270756e+00
1.528900043520724950e+00
3.634451620217387657e-01
1.030699982191294772e+00
2.041375877511089343e-01
-4.653421648205887107e-01
-1.093949298631929634e-01
5.865020162869841180e-02
2.966966181686028076e-02
1.688820435119236796e-01
5.516479011205313032e-01
4.526008020144155902e-02
-1.413608358867112225e-01
-1.137815912877806201e-01
-8.742104446933707251e-02
4.019899030594671907e-01
3.688672199053905643e-01
5.758069368820770834e-02
7.457844258329708598e-02
5.572543394635418590e-01
2.745951824118186835e-01
1.931130151128092609e-01
-1.750040047518305331e-01
3.857520634852730224e-01
5.828249830912284324e-01
5.985080819665731244e-01
3.154270201204792401e-01
4.054901378385253330e-01
8.208423237178459342e-01
-1.410237298620782842e-01
-1.239385947874600824e-01
-3.200184232449936883e-01
3.176439817690903111e-01
4.740497602804840671e-01
5.030658597107141583e-01
-4.893013413978609949e-02
-2.993483588577273147e-01
-2.633850560678230313e-01
1.576422242899206197e-02
1.190419957518682875e-01
-1.097593514355305194e-01
-7.692429324828707671e+00
1.193933231024146124e+01
3.335474398199426815e+00
-1.670802931089444554e+00
-2.174514631175347823e+00
8.199046061744352798e-01
-3.057412462898657923e-02
3.588615773842696033e-02
-1.778421587495638279e-01
-9.252680745476530300e-01
-2.246046520086497980e-02
-3.554083762893645027e-01
-7.707418440835767104e-01
-1.020693066256103121e+00
-2.554029408666107503e-01
-1.317825147720719681e+00
-1.217234439785413791e+00
-9.380498656185024542e-01
9.107519727734548098e+00
2.793102837673292260e+00
-1.004101037761043091e+00
-2.250277104773149350e+00
-7.884879069494524773e-01
1.227835913859590011e+00
4.490346944021975095e-02
-1.164072032899238635e-01
1.142578649205450020e-01
3.949309364917865106e-01
7.571896614762524402e-01
6.568585311752364042e-01
3.933473733588270516e-02
-3.751450559607011903e-01
-4.535827556985066455e-01
-1.268980463810680803e-01
2.705887564394271472e-01
-1.394109760025283307e-01
8.612667461060921070e+00
3.432795997124026055e+00
1.865807885284953838e-01
-1.335826921737909956e+00
-3.686321875828062478e-01
8.711435167520809042e-01
-8.021132186698491928e-01
-8.553277650153257028e-01
-7.611546372116200221e-01
-8.023922359185919007e+00
1.200820614655323126e+01
4.119598017204686435e+00
-4.929630446615437256e-01
-1.155293169784805896e+00
1.405672012980134333e+00
1.363967412406005553e-01
7.994851755399303705e-01
-1.932278675187927564e-01
-2.033542120104708251e-01
9.729369943003272070e-01
9.012248641946846162e-01
1.009055402881872954e-01
-1.560350520195742385e-01
-6.427946998917889732e-02
-1.377573448671957523e+00
-1.157865619237215649e+00
-9.053935225084085436e-01
1.981962279219720013e-01
1.709199958803170050e-01
1.097584507998908832e-01
-3.494551027182265512e-01
-4.429025629790860341e-01
1.106241323741889021e-02
1.366420894719512780e-01
2.689807687262370517e-01
-1.501371898172033648e-01
3.955880588827697664e-01
3.702900600927609975e-01
2.599817584459728770e-01
-3.087789679833516376e-01
-6.310646408878701763e-01
-7.242349059161505842e-01
-1.683619865594375153e-01
-4.189473291495412338e-02
-7.472488947627460576e-02
-7.489642895133239442e-01
-5.330160970447153090e-01
1.335499509013375885e-01
1.789746707725374530e-01
2.574209089810662876e-01
1.816004228389142272e-01
-1.492969353397196886e-01
1.502469571686889105e-01
-2.461147048070836951e-01
2.799477656758885824e-01
6.083188810629099885e-01
6.560601340630629608e-01
4.227667037671417050e-01
4.624827844526545606e-01
9.257354871003045105e-01
4.859819415674305199e-01
3.570939177030538758e-01
1.612472535416458559e-03
-7.000512981977287108e-01
1.674433468357775789e-01
-1.151874857784803557e-01
-4.715248616106029189e-01
-6.876370752758748095e-01
7.466691645612946737e-02
-9.498208087289814472e-01
-1.532386845876409387e+00
-7.666205404824806280e-01
-6.526493285785215370e-01
1.780002567343528241e-01
4.540466860034468068e-03
-3.917563516110024735e-01
-4.010832970510440076e-01
3.382860741806602012e-01
-6.914174352715134475e-01
-9.216175512891141564e-01
-6.579228716693310552e-01
6.889292058629016280e-01
9.426533983620345447e-01
9.113847301024310399e-01
4.587939574081660865e-01
3.639325004372701011e-01
5.259728965183646521e-01
4.551352260725680665e-01
3.837100980914971426e-01
-3.314907833296939360e-02
-1.133661996814113504e+00
1.583160390521015648e-02
2.078920443837343757e-01
-1.572234995073602537e-01
3.655248592082672304e-02
2.338313484437236356e-01
-1.344029567900905331e+00
-1.073927948394424847e+00
-7.404014436604836602e-01
1.097508130049111230e+01
4.176121425159408318e+00
-4.651241188643892022e-01
-2.521674800099137137e+00
-1.031507868245682413e+00
1.138675872931145694e+00
-9.328904522892836337e-02
1.501689890270371530e-01
4.193480729110821842e-02
-2.853915221125334356e-01
-3.361789498868021919e-01
2.843605915173574306e-01
2.243389562123425385e-01
2.196092148531065824e-01
9.245401737007252763e-02
1.588845776475077132e-02
1.628640620288261676e-01
5.750160607901412535e-02
-1.451959659808819758e+01
6.680043197008942890e+00
7.730410083965237877e-01
-2.394368847457523763e+00
-1.337381526016832689e+00
9.683772152492763352e-01
-2.399456455843082536e-01
-1.561945310784324525e-01
-5.390347893310247496e-02
3.924875741171031107e-01
7.400188568203981410e-01
7.732222524427644350e-01
2.370260995493364553e-01
-7.324414173467391764e-02
-3.020001773340608708e-01
-7.625180537609852101e-03
-1.095565452590899387e-02
-1.043409501413446738e-01
-1.628365155756720473e+00
-1.161643268234318294e+00
-5.171689829306479469e-01
-2.407923911418734519e-01
-3.468093186379175158e-02
2.520626401342750400e-01
-9.964863220458741733e-01
-1.064060050774628507e+00
-8.383919482558768177e-01
-9.024322370941021410e-01
5.006548619839969183e-02
-2.734353085049377463e-01
-7.796985432051439791e-01
-9.016713056278581329e-01
-2.277730578444301102e-01
-7.623305446512854688e-01
-4.712179653595530149e-01
-3.884494103878076698e-01
-1.707092094236607016e+00
-1.588183547380908056e+00
-8.256227326112515197e-01
-1.964600243381315336e-01
2.992673561566082108e-01
4.372768383233123224e-01
-4.651348167604016370e-01
-3.353763236127855346e-02
-1.305760049897236943e-02
2.783158724317277843e-01
5.542282478094491260e-01
1.024045039879158292e+00
9.411738922035935984e-01
8.632780051580762892e-01
9.319293876617735783e-01
2.089479098726446105e-01
4.704743797108237868e-01
-1.542363480627779448e-01
-2.103426116719230021e-01
1.750888756305927219e-01
2.068921697639441726e-01
1.028178687733789440e-03
1.601664929913791668e-01
7.941279296891454731e-01
4.780686074120017726e-02
2.574743897696608608e-01
-1.280210397511269138e-01
-3.507900827004866717e-01
-8.061145995955466825e-02
-1.329156194604037278e-01
-4.314649711796407217e-01
-4.253975453798992667e-01
-1.477912422448238450e-01
-7.525408305730589553e-02
1.768288836805242265e-02
-5.421600241499070771e-02
-6.116034970110336040e-03
5.183819315442168840e-02
2.314391189431106929e-02
-2.680379007635750876e-01
-2.176836483598097449e-01
2.191007088114188817e-01
-2.365667212027053601e-01
1.094141048716889830e-01
-1.848571459102597292e-01
-1.324421336345873446e-01
-1.006848694937126538e-02
-6.854255925804449145e-02
-3.594011635797814130e-01
-3.397256372906480859e-01
-1.000163061035180476e-03
9.761605559062844217e-02
2.301782268426293410e-01
6.869711042285303430e-03
-5.773232181905882943e-01
3.045985553601062712e-01
3.124405908702986290e-01
-2.335563375362348718e-02
-7.129777205267004425e-02
2.075724116581654788e-01
-6.492686220431416466e-02
-1.926509369255748338e-01
-4.187664528815360221e-01
1.199386251318888957e-01
3.914485361386341733e-01
6.311164017308505958e-01
2.424691772172247739e-01
7.416584166560072355e-02
-5.245770423136216637e-02
-5.392242276493578595e-02
5.852905448620597528e-02
-8.369698615782865392e-02
-1.866660490634838743e+00
-1.109423503230312358e+00
-9.378464359171387876e-01
-9.894672294553704672e-01
-3.312293354875397999e-01
4.043994745512871636e-01
-1.867575941313218246e+00
-1.507761463880499253e+00
-9.168739401359761176e-01
1.349861090635302296e-01
5.616725105676477758e-01
5.962979056000208278e-01
3.467705979446040199e-01
3.670137100401305030e-01
8.998573424472553484e-01
5.075229010465510671e-01
4.275001007149757393e-01
5.163076092551575208e-02
1.166910823064585401e+01
4.656711718668484323e+00
-8.209075551202370535e-01
-2.781039972941100835e+00
-1.811378662348272384e+00
1.639659730875596244e+00
-2.211439598467103140e-01
2.761509478555199681e-01
-1.940488727372202682e-01
-1.511998048993730137e-01
4.631749197858578970e-01
5.133792393072297289e-01
2.083599715255204932e-01
2.131184339545116047e-01
7.402762733404485429e-01
1.930081581123689605e-01
-3.063953908714964758e-01
-4.417106315737595046e-01
-1.018765104697181290e+00
-4.710699232886667032e-02
-4.003579819033318277e-01
-8.558508610083943591e-01
-1.127777375757950784e+00
-3.802300813974743288e-01
-1.265122266951813845e+00
-6.154052502383174916e-01
-5.746270931221207912e-01
-2.927848861378934964e-01
3.047034424231119254e-01
4.201835926974956115e-01
1.825117311520096930e-01
1.529887667111091420e-01
2.972430497965099505e-01
-3.231075259978606617e-02
-2.739426293453009476e-02
-1.763959868904204642e-01
-7.850642445931274027e-01
1.960045803735765979e-01
8.026891117048297331e-02
-6.233681365642972372e-01
-5.821894342313518322e-01
-5.818716403431039436e-02
-4.419022162100266771e-01
-5.880774080379855828e-01
-4.656046465983950666e-01
4.004674383547590123e-03
6.553284988396824717e-01
7.344832665689144946e-01
4.180610390404289611e-01
3.708171424398813421e-01
9.589604516390196620e-01
4.706311028916524419e-01
1.989432773640406049e-01
-2.618679626940303429e-01
-1.302748658487411226e-01
4.863534240318962976e-01
6.818791838127021832e-01
3.308705173215029105e-01
1.733601411444215534e-01
3.247498696109021865e-01
1.620263296586324508e-01
4.406578927873135987e-01
-4.370638893342695258e-02
7.376616785658607789e+00
1.848142448688409267e+00
-1.594792497136975351e+00
-2.666739811952445915e+00
-1.042585513511706363e+00
1.002694775627495538e+00
-7.191013850873144084e-03
-1.210485144602103796e-01
1.476078703662702940e-01
5.784516617689245521e+00
9.954992445274181145e-01
-1.284977161978374971e+00
-1.714643911078210348e+00
-3.776710419010195774e-01
1.415388523057995007e+00
3.866733303177157799e-01
8.047104325691266657e-01
2.244977570771190117e-02
5.692424573900374263e+00
6.990777440344880800e-01
-2.068580331079993062e+00
-2.999962767398962171e+00
-1.293841025688221125e+00
9.508461578235211098e-01
-9.130914532141722884e-01
-9.880129376225689208e-01
-3.323391112211045995e-01
-1.521964624538318267e+00
-1.726722494003065211e+00
-8.651394244679050383e-01
3.323962396578163392e-01
1.366571865589473633e+00
2.078566132537853939e+00
3.775271609412578222e-01
6.935709379491749038e-01
1.906289985158411970e-01
-8.419935812356180715e-01
1.334569949893699703e-01
-3.702735287009381038e-01
-1.054620173420679485e+00
-1.275695001028077646e+00
-3.915036248442378408e-01
-1.313272388029516069e+00
-1.648307614321122827e+00
-8.129140328654781422e-01
5.982456308270359679e-01
-1.227319331413059045e+00
-1.830349331365156873e+00
-1.075145302302824790e+00
2.852005323652370139e-01
2.413594638605055742e+00
4.986012507193650078e-01
9.067806272154493863e-01
2.756396708703223175e-01
-2.932218751169708357e-03
5.588970225523488544e-01
6.516607361375839069e-01
4.304886397617694316e-01
6.199013600979177419e-01
1.199023707205614242e+00
6.653305147886555415e-02
1.206406047577661123e-01
-8.581590593415218404e-02
-1.161099878018622800e+00
-3.511909811559822681e-02
-2.953138087445343896e-01
-7.445975789538188394e-01
-1.037533343461761515e+00
-3.084260894459108227e-01
-9.320658067654302714e-01
-3.248540096265845056e-01
-3.194082827687435011e-01
-4.781944041048948324e-01
-4.457878920708414627e-01
2.947826616740754635e-01
4.018377743452826723e-01
5.379549444157422089e-01
6.494217710175937963e-01
2.419635312602076982e-01
6.021177656296935465e-01
-9.495209342427292365e-02
-1.802767375557724927e+00
-2.171939973634975818e+00
-1.449648258025662884e+00
-6.604923580743167211e-01
1.818275029307544755e-01
8.190538750591201955e-01
-1.007166008486057307e-01
-5.083508049987636723e-02
-1.557002726802970971e-01
3.935757019864800088e-01
1.209339977450361259e+00
1.084687634953089397e+00
4.734695872594113508e-01
2.605006070073293545e-01
4.991233664004157133e-01
9.331991162229037462e-01
8.645950814324041556e-01
4.334859064073507962e-01
4.828265660426496186e-01
9.297039032708693806e-01
1.018918384003633104e+00
8.358763148425312206e-01
8.234031375700219257e-01
1.359167231024616118e+00
5.512382115094311974e-01
3.549396960345891916e-01
5.320608059166213183e-02
-1.364624170642732892e+01
6.912326371434209804e+00
1.185686191615550333e+00
-2.067188960750908411e+00
-8.799596361078345641e-01
1.029982152636475412e+00
-7.494546343663974208e-02
2.605367188393443167e-01
1.084709667240212339e-01
-4.424889254468124533e-01
-7.687014722449735105e-02
-9.935468594223501038e-02
-5.241668241917621929e-01
-5.428928188760391293e-01
1.368529576052207423e-02
8.744223709912699039e-02
1.071098488351262396e-01
-8.030685241579857414e-02
-1.165350607394306071e+00
-7.517260984732618279e-02
-4.084170763930535797e-01
-9.066356716280944417e-01
-1.198807104549946212e+00
-3.577077023907360709e-01
-1.407078653884112462e+00
-2.056454632990853959e+00
-1.062414349516440204e+00
-1.722549462275095777e+01
5.002146727370258894e+00
6.770786826000395608e-01
-1.647269449187444001e+00
-6.286619056745125222e-01
6.964538979549643738e-01
-9.200280829522430315e-01
-9.181342046101267362e-01
-5.028453748438638238e-01
-1.750265201577089202e-01
9.137290150983720660e-02
2.373760260682089996e-03
-3.384207105382756597e-01
-3.705457179329809114e-01
-1.150395142209717642e-01
-2.840524211355007766e-01
-2.178658702155559512e-01
-2.190030775088902537e-01
-2.917117638063873586e-01
2.369684560735377532e-01
2.230728403751776334e-01
-1.350722869092274292e-01
-1.800945042205321645e-01
1.137553113396656684e-01
6.893720624872957947e-02
-1.340653427104489172e-03
-3.950268409725617991e-01
-7.172259893651126150e-01
-7.508296962472316149e-01
-1.476114020402825022e-01
-6.408705373441292430e-02
8.128270766450666762e-02
6.456953273883059286e-02
-1.418125355596803472e-01
1.315495343983119104e-02
-8.123832965202341938e-02
-2.001750002837643094e-01
2.580216367139819833e-01
3.217956123299626214e-01
7.580389567561947317e-02
5.389239986301664481e-02
2.327098548090141550e-01
-4.849139085454461096e-02
-1.110402687054588972e-01
-7.847980643327469308e-02
-1.112386581314484868e+00
-3.286054366683308636e-01
6.459760387092947087e-02
-4.618526924511442422e-01
-3.024317540010236227e-01
-3.972002266530397230e-01
-7.742374581608092443e-01
-9.230563477296875874e-01
-4.165101589361159262e-01
-6.978799964442781167e-01
5.008368739534734271e-01
8.479812352537365872e-01
6.267944517527184178e-01
3.708408531964046961e-01
2.615364341396095860e-01
-1.230186648574113223e-01
3.133480996582899830e-02
-1.553779183346100379e-01
-8.514898882857593887e-02
1.944465085904856783e-01
1.970285823601574671e-01
-1.408499742348130745e-01
-1.304843330217448638e-01
3.447271699619434693e-01
1.307386883056605442e-01
-1.599656078856717956e-01
-2.485865665462312912e-01
-3.505562211056802435e-01
5.412556262106863469e-01
2.016909276714387300e-01
-5.659715476043599702e-01
-8.199519020544853154e-01
-5.077646514899902819e-01
-7.659981172899784641e-01
-5.708022961149263885e-01
-3.013614539132407621e-01
-1.032739659827088152e+00
-1.317418579195713146e+00
-6.006089910120926412e-01
-3.669230995831712638e-01
-6.912527341867205632e-02
1.259407457358461546e-01
-3.186323528674634559e-02
4.708537123247921036e-02
5.968972712345612525e-02
-8.901543097979457420e-01
-1.416773928319811526e+00
-8.839545963160043707e-01
-5.798262825482135563e-01
-1.438499227640029632e-01
2.033317543262539440e-01
1.468592554316261196e-03
-4.447742326606328456e-02
1.878062958965207863e-01
-5.678727691909041253e-01
4.348362154155463455e-01
4.903065462369258221e-01
-2.846574640111491639e-01
-3.068831756964221502e-01
-2.712807959304206484e-01
-7.586099803256931562e-01
-7.786831760828379911e-01
-5.390576244962163033e-01
1.138514714788158994e-01
4.268862111774340828e-01
3.561820827918019128e-01
-1.263338632746433543e-01
-3.588784058011373901e-01
-1.128336055016397471e-01
9.681888676907317304e-02
-2.893455393430626604e-02
-6.375952361605842500e-02
-1.541824669203152709e+01
6.831725680357545905e+00
1.109686443687924351e+00
-1.915575965766578737e+00
-8.664149598867088020e-01
1.201870528539726646e+00
3.237239754860198743e-02
3.983553419170931392e-02
5.908096764181082830e-03
-3.486627977166074643e-01
1.186592070326096676e-01
6.481612379985676742e-02
-3.142280627996210662e-01
-3.136361623180929370e-01
1.100131596010290452e-01
2.265636453470925779e-02
-1.589253150701655792e-01
-2.564897471794327921e-01
5.442579544436950911e+00
1.323563789956313297e+00
-9.836189793977028195e-01
-1.656258738277614828e+00
-6.271248518730297983e-01
7.915704702533276071e-01
-5.155409515808945242e-01
-5.537927614023424594e-01
-4.372649449294524482e-01
-7.192445292563166559e-01
-7.440300410301774470e-01
-1.657536106390104444e-02
1.187593013447167667e-01
2.749838038561340237e-01
3.791810360712060124e-01
1.415312421069631899e-01
3.994273116125698353e-01
1.372844002023028941e-02
-3.027470726841806070e-01
1.160157828718365591e-01
2.463709199651915593e-01
1.092384481700449904e-02
4.144502323434311880e-02
4.923183952296294463e-01
-6.122068258791685952e-02
1.578553790093837617e-01
1.059354490038811984e-02
-3.613978933906383251e-01
6.725130872272683247e-02
-1.268790404095559467e-02
-4.120030963312096284e-01
-4.715661947384186536e-01
-1.835502374561956418e-01
-1.816712135811121842e-01
-7.052475057978855981e-03
-2.162712610445596262e-01
-8.881651713034166562e-01
7.914686578620362678e-02
-1.066971383011465907e-01
-7.004939487829151545e-01
-6.824889707421608609e-01
-3.904990430046349770e-02
-2.579367255388004265e-01
-2.721375516267923733e-01
-1.399903117448615397e-01
5.697955768188739389e-01
6.284081031158617048e-01
5.149225700116876192e-01
4.037652460644568925e-02
-1.821516421983394307e-01
-1.202631630340271901e-01
4.952421932013229000e-01
5.239166143281303034e-01
3.075843359978385205e-01
-1.070870593812888849e+00
-1.006175848413441765e+00
-5.086304073140942572e-01
-3.591956616607393932e-02
2.818033553728435670e-01
6.856371093892432711e-01
-1.795564188851144771e-01
5.667511065687295124e-01
2.057229194854511001e-01
6.571382926319017104e-01
5.048128057221838993e-01
8.721804074871885026e-01
5.105255443186546005e-01
3.392746423769451014e-01
5.341021393179168526e-03
-2.265434391028226489e-03
9.466748951673964463e-02
1.757939098951171730e-01
-8.230951974545680727e+00
1.051791533627413955e+01
3.508482970683930446e+00
-8.500160052147713863e-01
-1.782859259069526914e+00
3.468506010759844771e-01
-1.757751789913517992e+00
-1.770961192597657829e+00
-7.936331758186093710e-01
-2.380192263493653426e-01
1.561224538135265183e-01
1.527695463708556856e-01
-2.185383032851986873e-01
-2.709830860240151074e-01
3.945206921256806665e-02
2.189482489365078555e-02
-9.094941607527145394e-03
-2.666748424355897540e-01
-7.280436133802648868e+00
1.169023685038690807e+01
3.928227514857850711e+00
-6.213278536211356284e-01
-1.494786544403641448e+00
1.239577771532260231e+00
1.798983724410708196e-01
6.755295347457038746e-01
1.622837932759008811e-02
2.471248178238147908e-01
3.379233924456947480e-01
3.428807678545531812e-01
-7.677975232375486292e-02
-1.693031642390902813e-01
2.346967568506645729e-01
1.397710801711168904e-01
3.055939648670644715e-01
2.745682110057648048e-02
-6.886566506609966831e-01
-3.726293011090673901e-01
2.302298494312508478e-02
1.347136650086766252e-01
2.761275804297892988e-01
3.686933721510324835e-01
-1.156695699264503330e-01
1.021371169576930638e-01
-5.199999902664659279e-02
-8.014597331779299560e-02
4.127554984286688211e-01
4.224424002465226313e-01
8.953179531831161053e-02
7.367530025847784936e-02
5.748230252107909832e-01
3.229117044291958116e-01
2.816961949397775999e-01
2.577844133500871784e-02
-2.074454397452465959e-01
2.812737452545239214e-01
3.020547223248862823e-01
-1.897500588487354214e-02
-5.844305002999746618e-02
2.306600554974407025e-01
-3.647372691623080448e-02
-7.504186430733271462e-02
-1.277143624095104790e-01
-3.658644532556994122e-02
6.335119243874702821e-01
7.170451602320057072e-01
4.475339337201779677e-01
4.288650309205496725e-01
9.857161740709960984e-01
1.773334101554764064e-01
-1.014758579559460749e-01
-4.643740393203503458e-02
-5.516777577295353119e-01
4.083868275718712804e-01
3.858590945434673403e-01
-4.011003592908393006e-02
1.142995988203867859e-03
6.408484723752855272e-01
-1.538584562357850904e-01
4.063502193026288789e-02
1.888418545775785162e-01
7.399306003832251122e+00
1.948459140604861028e+00
-9.775111717792396293e-01
-1.866621904027272461e+00
-5.361624041350194769e-01
1.313459269695528064e+00
3.582787450012924757e-01
8.073971395118868521e-01
1.607039618058044295e-01
-4.041056778910692149e-01
4.444807876237863442e-02
-4.139113293240785640e-02
-4.051654771762859819e-01
-4.160169357673320634e-01
-4.624830664459454732e-02
-1.423849072062930987e-01
2.398666638503209672e-02
8.346763071034969672e-03
-6.752482425453138148e+00
1.136346359898459646e+01
3.035105708593706098e+00
-1.639433594517065274e+00
-2.377062506452164214e+00
7.451814386793996769e-01
1.945161249648551987e-03
6.455469114733530800e-02
1.428915325344849198e-02
6.042963038226352168e+00
1.060844023319455598e+00
-1.569656897971480225e+00
-2.015301889030909344e+00
-9.781564066079004860e-01
1.410896400597914324e+00
-3.324483624328128939e-01
1.417293218581580916e-01
-1.058757616889888786e-01
-1.423924257621308476e-01
9.636253190779482669e-02
4.078978085212620758e-02
-3.078476460026765005e-01
-3.005669333899950169e-01
1.205938014320155904e-01
1.210198280718499803e-01
1.907610939211714096e-01
9.001151909563133435e-02
-1.183914300659299634e+01
8.658567665111160494e+00
1.423619621687622239e+00
-1.960464270256587316e+00
-1.881371687420028804e+00
1.374503900652997768e+00
-2.178264133971636041e-01
-1.033841120105922218e-01
-1.935080713263188090e-01
-3.823864653819167292e-02
1.760120183643759384e-01
1.961042209025064820e-01
-6.323285760336286310e-02
-9.131647713661010524e-02
9.805236041861123408e-02
-2.895780443754584349e-02
7.261027854119163349e-02
2.274201930450294243e-02
-6.155985878301056147e+00
1.181261217719924872e+01
3.047707406619217352e+00
-1.761544894915890724e+00
-2.561654413913308836e+00
6.082769847821838383e-01
1.063916025332261872e-01
-4.690144600557760030e-02
1.225111217919349210e-01
4.774515228790273902e+00
-7.789055233849867532e-01
-2.961494327870715093e+00
-2.996611119545500301e+00
-1.263791277641043820e+00
1.087180965863832727e+00
1.064600400724115548e-01
4.235953731480626705e-01
1.162280110546437539e-01
9.070010876000486277e+00
2.722579129420655164e+00
-8.144005560244182984e-01
-2.008623940527481722e+00
-7.600316155451677380e-01
1.198186291117651070e+00
1.092732242639035539e-01
1.361559721997891541e-02
6.362758292330332466e-02
2.909869357081656394e-01
4.414003775491729398e-01
3.642573883631181064e-01
2.185409630182287566e-02
-2.568561764949152046e-02
2.746944558310774331e-01
9.091961056394217700e-01
7.425698522234061016e-01
5.660097250019515691e-01
-6.879444431660174386e-01
-2.065425373406919174e-01
1.906848666420000726e-01
2.124515473492714912e-01
9.105039565792553968e-02
7.046391557375714099e-02
-3.519904021897190538e-01
1.211430942802061567e-02
7.147800775102265691e-02
-7.080784892113092255e+00
1.064255147439394911e+01
2.966433763341672414e+00
-1.249524472057172764e+00
-2.007408494834454160e+00
1.091677431547963595e+00
4.607611351212337336e-02
3.536132448838434916e-01
6.519470252167966495e-02
-2.623388777584662046e-01
2.988973932717179927e-01
2.606905946138895480e-01
-9.265823671304293518e-02
-1.093250614894474143e-01
3.547267327847374863e-01
1.933626878117304937e-01
2.798884240643955135e-01
1.530218577912261513e-01
-3.438539414361934665e-01
1.541091659887252815e-02
-2.834471453509349384e-02
-3.992674792913714632e-01
-4.189264354329700346e-01
-4.364561885045002004e-02
2.770449859372177762e-02
-4.775155213824018585e-02
-7.230958441699636419e-02
3.201780673592179854e-02
1.768012144598410385e-01
2.198081449623688066e-01
-2.037925185203874889e-01
-2.513688110972629453e-01
2.248067856914674201e-01
1.656711529801609128e-01
9.478783903406980127e-02
9.567217739524815079e-02
-1.047617586970087458e-02
5.630909711007744400e-01
6.080721591533474468e-01
1.480681025486408342e-01
-1.971208647887701393e-01
-1.551062140037257620e-01
7.183581559548356948e-03
-1.488387178774582334e-02
1.476452254220637639e-01
-7.311044993069000242e+00
1.065869098844497209e+01
3.262062752507431274e+00
-8.240974955115094591e-01
-1.694886481264213041e+00
1.320159875041365449e+00
1.836977153852773492e-01
5.573654897476302272e-01
1.264052441982381758e-01
-1.453080884319479793e+00
-1.415353345973960453e+00
-9.776309721008440423e-01
-4.452738380702908061e-01
-5.806449342337342140e-02
4.663128442066296619e-01
-4.641484135475487105e-01
3.914963634954813504e-02
6.747811761944072506e-02
-2.652274532359770731e-01
-9.479301974468277991e-02
-1.387451751535705990e-01
-4.267923542200767750e-01
-3.964691043752323063e-01
-5.229398982723314215e-02
6.851631194073719289e-02
3.552892540924800779e-01
3.631406625739575511e-01
-1.145238573038043217e+00
-9.396042707371489167e-01
-2.757202985541051810e-01
-1.465290156433362023e-01
4.424063576900184175e-02
5.094321278421448662e-02
-2.604189175151885305e-01
-2.889106064258089093e-02
-5.248368917591602484e-02
-1.033704800934988954e+00
-8.674945074472468765e-01
-3.557449025433772061e-01
1.533007572541640884e-01
4.585617578455719601e-01
9.180480508968285047e-01
2.301943616938275372e-01
7.947254081950847482e-01
5.343488772139884935e-01
5.515702207873106611e-01
4.020771048957651472e-01
8.278913486737524696e-01
4.680811070352234315e-01
2.791164551566490126e-01
-4.287310135313179837e-02
3.635982313021270812e-02
1.192648596135258976e-01
3.619122062020658226e-01
-4.843107797459607067e-01
1.403649827903137859e-01
1.175042427270448081e-01
-2.315279901007110119e-01
-2.671395817573654075e-01
1.009110036365943458e-01
-4.320401223375328059e-02
6.558527862300818356e-02
1.147672802656985319e-01
-2.245113044839505689e-01
-1.580405627067931473e-01
-2.646182361251074866e-01
-5.188940962331832774e-01
-4.339838406325772779e-01
9.427041025567048371e-02
5.783125885045450193e-02
2.588682253085186069e-01
3.555557881533444875e-01
-4.071067505240433260e-01
-1.209856663424589973e-01
-1.645479058343989054e-01
-4.149496218972226202e-01
-3.536982935180515430e-01
1.389488609021273802e-01
-2.579094557592930825e-01
1.781417194821351413e-01
3.399373079466610492e-01
-1.632248030999560173e-01
1.293235716733233953e-01
1.276783728573736842e-01
-1.336088274611723081e-01
-1.501368144843333308e-01
2.828273684544245492e-02
-1.296008207369467313e-01
9.045309132328872848e-02
1.922033577114856395e-01
-3.527640077551224551e-01
4.089832229587659906e-01
4.769980540911925582e-01
1.663635222473058006e-01
1.133250405105497294e-01
3.681590422395613627e-01
1.887632879889951931e-01
8.265663304757800423e-02
7.052510284702787069e-02
-1.292253792839400184e+01
7.144293969651839937e+00
1.194660528316525694e+00
-1.906403936730077797e+00
-5.220905680571876761e-01
1.185367031965645301e+00
2.504071166786853708e-01
8.589955180315418382e-01
4.183871112851414997e-01
-2.577067472925180236e-01
1.275696206347350647e-01
8.274637461444864228e-02
-2.673942757627467692e-01
-3.063615944092104582e-01
8.558014338778921481e-02
1.575083355749271746e-03
1.949467281095208226e-01
2.943311003357564348e-01
-7.632474018703448715e-02
3.631519751184875133e-02
-1.758799294716126282e-02
-4.441797735550846449e-01
-4.952399878972645331e-01
-3.568702257090895433e-03
4.364535964091141563e-04
-6.010344419456985568e-03
2.926488784836915880e-01
-3.932402975393941347e+00
1.113409328508940099e+01
2.111078368590316945e+00
-1.503388708484503677e+00
-3.037431200642275897e+00
7.611261565697574616e-01
2.085145766104175846e-01
-1.028243037136988142e-02
2.174457297551043444e-01
-4.512805081401904950e+00
-2.027344611743555092e+01
1.873649494960589079e+00
-1.555150811449807158e+00
-2.993028504121078903e+00
8.728273140577017530e-01
-2.618896638254234951e-02
-8.552456540080130565e-02
1.439282955643891859e-01
-9.832394263752446406e+00
6.886820275089032606e+00
5.282543224065585630e-01
-2.132907432035399786e+00
-2.560576034225528819e+00
1.211425344455831610e+00
-3.598295916310537690e-01
-2.221179205084106989e-01
3.523224197602920632e-02
-1.303302213583601876e+00
-1.554844963899030263e+00
-8.736542346545707050e-01
-5.102147503974008291e-01
-5.350861143277452214e-02
3.943677103157395281e-01
-2.911758615014510554e-02
2.718163127065855722e-01
2.782737522578604961e-01
-2.073251478711541640e-01
8.991386370510974502e-02
4.514036495357814580e-03
-3.333835693395408861e-01
-3.637435210489581849e-01
2.981092741698649837e-03
-9.263616284769003728e-02
1.514806436956906144e-01
3.138757309652628336e-01
-4.650313352243213849e-01
1.030518647982811391e-02
-3.601979760683649001e-02
-4.001275238398940282e-01
-4.099424948499715837e-01
-3.052880579531951424e-02
-3.045662147544820827e-02
8.990758820730690437e-02
4.671690781190961927e-01
-6.389747329737982540e-01
-6.357857161021098769e-01
-1.229364899635490421e-01
-7.309967878972876976e-02
1.235023666198066250e-01
3.364642798101998844e-01
3.642892274258738988e-02
3.260631630190054531e-01
3.507913050104401465e-01
-1.044399620737097023e-01
-1.436125039086831590e-01
-2.412591487975518922e-01
-4.234740122639752968e-01
-2.546964420152075803e-01
2.121096824444649587e-01
1.190239238145675144e-01
2.036458411629164800e-01
4.816032583091126029e-01
-3.079222464147423066e-01
3.887900684970869158e-01
4.969981834765209161e-01
2.404070841540677794e-01
2.023819407635170653e-01
5.278489659778957677e-01
2.063226457314352169e-01
1.984543141167795510e-01
3.598518800397348949e-01
-2.215813144873056972e-01
2.400811435468363786e-01
2.285563694664319023e-01
-1.092663271994586682e-01
-1.425541486071501829e-01
1.677426141692928696e-01
6.313789028539425197e-02
1.032785923545870843e-01
4.365171374213407951e-01
-1.353899346263767356e+01
7.434550947915162133e+00
1.763684321705098812e+00
-6.155646189985692907e-01
-1.433226277250476910e+00
1.579636788285762483e+00
-1.506957896764719862e-01
2.938583511259780512e-02
1.267577395918184080e-01
1.078578281626301738e+01
3.943534749491960145e+00
4.112739169535610806e-01
-1.226867842556771171e+00
-6.963032932756326732e-01
5.077693162718203146e-01
-3.627391944420992886e-01
-1.828884137657898479e-01
2.966477764630037414e-02
4.154085293578879123e-01
4.350235486409558816e-01
3.759002505855578713e-01
-4.071451488466260732e-02
-1.270430098280739550e-01
2.417451847652257180e-01
9.820607237274086090e-04
8.268712386101260969e-02
4.341700179818955840e-01
-1.041684803255008873e+01
7.805257976190013380e+00
2.752856641974507745e+00
-5.995510946735105318e-01
-7.749199434746009696e-02
5.443954564923099149e-01
-8.359596193681281817e-02
4.866462924583192518e-01
3.554543675478582521e-01
-6.405300843782515408e-01
1.046149128615277840e-01
-2.430305841041290882e-01
-5.332568745808871080e-01
-5.697754939768882032e-01
8.616567342970712917e-02
9.173678940411457150e-01
8.377570512040972694e-01
7.905365533762264141e-01
3.507195144291163497e-02
4.251893857789681430e-01
4.004990654151792118e-01
9.439308112259993389e-02
1.171776899016829521e-01
5.499499000202799914e-01
-5.148726946872513033e-02
3.362413002156766639e-01
5.621460688530789396e-01
-1.979689141510970529e+01
5.540300065671593721e+00
1.562245861520246581e+00
-3.934225807290278598e-01
-3.234409883735535618e-01
3.099593310940533808e-01
-1.822894131068340529e-01
-1.780573417320536339e-02
7.582100870241838264e-02
6.270084463657706664e+00
1.965213570488623329e+00
-8.458541411707976021e-01
-1.347915773383270954e+00
-1.009070217859057816e+00
1.702228077240597548e+00
-7.760900602339629306e-02
1.245297704621879387e-01
2.359643344605268922e-01
-1.141773474904461017e+00
-4.282263581633208860e-01
-1.712953399054286396e-01
-4.784227131121903120e-01
-1.789071888164484314e-01
-2.688876807569223759e-01
2.476804275869055327e-01
5.798186371414842943e-01
5.852707399896491802e-01
9.523470906814195114e-02
8.546202380843002933e-02
4.932955369181906552e-02
-1.713438400238007364e-01
-1.088184971603961687e-01
2.554855085690221905e-01
-1.892690508364857152e-02
3.687872334014158926e-01
4.373215121126911020e-01
1.524827999047207339e+00
-1.239283843678359709e+01
-2.400128876365250719e+01
9.463162916473838449e-01
-2.558944990223633642e+00
1.775290856559096575e+00
2.120673172745804747e-01
5.052487624531691868e-01
3.456614209435978080e-01
-8.932950341575859321e-01
-5.420671544448353307e-01
-2.961947364043761022e-01
-8.015510467656141724e-01
-5.955385611968977422e-01
-5.821079268804489892e-01
2.928268380657700343e-01
2.284996790016669554e-01
6.438668338561007731e-01
-1.392895235184870684e+00
-1.404764718340806740e+00
-1.051666561406856326e+00
-5.683398736681192220e-01
-2.839881052764918201e-01
4.351835071411872535e-01
-2.535156803412410564e-01
-1.758783011262168294e-01
1.028184077445422617e-01
1.252552037328799328e-01
1.944290849267071297e-01
2.363741750325722424e-01
-2.522077052740556158e-01
-4.627339139615231911e-01
-4.289991477994921087e-01
-2.045904496446082355e-01
-8.896157974821754244e-02
2.101348487921353980e-01
-1.423289512023469783e+01
8.088769638759410796e+00
2.134873050220245094e+00
-7.875180081469890236e-01
-5.659888588064171389e-01
1.944749839540327596e-01
-3.480011283329719207e-01
-1.715770623227078628e-01
-2.606056873174486879e-02
4.182247440593671040e-01
7.151810984618881539e-01
7.639758564194214507e-01
5.788436674148786931e-01
5.573672293497117236e-01
1.009203063261711719e+00
2.388428772184342797e-01
7.421379121931102052e-01
7.308053014636138878e-01
-5.432876222660216331e-02
2.180858108486605218e-01
1.975525498526406187e-01
-1.736194731978125960e-01
-1.903172016826799873e-01
3.011287160945077535e-01
1.289775669962028304e-01
-4.772407305071872663e-02
2.201162377454358998e-01
1.579736033957071406e+00
-1.319272624333279609e+01
5.675386061093266044e+00
6.874797370536263053e-01
-3.028234336565158724e+00
1.358676592129996363e+00
2.382655565000287579e-01
3.762325522754116774e-02
1.558353622292363017e-01
2.941050242660052105e-01
2.626379582820779768e-01
5.627557827638982602e-01
1.945649053982491383e-01
5.368005296435868212e-02
-1.396306747851497332e-01
-1.390159690941352999e-01
9.102894506553301304e-03
7.725385788487512673e-02
4.095474995081665348e+00
-1.129153118268261835e+01
4.900742508063308911e+00
1.296404693591040935e+00
-2.277531066463684972e+00
1.096337865480856877e+00
-2.908317844965888077e-01
-3.376746110919768840e-01
-4.262966779757648705e-02
-8.230883178198751260e-01
2.000700778153540610e-02
-3.639969762003266718e-01
-8.707156080254017105e-01
-1.196974699371692985e+00
-4.739079988516910480e-01
-2.851225106481840577e-01
7.314506981964850052e-01
6.725927471984692874e-01
-3.529623855343349409e-02
2.671081219072178881e-01
2.976002357235217888e-01
9.095352020294369955e-02
9.369913723459301347e-02
2.408939819308944519e-01
-1.257136122444425796e-01
-5.959684119492037607e-02
7.852239423932450002e-02
-9.734822101096780866e-02
4.877781758479388108e-01
2.379244382886390730e-01
-4.569278144909308392e-02
-2.630544695684111089e-01
2.874992499067254292e-01
3.278941741199755122e-01
9.341379749181751846e-01
8.075060190900058554e-01
-2.583400993222035313e-01
1.622502198950493413e-01
1.175372313031809446e-01
-2.029300058342475566e-01
-2.484830409098861825e-01
1.071789137305460132e-01
-6.666120148448613503e-02
1.817704746805226534e-02
1.274458696528286694e-01
-6.214011995149042455e-01
2.940193406449414515e-01
-1.606748008597789767e-01
-6.894335616423689084e-01
-9.236564068242120173e-01
-4.125126658751587794e-01
3.069949899261510962e-01
4.925893319527781533e-01
5.649171108946333675e-01
1.484227697818150393e-01
7.695077736182561745e-01
9.091702923692752680e-01
6.918883345578010768e-01
5.581802167711100715e-01
6.350624642572878509e-01
6.360599470864952698e-01
5.315917159001977144e-01
4.707370933967548465e-01
-2.547720429782832641e-01
4.820269479318106676e-02
-1.061951906361691678e-01
-4.273478770105089697e-01
-4.453418988696232206e-01
-2.133343804360710583e-01
-3.091096640964307030e-01
-1.514866377294352695e-01
9.199981500806751755e-02
5.310564650783235197e-02
5.741700906825306649e-01
8.193564049863351073e-01
7.523105045942437563e-01
7.125993428707454447e-01
8.755014877461989586e-01
6.466546240065345064e-01
5.878083160921836470e-01
5.321917628174817061e-01
5.893917855161843189e-01
7.520286930743563802e-01
8.158487007152495085e-01
4.538402501313380522e-01
4.755764162480533574e-01
7.804358359858131200e-01
2.152313994662355678e-01
1.149460205015178788e-01
3.803764298663133148e-01
-2.172719328019757368e-01
3.595206809522603630e-01
4.190501291340369416e-01
2.088523478231095465e-02
-1.857996309371861832e-01
-1.925842097544866183e-01
1.842373965555992865e-01
-7.413592927697180979e-02
1.751729371507959876e-01
-8.600855070750817663e-03
1.466780435304653185e-01
4.355559947065471699e-02
-3.066802502082505155e-01
-2.937363162113815762e-01
7.733380453431322465e-02
-2.670877593074301726e-01
2.924716711048044177e-02
2.224872438174637368e-01
-5.743211574970269462e-01
2.125206953933158477e-02
-1.071659898820495199e-01
-6.660821944138008988e-01
-7.647721971352754444e-01
-4.186708292239061380e-01
3.741751751097933121e-01
8.526105862751500730e-01
7.791868563872619280e-01
-7.261901139645897396e-02
6.061516601738149712e-02
-4.813928761456328503e-02
-4.110531626948461525e-01
-4.102265706929205669e-01
-5.939315161146489080e-02
-1.607417173130462895e-01
-5.265723748066699662e-03
1.986448434401163476e-01
-1.711455898788276364e-01
7.081239645723015619e-02
-4.209552730833454603e-02
-5.259435652253943161e-01
-6.419524406314877085e-01
-2.803903554511804064e-01
-1.929773409060463463e-01
-1.725986358099916851e-01
7.376492484020059914e-02
-1.052110439922038454e+00
-1.728658605076010657e+00
-1.483081358453992582e+00
-9.995239185554086747e-01
-6.300805037221700600e-01
2.831464071235940683e-01
-4.204708364068741044e-01
-2.135779371582214037e-01
4.002555004563365833e-03
1.036143726430874379e+00
-8.128748831536399821e-01
-1.340030768471812239e+00
-1.180404732238287124e+00
-6.897729036281217141e-01
6.762549637692880644e-01
-2.655205018538603912e-01
-9.411309853208933707e-02
4.004495357036742809e-02
1.600232466955608668e-01
3.960879989035116511e-01
3.607527485028914072e-01
5.441658133568728212e-02
3.950931903501569281e-02
5.026378967175459955e-01
-3.697084013562201149e-02
1.717015660081940287e-01
1.783118376577637887e-01
-4.710497972964793056e-02
1.883885714413522094e-01
5.859308298071026766e-02
-3.158592595688496374e-01
-3.574571922811869973e-01
-9.602108228193322048e-02
-2.089489710774949938e-01
-1.104196639438804195e-01
1.243930340226625936e-01
7.931256749556334085e-02
8.131466029583954425e-02
-4.180625605024937581e-03
-3.426063565889841955e-01
-3.885971567027772244e-01
-3.747879906955415424e-02
-1.763399752169156065e-01
-5.843993120051537565e-02
3.142165447782811066e-02
-4.984209481770564665e+00
-1.594270693306815012e+01
4.805467227037436118e+00
6.402119885109487374e-01
-5.171671420093336691e-01
-3.945278681994280334e-01
-2.743112358367541526e-02
1.601007685560764393e-01
5.097325764612803400e-01
4.206467894461514145e-01
-7.266888539395620350e-02
1.474135447007815236e-01
-1.338295059183246538e-01
-1.410899571275119613e-01
-1.624163433260095157e-01
-9.043218555058080144e-02
-1.252514263327140220e-01
-3.297755165261025134e-02
4.919932311584155303e-03
-5.954989750676040888e-02
-2.214570006915278499e-01
-5.957896174413593871e-01
-6.199593708762518585e-01
-2.870073938389740009e-01
-4.011343296354875076e-01
-1.685777425812261532e-01
-7.803085516438498792e-02
-5.989054441019797670e-01
2.537745051944283459e-01
-1.312717423583536769e-01
-6.386870869192381450e-01
-8.517557962609040301e-01
-1.545278067661338406e-01
4.038012272988445450e-01
7.165085423913375440e-01
6.069531329391939511e-01
-9.451389072660244528e-01
-1.258071224795673348e+00
-8.244948005730189378e-01
-4.550848214183950691e-01
-4.915758002043565077e-03
2.231953015103506355e-01
-4.381514983791353623e-01
-1.148098682714659841e-01
5.083316119991253268e-02
6.310175294367156296e-01
7.405426517000465170e-01
7.129272059193803024e-01
4.073119738125764444e-01
4.475877035157360684e-01
7.124032775875579482e-01
-3.554857746144163277e-01
1.716435247168766887e-02
1.602864123432791166e-01
1.334830124742941992e-01
3.155152104752346753e-01
2.149354561563559529e-01
-9.977758002573146323e-02
-1.923232249955344475e-01
2.174388482701387904e-01
4.714097427660599721e-02
-8.028221891804383781e-02
1.501892785303996503e-01
1.072786125303622606e+00
7.966627264606011005e-01
8.398766320855884926e-01
4.559630924268605612e-01
3.292615473507841672e-01
4.599851153416186778e-01
-6.700281201954004506e-02
1.212830656375204902e-01
3.021704920037249775e-01
5.118141679784177001e+00
-9.136205381765833522e+00
-2.158300693406323489e+01
2.366968585894801969e+00
-1.827026883664842449e+00
1.549872042664850458e+00
-1.561786296076574931e-01
-1.345801597612465150e-01
-4.304207488914708196e-02
5.551326316979213971e+00
2.269518452411455911e+01
1.046766196022639583e+01
1.984587390741197499e+00
-2.067215012097582960e+00
1.182245935140504134e+00
-1.628982375087530687e-01
-2.842243573837280324e-01
-4.874197618976981033e-02
-2.476604329708291807e-01
5.697177878227770859e-02
-4.548399726386321597e-03
-3.437504349423599614e-01
-3.254602274011452190e-01
7.059111692815543682e-02
-1.827096005986734994e-01
1.524206290856697753e-02
1.116473459007054775e-01
-7.584621128946122948e-01
1.249199199189846426e-01
5.271495777439880875e-02
-7.259216061792344021e-01
-6.574796866490495439e-01
-4.067413963711422054e-01
5.230424751279427742e-01
3.423890298884866290e-01
3.461584771409366157e-01
-1.047366627130289496e+00
-9.941981962655553895e-01
-4.375339489426624540e-01
-1.215484008991707665e-01
1.184414558442610510e-01
1.290122979566964700e-01
-5.755819629805228876e-01
-1.642210546883602351e-01
-5.569334643734024509e-02
-2.295903657545705634e-01
2.428689239794198582e-02
1.669558509330545254e-02
-2.503747689423264644e-01
-2.060635421942867973e-01
2.779520739444222288e-01
-1.882746309645675908e-01
-1.904030037436496292e-01
3.341600403615196252e-02
2.858448940216446577e+00
1.001686250377681775e+00
-6.833734823062620478e-01
-9.320280287246949236e-01
-6.216068948114236159e-01
1.303805839232468955e+00
-2.941558861350773713e-02
7.607807125440936569e-02
6.982171050769797604e-02
1.222992971334703888e-01
7.921061717033327509e-01
8.772755812327618363e-01
6.412873009372993538e-01
6.172812861066612200e-01
1.028093395324349624e+00
-2.293338953542699635e-02
2.680266915325505428e-01
3.014516165944166604e-01
7.521089788718254669e-03
2.838690739073351180e-03
-6.201652624421566395e-02
-4.303619339618262596e-01
-5.605696766444138168e-01
-4.147536820281292891e-01
-5.068383499216613797e-02
-2.274697649419067935e-01
-2.308870661411170297e-02
-1.527648229399874436e-01
-1.349055299844592881e-01
-2.506779622421039244e-01
-6.269579188594091024e-01
-6.199542832870185149e-01
-8.388917074104702831e-02
-2.066191586275749059e-01
-2.801194723524934038e-01
-8.859925445108156328e-02
1.416329976135908719e+00
-1.135670404774405462e+01
6.708435698627272181e+00
5.435834723173613714e-01
-2.229651660387935941e+00
4.932700708054442718e-01
-2.500802216264025879e-01
-2.270125290448683775e-01
2.736551927009887031e-01
4.216214505425416093e+00
-8.916641899369649238e+00
-2.075639953991426623e+01
2.692902380289871278e+00
-1.499665923783716659e+00
1.787875117117392776e+00
1.932802388343926592e-01
3.481934699168520719e-01
1.568168924513924645e-01
3.371569075774071278e-01
-6.953671480390062609e-02
1.972046328789478498e-01
-5.913247144462090155e-02
-8.192829963054998332e-02
-8.768467398749277275e-02
-2.768245959296414260e-01
-1.354495010785288778e-01
-1.337355958667652556e-01
2.882609360083606131e-01
2.260811732890877779e-01
2.339590291301662794e-01
-4.740100635331580964e-02
-1.038864216386146538e-01
1.323173039459688560e-01
1.294403244774252892e-01
-1.251666576843348255e-01
6.833942317177287874e-03
-6.299973672143360792e-02
2.387158290655044812e-01
1.769204708709327667e-01
-1.524548021179367441e-01
-1.898861278144283460e-01
1.020840704644891822e-01
-1.111205282540360106e-01
-8.864936827599730063e-02
-3.356001947620327469e-02
-3.032795591019337225e-02
5.639553767607861923e-02
-8.284679490243196387e-02
-3.828127157524028878e-01
-3.288193044435570589e-01
1.406905141570532758e-01
-3.324179119785514724e-01
-3.102026025845596169e-01
-3.432541237775407761e-02
7.468998942347662151e-01
5.326262916222892496e-01
7.174358960772528881e-01
2.503124108614376286e-01
4.527217385936466859e-02
-1.724548374463142353e-01
4.902814080707454392e-02
9.148142558023225623e-02
4.221808469813282533e-02
-3.882002284354270305e+00
-1.612075338244601497e+01
5.888360130316166341e+00
1.182509395915220862e+00
-2.409370965882782212e-01
2.753555964512789389e-01
-2.629862565851995848e-01
-3.294514886954642841e-02
-1.181586054721348589e-01
-2.230467414013711291e+00
-1.378852728599446742e+01
5.694957298181499539e+00
1.668086777739706150e+00
1.695256829193609593e-01
6.538532272235153542e-02
4.553759632326418588e-02
2.172851533368853061e-01
4.111532556284231421e-01
1.892978263820484175e+00
-1.072437835617953539e+01
7.686527588453973436e+00
9.211588109385039358e-01
-2.182852470761633246e+00
6.048246603363821583e-01
-2.288870643093551538e-01
-2.526704019841111148e-01
2.433548943161202294e-01
8.248262425361156946e-01
6.025475704842487845e-01
4.291317820914619663e-01
7.511733507391399334e-03
-1.731091433027793502e-01
1.788400089975480944e-02
-2.959000521920184673e-02
3.837216006802545570e-02
3.421251370611392284e-01
-1.030366086912802700e-03
-2.392194846601745639e-01
1.662394531664803110e-01
-7.424625488929828543e-02
-1.023935924428594768e-01
-2.093416369764888318e-01
-2.625200039534839047e-01
-1.611937769540185417e-01
-1.672755979180632346e-01
5.704368347663669736e-01
-4.083744678162298802e-01
-4.026386750644788681e-01
-5.804753369486870263e-01
-3.546471152498741897e-01
-9.924122767678348472e-03
-2.019918878317313871e-01
-2.395974097089367261e-01
-2.040152245575633794e-01
-6.721245747535524728e-01
1.940916111618354867e-01
-2.196474602888160155e-01
-7.033209506692150725e-01
-9.601641446031821125e-01
-4.044486240359023155e-01
2.541760699301526816e-01
2.792514331858318433e-01
2.788060219512324411e-01
-9.809587932455111903e-02
-2.087897135545744576e-01
-3.368834511810233634e-01
-5.923888478290563198e-01
-5.412030899342623602e-01
-2.539335211942991277e-01
-4.123024979231902365e-01
-1.989619549445640345e-01
-9.035150041138374777e-02
2.446237079253373858e-01
1.741297674440791809e-01
4.645551818657343568e-01
1.233538149175143483e-01
2.643502683453990976e-02
-6.752860805233303065e-02
-2.791155062016234534e-01
-1.181734026678176730e-01
-1.280405175254392125e-01
2.159997646472650024e-01
6.873255076255704310e-01
7.198463161023257451e-01
9.239342330922803437e-02
9.293838650790905986e-02
6.166872322283172003e-02
1.995272296831699377e-01
8.017564848756152107e-02
1.136746154476127868e-01
-2.291459342349498052e-01
3.711275314869076358e-01
3.606944432982249760e-01
3.140961510845435845e-02
-4.004238413924553729e-03
2.668518988606286002e-01
5.961304942089989956e-02
1.040466380863294509e-02
8.802798510306987512e-02
1.279977357747001943e-01
4.328695009693843132e-01
7.524593919966173772e-01
3.086267009252851024e-01
1.028698845347121998e-01
-1.411862273128954293e-01
-9.049919207758773398e-02
9.312026563991564199e-02
3.211314592308621430e-02
-6.580772952965606437e-02
1.844319643683651477e-01
1.422615833561493848e-01
-1.823675076800327921e-01
-3.898681828496781687e-01
-2.093013574634128571e-01
-1.926758672371500225e-01
-2.838898063081414791e-01
-1.139637139083763545e-01
-5.108515982406092171e-01
3.471380776821625380e-01
3.377693906630630655e-02
-3.271726829270468762e-01
-5.594092040425674428e-01
-1.686379006086514976e-02
5.003558170420343565e-01
5.484261946518332875e-01
2.990125473552138202e-01
-5.136172118251206009e-02
2.815228228317352421e-01
2.101675534903550413e-01
-1.229051623998907022e-01
-1.404118630426763603e-01
3.075135697416197522e-01
-1.341196896167643204e-01
-3.395670281335137070e-02
-4.106908924483170659e-02
1.050650464763015629e-01
4.263645716025735166e-01
6.475319407154367379e-01
5.122580883979059863e-01
4.437519653184500701e-01
2.944206067785789527e-01
-2.202448156647885125e-01
3.207922947392619073e-02
-2.446368657882618675e-02
7.922248955924656499e+00
3.587796117549144626e+00
-1.419281899497489008e-01
-2.043309550908481320e+00
-2.190350121571902786e+00
-3.291776368100916145e-02
5.819110745463233758e-02
2.058056256571080267e-01
3.091078508029049821e-01
9.944062063500709314e-01
5.483314176574097809e-01
6.492816946400531419e-01
2.935172554639141618e-01
2.332078971492558550e-01
3.857879300520372090e-01
-1.167645086562384416e-01
6.490511425467947182e-02
6.161606328345756167e-02
3.636027263247080255e-01
8.618774824882963204e-01
8.944959513366976811e-01
6.462974371738269275e-01
5.503124301146737896e-01
1.043837956424248592e+00
-1.311017963618276438e-01
1.855324709825132146e-01
1.021557844440746654e-01
1.028454869663478544e+00
4.331428619588970630e-01
4.098347556869465502e-01
-2.800939196858576435e-03
9.177926732668315653e-04
2.332168721294338720e-01
-2.000205230714476867e-01
1.170418656335090943e-02
-5.243897998692790413e-02
1.318784762445031622e-01
1.793094796964288251e-01
2.045403122771107252e-01
-4.793057880085871414e-02
-5.174319453895918908e-02
1.675940398501937767e-01
-7.395929920635889443e-02
-8.385353134192989610e-02
-1.049618952833640973e-03
9.522589264416618515e-02
4.783113609359102014e-01
4.538472831465158452e-01
1.594616095387291210e-01
1.377907945797241795e-01
5.659799103811931076e-01
-1.850252279656925125e-01
-3.200042779723744069e-02
-8.469664051044945019e-02
-8.144345590433209381e+00
9.581007002312411203e+00
5.081313676175065908e+00
1.128862948413670741e+00
-1.028176328604915479e+00
7.932802747489625661e-01
-3.874524484887054698e-01
-2.084703593326427129e-01
-1.545379750238703165e-01
-4.203810219764538697e-03
1.552004884309036159e-01
-1.890394452164724515e-01
-6.435403130765016133e-01
-9.172866299356385866e-01
-2.889017570055158468e-01
2.689687753980284368e-01
2.259246413044380952e-01
1.915130842795674804e-01
6.694039132415111615e-01
2.093083189829027524e-01
3.900382967990655980e-01
1.330138295586006866e-02
-7.686780605212886752e-02
-1.157567322922624098e-01
-1.561180999879212827e-01
-1.278687413822316432e-01
-1.438074275544612701e-01
-6.557288746005646152e-01
-5.847491904225732284e-01
-3.755997140465683892e-01
-3.571706624489525139e-01
-3.985628757889309592e-01
-1.126882032195119232e-01
-3.368426418313412718e-01
-3.374860242688366152e-01
-2.312559646593023988e-01
7.564948257774462448e+00
2.553998777404954179e+00
-2.233974409966060087e-02
-1.229006604692975513e+00
-6.331987989270548844e-01
8.261307862995777018e-01
-3.229542708635139148e-01
-1.835571561060128087e-01
-2.102212841429751122e-01
-1.164566606171375529e+00
1.873133616281654668e+01
6.249367908223113055e+00
2.955778582888958450e+00
6.151918765697045322e-01
4.524464067594202721e-01
-4.241120155500625599e-01
-1.346712467051328910e-01
-1.735233814757630166e-01
4.942254760042447792e+00
-8.774654340929297192e+00
-2.124919647020723801e+01
2.252101429761986129e+00
-2.109144047171833680e+00
9.424895777403340391e-01
6.361243505149434541e-02
-2.975500905801048424e-02
6.889742516454743469e-03
3.163948024085708743e-01
4.653214058757444427e-01
6.589428740266400908e-01
4.263431588871363642e-01
3.454625364216716288e-01
4.576253754019873332e-01
-1.189695751747493341e-01
-6.846827893885047700e-02
-1.626227978220244966e-02
6.336158668168708985e+00
-6.851343224034017076e+00
-1.922185254055218451e+01
3.637134419178062128e+00
-8.650481164475181117e-01
1.403268628112588789e+00
-6.105454058119046123e-02
-2.829586190666925558e-02
-1.041203982236560271e-01
1.505446278366616930e+00
6.539199029835109922e-01
4.342825514174078472e-01
-7.889903915802670697e-02
-8.272984120508374006e-02
1.812492875771785916e-01
-2.050894051569308318e-01
-4.140019768924364796e-02
-1.334228619875118538e-01
2.574067994470302309e-02
3.300813527755024901e-01
2.941244313875769900e-01
-4.309475135135745760e-02
-9.811045949830983492e-02
1.400832647859662217e-01
-1.396958854630448166e-01
-1.349588836905681599e-01
-9.220701434192504764e-02
-1.526137684303286168e-01
7.111652512260044356e-02
1.194271820603020002e-03
-2.067814086458812650e-01
-1.405648278771387816e-01
1.895331046873757197e-01
-2.933892432945887641e-01
-1.114660160763903812e-01
-1.644350958277184249e-01
-6.614977578679883674e-01
1.340561274075352249e-01
-2.478976008016723909e-01
-7.195426803572209096e-01
-1.017829301771847383e+00
-3.040254145591991253e-01
-5.584200494457627895e-02
3.480308105590129153e-01
2.384730205124184765e-01
2.148038906333887277e-01
7.053054757381499451e-02
-1.630961184046412771e-01
-5.311365947355023431e-01
-6.161275257802329985e-01
-2.440033561137362472e-01
-3.373313693611861841e-01
-3.279001872404597728e-01
-2.486116237971327525e-01
-1.032431064510900942e+00
-9.242580747776781708e-03
-3.278969622252912997e-01
-7.831217911120178510e-01
-1.033349942355396234e+00
-3.767318523301096955e-01
2.447326053678526014e-01
1.544073961384612448e-01
1.004966667683542675e-01
8.500766167673667439e+00
-4.819855112126626651e+00
8.576771911227520917e+00
3.998189440407042827e+00
-8.560483061180615971e-01
8.711830975528629395e-01
-1.589869094037756891e-01
-1.997137629184644186e-02
-1.362244578644655757e-01
2.162252908639550331e-01
4.309445880666928907e-01
4.590925582028892449e-01
2.552324385608050195e-01
4.197887494473139247e-01
8.030266397136512913e-01
-2.227348567211343833e-01
-1.446571079957680861e-01
-9.656744334292043097e-02
-1.950416399152349045e-01
2.746235881666839879e-02
-3.044507021809942857e-02
-3.684527069345379657e-01
-3.540459657866246168e-01
2.322568315644793838e-02
-1.981075724032676788e-01
-8.559520555967456423e-02
-1.747755765971219510e-01
6.672799832573960366e+00
-6.875252537423564902e+00
1.109984121245325817e+01
3.317319605852989906e+00
-1.440010191601646561e+00
6.915159948849786131e-01
-1.041384833570722507e-01
-2.094312717725559381e-01
-1.173545643444302983e-01
7.334856305045123648e+00
3.958405684155342552e+00
1.093642472640532493e+00
-6.159378094404002191e-01
-9.697035832528385635e-01
5.413922126326995432e-01
-1.249137372768491100e-01
1.084550205548749507e-01
1.297460314160096828e-02
-1.519481098386991358e-01
-1.157966421903268706e-01
-1.667227246145757957e-01
-4.492456868207422849e-01
-4.196293118321463012e-01
-1.327742122978279871e-01
-1.776658657398614283e-01
-1.335730633637917109e-01
-1.748412464737376104e-01
-1.081835516130551927e-01
7.138521644597529692e-01
7.877856664687046262e-01
5.163190106307221638e-01
4.595866934822590011e-01
9.387811608950495934e-01
-1.151145551128843481e-01
1.851310516772228937e-02
-2.837175484598651598e-02
5.377894889215268037e+00
-6.667529531958786393e+00
1.198005753577385946e+01
2.926753622930818644e+00
-1.137293711145598074e+00
-3.298382707456585794e-01
-4.278203459133442244e-01
-2.789218692765205176e-01
2.103135133812672752e-01
5.384056556250000014e+00
-6.800726243516848513e+00
1.193735344018935685e+01
3.456619089462961369e+00
-9.742017819933698197e-01
9.798448613479312508e-01
1.156119084709106987e-01
2.396783951743423347e-01
8.643591275442948085e-02
-3.774153073833803607e-01
5.958099375744176918e-01
4.285652571993109339e-01
9.567545150077663707e-02
-1.538550776495401784e-01
2.619983408505194289e-01
1.337198135275811106e-01
3.292201994492221367e-02
-3.337932314927768811e-03
9.631034133961371424e+00
-4.147036110976135781e+00
1.483719143008817554e+01
4.647193653957859993e+00
-7.332383358510948801e-01
6.023849455110538154e-01
-1.652464944349193166e-01
9.067186004162020030e-02
-1.398539640792072769e-01
1.983104238103962635e-01
3.085336019999406210e-01
5.006996552375290177e-01
2.203771788514425067e-01
1.128523644721793895e-01
1.822977029267923987e-01
-2.604946678884286770e-01
-1.484030274693884655e-01
-1.420099315649850091e-01
7.330153852882577148e-01
-2.842560861712962322e-02
-3.884597954911047091e-01
-9.470227609924480872e-01
-1.018928733558899458e+00
-6.911759405229750408e-01
6.925169858509478034e-03
-6.569959684130888440e-03
1.299950779640419163e-01
1.708920082983210464e-01
7.083126207042511613e-01
7.776163430601706894e-01
5.253411088246792149e-01
5.141970061748266652e-01
8.583719454803315774e-01
-2.585086105188266759e-01
-1.142979069163523043e-01
-1.583039834825589465e-01
-6.673524693418445564e-01
2.110860234214554931e-01
-2.167165489003496370e-01
-7.284970358042061056e-01
-9.667132568867929931e-01
-3.045807784626216597e-01
2.993538685803899257e-01
2.448945398637164816e-01
8.903304796870631366e-02
-2.102807429588860466e-01
1.084910884523950653e-01
4.041229925683427482e-02
-2.881523401500356019e-01
-2.956964320962835457e-01
5.666472599854908282e-02
-6.969130046458597849e-02
-6.774442429723602499e-02
-1.253710782657976586e-01
6.715540066496062943e-01
6.250662815661730543e-01
8.446088965848459473e-01
7.393272643130256450e-01
8.244234575758353500e-01
7.307765799828347397e-01
1.162158888232699416e-01
1.756395619399376828e-01
3.185087923865539267e-02
2.090194057424296994e-02
-1.812687563361702753e-02
2.502673957957893824e-01
2.412992494417044165e-01
2.760874098938784771e-01
2.614032305501254316e-01
-3.428474580388103932e-01
-9.915827516430211763e-02
-1.837502435588908578e-01
6.631612055966115804e+00
3.105447924815455618e+00
5.231315544828338826e-01
-9.310039720090022008e-01
-1.168837921601837415e+00
4.418189040150535263e-01
-3.765261864927637037e-01
-2.066467197889418350e-01
-1.942764781670691387e-01
-1.431591127797072893e+01
1.017913490875531934e+01
5.609714577024027093e+00
1.662361900422498096e+00
2.047974662106598343e-01
-3.409770670088452249e-01
8.012023762986382469e-03
-8.918324493826432914e-03
3.889278308086398933e-02
-2.912591991684908566e-01
1.993754758997891841e-01
4.605626364865476607e-01
2.734674387750735125e-01
1.101178502354912409e-01
3.034685031407318712e-01
8.950386255502815191e-02
-2.349683264660078902e-02
1.116476272576225927e-02
-9.239700362790714827e-01
-1.453578620297444474e-02
-2.603742482206815034e-01
-8.299213390298204596e-01
-7.598362013796536862e-01
-2.860769790934269974e-01
4.571778855886845516e-01
2.386046679247934565e-01
1.248038673980727264e-01
1.181602209735910458e+00
2.896402681728334483e-01
-3.476439481374311857e-02
-8.654920481308411850e-02
1.894899174060472868e-01
1.062693703440064752e+00
6.657185670483910245e-02
-3.528812004708335379e-03
-3.627647766449319799e-02
-1.789313970437344525e-01
3.741561021523940461e-02
-2.816102637205682852e-02
-3.153834954092699649e-01
-3.216757853321670080e-01
-5.647591950520105403e-02
-1.757345054033972176e-01
-1.510106297406533793e-01
-1.351126700627795774e-01
3.218219038659959619e-01
7.156604062427498469e-01
7.965693882227268263e-01
6.140351044386367363e-01
6.037486462677549293e-01
9.071903186273883035e-01
-2.037348717354551531e-01
-1.103603890425975675e-01
-1.213379805124056576e-01
1.473103482785870499e-01
-1.841155339116598011e-01
-3.032943050603014723e-01
-4.896116419154272759e-01
-4.194857024034171489e-01
-7.197404529725208444e-02
-1.682009805508181133e-01
-2.878564021711821352e-01
-2.990849293346299898e-01
-2.780360933525202194e-01
3.353394585128093852e-01
6.112345470944459125e-01
2.664634328686132925e-01
1.197240429142150120e-01
9.523966227681948671e-02
-1.072025962093334506e-01
-1.819044161019689118e-02
-1.067890657665453019e-01
-1.808874155409605222e-01
5.649736005872808553e-01
2.628305466972565285e-01
-4.437168704741300401e-02
-2.906750903975658940e-01
1.871933008819486877e-01
1.729533040781488507e-01
8.496554006106107892e-02
-1.433231228124929278e-02
1.914266118113424064e-01
1.502618706986161845e-01
1.274177164296324272e-01
-9.350715726106367809e-02
-3.100983172721817963e-02
3.001578555619985877e-01
-3.087201839433313943e-01
-1.576402869394190054e-01
-2.164524289253311196e-01
1.649844955687773118e-01
-3.224186928787048934e-01
-3.840961727324210262e-01
-8.645686020582453724e-01
-7.854146189498188990e-01
-5.444249266237612961e-01
4.170336834831879780e-01
2.616794985500796034e-01
1.588722604293335006e-01
-1.238690357426868394e+00
-3.169864212162847306e-01
1.477919173201115988e-01
9.945192472682123919e-02
5.819966620774820465e-02
2.509108538173634440e-01
6.285015565238448454e-02
-2.172820028472356030e-02
-7.493250899667176779e-02
-8.932160539002796662e-02
-1.614396395575273535e-01
3.116106980876244270e-01
9.492058770146753754e-02
6.588891674949973187e-02
5.513610493435698937e-03
-8.349657681664966746e-02
-9.319015999632546815e-03
-1.038716079597317432e-01
4.053817110456468420e+00
-8.115213226107591993e+00
-1.952012014684796881e+01
4.106178786951015347e+00
5.099922815035051737e-01
-8.730247099835419800e-02
-2.751202786991724381e-01
-2.065346210945971650e-01
-1.827323304913082147e-01
-7.012979528220541603e+00
-1.674070832975405665e+01
-2.514778022492264853e+01
1.857398788308826099e+00
7.466726732544457512e-01
1.566399023956545344e-01
-2.249961122333330177e-01
-1.336238723050714450e-01
-2.517976377861957937e-01
-6.126239012158117836e-01
7.819846931840189475e-02
6.294675855987787172e-02
-2.683966636698217334e-01
-3.092676880387990046e-01
9.088403269459330303e-02
-3.040471079539599705e-02
-3.102815941866970267e-02
-8.491096205574945321e-02
-3.465523548002031440e+00
-1.498383601609124227e+01
7.284772813823589210e+00
2.046201092621425577e+00
-1.664939791777864331e+00
1.126549265797271993e-01
-8.179131913619928917e-02
1.076582988250111422e-01
7.665707749039655725e-03
-1.752937795994664524e-02
3.697997982335829437e-01
3.230417477400900905e-01
1.443353672412838427e-02
-4.911663422197273809e-02
3.093088739602246617e-01
1.323474141868454523e-01
1.387208149415999903e-01
3.895221233919628906e-02
-1.017833857217103066e+00
1.242471796979730952e-01
-1.806002766282243099e-01
-6.348499486230316791e-01
-9.159269425602054593e-01
-1.999772413843617092e-01
2.224396553111984177e-03
1.464740327485550830e-01
7.756246954067758104e-02
-2.256142690081435198e+00
4.499639353667430480e-02
-3.039749575493456701e-01
-8.538158509837433519e-01
-8.238511978796768664e-01
-2.469028530691591006e-01
1.568131037233003178e-01
1.756298368697959689e-01
7.592721437093065406e-02
3.773134683273621448e+00
1.470220090772290211e+00
2.869862073275815106e-01
-5.884302887072507815e-01
-4.269494318354794538e-01
3.318189180776864866e-01
1.097927953729331690e-01
-2.987955861960427464e-02
-8.973535920285879985e-02
-2.096921120733296479e-02
3.220964568853290633e-01
3.343052831842138195e-01
5.151296886653244228e-02
3.844909515452162724e-02
3.110226672106538026e-01
1.942489871467943940e-01
6.210126885529786145e-02
2.657383165949746620e-02
-1.661750125129317357e-01
-6.785776737975496298e-02
-1.716569412403350370e-01
-5.475492517763760336e-01
-5.487669362605271939e-01
-4.944832440822454628e-02
-2.378031844290610652e-01
-2.002017606807097450e-01
-2.424613049516481655e-01
-3.220716507070039980e-01
3.807267055410842316e-01
4.400103733200707579e-01
1.590878559943251225e-01
1.450362505976471872e-01
4.811970371853030448e-01
2.932064691845110427e-01
2.649842848918949056e-01
1.537990589395586138e-01
-1.066558187911228750e-01
-1.221449470559467648e-01
-1.959487375287939370e-01
-5.481474811347534226e-01
-5.439340155267886612e-01
-4.238676995800674113e-02
-1.558054956902545918e-01
-1.420523971483970693e-01
-1.915127671031451040e-01
4.220362839449117054e+00
1.034378371679784525e+00
-7.504685250303280153e-01
-1.422116384405718303e+00
-7.232004652217685070e-01
9.511024084649526422e-01
-9.058292386159522147e-02
-1.227461190482032893e-01
-1.431369184676050121e-01
5.871645772779790384e+00
-6.294123368724852341e+00
1.056621090670534535e+01
3.414565237638339301e+00
-1.482586606179151500e+00
-1.038251985792891102e-01
8.292396541606658622e-02
-3.522800841406935335e-02
3.632005328925429211e-03
4.416473783489906602e+00
-7.843096528978339421e+00
1.301454758817015822e+01
3.592067420782577347e+00
-5.020746773748184788e-01
-9.269209114115495307e-01
5.324785477986732074e-02
1.415967708251021362e-01
5.715587708869903499e-02
1.636403248785852083e-01
5.679821991489049093e-01
5.622270686014183561e-01
-2.076724840579554504e-02
-2.295342919859654773e-01
-2.228563560718859610e-02
5.626772553115778203e-02
1.426222618277604715e-01
3.705275104213852366e-02
5.671071663171924016e+00
-5.902951563708565885e+00
-1.806201985605136784e+01
3.706399014142395920e+00
-1.182157480532211036e+00
-1.395306528057919104e-01
8.432804252620698660e-02
-2.003426782666693773e-02
-1.739900575355370418e-02
-1.378717810362378726e-01
1.880032566750790002e-01
1.785722901997510992e-01
-2.578114654654274987e-02
-5.976774331975034937e-03
2.512284030686661174e-01
8.404473693503680676e-02
7.439037350817745420e-02
2.195020358184253742e-02
9.081048844673086151e+00
-3.114044860904327638e+00
1.554090229523280442e+01
5.030031900427444747e+00
-5.816815356653871616e-01
-4.932428646276991180e-01
-2.272889966437374298e-03
1.397970851676186010e-01
-8.156602792588718565e-02
2.176859743798910118e-01
3.859236178223932057e-01
3.141894725996295379e-01
2.853698786148764488e-02
6.752243519773833136e-02
3.624451238550838172e-01
-5.218383142218471216e-01
-3.462131825898765447e-01
-3.849757507166934323e-01
-3.424835012831547454e-01
-2.338659085717778030e-01
2.606382577340273232e-01
1.047690896868428700e-01
1.320651419343772115e-01
2.053737425714150799e-01
1.790564990136436080e-02
5.249008032961779285e-02
-2.036828887774194945e-03
-1.302003681373286315e-01
2.122926372783372484e-01
2.714301345274045540e-01
8.741816308913147315e-02
1.123676487835153365e-01
3.670384796431470087e-01
1.766137629445808932e-01
1.519827543133817072e-01
3.555287399191144754e-02
-5.343118463286163911e-01
1.587138408507222098e-01
-1.176791891604031109e-01
-7.861752542789532949e-01
-7.534898071713336254e-01
-3.885731256644180398e-01
3.316688101340503070e-01
1.768890760323655054e-01
8.800048409967124730e-02
-1.303544041079980564e+00
-8.287436646240372573e-01
-7.119468098011282053e-02
2.435990291886365733e-01
5.896124133191587013e-01
8.557769720213888043e-01
1.031837118811915026e-02
2.464394249279621973e-01
9.500741403409636299e-02
2.789701722694536423e-01
5.113721801051417382e-01
4.470391379760177974e-01
-8.218741083803340897e-03
-1.353363588557502661e-01
1.604056108499855582e-01
-4.725165185662681677e-02
-2.030606167136919313e-02
-9.959922597225247254e-02
-1.813873729311676231e+00
-9.369358883454450559e-01
-6.572137621635132376e-01
-5.471578370849307094e-01
-4.035868589943572560e-01
2.021613696039710750e-01
-3.002658718889151812e-01
-1.507142719143794440e-01
-1.901529895727048503e-01
-2.154452869015486827e-01
-8.220464937792910931e-02
-1.860908484407836627e-01
-5.045982891600659936e-01
-4.618407221471885205e-01
-1.111514422927025458e-01
-3.547942673337808883e-01
-2.649832542136113522e-01
-2.794858922695101500e-01
-1.002493620241446948e+01
1.049673447795815129e+01
3.408390322474248446e+00
-1.248953506004349512e+00
-3.073718898527801890e+00
-1.005060671439996556e+00
4.045294004074452276e-01
-1.094682762573080149e-02
1.880972482327256459e-02
4.750200824410639733e+00
2.512699239725877831e+00
4.907738410518853733e-01
-6.771032542421858702e-01
-8.397922335222036683e-01
7.221796665025864703e-01
-1.552169845572769769e-01
-1.967201053937945310e-01
-1.703358827491107119e-01
-5.586949858148523518e+00
1.358335732185360989e+01
7.172857901072462461e+00
9.011100814795135472e-01
-1.010000379647669533e+00
-1.102907980977955615e+00
3.537110859821078757e-01
6.284460419994752044e-03
2.231379728468306164e-02
-7.144538569435340269e-01
4.351060157199226203e-02
-3.156640067404923866e-01
-7.392532828552319524e-01
-1.002213910126086738e+00
-3.283572851343168342e-01
2.155039644461096693e-01
4.214175402389337688e-02
5.169818556898682360e-02
-9.168601560924234672e-02
1.073619747534443614e-01
7.139016494501371213e-02
-2.485091465288437329e-01
-2.568351398654872275e-01
2.057380812942938564e-01
-4.438189800104837268e-02
-3.895938604346880097e-03
-3.260938282292210472e-02
-1.841455621957375000e+00
-1.418221420794373966e+00
-6.625123168599164059e-01
-3.447883830523466031e-01
3.722823259664183315e-02
4.350018626188787985e-01
-3.451605072267877605e-01
-1.482119361524287804e-01
-1.736366756393130373e-01
-2.906329216841681551e-01
1.168429279670566007e-01
-5.031591002453102979e-01
-1.156266018441972188e+00
-1.069660617656013502e+00
-3.065759269254321184e-01
2.000800781539523523e-02
2.503015697097282430e-02
6.939115314581198457e-02
-3.798569501246141233e-01
1.781000746314784500e-01
1.655542343849709941e-01
-1.356700950392930038e-01
-1.409829664701987839e-01
3.353556758350406120e-01
-8.174309242206113935e-03
-1.192460619145431977e-03
-3.095982252786672832e-03
2.232908204100522431e-01
2.354423350437319651e-01
1.089185518106935702e-01
-1.926303961665908338e-01
-1.565290233420645605e-01
1.872456298697970090e-01
-4.084667368190230685e-01
-2.893335593016549412e-01
-3.402943587133409609e-01
5.574592168656108626e+00
-5.878347768533163986e+00
-1.807709229457834255e+01
3.669358530608898494e+00
-1.733331897743792371e+00
-3.987153697592235035e-01
1.284559991073460916e-01
6.893020532392675481e-02
-8.384670955295943362e-02
-2.958261014753130747e-01
-5.621449791104424221e-02
-1.185150145877885558e-01
-4.407157879024668490e-01
-4.244641880492716068e-01
-5.571154376444326095e-02
-1.580837345767747426e-01
-1.047569039185202167e-01
-1.212055675182975717e-01
-1.407889295322622622e-02
6.780536731906053882e-01
7.946976959037073129e-01
5.975567574259820214e-01
6.325150011204692113e-01
8.830047125417305187e-01
-2.028238634633940385e-01
-1.674984748954351788e-01
-1.117980642406906644e-01
4.866301147751339151e+00
-6.266671053324940566e+00
-1.751969438426063164e+01
5.585788648424457215e+00
9.661840696023576980e-01
-3.116525480686374583e-01
1.008164565200614787e-01
6.265222017262585263e-02
-2.836416285576706317e-02
-2.650789199311049948e+00
-1.815752613012835193e+00
-8.192404331167346676e-01
-3.128926454338686880e-01
1.317782460518470700e-01
5.274168655672527573e-01
-3.620482878989004782e-01
-9.047326961029526771e-02
-8.747714267933801024e-02
3.951766643758039876e+00
1.798320993266357526e+00
6.952827422283436309e-01
-3.022357690237446048e-01
-3.390732267053376825e-01
2.765171309426369128e-01
-2.005097266348115220e-02
-1.658405251941446334e-01
-5.862705168329446215e-02
5.103912651249157939e+00
-6.226596503402548777e+00
1.227965583211827294e+01
3.494931334003119616e+00
-2.008479062111302671e+00
-5.021787890772979601e-01
1.194927794338520449e-01
6.314086882427581530e-03
-1.845703263277885531e-02
-3.570533910558941204e-01
1.257840465060141855e-01
4.956320092168235020e-02
-2.816627203380608346e-01
-2.997158471168264171e-01
1.203713635217791150e-01
8.876242140799232849e-03
4.414278328712880478e-02
1.768348069470370917e-02
1.460373969360369673e+00
-1.004248142955609246e+01
9.594434329925094929e+00
2.544591511832515529e+00
-2.532387884841353021e+00
-3.365203854535956940e-01
5.460322652590579584e-02
2.437519603825248019e-03
1.894319813575605707e-02
-1.211309829718160369e+00
-1.802786494807204321e+00
-1.461217148960958445e+00
-1.252850590296393118e+00
-6.802142825573570528e-01
2.635090217706673177e-01
-3.574580869784764192e-01
-2.278046572140806358e-01
-2.189748239661946094e-01
2.527899785986057260e-02
4.833068344676134664e-01
5.250647218800695848e-01
2.406187673203600830e-01
2.298730796137124499e-01
6.551009156310215742e-01
-1.857019007185926607e-01
-1.364611029746019832e-01
-1.223441059403052311e-01
-4.129566516486242456e-02
9.002254522075942011e-02
1.504159045276395879e-01
-1.227377937792592660e-01
-2.623230768377137201e-01
3.182671070603144969e-02
-1.726206828900586632e-01
6.182581936949550078e-02
2.154708101476327312e-02
5.248723995987364388e-02
5.016585157430570874e-01
7.414385744794603772e-01
4.824854800807541477e-01
3.888438302804810287e-01
4.423501862628688164e-01
-2.915994782055161827e-01
-1.186269342213419759e-01
-1.175310701316568118e-01
-2.568123315585800093e+00
-2.269472695154119979e+00
-1.543210283642622693e+00
-1.043730839337313920e+00
-4.036354416129438460e-01
4.301847226908517841e-01
-3.981194372322139352e-01
-2.271027431232616745e-01
-2.086786764222323676e-01
1.443505172351722798e+01
8.934638124300816386e+00
4.419819971542387371e+00
7.619607506558783161e-01
-3.208845266179617406e-01
2.018714057156503761e-01
1.409016615996244726e-01
-4.189865775920884744e-02
-1.321439874097554423e-01
-1.641597703268057040e-01
3.877048638240557926e-02
6.726489721424963597e-03
-1.824845717975071835e-01
-1.094879284230662331e-01
2.078188094626556570e-01
-2.696114877673073673e-01
-1.267713353458456149e-01
-1.769536895111769592e-01
-5.977673640571512514e-01
8.518468079308115504e-02
8.450141349270338942e-02
-2.316411173230255305e-01
-2.009254179109740968e-01
1.960379109475420267e-01
-1.133864938062074806e-01
2.235001508301785456e-01
3.953005519975251458e-02
1.548313980046095439e-01
5.156369609707935897e-01
6.484030582688712352e-01
4.783053657765556910e-01
4.882481025149031928e-01
8.018356631508590793e-01
-1.961060164866119393e-01
-4.906682827331256685e-02
-6.038718065539751961e-02
-2.707460475534578803e-01
7.914118055328600576e-02
7.138157803534736501e-02
-2.361758919744765817e-01
-2.261917034313754016e-01
1.497256537970633183e-01
1.315257142025875736e-01
1.232381000333898635e-01
1.306788849131220176e-01
-5.430977957752779473e-01
-1.993765783737556363e-01
2.269195100376602547e-01
3.417938222683109539e-01
5.191356102194276678e-01
8.183172958000285435e-01
-1.631066839726712930e-02
-1.374942023196485015e-02
-3.281964761085617854e-02
-4.203981022912466753e-02
-8.824250503181703120e-01
-1.059043102164158867e+00
-1.278415027431260675e+00
-8.286479701843086909e-01
1.993215301253664085e-01
2.760285986552047932e-01
1.207656430138130815e-01
1.632040509103550308e-01
1.529023949288941218e-02
5.197225243209154799e-01
5.811267661073405977e-01
2.978041135734127987e-01
3.562973186153101102e-01
5.996875048152588983e-01
-2.974336462971344242e-01
-1.237783644004651490e-01
-1.330168361130248944e-01
9.137649001868759779e-02
7.053512318797602321e-01
8.148852584720676084e-01
6.398688033288681964e-01
6.043097748478191145e-01
8.998408487256107646e-01
-2.086336996131871457e-01
-8.609801119820935378e-02
-4.079860732221358283e-02
5.425448253902035445e-01
3.039166601535687739e-01
4.474103341013672963e-02
-3.969319768575166330e-01
-4.441922988279389251e-01
-1.217995415997836194e-02
4.806133295804710381e-01
3.606295958703121252e-01
3.115192661907641991e-01
8.912631128962705818e-01
5.287755322845328898e-01
5.978115270546086046e-01
1.942370960433243143e-01
1.782430157117620151e-01
4.781882291722850953e-01
8.968999313221399927e-02
1.479596517595275496e-01
1.138527175934102992e-01
-8.344905334441440337e-01
-1.370178382072315126e-01
-3.016210924278051597e-01
-9.360463838746174714e-01
-9.803811921570723120e-01
-7.383627085099865317e-01
-2.066909775019676876e-01
-2.427065530122287096e-01
-1.123224334209211583e-01
-1.316780574372418411e-01
-5.311807548582905131e-02
-1.291294066344614577e-01
-4.035050159038100492e-01
-3.711740689185986097e-01
-2.698554538091439345e-02
-5.889132595606604709e-02
3.237612672909141731e-02
-1.837627923374356154e-02
-4.748941187427158095e-02
5.099457074375125520e-01
6.411418997520825780e-01
4.005959960339289805e-01
4.082088804214140110e-01
7.642640061158908482e-01
-1.692253344105406898e-01
2.150848055042386617e-02
-8.963968772722565731e-03
-4.084536631489781855e-01
1.811756372212247057e-01
2.159371232425152665e-01
-5.620489694624590526e-02
-1.442628196718826437e-02
3.885481701163710500e-01
-1.800523665004670482e-01
-3.841175838095069878e-02
-4.177469503697583270e-02
-5.241967678839438705e-01
4.052937332399897397e-02
2.058393997966966593e-01
-3.057116168217546837e-01
-1.478592709824151363e-01
-1.394120231859872217e-01
7.753631184839632207e-02
6.250933790654142341e-02
2.677913116443529987e-02
-3.076643466787748471e-01
-1.688394640884947548e-02
-1.118046709805868705e-01
-4.386102865985616051e-01
-4.074291518857579564e-01
-2.744401813030643289e-02
-3.223018812479987449e-01
-1.592553570799440099e-01
-1.949541375454923176e-01
1.915272183729805011e+00
-8.920509784477321347e+00
9.581004117822333299e+00
1.260707325210355556e+00
-3.151018575485700968e+00
-2.129169935375875511e+00
2.387136384819030926e-02
-1.299337975587212535e-01
1.441408987600617808e-01
-2.619318407823100880e+00
-1.367760198749463463e+01
6.593136375221568812e+00
2.182775842213787509e+00
-2.050044647522805352e+00
4.509290607535116485e-02
1.143961450972750399e-01
-9.087476725709170422e-02
-1.101941770044184143e-01
-7.568532632703252327e-02
3.531165289318564660e-01
3.910007202315379238e-01
1.129313960258725713e-01
1.355278858277882414e-01
4.723051615924703794e-01
-3.698023885710838288e-01
-1.972804995954724194e-01
-2.001940859248204641e-01
9.018786559020806948e+00
5.185228908618920940e+00
2.010999466235948496e+00
-5.021621242230691617e-01
-9.196664600741232265e-01
8.170583790875769747e-02
3.907284944835354157e-01
1.728533605819764229e-01
1.238150807090304673e-01
9.781273317720633187e-02
4.130689546861399664e-01
4.785045086732777064e-01
1.217282540769478866e-01
-9.320422729739484199e-03
1.560879772567579094e-01
2.048281914590056874e-01
3.734308970779119385e-01
2.399743386322766570e-01
-1.587656171962432516e+01
8.799769004001978701e+00
3.693370610106554430e+00
3.407643380038597458e-01
-1.186679241812918839e+00
8.382962022534445889e-01
3.607152663016026661e-01
-8.354260867119933653e-02
1.862831983198043675e-02
-3.636859575192637473e-01
3.938343009267517014e-01
1.828896423008889716e-01
-1.360156035001375829e-01
-3.741682887846300987e-01
7.840235256922976903e-02
1.566835756972362603e-01
-2.382331264673581694e-02
-2.472955017970778283e-02
-8.108490743957279534e-01
6.942112041818751522e-02
-1.705697744788891579e-01
-5.633268833090454564e-01
-8.219299117844066638e-01
-1.052263205652178013e-01
2.879764009049809101e-02
6.788992172991009655e-02
1.040456374032131953e-01
-8.635274705221527292e-01
-2.270770147731991217e-03
-3.343454863522395404e-01
-7.783137695357513763e-01
-9.867421113027395885e-01
-3.125945080265106757e-01
2.210389111117202210e-01
4.186246846463249904e-02
9.303851132717710914e-02
-4.566168703399481332e-01
-5.807677605482419216e-03
8.981424493378041551e-02
-1.573274346390641787e-01
-2.802075235160047528e-01
1.402953232129664288e-02
-2.041169036350344301e-01
4.859196462048314541e-02
-5.161827874914951160e-03
2.939100006045340940e+00
-7.863011856580086167e+00
1.176089454315083849e+01
2.293822014810410259e+00
-2.506440127547348684e+00
-1.212288102805732404e+00
4.147693541747314305e-01
2.767908526344273756e-01
2.990880593914820307e-01
5.993475878111447663e+00
-5.395262596364389651e+00
1.197052769958555984e+01
3.290241394932353902e+00
-1.797792125696372256e+00
-9.471476282491492205e-01
1.944947251256619047e-01
1.910391824974663755e-01
-9.201552496128010197e-03
-8.756985014084228691e-01
-1.145492862586199534e+00
-6.850848665110245150e-01
-6.639140927982882801e-01
-3.325628669137706273e-01
2.601023970519537043e-01
-1.258253895476375839e-01
-9.427427487107814530e-02
-7.510737498961096714e-02
-3.487298070156574337e+00
-1.311215217050120252e+01
-2.231473339384473320e+01
2.335037779563846172e+00
-3.429405679416329122e-01
-8.728306526901540296e-01
3.984234721947407243e-01
-1.280804123965407874e-02
9.969980590022062272e-02
-1.383109795166154177e-01
1.222669929196304323e-01
7.228672879968027487e-02
-2.609794929286596843e-01
-3.218083526087884283e-01
-1.153442278086600215e-01
-3.457237870402366520e-01
-4.266462675114709308e-02
-1.435455298173621552e-01
4.549266410110273245e-02
5.407983428033659168e-01
6.365707474332048532e-01
3.703991173149338567e-01
3.770770445344656663e-01
5.988396537551307075e-01
8.460675998501064610e-02
9.661494306823835421e-02
3.284670164861148989e-02
-7.663358846602353891e-01
2.004321082805700649e-01
-1.553873510215363074e-01
-5.701058102593657972e-01
-8.513984048342801980e-01
-1.750340501892580780e-01
1.773026541376461762e-01
-3.669034834539260104e-02
4.173153482335153347e-02
2.119029542475062144e-01
1.597936678909048225e-01
4.929466393834648907e-01
2.815146182143737907e-01
3.437130873066736036e-01
5.775179752188235316e-01
7.799593137472524140e-02
1.198100108892344029e-01
5.207004176451533739e-02
4.356752793698078108e+00
-7.342426870237199310e+00
-1.928571283617474563e+01
3.535065973828361408e+00
-1.032151439559150008e+00
-8.708899184460402454e-01
3.691826620010284221e-02
-1.554959021424346388e-01
-1.019390102106918494e-01
8.254190816086638405e-01
2.107305423228973407e-01
-4.785687979030365802e-01
-8.640071147398011853e-01
-7.707836735581946597e-01
5.869738323839548411e-01
2.194026286260558622e-01
4.090667245771870131e-01
2.944913204075803592e-01
-1.165790922510132749e-01
-1.377224577587281784e+00
-2.065441521306559558e+00
-2.392931946939016896e+00
-1.372031629172578482e+00
1.586621080807593398e-01
3.754234795767328881e-01
-3.059457308201503356e-02
5.112005926398118134e-03
1.938191258475839840e-01
8.469566536846818705e-01
9.675692547425469581e-01
6.850777954642547352e-01
7.094002765882140293e-01
8.980759460271798833e-01
-1.566526749095437099e-01
-1.088755456887528505e-01
-9.262168201982581839e-02
-1.491876006619785866e-01
1.335799865915824336e-01
1.209537318019083263e-01
-1.491524839080434206e-01
-1.495244816768986351e-01
1.508119807437439952e-01
8.647197475998538718e-02
1.871687781411082441e-01
1.625792300936130252e-01
-6.631655031606499273e-01
2.247954867141494228e-01
2.071930390684567913e-01
-1.108818566837442426e-01
-1.501604583919579350e-01
2.435021415111011112e-01
2.124673899378625441e-01
2.890917990428233386e-01
2.280740894916423178e-01
6.559501755506894405e+00
3.635394224394231877e+00
1.820822478878352912e+00
2.079934186735107604e-01
-1.409736191004340722e-01
2.855130457335762761e-01
-9.749367867946673316e-02
-1.993867278971768187e-01
-7.590966531719596511e-02
1.905814206131589972e-01
2.144699938681265405e-01
2.310051660917428473e-01
-2.011501580190313554e-01
-2.874371221451103575e-01
2.182561663840745098e-02
2.142247957999348154e-02
1.080297473242328860e-01
2.387532182559990238e-02
-4.447450369683081939e-01
4.592005337870584680e-02
3.297405338543205611e-01
2.106756254322073862e-01
1.313202945539414801e-01
4.451569229381770465e-01
1.408662944533014272e-01
3.561352947203188513e-01
2.623101566950307717e-01
1.013620958950220696e-01
-1.120249173510288188e+00
-1.536568196542223319e+00
-1.612881217954955426e+00
-7.996935053713165598e-01
7.702466277462077793e-01
2.964038997283894306e-01
2.457552623304696537e-01
2.350222026597036939e-01
-2.138202084596566299e-01
1.730692387006695365e-01
2.299686928054414659e-01
-5.014588235936367350e-02
-4.006233533645474354e-02
3.995795900362625330e-01
1.377021437322096808e-01
3.330120580510997907e-01
2.867636552717199860e-01
2.394480108668500806e-01
5.404047168741555884e-01
6.686193652783686270e-01
1.709883124131579835e-01
-3.030270064995922719e-02
4.195792916369558631e-03
-1.157826544511419142e-01
1.212657764168752206e-01
6.342968414894593898e-02
-8.984104988821783877e+00
1.339566167584476197e+01
5.557826067394744385e+00
8.909743043952031982e-01
-7.301180743657952332e-01
-5.175005668291675631e-01
1.791019238495129284e-01
4.359634342981636573e-02
7.028745835008047560e-02
-5.784927512873881961e-01
-7.583592897945956590e-02
-1.104947579182228024e-01
-4.222000558967728412e-01
-3.891698306799679097e-01
1.306555391948204525e-01
7.907944154505586187e-02
2.320907517257555230e-01
1.569764247991806416e-01
2.326845343334316835e-02
6.507752636287857939e-01
8.755239128236862456e-01
7.034763479898081817e-01
7.269576379760254170e-01
7.064831879236367351e-01
-5.265104746368667321e-01
-3.408804906714138494e-01
-2.139033143853468211e-01
-3.782732788727513618e-01
8.888632632189845395e-02
1.459708091712419997e-01
-1.552260082059528923e-01
-1.285112014283062154e-01
2.909239959154008015e-01
-1.163687011063083664e-02
2.964947522639724276e-01
1.512335483033126760e-01
-6.065490288838775584e-02
1.454629470724286833e-01
1.841295819706013082e-01
-1.807342254627328226e-02
8.264688208997858151e-03
3.151939913072351329e-01
1.918830474271285280e-01
2.331156741333416382e-01
1.402787796475365167e-01
-9.786633755650051558e-01
-7.567183366143228618e-01
-1.820075718600870640e-01
-1.680640685037985138e-01
3.266291312750005393e-02
3.532421999554375414e-01
-3.712371121638922272e-02
2.647274658524778265e-02
2.090883678951766314e-02
3.491446196587399964e+00
-7.782960731399212406e+00
7.854623023508479740e+00
2.811828508786379022e+00
-2.435690525692486119e+00
-8.607546000976752376e-01
2.069714104703053170e-01
1.080649747402311900e-01
1.345318693328066140e-01
3.241253275739511164e+00
-8.239500643050257978e+00
1.115709682049674889e+01
2.582707118848749150e+00
-2.524165529137060382e+00
-2.928040368727156673e-01
1.595351745675233079e-01
-3.176473079540162447e-02
-7.585765467514322957e-02
-1.080470970875687664e-01
5.045467695644620942e-01
8.736896813948624718e-01
5.337999505367815312e-01
3.621255452993939472e-01
2.601848870169217176e-01
-4.914201224573813004e-02
3.019514160764901201e-01
2.548335833788282767e-01
6.348006832145162148e-01
2.925197258680252155e-01
2.497294994650809674e-01
1.641489024338186331e-01
2.541457649869880431e-01
7.957157209021978872e-01
-2.613267756468638514e-01
-1.896424251300428410e-01
-1.099498673167841334e-01
-6.320521005352414123e-01
-1.845040474906139982e-01
5.245238428774899875e-01
4.600356906579303740e-01
4.714857172931784524e-01
4.636264740847974020e-01
3.261754786009897211e-01
4.468095478049457503e-01
3.913361076734066524e-01
2.679839050606226181e+00
8.596518709037730410e-01
-2.393516933807576241e-01
-7.669354387804463435e-01
-6.860641750735206879e-01
5.999202447673653849e-01
-2.240497438928111817e-01
-1.585836095662730705e-01
-1.118092127569310229e-01
-6.236103066456780475e+00
-1.679367968816614010e+01
5.807066293073377850e+00
1.500337638650115046e+00
-1.817595793984853048e+00
4.167149745922922310e-01
4.144970205176858324e-01
1.957886477424695092e-03
-8.125233473573602316e-02
-8.308066538735908724e-02
2.378819042456040145e-01
1.770664682843240412e-01
-1.206782526533631134e-01
-1.083664162484542226e-01
3.543081869897071190e-01
-1.786239886615301475e-01
-5.430448710142702501e-02
-6.175475326447436158e-02
-6.740280575345437342e+00
1.296601818726568922e+01
5.951285459119278087e+00
5.605180581812169160e-01
-1.051966222742171775e+00
-1.139236230961661045e+00
3.778214239123101614e-01
-2.810162030677792674e-02
6.162341051070766018e-02
-2.434930336861152456e-01
1.241035338911436608e-01
6.310572590685697980e-02
-4.089994900788623822e-01
-1.675406142592574532e-01
2.263955563955779293e-01
4.182817581447295652e-01
2.094611606649131597e-01
1.994657069323919618e-01
5.825753345018214874e-02
-1.505374580016748294e-02
-1.057402668980542224e-03
-2.479327610539957261e-01
-1.597175671386758811e-01
2.663410817641133077e-01
-2.247996469868947522e-01
-2.869419649761258476e-02
-5.027787477717249320e-02
-4.588893006597198621e-02
9.247234960203601362e-02
5.996729894683251738e-02
-2.428448220031216853e-01
-2.542098565726696457e-01
8.956697019989032227e-02
4.062282290929934009e-02
4.987308468233656034e-02
4.680505354869724660e-02
7.054389338037351465e+00
-4.608501906729494557e+00
-1.689888327001553137e+01
4.893855276330485005e+00
-3.354500974348114117e-01
-8.828716266219698294e-01
1.325574639146425149e-01
2.716192915761272281e-02
-4.851977940094961278e-02
1.228897510284539640e+00
-1.001587180153854462e+01
1.024094958827035207e+01
2.301119968567384877e+00
-1.510557112532165291e+00
-1.066579809448584992e+00
8.344046076341180007e-02
-7.872303011672361628e-02
2.668743925598948945e-03
-7.690569950249354081e-01
-4.243500544268256069e-01
-1.551493870996726969e-02
3.046539238095461247e-02
1.565093796585221297e-01
3.292714373699071606e-01
-2.616651137619164791e-01
5.732849388657183798e-02
-1.129807742681332959e-02
-1.180328950210377537e+00
4.135131157048216877e-01
4.536395064141129224e-02
-3.506597375891176149e-01
-4.542171310176955079e-01
-8.176057348788619283e-02
3.290914538015854429e-01
1.296558197446016358e-01
1.176440033639115229e-01
4.638225801395122298e-03
-5.348635115357042169e-02
-1.622694067061075107e-01
-3.712508338233438954e-01
-2.824080405095933388e-01
4.113134739045819915e-02
-2.925039046521498709e-01
-1.409286232023134189e-01
-1.485119360104916741e-01
-2.953279132405125518e-01
-7.043096536589273440e-03
-5.792373739516264858e-02
-3.493994243319395454e-01
-3.366057884738684614e-01
-3.778199230750826747e-03
-9.971304677029975416e-02
3.356586484173960244e-02
4.491303044808960671e-02
1.742609783014329172e-01
1.796280498145766680e-01
2.391661948734996324e-01
8.187432869173776051e-02
1.053130502857447248e-01
2.861075205037926783e-01
-1.861863844540334045e-01
1.180484723867137329e-03
-4.554447418614041704e-02
-2.932535378714068997e-01
1.424815111144792090e-02
-1.427709398331696196e-02
-3.299109509683002539e-01
-3.321991341978710599e-01
1.304174185339238012e-01
-9.379741385553347355e-02
3.603034052902753109e-02
6.651558232388018674e-03
2.432153561808040543e+00
-2.308015173313722468e-01
-1.525419769250810909e+00
-2.043222248119664464e+00
-1.257328167087432558e+00
6.820005116390747135e-01
1.324123320699145401e-01
-1.312130522966234170e-01
-5.184299841640547385e-02
-4.126838374584808622e-01
4.954757476115980719e-01
4.576932233157775531e-01
8.875096631348384016e-03
-1.289036735050820559e-01
2.803293292592677899e-01
-4.489787811542605284e-02
-7.985482236282049825e-03
7.415273624576464162e-02
3.847799455921332434e-01
5.438715816013697246e-01
3.275715903147682351e-01
-3.701113255135498603e-01
-2.558184268451312859e-01
-1.695178200533858648e-01
2.907297250731161187e-01
2.155173910244975177e-01
1.289773870282106549e-01
-2.341269297918832315e+00
-1.940162476953527726e+00
-1.021256928889343163e+00
-6.621646207738833834e-01
-1.937646964571022312e-01
3.430705668751604653e-01
3.350494911875163961e-02
1.246821355389469144e-01
1.098955630771482894e-01
-1.065757708874449960e+01
1.299432052042539354e+01
7.349981049664926935e+00
1.985997854851859090e+00
1.604914195620596173e-01
-2.894453188947832545e-01
2.270061300942361471e-01
-3.028151037707585511e-03
-4.067805454966942624e-02
-1.965639386347443340e-01
3.514667640089927936e-01
4.077484614117085626e-01
1.809742407954523236e-01
2.148535747397774254e-01
5.338261748233564807e-01
-2.349411448301862715e-01
-1.191913058017171761e-01
-3.715870914344644033e-02
-3.824940362563268303e-01
5.217313382469213057e-01
6.276549361199732502e-01
2.295425358780436020e-01
2.965428400495243033e-01
5.625460847686618582e-01
3.482042431471087385e-01
2.631551703574688261e-01
2.304123985706080513e-01
-3.236733886803054294e-01
1.073553155211847687e-01
1.408301975851670718e-01
-1.447668461384261085e-01
-1.388410476548283534e-01
3.161795843557589358e-01
4.160303306263766349e-02
2.247480951230038382e-01
2.076937839107152461e-01
2.351461310157005880e-01
7.253970921572804320e-01
7.985513224184725978e-01
5.379961190830216955e-01
4.978389511496972841e-01
8.887231122316223697e-01
-2.201420944902461319e-01
-1.532210979058447331e-01
-1.329840801176375154e-01
-4.637876439695857722e-01
-2.500592435787554191e-01
-1.382198625064660347e-01
-2.445288346187995121e-01
-2.378810281848538766e-01
1.329438749458146662e-01
-3.231684154351376903e-01
-8.632140152946365941e-02
-1.215945543469762746e-01
-7.339128126457983292e-01
-1.148151923281159024e-02
-4.234395585994121247e-01
-1.063345618863742459e+00
-1.111076882884542094e+00
-3.948489184412743436e-01
9.875362720778148307e-02
6.378978814269045672e-02
9.225709069061566181e-02
-1.209158167429157515e+01
1.040376648668562609e+01
3.756523020729522599e+00
-1.375621837686902271e-01
-2.159010062575490885e+00
1.362740222104869003e-01
3.910283801118438207e-01
-9.123577668812823949e-02
8.431317629931761592e-02
-8.388376860868629326e-01
-1.154991040496816268e+01
9.260686792793043409e+00
1.629862204752871024e+00
-1.798803314161847355e+00
-1.491105463050871549e+00
2.654359459081379047e-01
2.545323643848422801e-01
2.348010250715278080e-01
-2.307099221583323312e-01
5.483996821702273594e-02
2.867190459794070612e-01
9.368268880688200573e-02
1.583822063395667196e-02
5.780744811521346810e-02
-1.824011734966538567e-01
1.675585732845517040e-01
3.439085225451916916e-02
-4.488601003971043890e-01
1.981110383176201972e-01
1.312963037599533533e-01
-2.705386673249437490e-01
-3.026117741777454295e-01
3.145150139265384670e-02
8.535128122231547265e-02
-1.725684031753293296e-02
2.471619810890089437e-03
3.760159019797160856e-02
-7.085822404244553063e-02
-5.791650564464517759e-01
-1.032915882612356118e+00
-1.017889769347841922e+00
-3.531101177798371960e-01
3.703153500971336221e-01
1.730365902417814461e-01
2.374737229672305161e-01
