-7.696982759500977878e+00
7.459283971511907474e-01
3.175483237482525922e+00
2.866791194920689789e-01
-2.860933780140340499e+00
6.635308704527866475e+00
1.982310598515011346e+00
3.990443287992973431e+00
-6.057175879025815668e+00
-2.220772945254071207e+00
5.015127369890826081e-01
-5.256810883153607783e+00
-2.565214609071715390e+00
-9.642990698025302176e-01
-7.467493010793636588e-01
-3.800993549754862588e+00
-2.274495232910780929e-01
-3.545558268726357820e+00
-1.880665977712611125e+00
2.821096461805139732e+00
9.130878786049088092e-01
-3.738003304236323654e+00
1.988684722728180310e+00
-7.109558170857968040e-01
2.286683826843104672e+00
2.126231040298725838e-01
-6.029778305251492831e+00
-2.118242372847710109e-01
-7.355270064495752713e+00
5.090053346865940576e+00
-2.722445973955100573e+00
-1.442746626517502184e+00
-2.673765685279773763e+00
1.385705850050319210e+00
1.382904439163952670e+00
1.936057445954160461e-01
-6.696301496498974437e+00
1.199057177539523567e+00
1.861962153850176938e+00
3.678795398704288733e-01
-4.507957746150289324e+00
4.354659078498619884e+00
-2.914692180977640490e+00
1.868420878837114163e+00
-4.554121440354182426e-01
7.179499792735647645e+00
1.739748708478472139e+01
1.187219405617048906e+01
1.070816208118331225e+01
1.854406772896271249e+01
1.123381730911776444e+01
1.613102149849950351e+01
2.486973424681435318e+01
1.036390243900978803e+01
-7.372395156189588405e-01
3.547059798688010357e+00
1.068455130701376099e+00
-4.837150993108672026e+00
1.228913597085307341e+00
-1.331986562323442258e-01
2.882118432692071686e+00
-6.702154325988841421e+00
-1.350465759963927859e+01
3.767672246764069310e+00
3.242111065698136230e+00
-9.109620496183736815e-01
-4.042457461245163586e+00
3.871187227613341886e+00
-2.072833086824985127e+00
1.211157612464047961e+00
-9.038856951701852438e+00
-9.527065645321970422e+00
3.195324702566761044e+00
2.464658694221774304e+00
-3.759536856955358330e-01
-5.804320672483869181e+00
3.222879659452865031e+00
-3.293590322262808900e+00
2.593640591771838366e+00
-4.330891184893576273e+00
-1.594992783875084363e+00
-8.266296483938175399e+00
-2.272950883935117350e+00
1.169478399626832088e+00
-2.756265277471500852e+00
-4.046723744443396775e+00
-3.315021150038823805e+00
-3.016930010273174978e-01
-8.384356499493980763e+00
8.302058281999953326e-01
4.817148678642793058e+00
2.844150778697027704e+00
-3.849646312769892109e-01
-4.457603026542763303e+00
5.791951742048312646e+00
-3.496637098199907978e+00
2.021904681260386027e+00
-6.996419376212278607e+00
-1.549802677953292518e+00
-2.094402944799754529e+00
-5.546147972785737679e-01
-6.649313749398538143e+00
-4.647473022448849633e+00
-2.797034853040591074e+00
-1.521728625539983781e+00
-5.279770600915687950e+00
-3.083575234053118841e+00
-5.642059164461205256e+00
-1.486590868546510791e+00
1.102997639989421019e+00
-3.621907198643862014e+00
-7.209056199321646652e+00
1.120233734459005426e+00
-6.458374814983121937e+00
2.083760299427048324e+00
-1.005877672295653724e+01
-1.063776858896354582e+01
4.827006211747951525e+00
-4.042889947779934601e-01
1.136791546655348428e+00
2.612387699676396169e-01
-5.652668964968571963e+00
5.817017972020402716e+00
-6.247406535441207609e+00
4.453310859609825201e+00
-2.836908931046302484e+00
1.307560764787892893e+01
-8.992616642195860877e+00
4.872630181441278907e+00
-1.331709321368090393e+00
-1.123311278440877574e-02
1.556442752185824618e+00
2.288161595111575242e+00
2.572337836671783062e+00
-2.005134389118807814e+00
-5.757586283898016966e+00
-3.973315594308234111e+00
-1.359609446692170565e+01
-3.031014982129769830e+00
-1.160379275003212474e+00
-1.058289888438407544e+01
-5.523259692968076173e+00
-2.433321860161735373e+01
-1.271381811887946434e+01
-1.897724688050893282e-01
-4.162440867417709356e+00
7.400664150256095475e+00
-9.318771535273193130e-02
2.820161993660561084e+00
-1.150345377773954514e+00
1.408403794267433451e+00
-2.693755319108053659e+00
1.256981534541488532e+00
-1.704970730417753488e+00
3.777014558303066760e+00
4.211273628377830147e-01
-5.475797128238358624e+00
1.544631486851602675e+00
-6.650874888245036365e-01
3.123495921086453020e+00
-7.062136770153632170e+00
-1.233846138127577419e+01
-1.693112072058497342e+00
-3.087327034885420041e+00
9.563166661556955717e+00
2.667630432009657326e+00
-5.575136859264290257e-01
7.049943964052337364e+00
6.227132528402758105e+00
2.145752703153738228e+00
-3.458515306125341748e+00
8.129703377014319443e+00
-6.279956463533299171e+00
3.645988906078012626e+00
-1.085557706141549339e+00
-4.894991344009827827e+00
1.628263110996964524e+00
3.038517181336567230e+00
1.947479073521561332e+01
-3.639884781565214666e-01
8.199670298567368620e-01
9.833509697336646482e+00
2.423099464781939272e+00
-4.826760447075555405e+00
1.209655497054545847e+01
7.772950301515702876e+00
1.131470640871472888e+01
1.005340710007122329e+00
-1.147680141397235154e+01
-7.672216368032183986e+00
-1.198299809474403288e+00
3.433481603004713278e+00
1.386041199023910542e+00
-2.130835828706364676e+00
3.848478408826716546e+00
1.696601072226411766e+00
6.890513684868279753e+00
-1.756978000627878567e+00
-3.478779546669459766e+00
1.444238483253549976e+00
3.779867260921956351e-01
-3.778037148083476904e+00
-9.425287525487714702e-02
1.309526653420332032e-01
2.581262778111973244e+00
3.027721677748010709e+00
7.139732203530482213e-01
6.183557681682922080e+00
5.747063010010466932e-01
4.694362053800548829e+00
-2.015679032696234163e+00
2.627760923208004140e+00
5.630332514827887103e+00
-3.688113731294684783e+00
4.434275247134220166e+00
-3.503914473615171499e+00
-6.612779768759864396e-01
1.953525864766869402e+00
-4.595800799447201435e+00
-2.432619127269120440e+00
-9.264128759255649825e-01
-1.858955033032867243e+00
-4.890532867772175857e-02
3.867996514704662658e+00
-6.944557979318058960e-01
4.266878680135001822e+00
9.111027205399052420e+00
1.264758701289774079e+00
1.163055465146572942e+01
1.351674069032594794e+01
4.896552392914464313e+00
1.441938639211577033e+01
-6.205594960421272788e+00
-1.355705755634106957e+01
8.379054536714750867e+00
1.006537991227553164e+01
-8.838249136286290275e-01
-2.641495944187818523e+00
1.899010716483003236e+01
-1.870803464996890209e-01
2.588584959604269375e+00
-1.355910923762939468e+01
-9.495294779073851998e+00
-6.851890785639349168e+00
1.206219141233797476e+00
-1.041650731220008730e+00
-5.253997525972984306e+00
4.769413893057535603e+00
-6.170656854671520364e+00
4.687903485452915575e+00
5.868348145027594498e+00
2.922025455132098326e+00
-3.062326081245557940e+00
3.658880003487143817e+00
-8.564014568883434597e-01
-7.512698837272573371e+00
5.238165780648960101e+00
5.887720761866383157e+00
4.012142407462615523e+00
-7.930119004571566599e+00
-1.063700935760276600e+01
-5.891382772050363092e-01
-5.216919456682970413e+00
8.425345304115943179e+00
2.415195211489924443e+00
3.600013131106865494e+00
1.954495179979375274e+00
-2.594327303849370381e+00
-7.026977587552075022e+00
-3.682600066293861829e+00
8.799240499908920654e+00
-5.017600715295543523e+00
5.969378711625906497e+00
-3.688853058080634018e+00
1.184631774891603095e+00
-6.387088202922480695e-01
4.385384431645202419e+00
-3.963246051623905419e-01
-1.546048562355171671e-02
8.728256346113032471e-01
-5.654976928483091747e+00
4.782271220924942945e+00
-2.518892392394442403e+00
3.083996692020605779e-01
-1.663200556196398949e+00
-3.146473082438525637e+00
-6.336575145495338957e-01
-1.287127715938801709e+00
-1.629211367290544166e+00
2.349509364492013308e+00
1.256573675001971369e+00
-2.139788791312456251e+00
-3.472962044324199860e-01
2.753718951371954660e+00
1.341682586891159712e+00
1.424252257600127081e+00
-9.712615209432963193e-01
-7.916085521005903125e+00
-4.915744791610911157e+00
3.984894275557646637e+00
-4.624826969741262950e+00
-7.526376546608621432e+00
-2.471416977772676660e+00
-1.660815831548171362e+00
-1.140824321554886644e+01
-8.929112290721313627e+00
-2.124506856480753658e+00
-3.080478869472008885e+00
-1.477676228443046469e+01
-1.807860828540273346e+01
-7.338256723627653022e-01
-1.130155392177157303e+01
-1.262662191291403779e+01
-1.115903568343302316e-01
-5.670442523671280100e+00
5.290067806640998072e+00
-1.162807045361185621e+00
1.206673158859348449e+00
-1.031468194978238495e+00
-7.238047369761361871e+00
4.031885142200573036e+00
-3.549279447674737575e+00
6.451612190528376978e+00
9.802740788403269123e-01
4.072797297098371128e-01
8.200124014061415112e-01
6.051724418221777313e+00
3.206443729140482368e+00
-2.491109855336276713e+00
9.552363976575056981e+00
-4.271815182465267924e+00
5.993505334224287218e+00
-3.112856869766457368e+00
-5.596768104604848304e+00
8.270502258478953372e-01
-1.133959731363019863e+00
-6.213270155831135177e+00
1.843977745616535824e+00
-5.868531580062897213e+00
3.569728008946775333e+00
-9.672864689405859195e+00
-6.413151950701495352e+00
-1.854448165211224575e+00
-6.806449440007361629e-01
-4.028889836165857830e+00
-1.488033949740192874e+00
2.206235660348652594e+00
-1.005265252221226868e+00
3.242542355924268316e-01
-9.729029786114739009e-01
-2.675979326974331496e+00
3.636711141906979528e+00
3.552388177180977546e+00
1.307611292900221045e+00
-2.276243942352811800e+00
5.966049916645230766e+00
-3.507499692115251921e+00
2.760116534660658427e+00
-6.674839981668791111e+00
-4.500061543694960697e+00
1.580311798080564101e+00
1.886093405888427998e+00
-1.223910535015887202e+00
1.557106390554356956e+00
4.583905865147062109e+00
1.566309942649211084e+00
-7.662769979976169488e-01
2.305582523388404859e+00
-1.838323801493005005e+00
-1.318371993296619804e+00
1.207973423774591160e+00
-3.160610902761658014e+00
-9.064091384971116883e-01
4.158794395151907075e+00
-7.119073055274728334e-01
-2.883391298995068297e-01
-4.742456667232793244e+00
-8.789945798750188999e+00
2.739474334271996714e+00
3.911419722203492988e+00
3.206619364532522720e+00
1.288468784856215743e+00
-2.210588027133239208e+00
7.281837279148430930e+00
-7.707989326289764520e+00
2.254965983916477956e+00
-4.397774496669697442e+00
-6.043329502709182677e+00
1.506914796514190913e+00
-1.070021632485673058e+00
-8.264545693065910470e+00
-1.239454721191999731e+00
1.988119581933185165e+00
3.883912384152750086e-01
-8.080290963457629871e+00
-9.230274216397747367e+00
-2.928179302633799441e+00
1.069545495182554706e+00
-5.014323326441648021e+00
-2.558840083578847846e+00
-1.298814934728527604e+00
-1.353577697716276118e+00
3.506812509801159550e+00
9.934946866526061626e+00
7.609783060974443458e+00
-2.910246571208765065e+00
-2.116492324219867438e-01
5.641406197130506506e+00
1.557447758523217374e+00
-2.871479526348807987e-01
7.544800338573609544e+00
-1.402895256887114783e+01
1.804328282612727596e+00
-6.125981097710745615e+00
-2.498139927230170088e+00
9.188849088065910165e-01
-4.756377127862456256e+00
-2.106507080899084894e+00
-1.947804128407405022e+00
-3.836999386842662840e+00
1.394553002972018785e+00
-6.526280745989945231e+00
-8.992740184012504301e+00
-7.213048818171237109e+00
-5.963338639536692298e+00
-1.545371113357477100e+01
-5.026551505592845359e+00
-3.571514290414779413e+00
-1.290514452176014970e+01
-1.137738605235212397e+01
-1.137982303271994766e+01
-9.512682472092215402e-01
-6.692023185234166061e-01
8.236227582934575464e-01
-3.270931621773590869e+00
-8.744301604987091414e-01
5.697926119695826408e+00
-3.415998134192911539e+00
3.522987636749223550e-01
1.227085183061299212e+00
-3.389233145371451927e-01
-3.298270035659041088e+00
6.269154560922767239e+00
-2.754590955587050694e-01
-5.887788645404494758e+00
1.025638782554112538e+01
6.444830772654264628e+00
-4.422948287513345456e+00
-4.046991687995080689e+00
-5.051822612664994772e+00
-3.954664330081440582e+00
1.918300766752086828e+00
-4.521268412773161494e+00
-2.190608437287908217e+00
-2.475221584122121232e+00
-2.772449162052677440e+00
-6.484793240404942427e-01
5.170610331667062631e+00
-9.037606961192198307e-01
2.228658343116856511e+00
-2.897545766351864671e+00
2.433363942541594493e+00
3.326986139924424379e-01
-6.327520366918294670e+00
3.565395116419187271e+00
-5.255037995481113278e+00
4.447218901329069496e+00
-1.878946282286293457e+00
2.669031685186392000e+00
-3.997785464488600393e+00
6.178478670781361259e+00
-1.744734797144120719e+00
4.966662984825316318e-01
-2.594544078245936802e+00
2.829066887572212696e+00
-2.075351766727826064e+00
2.504240353159196353e+00
8.565655460413728051e+00
-7.842730921902502317e+00
2.378997105575685556e+00
-2.973442987141941884e+00
-4.679768410547139545e+00
-7.566799711078441293e-01
2.824768693203396630e+00
7.270145722607896488e+00
2.838617563451447112e-01
-3.133113996990876338e+00
-7.701962413772325822e-02
3.809822751464829960e+00
-3.435123573523041429e+00
-1.088333852096051579e+01
2.156154405112966188e+00
-2.770365997721526341e+01
-8.328265795659502757e+00
-1.858954733622836697e+00
2.962224788816308241e+00
3.874995712217950139e+00
9.488575748899034323e+00
8.159186560813301625e+00
2.543823021129298478e+00
7.683598279625638128e+00
1.075237942583914297e+01
1.609838583161332437e+01
1.134519018069401497e+01
3.612836996773300391e-01
-1.246310307726541944e-01
-1.169189952176081881e+01
-1.465862362437644251e+01
2.144844587051066398e+00
-9.355909317545851422e+00
-5.005537646584411249e+00
-8.691940822348175999e+00
-3.808240467889616898e+00
1.109180043894873124e+00
4.731877304700048192e+00
1.117605772995997704e+01
8.647454238265606108e+00
1.296638226235839797e+00
7.965391186620084163e+00
7.190805927676149345e+00
1.151406940324730854e+01
1.735755317202874792e+01
-5.655222899649370305e+00
1.490063136846060177e+00
-1.831441530924525107e+00
-6.759634288783773037e+00
3.605647634944902258e+00
-3.209505759584427853e+00
6.793153071774865381e+00
-1.013917356117863022e+01
-4.102699194258399906e+00
2.243206033899568241e-01
5.735095602669224135e+00
-8.233556650838452784e-01
8.599860913025326070e+00
7.855676264625595095e+00
-3.121917366151395257e+00
-1.413334936242002904e+00
1.428069988845086868e+01
7.001759844711876291e+00
3.152467201754940440e+00
-5.326184810281702653e+00
4.030278579583064236e+00
-4.808616421803589169e+00
-2.795241484618931960e+00
-1.915171250449581697e+00
2.921251631875066312e+00
6.550952621902913720e+00
7.728664776916345236e-01
7.651849093709119032e+00
2.018017297596475856e+00
2.325717301108285173e-01
-4.373445953993498669e+00
-2.871731274207109497e+00
2.775129977698091555e+00
-8.639656513594115239e+00
2.609094048765578489e+00
-4.093721891592910112e+00
-4.939654303870532281e+00
2.208199788531351460e-01
-4.332099222186334586e+00
-1.073341323301382211e+01
-3.638474974134913720e-01
-7.824755464559005169e+00
-4.573481624287571989e+00
-1.991772539846683454e+00
4.450269064228994154e+00
5.316368933261958141e+00
1.250177861029137283e+01
6.991991194842798407e+00
1.093509812130799475e+01
1.191502965462255759e+01
9.799661351346799165e+00
1.629371619629990064e+01
9.672987221869750130e+00
6.731868470350308442e+00
1.640844299003059614e+00
-4.269838857753534889e+00
9.509041571009941407e+00
3.058057603607695185e+00
3.208380876953489835e+00
8.811454830264950910e-01
-1.811186540356970465e+00
-1.001475256373831613e+01
-3.888073297433328523e+00
-2.603752255380889391e+00
-1.541895096344737537e-01
5.534272502235173530e-01
-1.948089445004123954e+00
-2.043315468493460241e+00
1.640021489028217649e+00
3.989022477759884833e-01
2.801762135420482469e+00
-5.406829178184486412e-02
-3.923992194152472024e+00
5.105769215509924353e-01
-8.042954607561792812e+00
4.672361624243221434e-01
5.304579739757208090e-01
-9.787690401184425681e+00
6.741834493170189013e-01
-5.675199134315176863e+00
2.265554914450592872e+00
-4.139942304829490105e+00
-3.256001558620963188e+00
7.383846286433270123e+00
-1.575136794109148086e+00
-4.354811658021804810e+00
2.682800717239720356e+00
-9.649591197572938983e-02
-1.849683879748901916e+00
2.281313795694098479e-01
-1.129468111125856211e+00
5.146586345811632324e-02
-4.251025240333006217e+00
-2.626559159314853176e+00
2.449411980215768114e+00
-1.677407186623543600e+00
5.574452884232986571e-01
-3.905475671366505086e+00
-2.370254615874087811e+00
3.495722682584828100e-01
1.887513543948595274e+00
-2.042151441763033759e+00
-4.631894834658049631e-01
4.218570193843816263e+00
-2.892590590759575253e+00
9.661796462068434899e-01
-3.456937161367546363e+00
-9.843011948596849692e+00
2.234986149581596193e-01
-4.881804132477618907e+00
2.632564883055814153e+00
-6.036683789386523280e+00
5.890970811838337484e-01
-3.654727505936047338e-01
-2.291255735764260226e+00
3.155191364673318177e-01
-2.149843122552916874e+00
-1.275124762640275522e+00
5.035200133505867148e-01
-3.699874391372869553e+00
-8.130985172581175480e-01
5.629976452904068118e+00
-3.153491438269547587e+00
5.053002588453877619e-01
1.496571828755265121e-01
-5.515712289091205534e-02
-4.803330386697957088e+00
-2.009527683757203587e+00
-3.568504081482634649e-01
-6.610485507361188340e+00
-1.246243020269051982e+01
-4.812231472889502371e+00
-1.199452554895589884e+01
-1.024341549022710574e+01
-2.538321752190419112e+00
-3.551785168522900271e+00
2.272909194899868091e+00
1.392425271826875477e+00
-3.606410701681019404e+00
-1.814451827271005568e-01
9.218725797958815527e-01
1.436667778987030575e+00
-2.416137999666919112e-01
-4.714246134517496856e+00
-1.659420575347123394e+00
2.194615045063853742e+00
-2.428123217358003849e+00
5.258415301607006764e-01
1.532520231657491960e+00
-1.191351581840482732e+00
-1.285180551438790841e+00
-1.743651807872073523e+00
-2.507232024881338450e+00
-3.242268977229079141e-01
2.626559935850983907e-01
-1.235577323722376519e+01
-1.791563289283972793e+01
6.617034714682906049e+00
-1.590835958524138150e+01
-9.934300746355440026e+00
-6.125671367189934990e+00
3.897647815326063192e+00
-1.222755290807534978e+00
-7.159505188492979677e+00
5.303964710516232195e+00
-5.068458240886766220e+00
2.280271811904326373e-01
-1.842015136484661086e+00
2.418916836459538811e+00
-7.037593892025175712e-01
9.481863674453440138e-01
-4.885618976234058053e+00
-3.736292412382313799e+00
6.602824046665069169e+00
-4.066958441494484155e+00
1.418175754234656027e+00
-2.086944254610450855e+00
4.926529915075176902e+00
-2.319142522841606713e+00
1.171855677463109480e+00
1.033454728710905268e+00
5.071472220153051325e+00
2.758656067636904741e+00
-1.770491785076337976e+00
7.578258405898442795e+00
5.217554191879744785e+00
-8.172796865742030903e+00
-2.082012237386541287e+00
-1.576642779876769263e+00
2.493969792125717344e+00
3.944099476878117905e+00
3.822790841032270293e-01
-5.709366917260315866e+00
3.320188979496783155e+00
-1.530220380926715196e+00
2.676684913483891481e+00
-3.358850633024958565e+00
-1.841048418485866423e+00
-1.136762279799856223e+00
-4.090506635423903248e+00
3.826333940100173248e+00
-2.889934006929141042e+00
1.017135986510916856e+00
-1.002868692575247911e+00
-8.240246140803122454e-01
-1.029921765046287518e+00
1.005397340649265836e-01
7.522852004226396883e-01
2.458208416920445227e+00
-1.067774654021707237e+00
1.635842136640446975e+00
4.033950114861641900e+00
-3.253656248212151159e-01
-5.522347202536225241e-01
-5.908055762774829800e-01
-2.951334827340123645e+00
1.261255101304732396e+00
1.340532025466165678e+00
1.205356387305389276e+01
6.556301636213066608e+00
2.889125620515732962e+00
1.126314272779763748e+01
1.336054236269969842e+01
9.761071478970187343e+00
5.579879155880074215e+00
-5.445273052763163868e+00
-5.310568935593378725e+00
7.762441678869550721e+00
-1.315992855855588228e+00
1.572698331694937224e+00
-1.556441971225084320e-01
2.797768929953764250e+00
1.203446419389160749e+00
1.585952933730074843e+00
-1.584908418061130808e+00
2.806589685000303813e+00
8.008490065679189085e-01
-4.287128980832931369e+00
2.427485458289433851e+00
-1.782033201489903407e+00
2.448454359087146592e+00
-5.404245530204109249e-01
1.518770484044193736e-01
-1.539106648990607784e+00
1.532152484109808588e-01
-2.783078598388801339e+00
-2.185138437787516708e+00
3.332960573265521642e+00
-4.057086405620719205e+00
2.852368402363811839e-01
-3.840056333238006214e+00
-4.166936260285139859e+00
-1.115882701662268772e+00
5.050840547718981277e+00
-4.509637318597040867e+00
-1.035306780451154296e+01
9.038693946491466846e+00
2.025161787598868113e+00
-2.615264997086244492e+00
7.533061835150139274e+00
5.250318518801616818e+00
5.187346409614560505e-01
2.451205936975693334e+00
1.255514074610045050e+00
-3.467052521372753215e+00
3.202054307079454265e+00
-5.702496591562127293e+00
-4.552020557503392295e-01
2.708524418007379753e-01
4.782778207018360206e+00
-5.354043497755819558e+00
8.570945915904562007e-01
3.300676214959066268e+00
-1.296063026795650774e+00
-2.688942572337258863e+00
1.314414198770128106e+00
-9.992284543701503985e-01
-3.665765977343387938e+00
-1.236851686780636062e+00
-9.886957272514461437e+00
-3.758578503223682699e+00
5.506711829776646638e+00
-3.986174612511579340e+00
2.884855029922593239e+00
3.989344407001573223e-01
1.759358472037452215e+00
-5.069783381290438040e-01
-5.558087922630234878e-01
-8.470679189316287605e+00
-3.499707761554894603e+00
8.980821748111354808e+00
-3.572105252710644940e+00
-6.741615602827275566e+00
2.910718123932780177e+00
-1.458136623217699146e+01
-3.531806021042712906e+00
3.780407908924327209e+00
-1.440839195757701141e+00
1.102886610173515525e+00
-2.693568092805609826e+00
-1.080773059686215953e+00
3.549558404456104377e+00
-3.275153776544788009e+00
8.337977085347429984e-01
-3.163892109364178751e+00
-6.158606789520131741e+00
9.018757879111630515e+00
-9.046178459882977307e+00
2.815411529041394356e+00
-2.024089809633772941e+00
-5.349262680464102360e+00
-2.082650131566401885e+00
9.509586327463692701e-01
3.758040930366997934e+00
-6.640342792998475685e-02
-1.416940762118225061e+00
-1.210318290590591372e+00
2.969292085487233557e+00
6.071549553245218778e-02
-2.927609857849331920e+00
1.049124755062577741e+00
8.358787065741541955e-01
1.902880413415953820e+00
3.303702407480451519e+00
-4.534940210519748938e+00
1.659656380882484239e+00
2.182290898432102555e+00
-1.212043633040315926e+00
-3.281793030615397289e+00
3.987357416279249556e+00
5.447951642508432890e-01
1.832890967520341530e+00
2.049896133861911718e+00
-1.048426590522139934e+00
1.786414268883694811e+00
-3.995049164375577444e+00
-1.517543272038836877e+00
-2.551134508255006872e-01
-9.527542280717278267e-01
-6.290468712947504315e+00
-3.880155370917209190e+00
-3.945531617034333749e+00
-1.722922014850026162e+00
1.036440663758126490e+00
-2.904109657168699954e+00
-9.643267261978202276e-01
4.247382065954129260e+00
-1.957127802546065665e+00
-1.206398325966686613e-01
-3.988166562690281802e-01
5.643519914683140515e-01
-1.958352869501725380e+00
4.879980587690529781e+00
-1.204027779120359742e+00
2.109804760011653180e+00
1.634215231109027000e+00
-3.889256360677326718e-01
6.605480636848865217e+00
-1.004232276042321459e+00
6.865627029205755072e+00
9.921399636455541682e+00
1.864197089773209370e+01
1.093866774682966003e+01
7.098201073397000904e+00
2.533072622594527346e+01
1.580340110669029663e+01
8.541968689088212940e+00
1.385566096249855939e+01
1.338695538892417680e+01
4.778033667292301168e+00
-7.939148401694786195e+00
1.679681494570475220e+00
-3.953376350603867717e+00
-5.258684232159035687e+00
-1.950913612161903954e+00
1.079194217547772006e+00
2.644490350715233085e+00
2.144366949425873248e+00
1.172885130014829524e+00
2.645421875455181038e+00
-1.400926940303306667e+00
7.566183339423221410e-01
5.013342038038374859e+00
2.717502513254650420e+00
9.232365273118687821e-01
-1.122958559475686346e-01
7.673415537372044182e-02
-2.211563756407102233e-01
-9.158507870315066413e+00
5.839699529345272033e+00
-4.205833552689260402e-01
7.060756336053750637e-01
1.475163465137435459e+00
4.846153427365581301e+00
4.218918775020070178e-01
2.384352302841479254e+00
-1.076862583154914610e+01
3.099440132979835560e+00
4.302475561033941354e+00
8.333949420276913767e-01
-3.980144150502877842e+00
6.358922275553024583e+00
-8.891215871272789784e+00
3.146472064283603487e+00
-1.402337878696810369e+00
2.032279520488348812e+00
3.197086609536203383e+00
-8.363839107743941126e-01
2.166519685866542311e+00
3.584564191374943753e+00
1.511318643174349940e+00
-2.301458873724746113e+00
2.695523267782841348e+00
2.318188313228507269e+00
-6.529132130022809122e+00
-7.100083168788733357e-01
4.272663025620135002e+00
-1.464408508049479973e+00
1.882998675100092389e-01
3.764403618772785620e+00
-9.283432871217071281e+00
2.877891037430815313e+00
-2.739078913478413480e+00
1.766413498750830646e+00
1.665042686729619970e+00
-2.403638140091671094e+00
3.667981284709304068e-02
5.329463447089769268e+00
-3.584716996984254056e+00
5.001787358183653609e-01
4.300349339312303343e+00
5.216743136993568619e+00
5.602732487334203704e+00
-8.432164829812370144e+00
5.134613669256467006e+00
-3.183768818185016780e+00
-1.518855730525326519e+00
-2.080892541283018815e+00
3.728972968336824678e+00
1.595010376579369504e+00
2.096849464460007972e+00
-3.186115861518429515e+00
-4.472576139511579285e+00
5.349453909682524433e+00
-2.143704874650781411e-01
1.127582227254751324e+00
8.766087281527537023e-01
-5.092512003470661242e+00
-8.831487652279545131e+00
-3.187211418404922281e+00
1.955817798914148309e+00
-3.514864307443398950e+00
3.971455208012104610e+00
-3.140603919051248472e+00
1.609659524785212792e+00
-1.071594276671799628e+00
1.944034250789197227e+00
-7.428832581441600080e-01
1.648135420316153565e+00
-1.991519514000242630e+00
1.995003544905103121e+00
-8.774182839456284855e-01
-5.946916014826031827e+00
3.605611584583173101e+00
-9.221490278277444830e+00
-1.401519140165510047e+00
3.348874036201490156e+00
9.467343674158053446e+00
-1.184845383481564429e+00
3.000754633817172223e+00
2.043237007910257308e+00
-3.377524307454846220e+00
-2.772764124326821289e+00
1.378749816336421186e-01
1.408251512282990614e+00
2.828197902501079497e+00
5.905685834792692823e+00
-6.605830556544646903e+00
-6.274969086070658619e+00
6.518840449274841298e+00
1.399796754826379441e+00
5.275477897920185510e-01
1.826477067848540248e+00
-1.542687229551187311e+00
-5.173389782484391297e+00
-1.099096276329922128e+00
4.404386522056063513e-01
2.731111542498260825e+00
-2.072344681938642630e+00
5.665105020186225193e-01
2.724536340067839291e+00
1.267430922333993015e+00
-4.186144960801474468e+00
-2.793642874461069514e+00
-1.427282195298264389e+00
-1.673390607511307415e+00
-3.949899609095867681e-01
-3.578644449596714683e+00
-7.306330116525192597e-01
2.243332102739986400e+00
-1.719093584830980737e+00
-3.069218308055991495e-01
1.438821164745591741e+00
5.928526045192074045e-01
-6.015239050172369595e+00
1.306017655669836186e+00
1.860427725389384390e+00
-6.408402633284409067e-01
-9.293432577308849973e-01
2.844762053019623149e+00
5.852694180035404869e-01
2.069516689909610463e+00
5.274363155737280984e+00
2.451252384728864975e+00
5.374851975110760627e+00
2.054995262890294772e+00
-4.339956572610223162e+00
2.574058611777179539e+00
-1.119441238645290548e+00
2.042600179775059033e+00
-1.530249953561766851e+00
5.643487146360254947e+00
7.629660501988346333e+00
-7.841742613157718367e+00
4.429465145533781900e+00
-5.535421432761020721e-01
-3.119711462201841812e+00
-8.101715296625708884e-01
-1.034303878824676337e+00
-2.387891679791689814e+00
5.622184583250842138e-01
-3.534096469391291961e+00
1.929926896707899076e+00
2.718346493329995006e+00
-1.781474417273393174e+00
-5.263852055148730891e+00
2.211462857285265926e+00
3.203727694363628364e-01
5.329169993968519314e+00
7.225646380571586036e+00
3.053512007999036881e-01
2.079908469987139963e+00
-1.233525934275471636e+00
1.520876517819207630e+00
4.393597852736572662e+00
-1.098080044138648459e+00
-7.042914359737797447e-01
3.289514921887347842e+00
5.784710168044125744e+00
5.954976615576824672e-01
-7.759222414932845924e-01
1.931056050074835717e+00
-5.803068294314517317e+00
2.140289672783926012e-01
1.774670625550398784e+00
-6.707232301858735646e+00
1.866717862263428396e+00
1.448675564124156656e+00
-6.940736682089871934e+00
-8.107285791565023159e-01
1.569916118074947020e+00
-3.187008780836564803e+00
-4.251480157374643909e+00
-2.497831614395631838e+00
-3.092953111920888176e+00
-6.967614370797496903e+00
7.784439105123874825e+00
8.729246412071676176e+00
-5.229219790921645128e+00
6.499356062820688784e+00
-3.922169304251240440e+00
1.710797542081296641e+00
-2.005493806301807513e+00
4.491026228517149832e+00
-3.268880261604511617e+00
4.831224010084820719e+00
-5.668970779045701125e-01
7.277565397978907891e-01
-3.283459136419859981e+00
-1.217606325521508159e+00
2.932449806561590488e+00
-1.189632338814992751e+00
8.262457140890357987e-01
2.909356667134130436e+00
3.886228097735874965e+00
6.769661411451534327e+00
4.728072714748013716e+00
8.276538161541537875e-01
-2.187983789899351494e-01
6.688805613692597518e+00
7.485287467260975935e-01
9.170951652294047074e-01
5.055075100753415818e+00
8.526603113511095344e+00
3.095066170589686916e+00
2.778349652483251386e+00
1.768842865756287352e+00
-2.653884346953050422e+00
5.710344462503330831e+00
-3.029145619946822521e+00
3.454258796407673859e+00
-3.963640152514804171e+00
1.072200477538125263e+01
-2.419524617413318368e-02
1.275385379654159879e+00
-2.494163089271726808e+00
-9.325886857993340717e-01
4.418482047538425661e+00
-5.356131329331176083e+00
9.759268973381246895e-03
4.739490787659047299e+00
8.101369106990684799e+00
7.934910869577372905e-01
2.045572552650793963e+00
-2.494908441384863007e+00
-3.542001785920148027e-01
4.787637807245216592e+00
-2.883697529991716024e+00
4.335216655615866110e-01
-1.664279818283925572e+00
2.215749821808443709e+00
1.449991699484789365e+01
-9.260941124039414163e+00
1.700601243867161161e+00
-3.468514940208053954e+00
-4.833265614479065775e+00
-1.305474929790869210e+00
2.654560319569776894e+00
7.154571406966517833e-01
3.626394600460450590e+00
-9.668659113034371311e-01
2.131107972338829537e+00
-1.537003248391965560e+00
1.081916892910015138e+00
4.475863502057741528e+00
4.444089791998331873e-02
1.026202172721441874e+00
4.494979700232560660e+00
5.813404602274547806e+00
-2.609088355649216151e+00
1.002880822288797269e+00
1.388006353930648640e+00
-1.378471061424311861e+00
-5.794588013883701372e-01
1.717433428138443352e+00
1.746375248757318921e-01
-1.257070738087249506e-01
1.049381380693524868e+01
1.602995921953072056e+01
-7.026706272962141675e+00
6.743095252231028347e+00
-5.846017221222418181e-01
9.817640231887150293e-01
-1.195824737222186629e+00
3.782449464417822149e+00
-1.476758984240968298e+00
1.750502173253984495e+00
1.020239268748833616e+01
-8.181731803939307213e+00
4.660241882361654042e+00
-1.483025191595431558e+00
-1.354229870080333187e-01
4.084384713965147351e-01
5.340166289968427016e+00
1.847577435758794184e+00
4.572041748859717814e+00
-4.025528221584170119e+00
-4.043320993825393117e+00
1.850066907560159901e+00
-3.167324155623124415e+00
-1.208027693387392354e+00
3.248750756992199840e+00
-4.508823024624594389e+00
4.122995229227404579e+00
4.197820485242263366e+00
3.262827715037749599e+00
-4.806365684587906806e+00
6.018101296254470434e+00
-2.477867487452822370e+00
9.548171917524646002e-01
-7.267339867229322126e-01
-2.993751828796527903e+00
-1.466208762406863375e+00
5.471348004294798173e+00
-1.501701265748664138e+00
1.008340549564621380e+00
-2.754929879846093499e+00
-7.241496404579034207e-01
3.441907105680467982e+00
-3.181506652668704582e+00
7.254349329814505642e-01
5.800120989112113712e+00
7.331507953109372089e+00
-1.622733460282501872e+00
-2.054152926630219145e-01
-2.962023852547184699e+00
-4.708756762760672454e-01
1.936660504501310998e+00
-7.649198606278355683e-01
-1.277189064647183514e+00
3.753645942796664414e+00
1.239023858757736818e+01
2.780604839023046448e+00
-6.127561967396046860e+00
6.948786171468602113e+00
-2.033229845011704562e+00
3.792912145964529858e-01
-2.437448934256296162e+00
-4.992157959295400599e-03
-2.286846243721605720e+00
6.444575975876257523e+00
4.312592173043491961e+00
4.999458523015651856e+00
1.528771427050271692e+00
-8.719840493200828879e-01
7.857156931166256797e+00
-2.836851410308429244e+00
1.322205026669940997e+00
5.738013791472790004e+00
5.992037280041899727e+00
-9.808160565088159810e-01
7.505383960219164097e-01
-3.529270410963218474e+00
-5.485419636102023544e-01
6.339542480590352191e+00
-4.838722697242585191e+00
-1.268463340576963250e-01
5.964939266830710629e+00
6.518309193602235929e+00
1.198102063972293241e+00
1.853419412820735301e+00
-1.914892727755552082e+00
-2.650033123880356500e-01
3.498324877987844861e+00
-1.523228779481481165e+00
9.433260563689715994e-02
3.648367686203974447e+00
8.365867084610142612e+00
-1.256596038295314077e+00
-6.207122939709549536e-01
1.826260603200583477e+00
-2.100959675018918116e+00
-2.339204329562431184e+00
4.332494736975809779e+00
-5.953580633152570023e+00
4.850135270592118575e-01
-1.645116615971934093e-01
-4.447036684410059948e+00
-7.299243320951258163e+00
3.807131949903947543e+00
-2.724400946388893185e+00
7.983808191783505759e-01
-2.995084588328102093e+00
2.471264279565116073e+00
-1.696406301599094668e+00
-2.598887688098326709e+00
-1.863066766173637478e-01
-1.956056815318347519e+00
2.713488758490436581e+00
7.367126772821677716e-02
-3.739279006273330985e+00
2.283889234149302006e+00
-1.566018933417466785e+00
-6.605928401954483498e+00
3.117801036190112729e+00
-6.759177977705108198e+00
-1.030119633181384131e+01
1.754525163896945017e+00
-3.727182987212222631e+00
-4.709215538241481092e+00
-4.878744507662576169e+00
-3.361846423718856336e+00
-1.312820318668639530e+01
-9.608383909570843429e+00
2.942999872255296356e-01
-2.485006446571671468e+00
-1.414341173268732987e+01
-1.283461313550435534e+01
3.812345079561900274e+00
-1.142106480596712892e+01
7.478923506540308352e+00
1.975085119316955939e+01
1.294034395612833066e+01
-1.468603344320483783e+00
1.308831800268724699e+00
-3.830184964289849781e+00
-1.724214609919715091e+00
-1.676645297658268863e+00
1.399761124312126903e-01
-3.667166137100202228e+00
5.958183133860355696e+00
9.151876468930312924e+00
3.704169991264358419e+00
-6.259554566543526377e+00
5.988674446004839780e+00
-1.559964510193702747e+00
3.022976494240731338e+00
-4.343508009209124054e+00
1.028752826497326645e+01
-5.493334073542949225e-01
2.222351146432126612e+00
1.367764343034617136e+00
2.547773332182614148e+00
7.040288287154856661e+00
3.528733654099390105e+00
-3.199110525042156539e+00
6.926825402398057996e+00
-3.581049115878550904e+00
-1.519850581705906700e+00
-2.226695285243952271e-01
-2.371805368844452477e+00
-4.662962737642736499e+00
-9.422260415329015260e+00
-1.517511428551057939e+01
-9.855624827213110839e-01
-2.590837373228252360e+01
1.460949866215985260e+01
1.976161290978205543e+01
9.283577455796850231e+00
2.984946871687721437e-01
1.579875392611323814e+00
-3.027285942518501027e+00
-1.035678316164689639e+00
1.305540878323268483e+00
2.433361602794631651e+00
-2.439066952690339463e+00
-6.282977591529219197e+00
-5.085152159503921965e+00
1.110382596046331116e+01
-8.058529362879788494e+00
4.220340695472923898e+00
-7.298870014767954162e-01
-4.663267937350009440e+00
5.026942257919106982e-01
6.619784548594217277e+00
2.461441279127479564e+00
-2.972839628272474499e+00
-1.615381100976773787e-01
1.182714166622349794e-01
2.607777284557927899e+00
-2.459020320346069877e+00
-9.233438875979263827e+00
-8.934646559724791715e+00
1.714794920350123064e+01
1.015874582514205571e+01
1.104555068265663742e+01
-6.138460827126507979e+00
2.692650448714763112e+00
4.006373224900627861e+00
-5.235814652548266279e-01
-3.105571234385401613e+00
2.200092525159856205e+00
5.509279361076078185e-01
-1.883881212157215934e+00
2.823691828811632387e+00
9.134879648332394630e-01
-2.014469714518769994e+00
9.698177455702315930e-01
-1.709265020622317555e-01
-6.440034962803337315e+00
4.089869648052042450e+00
-6.530899956600292100e+00
-3.894366816883340632e-02
1.128360587941186072e-01
4.980289414910046286e-01
-6.717359310775235848e+00
5.833453453371014064e+00
-1.443043333630057656e+00
2.276275220611231553e+00
-5.064935156881588796e+00
6.411564912527309090e+00
-2.502706375881035061e+00
-1.813325983413300868e+00
-8.848701356099376580e-01
4.166369133495697596e+00
-1.735100249327715005e+00
1.824925639415533984e+00
3.441900028822494573e+00
-2.343199984445980988e+00
-3.755661594231083367e+00
-3.033026657990882669e+00
4.732102704230403689e-01
-4.451735442024071787e+00
-3.702331929613017492e-01
5.105070392092297960e-01
-2.444807247602009959e+00
-1.218409340898905846e+00
1.429368231831453562e+00
3.938445500166148694e+00
-1.942805769734472943e+00
4.226220269476788083e+00
4.079937517566134986e+00
-8.905819596441265418e+00
3.848319509750688372e+00
-1.768046875860697531e+00
1.037501969146097158e+00
-7.765575299764000405e-01
1.574694716771738001e+00
-9.837768726399607200e-01
-3.028925926105241029e+00
-1.996695405107291821e+00
2.998080275968599828e-01
1.664645327104497197e+00
-2.629925017959113820e+00
4.321589579238934720e-01
3.361201994078696575e+00
-6.627193697334790023e+00
2.210806152626379806e+00
1.619372760166499781e-01
1.695105493893808557e+01
-1.211130688626975527e+01
2.660278395445834665e+00
-2.198799881537601308e+00
-1.228038498955534019e-01
-1.591728659176722127e+00
4.728509160355552354e-01
-5.435849565437870234e-01
-1.018296878184322463e+00
-5.724206211877343797e+00
-2.069667170042267745e+00
-1.134467112443860692e+01
-1.570002153674272316e+00
-1.035460949057958185e-01
-9.512842310077703090e+00
-8.386615583031510113e+00
1.155471116335144544e+01
1.623613733721746399e+01
-1.440336213462695358e+00
2.760647241212446645e-01
-2.878621058694958101e+00
-1.489632685466740325e+00
5.608232955592785451e+00
-2.516551617457803314e+00
4.519081697344511928e-01
5.528443030652457901e-01
-2.110404443290217813e+00
7.081964955234412606e+00
1.295054725332155421e+01
6.971455362522779531e+00
1.611423282812724977e+01
1.809672859446228088e+01
4.576804305671356765e+00
2.104821336396097919e+00
1.865810294901733712e+01
1.137642189642999391e+01
2.565754482420486982e-01
8.198955200887173556e-01
-3.014426926848849941e+00
-1.383621080414724647e+00
3.597153800995232853e+00
-4.377762775131498252e+00
-1.535503954472503541e+00
1.531280150547572605e-01
-9.549569831474419290e-01
-5.724465396077927926e-01
-4.545884736661418124e+00
-1.345321449560616500e+01
-1.199151673055973610e+01
-5.192700054639726837e+00
-7.113387814550597099e+00
1.034463544037771143e+01
6.834180068870113089e+00
3.759849792896496012e+00
-4.390422781965647836e+00
2.088533138496551533e+00
-1.607443477171896618e+00
-6.808565128004095079e+00
4.448247314846353717e+00
-3.899725587989466558e+00
-5.704953161072999768e-01
-6.166379891672367108e+00
-5.364742585246074391e+00
-1.313799273894378672e+00
3.833333113677517834e-01
-2.550929151047744536e+00
-2.071410751649346960e+00
2.221760808566946910e+00
-9.235738151385438632e-01
7.036471944961073532e-01
-6.802708245535979970e+00
-5.773013259102959260e+00
-9.499135378479621750e+00
5.482924140282896985e+00
2.645017147141587532e+00
-1.716144980348558002e+00
9.331013313196240944e+00
1.032161043519970844e+00
1.594396349997891038e+00
-6.226861933234410174e+00
-3.972714009549453529e+00
-5.457724157686501876e+00
1.505466373827108795e+00
4.747903238219506328e+00
3.431342099297951531e+00
6.624945484097806592e+00
5.303759287644513876e+00
-6.808947257221191762e+00
-9.001460183583780861e+00
-3.262236669347104545e+00
3.621009845802478200e+00
1.541289992167582446e+00
-4.528508052415548546e-01
-4.503401750589616448e+00
2.362913767541462651e+00
1.142313268136818882e+00
8.719411021749501334e-01
2.475279141082874723e+00
2.516583454242983464e+00
2.885843894943865173e+00
3.694119647309061616e+00
3.534343596188289638e-01
1.691152771780674025e+00
3.410276763291920865e+00
2.991511633687644611e+00
-1.584877034120384942e-01
5.993346728957674507e+00
2.805141760889817704e+00
1.844582876817764561e+00
6.021642426423453820e+00
-4.461960393912978162e+00
-1.107435769535432080e+01
1.240126899497174939e+01
-3.908141275244704893e+00
-3.819172746348214353e+00
1.093236877850763555e+01
1.005421147087328571e+01
-2.021302887381043689e+00
-1.734491475420317785e-01
-2.938884515664947461e+00
-1.389743274331926681e+00
9.051995814900182236e-01
-1.305416140035209782e+00
-2.489254052409290985e+00
3.868825130323312766e+00
3.923642552443265541e-01
3.600766808885699888e+00
-6.614728818667656163e-02
4.577447996603315694e+00
2.513929010601202219e+00
-2.631870646425826354e+00
4.819926748330494171e+00
2.665935998054420608e+00
-2.892495169336553040e-01
3.161391132736640630e-01
-1.730692059130166527e+01
4.967947619717332786e-01
2.554723737450883547e+00
-2.032668891431076652e+00
-4.498088927345937904e+00
1.237548301391681704e+00
2.759938425256134309e+00
3.164619063328180548e+00
2.061046655635053071e+00
-1.070014453285767253e+01
1.749936949258099839e+00
4.927760255694118463e+00
1.932711768025395127e+00
-4.135442616325718745e+00
4.829046395240731648e+00
-1.937553656131913715e-01
-2.252966564096102076e+00
-4.368297872212223432e-01
-2.432743314346510921e+00
1.713049078526703572e-01
-6.033078452803834146e+00
-4.612752808725896436e+00
-1.119395135200301539e+00
-3.239120199867019601e+00
-5.630367548120299853e-02
-7.150521310860527890e+00
-6.148658112322905822e+00
-7.096469168003194383e-02
2.004898203492570641e+00
-1.257932721022346323e+00
-1.406867128228493913e+00
3.179778855066142107e+00
-1.592742347034090233e+00
3.444903389627110846e-01
-1.253681117918652665e+00
-1.633705254573790011e+00
-2.115596454698908335e+00
2.178672145583445685e-01
-3.186778182469736098e+00
-1.415028012612541186e+00
3.126572581971201359e+00
-3.607437435303493256e+00
-8.825546132116577347e-01
-4.427556196164815216e-01
-1.669921940933943860e+00
-1.242232254474263442e+01
-1.330216271716236420e+01
-1.524440650778249529e+00
-8.815959764668368948e+00
-9.767229169944707579e+00
-8.364712972433052229e+00
-1.551426106270624938e+00
-1.963643332701600741e+00
4.392569474711491284e-02
3.751009918901340168e+00
-3.859040385977360987e+00
5.695802183620455317e+00
-3.828302045729742531e+00
2.010714473871681562e+00
-4.277451041320737168e+00
1.807721210037879667e+00
-3.043347216307703107e+00
-1.756146174490012646e+00
-1.166174771164571355e+00
1.480624539309419063e+00
-1.337771654371778585e+00
6.271286181803480408e-01
4.439472543392814607e+00
-8.855760454135487569e-02
1.666552211789287696e+00
-1.584839666337024555e+00
-1.868705983870898146e+00
4.532978498448596127e+00
4.340933839298183550e+00
-7.301884564741786043e+00
-6.371103608272822072e+00
1.231660314154932401e+01
-6.174172987440869065e+00
-4.801966699067294897e+00
1.081782021734166932e+01
7.689998682444509015e+00
-2.140800436731104206e+00
-2.106790392537062573e+00
1.068337653519747299e+00
-7.011858824196433027e-01
-6.635021599927679148e+00
3.646711213717646949e+00
-2.573859757903532053e+00
1.976007986018257556e+00
-6.136300445967237671e-01
-1.216312157200859501e+00
8.699557675471755180e-01
-4.989730211258911474e+00
-6.894313269936689359e+00
-1.485552247287137639e+00
-3.532684606577961794e+00
-5.729384685298273716e+00
3.238613411850123081e-01
-1.263502548276503212e+00
2.932999251610867830e+00
3.063439922793617320e+00
-9.985036548234522691e-01
-4.785970171075525137e+00
5.823719628259446779e+00
-4.036094898236052053e+00
1.893037343272562678e+00
-6.731544754774967942e-02
5.008680617746790187e-01
6.220462173534246020e+00
-2.136723936764000076e+00
8.875316313706100857e+00
6.125967170164627440e+00
7.190409083006397140e+00
1.044606341543453176e+01
-3.126829040883903232e+00
-3.156906158816955799e+00
3.785473081789347827e-01
7.725204309847366613e-02
-8.488728473822179765e+00
7.967338666015161941e+00
2.781408861966394586e+00
2.752014031928577076e+00
4.690005276883345009e-01
-1.048836612462433482e-01
-2.057085681046068260e+00
-8.161224600786994854e-01
9.893985888953350738e+00
-1.211086472691950888e+01
2.810105433537336328e+00
-1.640903256525747533e+00
-2.191921600366853948e-02
-2.882979204172891663e+00
4.503960566920702235e-01
-6.889402485806105370e-01
-1.033243386389720797e+00
1.306198834011129961e-01
2.152821456130461719e+00
-5.347647952496455970e-01
1.343725018495115053e+00
2.503157839994316181e+00
2.162749848985308532e+00
-8.392121484045492741e-01
5.224051119036533741e+00
-6.465961047909506154e-02
-5.148292448356147410e+00
5.025882358983529308e+00
2.466685556839389282e+00
-1.319832625349301791e+00
7.956872986464668784e+00
2.778406143362023961e+00
7.082253415640049177e+00
-1.173674632497479831e+00
-3.316459949597315937e+00
3.372569871969465893e+00
2.272775397056780999e-02
5.178779942311410700e+00
2.528683961854732765e+00
-2.061094377395686017e+00
6.086216886106057267e+00
-7.134669428042780481e+00
4.230614398216225425e+00
-2.437927235973264661e+00
-9.448047613917079923e-01
3.072384292565541131e+00
1.776439590075098218e+00
-3.597164050285224679e+00
2.732919432835147600e+00
-1.258620548457867194e+00
4.641924431020185260e+00
-5.825530523637411306e+00
-2.073042298318995780e+00
9.523773728445521503e-01
1.069935030828336409e+00
5.492314721915771969e+00
1.207618247914603149e+00
-5.357535950406608904e+00
3.334468628371427101e+00
-1.419401985662699150e+00
-4.800581606014497460e+00
-2.880089831502635533e+00
-2.517581352683463614e+00
4.035565789685349181e+00
-7.326986842471494565e-01
1.572864575988937919e+00
-9.187389954253042390e-01
-1.283578936274759830e+00
-6.837770626442975619e+00
9.588336659143898988e-01
-2.457282944386288415e-01
3.409824642156256580e+00
1.194005814066835924e+00
-1.728591087626693279e-01
-5.556628978650858919e+00
2.381275461720618214e+00
-1.541538734274022548e+00
-4.295673377395868187e+00
2.690204690823387867e-01
-9.996538384077794381e-01
-2.670869852815936252e+00
-7.987967480075124083e-02
8.899158151472847944e-01
-3.171657805056220081e+00
-1.646703760984661757e+00
-6.216767246255978652e-01
3.572557666961060807e+00
-4.106804045689418814e+00
-1.596859657660308018e+00
-2.430237134398090859e+00
2.824335416617976824e-01
1.038594483602829222e+01
9.795015280609314923e-01
-2.119104265307981461e+00
4.475899162467658954e+00
5.079292716351478942e-01
-3.035510627900846359e+00
2.346763690875353969e+00
-9.014690629443711245e+00
-9.065953164601390668e+00
2.289545342034289277e+00
-2.987542371978244571e+00
-6.767194988727125882e+00
-1.252466538114805683e+00
9.871472932816242052e-01
8.577711353325242483e-01
-4.690778983128002899e+00
1.754300854856191361e+00
-4.633792526809263457e+00
7.018204284372693280e+00
-8.790528826507536531e-01
4.277396488071643077e+00
6.401192841992374705e-01
6.844305817633369315e-01
2.361257257015445088e+00
-4.950927511448231511e-01
3.320473605640766213e+00
8.419548155871735551e-01
-7.849233511632431881e-01
-5.561791648107486274e+00
4.313623633450970551e+00
-1.396101390266707876e+00
-4.947754116581008610e+00
1.285999427237629333e-01
-4.498845981944761818e-01
-1.902085673152090206e-01
1.825136909629111681e+00
-2.173025034629562313e+00
-2.797693058040081615e-01
6.147552356874602886e+00
-2.370180466933257790e+00
4.886808680078749689e-02
-1.367630230851635487e+00
-2.080068834786772403e+00
1.774300854673526606e+00
3.582952767845556608e+00
3.071570028858999102e+00
-2.162281844211658033e+00
3.921662631724642356e+00
1.057862821050242319e+00
7.970358428869871226e+00
-2.589640695057102260e+00
-1.755640239027056015e+00
5.264298036813316983e+00
-6.315352006232492599e+00
3.619974579110469382e+00
-4.895345817352546369e+00
2.361990405634874168e+00
-2.487186202682819314e+00
2.039257687554677734e+00
-2.665087348884358498e-01
6.094513803057239887e-01
6.404887865987365814e+00
-5.201936853195356036e+00
4.822148645420541335e+00
-1.814673661040443031e+00
2.984511541136446233e+00
-3.280383629984370941e+00
5.660717894887717705e+00
-1.446421023719292043e+00
-9.549955966879983826e-01
1.468566670809353703e+01
-1.441345266758073285e+00
9.998440339779511632e+00
8.622428665377217527e+00
6.900296243244944172e+00
1.303881643785493338e+01
1.935422737408063032e+00
-3.362081727892788141e+00
-2.827338411605750501e+00
4.803263789614085622e-01
3.298178689796072316e+00
1.257936318146586530e+01
4.003501763760333176e+00
5.698753252968907779e-01
7.420885006416304996e+00
1.634928556276682654e+00
-3.476788409136088109e+00
1.673710310010807945e+00
1.088216743966033384e+01
-1.386710468007805952e+00
1.050144342974640921e+01
9.032389438862406195e+00
6.144671338738482369e+00
6.456521081423553632e+00
1.573173774168920902e+00
2.679567883281908092e-01
1.516916243566571953e+00
4.995163725088111129e+00
-1.358700972705291221e+00
2.930422862675091444e+00
-4.413604336777364523e+00
2.432415658292638394e+00
6.700479280022313411e-01
-6.547866663943294085e+00
-1.099960646234678263e+00
-4.586960951951468246e+00
-9.197946302555108034e+00
-8.358385534375617709e+00
5.697737296859847866e+00
-2.929481852101038619e+00
1.070073467005782319e+00
-5.027811570167907362e+00
1.663335061506855395e+00
1.402085104355958789e+00
-3.286458713470008508e-01
-6.470542462924777638e+00
-2.215656672074870048e+00
-7.646004495705780002e+00
-1.427639435843381044e+00
-5.701593965876792680e+00
-4.007110193030282375e+00
2.681753469846923199e+00
-3.164835548069282023e+00
-2.176220547525142379e+00
-6.792810499182853068e-01
1.840920165022006172e+00
-1.257841835704638589e+00
2.054194286134574665e-01
3.396458989133638084e+00
8.319553128836127964e-01
6.685486526715329614e-01
-3.272094620617577387e+00
-4.685771710290514314e+00
6.609878213388697077e+00
-2.503159904901281596e+00
7.210505307193015412e+00
7.231608604134869278e-01
5.055418029060831486e+00
2.322199709466025386e+00
9.254001805720599716e-01
3.253387017335003684e+00
-2.622145498350619275e-01
7.981806764754978190e+00
1.514046003442734012e+01
1.270089349092533659e+01
9.941806281645288124e+00
2.505168900347358019e+01
1.074289407626953796e+01
-1.478900278491123599e+00
-8.813537537331258775e+00
-7.321316813955871083e+00
1.126055305741201273e+00
2.698033685256163050e+00
-9.972512283093702967e-01
-7.997661164357804386e-01
4.026981764848454937e+00
-1.834371473425318921e+00
1.469003747646938640e-01
1.934027428969627538e+00
-7.001841049529525796e-01
1.724074110537984206e+00
5.585307081707079346e-01
1.994559621794183890e+00
-2.318986335571240787e+00
6.030603157438855222e-01
3.787779730856549509e+00
-4.680456967418341385e+00
2.710567225586693940e+00
-1.997011727130859393e+00
6.202920559760325858e+00
5.452277627151472572e+00
2.592170251683101334e+00
-4.025733229109732747e+00
5.160494466595423546e+00
-1.778405932733346795e+00
3.970937626546984678e+00
6.132750146849495820e+00
8.947652579373481796e-01
-4.348787655165875066e+00
-2.623382999349981870e-01
-8.513980940676889375e+00
-2.125691854423039651e-01
-1.837833329414258199e-01
-5.093725788869949866e+00
4.843081133895288382e-01
-1.306439360208633271e+00
-3.463505168133879764e+00
2.219575569757565425e+00
3.081357859714926484e+00
-2.358250225570801994e+00
-6.794816854298058040e-01
2.424438766785621091e+00
1.334850089437193299e+00
4.343228116146657491e+00
3.181966330504615997e-02
-1.639100603050715144e+00
-6.623965981883825016e+00
-4.160493590346415971e+00
-3.678081471374490263e+00
-7.016165897042673016e+00
-1.001894624661364697e+00
-3.409355318683472635e+00
-1.413609317125075648e+01
-5.850944917854715044e+00
-7.757474693235059782e+00
2.530060102851942272e+00
-1.979219291023079919e+00
-2.118745713766990502e+00
-9.538072358606745738e+00
-8.257378522532855314e+00
-6.757697420596586291e+00
-4.564489719728813455e+00
-1.692341529654193710e+00
-1.268670416870044004e+00
6.532170986682871217e+00
-7.724824527529142060e+00
3.274856468681939248e-01
-4.503345516688111339e+00
-1.629507600271308476e+00
2.726558591858410985e+00
-6.439422201323306894e+00
-1.922215459001719307e+00
-2.028437657828650487e+00
6.423530539868052003e+00
1.557795396967606116e+01
9.707393509388010600e+00
1.298440575663767227e+01
1.746384269489898600e+01
7.880293722452339722e+00
7.490685457849877160e-01
-9.370229346921080449e+00
-5.429582372697924875e+00
3.656459997677208751e+00
-1.226559475026475354e+01
4.361831014630880299e-01
-6.125280165830225165e+00
-3.396721824882527940e+00
-2.804314449569328627e+00
-2.573882068749647090e+00
4.631443987648869998e-01
-1.472899627267145073e+00
-9.156160408695439568e-01
2.123297025810109984e-01
-3.576098735886298563e+00
-1.208775868205811843e+00
6.117523348719780429e+00
-2.480198960656290641e+00
-4.975282416833551880e-01
-6.893905535547295571e-01
-3.875761775864455139e+00
-2.129917249192742279e+00
-1.072219274534633504e+00
-8.455881249039689962e+00
-7.208560215682383365e+00
-3.960460019135834564e+00
-4.100553392524182605e+00
2.090858188693857311e+00
-4.963238565865471408e+00
-3.443568064564321851e+00
3.325948504124622840e+00
3.308621223017390811e+00
3.815900107888146930e+00
-4.877975868238158125e-02
-8.631378252406948226e-01
4.799523165577314288e+00
-5.540084448381568549e+00
-1.234405053298085253e+00
-2.484201517417772287e+00
9.579921540511494582e-01
1.235318564217336545e+00
-2.720219828705253917e+00
3.545351296755579362e+00
-3.049201701446329071e+00
1.195068811312257756e-01
1.458621559587814698e+00
-4.567682353794576322e+00
-3.036519135560647786e+00
-5.998314646360914715e+00
-6.844192904428961555e+00
7.673935222336461415e+00
-1.352146116878085280e+00
2.326712914600210347e+00
-3.629269154789560581e+00
3.300340807428583378e+00
1.219182147664973570e+00
6.830558756821272226e-01
-2.829272701298991777e+00
3.407152723539032646e+00
3.108612259338143780e+00
-3.172106171964996779e+00
1.718421839811911545e+00
-6.705365392074758013e-01
4.530268637261844589e+00
4.614821586655255992e+00
2.324993251026361563e+00
4.700449516842088116e+00
-1.159479883058116556e+00
1.737281535449789693e+00
-2.870027671895517773e+00
-1.418737105113499153e+00
1.947206943742179286e+00
5.144371883157196068e-01
4.051928430551703819e+00
4.174501573764406448e-01
3.014047692827922731e+00
-7.272932382821780450e+00
8.182729862794255737e+00
2.628096672087408603e+00
3.415819732429497435e+00
-1.868744048632778654e+00
4.970413101523831756e+00
-2.668175445923722244e-01
8.960566903122678672e-01
-5.831579533556037198e-01
-6.834370533149803251e+00
4.749390663219029030e+00
-1.010514903845643353e+00
2.944668559430233312e+00
6.035089346544755262e-01
-1.619088341092981498e+00
1.867401303775682170e-02
-2.771394524423319350e+00
1.685230032961017255e+00
-3.741606418423389702e+00
1.023799319777085604e+00
-4.072338094901254979e-01
-6.074998968892415085e+00
5.750054829532363243e+00
-7.758982567369604233e+00
-3.441612408741610007e+00
-2.521853357971431731e+00
1.751057260704735219e+00
-7.436740481101241862e+00
6.718288288256316854e+00
1.808057611051731017e+00
-1.068087239963275287e-01
-1.620636070087606129e+00
-2.788081331391010664e+00
1.664685509286769893e-01
1.622089853265137771e+00
6.218699245664673469e+00
-1.142027011683037330e+01
2.627728240448063080e+00
-4.294962000255034162e+00
-1.733921270896115807e+00
-3.308436139542574317e+00
5.737303106094578942e-01
2.764076710566985895e+00
-1.870497241136460098e-01
1.292458929050838812e+00
3.026139066451331683e+00
8.647654679689495416e-02
-2.173762632347984169e+00
4.554746153702147637e+00
-3.071933563494948505e+00
2.358247234305503426e+00
-1.562418629804808168e+00
-6.897805925114113279e-01
6.543286583936653855e-01
1.539170039910308985e+00
-3.928782417913070812e+00
-2.853768035702778594e+00
-7.230174987775058737e-01
2.476360701400214914e+00
4.554415656100355925e+00
-2.300935861467309440e+00
-1.829623013658854269e+00
-5.712954205360853521e+00
5.052287526071775892e-01
-9.929491218038794642e+00
-1.110873032494922308e+00
3.241385536409196466e-01
-1.633501590320484587e+00
-1.816072298086161219e+00
-3.326121942057314929e+00
-3.917536221814626352e+00
6.017924209989638840e+00
3.371508831643028614e+00
-1.130435197677552572e-01
-4.955830766837272527e+00
4.395834557983967272e+00
-4.321480046991179158e+00
-1.188331664652648306e-02
3.236784981421056084e+00
2.197385796060906671e+00
-5.280108089732340027e+00
-1.662006839720349793e+00
-4.455244633072531713e+00
1.068747527594067659e+00
-6.840709681901196326e+00
3.051588208242225431e+00
8.978019229304556870e-01
-4.853634940945920739e+00
-2.837322200600136846e+00
-2.171743118361599389e+00
-7.578870907365913290e+00
7.286578762910970397e+00
1.629848853916850304e+00
-9.287552541705602627e-01
-2.934174378273023631e+00
-1.746485667380121898e+00
3.431735322699004942e-01
2.155827110786886713e+00
-6.339004606005648412e+00
-8.841569332740326637e-01
-4.665672683365576390e+00
-1.064308053850639446e+01
-7.407220702434332837e-01
-3.979865689721152844e+00
1.723456623107561869e+00
1.996746792212755750e+00
-6.543859140730924340e-01
9.262839686293781183e-01
1.333906113959339557e+00
-1.503385626441486433e+00
-3.159746419096483572e-01
1.371346426229929971e+00
-1.115706257834775172e+00
-2.861347599411095732e+00
2.954081475510678789e+00
-1.383551943589219180e+00
5.782710491939320185e+00
-9.094647875952340144e+00
3.533578043062183927e+00
-1.794158264740949527e+00
1.483118912564771685e+00
-8.508487643415677537e-01
-2.467513107896809998e+00
-1.086174778239994865e+00
-1.081666610863754041e+00
1.850412446986820836e+00
8.559056148676218445e-01
3.361847420565939437e+00
4.538832801159603525e-01
-5.491389190684426325e+00
4.818427204680501674e+00
-1.234167512917947240e+00
1.942887402581417733e-01
-5.081707627765051916e-01
-1.898508599576653744e+00
5.052504286221594088e-01
-2.799666543919255179e+00
-1.735182439091096152e+00
1.900556312611484389e+00
3.176343954987532192e-01
4.169129198223960664e+00
-4.071037113747712155e+00
-2.820856344045070685e+00
-3.738176193137859649e+00
2.940653322667994729e+00
-4.529623660011378838e+00
-2.907445218645884122e+00
1.858970295919946669e-01
-2.716308996260064834e+00
1.601392010101104990e+00
-6.308148615462054742e+00
-2.915261316231130717e+00
-7.026561523745644688e-01
-5.164141332555595376e+00
7.628388546330585385e+00
3.432580073002596821e-01
-2.494156114494084697e+00
3.882468451130832943e+00
1.418243116013919058e+00
-1.835768611550814722e+00
5.153358545600084106e-01
3.869354012710094270e+00
-6.134022989483310262e+00
4.813780875973785456e+00
7.609865980453789369e-02
-3.995519231442489883e+00
5.159550585751408569e+00
4.527727597236241408e+00
7.563692492151186109e+00
-6.337708065589260364e-01
8.679602229980950767e+00
2.189621268177518232e+01
2.077534813880444631e+01
2.675443816570480493e+01
2.043208111731630794e+01
5.543122020177900566e+00
-3.645758696224012052e+00
-5.168282501580262256e+00
-2.467754112164717295e+00
1.088995714517819202e+01
-9.481405457304388662e+00
2.521849041740671815e+00
-2.811732181042967849e+00
-4.235439025161231719e+00
-1.940999958286352189e+00
-1.563026374370615423e+00
4.678809161024166663e-02
-5.952172393181439508e-02
7.369990338938550600e+00
-6.062719203633070153e-01
4.383835571285262134e+00
2.492373250335241597e+00
-4.305394918002554583e+00
7.582150244476191681e+00
8.370332474197121897e-01
4.117074656052419179e+00
1.700154090658684725e+00
1.537986983050856127e+00
-9.362297391147412995e+00
-1.001089252241946337e+00
-7.761760159693974259e+00
-9.563706473832711552e+00
-1.491936906159972409e+01
-1.957149861903541233e+00
-1.246658057083415844e-01
-9.445809057821356047e-01
-3.737412994704904179e+00
2.424304316922620828e+00
-2.261545557312249599e+00
-7.302062843734764552e-01
-2.383367879313980531e+00
-2.793541136653780121e+00
-2.304189903921250782e+00
2.607037163083119502e+00
1.772058803681095362e+00
1.006289009988616812e+00
-2.108924996912685312e+00
-1.547822997769560338e+01
-1.574844786525379803e+01
3.842853286711091609e+00
-7.220036847812269620e+00
3.200474244146852776e+00
1.128550560086246657e+00
-3.037335982775116960e+00
-7.506010970179752828e-01
9.632255556049843515e-01
-2.134985652974543680e+00
-1.330537813395292090e+00
1.425309032881127980e+00
-2.124761685559193758e+00
-2.640262493132575106e+00
2.349551668615792899e+00
-1.189533780256335049e+00
-5.452001128803195762e+00
2.532898924862014400e+00
1.372445141794587098e+00
-7.031672043051182541e-01
1.215749703710906360e+01
2.709579204583000056e+00
-6.245536969610919087e+00
-2.579455193274622360e+00
-2.584945249365957931e+00
-3.865370188081942437e+00
-1.800687010384470321e+00
-8.520669678478038911e-01
-4.787088889324647489e+00
-4.980774761110516868e-01
1.315254953470895272e+00
-3.145319203669759478e+00
3.837150662048156580e+00
2.145904041601653489e+00
-8.906662510695177559e+00
-9.171557389643457681e-01
2.842040056614114185e+00
-4.205085270301219813e-01
-7.384133837504785802e+00
3.395824849848324334e+00
-1.993633154252616224e+00
8.990429708162166189e-02
1.104110384521561405e+00
9.671348511801081571e+00
-4.034485831444321491e+00
7.744557485001606345e+00
6.781417776087061533e+00
5.221099291609736071e+00
1.037177986683790820e+01
-5.992124658911285984e+00
-4.915012856156704579e+00
-1.654004224811194579e+00
-5.886898702990529531e-01
2.723004541483959429e+00
-3.422962949919382547e-01
-6.076273408500079576e+00
2.574745309511153657e+00
-1.964990866756635812e+00
3.630670583443476929e+00
-2.203046737789635667e+00
-2.519658027877486051e-01
-3.989811799105524415e+00
1.566899168495276218e+00
-6.545248031999236993e+00
-1.361690643212540763e+01
2.439674692429017355e+00
-3.637414333532369870e+00
1.724121761869710501e-01
-5.614046836181183053e+00
-3.492800646054839309e+00
-1.374606888299064078e+00
5.414173185485696926e+00
5.178736126753603841e+00
1.477039763753910773e+00
8.355089974914143625e+00
5.228822184908801241e+00
2.799285101597588366e+00
-4.673057150305917951e+00
-1.881810803511813512e+00
-1.325188186774420407e+00
1.679805628490014691e+00
-2.005003895567356587e+00
-4.673007493514063637e-01
5.355672773448064916e+00
-1.669756758807847019e+00
-4.738833814298281100e-01
-6.527460696840392540e-01
-5.312174550306280052e-01
-2.784500268798198785e+00
1.049849591136708282e+00
-6.626539972533726619e+00
-5.257066437961017691e+00
-2.733432915810356079e+00
-6.632421675241693571e+00
-4.954739833264039994e+00
-2.517967109450901741e+00
-1.556236908602240954e+00
2.494180283253140562e+00
2.618874604116971039e+00
1.084471801169994087e+00
-4.335344906450002256e+00
5.008579083277468591e+00
-2.601298378561179181e+00
-5.819258071102555441e+00
2.613259644557718975e+00
3.696452953470147129e+00
-1.474391814710428683e+00
-2.232326741095574718e+00
1.460265225995888372e+00
1.224088935328976557e+00
-5.397633181418351356e+00
4.728938548697534827e+00
-3.655700833834775398e+00
6.106857648554456786e-01
-4.567895357022497826e-01
4.845608848782831934e+00
1.019443195040367733e+01
2.715795460361746461e+00
9.747802877395034926e+00
1.178273495361458600e+01
2.118345328702402774e+00
3.739046290567469732e+00
-1.423733367304178099e+00
-3.419645486225807218e+00
4.175328776936100827e-01
9.774248589092571216e-01
-4.418573843206886842e+00
-3.457788053600654887e+00
-1.823733620546307721e+00
3.693106248026679861e+00
8.881885487466064433e+00
-1.914653913309253053e+00
1.668413954176131586e+00
-1.436538628684185248e+01
-2.948127879722429068e+00
3.593864966057163546e+00
-4.260635997447867140e+00
-7.914643756352041315e+00
-1.056838871689485337e+01
2.179684983697495859e+00
3.288131488081763365e+00
2.500531638389830724e-01
-3.637323466568105346e+00
3.182102285925028973e+00
1.066031777498086308e+00
-4.158857621451955922e+00
2.027506885044179530e+00
9.171646136559054030e-01
5.290170618354056664e+00
-5.587776699322767326e-01
7.383751465533996416e-01
-2.040664824855639714e-01
-2.688364915521249454e+00
3.549278913598565399e+00
-4.092185339877888239e+00
2.672722680397779271e+00
-1.080386089488006185e+00
-2.046694362602743844e+00
-3.595665389781472210e-01
-9.721363748845331942e-01
3.952577185134899640e+00
-9.592429855848475739e+00
3.417121282051665876e+00
-2.981318666568808506e+00
-2.278966996191140182e-01
-5.161159113785554808e+00
4.008483697949166924e+00
-1.210162923388737211e+00
2.895510770829844205e+00
9.557101555007312399e+00
-6.455492325524293307e+00
9.319587696170255953e+00
2.820932802548280272e+00
3.960761951614197418e+00
-9.019847024928774326e-01
5.812615644854734143e+00
2.795311131769836255e+00
5.049172078468849634e+00
-3.101050438714061830e+00
6.878420856759976942e-01
-2.854645414111350643e+00
-1.527303637992364349e+00
4.263061505530518325e+00
-3.017956418000812047e+00
-1.424393755858279542e+00
-3.856389946085931331e-01
1.556427775364179977e+00
-4.610775010130286233e+00
-4.212492875972450035e-01
2.266867649091067971e+00
-2.726994954728285236e+00
-1.630627823683566069e+00
2.568765711847503130e+00
-5.888210645502000240e+00
2.072594703892163714e+00
9.066098033485755492e-01
5.739277541775514857e-01
2.201071962366082158e+00
-2.073993129196332941e+00
-2.367526892423704510e+00
6.803150490635676562e+00
-2.955636857059915634e+00
6.490889834654690604e-01
-1.276576767827039272e-01
3.898892315047867707e-01
-1.388880091399260719e+00
3.360078838931062073e+00
-6.496211883857530012e+00
1.113610254161361945e+00
2.623351687611231053e+00
1.678149023711188015e+00
7.937464801871481068e-01
-3.223113904321994294e+00
-2.297839461454412646e+00
-1.082746937821932098e+00
7.018849291001566293e+00
-3.712331236167233595e+00
-1.045837510131974391e+01
1.394631415958984455e+01
-5.526563308674559138e+00
3.568530510582045956e+00
9.290119295648886499e-01
-1.767253019293498761e+00
9.407580616330445400e-01
-3.312385148627434717e+00
6.487936121379372700e+00
-1.902044130176913539e+00
4.130584999793166290e+00
-1.446870814709449116e+00
2.033002393247221651e+00
6.040162203981235267e-01
1.128848849516234543e+00
3.344540099515012632e-01
1.678271793734742223e+00
-1.975821769126371752e+00
-1.124448720919372757e+00
4.142379411255282307e+00
-1.567347453804923907e+00
3.299187029284115447e+00
-3.104215897532400792e+00
6.877290673218672268e-01
-9.449867254382484649e-01
7.931870488909729122e-01
1.109116584872076983e+00
-3.247135343387695716e+00
-3.518947217159665297e-01
-1.054998379342856341e+00
3.190959027464540299e+00
-2.300023544871954151e+00
7.271074461203100858e-01
-1.389434508071555108e+00
2.528766541979647897e+00
-1.409328522019472230e+00
-8.414915698015976719e-01
3.450574478886926588e+00
-4.060506703101721016e+00
-4.868840685976440597e+00
4.287272463365698449e+00
1.063011787452461387e+00
-2.564538669192939047e+00
1.366917083601332017e+00
2.760996189931764100e+00
-1.480968191283766444e+00
2.990700481531429616e-02
7.538965135071096224e-02
4.361954114070963229e+00
-3.685219039391536833e-01
2.058655805189148147e+00
8.374936995081242230e+00
2.964892244561694312e+00
5.853121452923933710e+00
3.042527302982940718e+00
-2.808618369516554303e+00
8.185036530169981006e+00
4.862069309305066867e+00
5.714405477305464665e+00
6.350101098822396040e+00
4.089629444604743647e+00
-7.570336602123259873e+00
5.325948163318402706e+00
-1.478188014031145636e+00
7.276682596688366367e-01
-1.025785363939488271e+00
-8.030339091899455495e-01
1.995800425582703319e-01
1.031774919846593752e+00
1.748388891079784013e+00
-5.227128974448371324e+00
6.547380308136759197e+00
-1.919992092752733637e+00
1.249900282527733664e+00
-3.598090865468847710e+00
3.989445013464995693e+00
-8.660919896372278881e-01
2.642332614132847368e+00
-7.212120606284647018e+00
-1.289079674931020936e+00
1.926735932047005218e+00
8.042874456708585251e-01
-2.844915586024767684e+00
4.503206834459602348e+00
1.377744199833168759e+00
-5.311209311188290760e-01
-8.431170114326536069e-01
3.749187721080878277e-01
-9.071268643710364898e+00
5.342182323778812858e+00
-5.341608779214892522e-01
-2.249468153797545000e-01
-2.884949066517616068e+00
-1.500286888083805226e-01
7.543421225560414944e-01
2.784824014786346336e+00
1.232668268792132871e+00
2.187204909831751642e+00
-1.649120658639771309e+00
-1.230633198410448159e+00
6.320145719175316756e+00
-2.528177912545128248e+00
-2.498960444206940745e-01
1.199530662914268797e+00
7.229777134366193181e-01
4.631979919942098789e+00
-1.057574071244085445e+01
2.943595290819371879e+00
-3.621757572589111795e+00
-5.878004844791421490e+00
-2.342417794937901920e+00
1.111287003992759981e-01
5.573680676587284388e+00
2.794834261749352677e+00
-7.131776862238544679e-01
1.432476347729128463e+00
-3.180454501995490624e+00
-3.583543062422918091e+00
-1.790453363720065361e-01
-2.867271059735236882e+00
4.000969212298800315e+00
3.795905740328108013e+00
3.271430727865002996e+00
-1.057491955931604188e+01
-3.987019609979685519e+00
5.162837660466942147e+00
-4.183380294069406702e+00
1.602059366864404755e+00
-3.828416528463199686e+00
2.409638242114389595e+00
-5.758591520000001518e-01
2.962217145764777460e+00
-1.677442960477945499e+00
8.596677618803454379e-01
-2.855202485137610768e+00
-2.515020280599261415e+00
5.212221382109606616e+00
-3.509485686560478435e+00
1.251026177905161463e+00
-6.152157588332537452e-01
3.216122972567923011e-01
-6.593074450278757048e+00
-4.200169319261287448e+00
-1.199325622519151580e+01
-1.913685674217595079e+01
-5.798692179282644688e+00
-6.127787677709982006e+00
9.254450085845485896e-01
-9.823653509817263929e-01
8.660599442001505333e-01
-2.803289140447702277e-01
-2.339087038096909210e-01
2.333770710435165707e+00
1.264179800150158739e+00
-5.509697552853905833e+00
6.279722399818707501e+00
-8.875650599771862659e+00
2.912955754949552833e+00
1.155079670825115645e+00
-3.859517591082555210e+00
7.204493796659995342e-01
2.966891919172439107e-01
-4.275523297497032971e+00
2.117390231358995845e+00
-3.124789746364697307e-01
4.410865755030350499e+00
-3.654642655800380613e+00
1.460863677078734768e-01
-6.774405580591514209e+00
2.335260208691697592e+00
1.237273714370922484e+00
-4.443116882457610828e+00
-9.837299189313860603e-01
-8.895852539603772424e-01
2.690224939794477521e+00
-1.614198003263961123e+00
8.034129703645934706e-01
2.212325699449850802e+00
2.368660917664857202e+00
-1.149328016421078846e+00
-7.083462052742540704e-01
3.196580486330717896e+00
1.064474250720357368e-01
3.804605574262465595e+00
-3.058896945558807090e+00
1.970943166605004127e+00
6.155242722035447756e+00
1.442600393595864672e+00
4.905847410163548084e+00
-2.487049260302922615e+00
-5.158403715007858992e+00
-1.446653982813627115e+00
-1.869182132958977283e+00
3.791886916898937754e-01
6.317823976244119066e-01
-6.866722764291126602e+00
-1.584875425397516968e-01
5.189735486939349052e+00
-2.432823791953105941e-01
-5.341462057370840455e+00
2.542804800799024711e+00
2.610352866460610155e+00
-4.372112529459115104e-01
3.031823969242310568e+00
2.033966885342701758e+00
-2.415471203637820974e+00
6.644993827345392567e+00
3.469649522089134352e-01
-9.023230519469622735e-01
2.944305951786794218e+00
-2.213826579166588093e+00
1.596304556039276068e-01
9.450602110155121860e-01
-6.855822324295861137e+00
-3.281659380740861831e+00
-1.202655670955081213e+01
-4.451038072742520058e+00
-7.993608318328482731e+00
-1.319538788298080689e+00
3.003189981271459530e+00
3.131190441897018784e-01
1.053856072906585783e+00
3.698562651411115287e-01
2.957536737262675963e+00
-1.256335542672962324e+00
1.207685984161273707e+00
6.151057676558700393e+00
-3.582814990599449828e-02
-1.316230432207165790e-01
1.239026700328569763e+00
2.261235784997232212e+00
5.597452775141982251e+00
2.738343618585567185e+00
5.598299235073245228e+00
8.848826684284185617e-01
9.524277216370810040e-01
4.789661143302676116e+00
-5.361646461796365060e+00
5.070089605826205714e-01
-2.872211920974767074e-01
-7.533436344795306105e+00
-5.443599935113004745e-02
-1.187335631168650707e+01
-1.922793765993608162e+01
5.289667113733406367e+00
-1.264368961004683101e+01
2.724258543012444633e+00
1.070300416530935772e+00
-9.528316041429964189e-02
8.309467235275587171e-01
3.068186782617510211e+00
-1.132589997616476607e+00
1.432704477082246353e+00
5.846555246169799602e+00
5.963520504125234822e-01
1.060561864521665232e+00
2.179692907175757366e+00
2.766264897957239732e+00
2.867491805622571110e+00
3.305658022345546065e+00
-2.302839650650706282e+00
-2.179479963682106280e+00
4.765662939991822000e+00
-1.313400483566632193e+00
1.739972879982026654e+00
5.086327024559260224e+00
3.773917652327523520e+00
3.867757926957667181e+00
-6.188574375239535463e+00
7.047796137744567702e+00
5.375362374266775545e-01
-5.410465290811229400e-01
-3.978427713338215654e-01
-2.314702864544470717e+00
1.803481617639928647e+00
1.068440959839777937e+00
5.806204441722698922e-03
-7.596857158538827814e-02
-3.252636759362804497e+00
-1.731041148733853730e+00
1.832051551770025100e+00
-2.072816611886248772e+00
3.006556144633434902e-01
-1.654024565029492688e+00
1.326320744153683950e+00
-2.463613008196631426e+00
2.832491288104888039e+00
-3.575966449038993744e+00
-9.746683949046573758e+00
6.294768638376212699e+00
-3.838102758087584387e+00
1.360011110034335391e-01
1.460425509655631782e+00
1.565155528792750994e+00
-2.674768436345382749e-01
-6.861751706041445686e+00
4.950368586564768414e+00
-1.322987325208245579e+00
-2.225640022316222488e+00
-6.214002863819361178e-01
3.167306552946903331e+00
1.458956907803447223e+00
1.045271432792032051e+00
2.946319698499420880e+00
1.258761816177679516e-01
1.016503851432428274e+00
1.735991434820569612e-01
-6.563258889339972590e+00
4.829688862872565380e+00
-1.121834863867253240e+01
1.654156956635643994e+00
-1.216052935495361087e+00
5.345205899633774793e-01
-6.189186015153844700e+00
5.072153089376359780e+00
-3.796360370444500809e+00
2.847840884967846597e-01
-4.602077694724929557e+00
4.653728008193616650e-01
6.318599110970643529e-02
4.052236354696722165e-01
1.023662201413983830e+01
-6.788986866820917676e+00
5.793372749709520875e+00
-5.352787925239979039e-01
2.034832494794645008e-01
-1.594801721752207579e-01
-1.718325554780318898e+00
7.436419714181858286e-03
-2.192068428279876635e-01
-2.089463034247637019e+00
3.396544093356507754e-01
-3.103907341272380549e+00
-7.009962522030647181e-01
4.629974925459141133e+00
-2.041440506788708475e+00
-1.398523134968010062e+00
-1.710704113454320385e+00
8.580907188369687466e-01
-1.983131969348257861e+00
-1.383154468756787381e+00
2.513811692213442139e+00
-2.978004961957576135e+00
-3.472080490813742037e-01
3.772885988210854080e+00
-4.206399748861599619e+00
1.108815651541365410e+00
-8.866636465517573340e-01
6.736255051285430007e+00
-3.381903625660074741e+00
2.766320210514143341e+00
-4.393409113420028156e+00
-1.111974143110796787e+00
9.042298363207365020e-01
-2.639114543734495388e+00
-1.925955088644967672e+00
-2.471806609329723070e+00
-2.772274331076294285e+00
2.799866201696201706e-01
-6.633818639403754602e+00
-4.854012377012236534e+00
-6.309887541422147805e-01
-5.359969504523738770e+00
7.211757372453101445e-01
3.421392176813715214e+00
3.064569419733789157e+00
2.113785747749313826e-01
3.184259490177220098e+00
2.107924002694069876e-01
-6.720245829928574999e+00
3.334177670751803380e+00
-3.443591887840788068e+00
2.263287873920774018e+00
-2.044689143284327049e+00
-1.411300696735945825e+00
-3.063932530440391044e+00
-3.038602218826737644e+00
1.781844879853346608e+00
-1.636008716022319787e+00
-6.690430500088164756e+00
2.717442588565038175e+00
2.492676124324527454e+00
4.323545261649622273e-01
4.857025294517874903e-01
-3.120679792268912678e+00
2.745981455582739428e-01
3.917523038458968543e+00
-1.697230790305277015e+00
-1.330505386959688785e+00
3.198035946824379749e+00
-5.220256052612228359e+00
-2.047472065726216428e+00
-2.355935662541789988e+00
-3.757874330531111973e+00
-9.041913351836702972e+00
-8.348327063168011763e-01
-6.439396064596738967e+00
-4.400970742161576688e+00
5.636874614953618412e+00
1.163312460573498575e+00
-5.693470364967656572e-01
1.939053457032846040e-01
1.960695277768769174e+00
2.860608409644975758e+00
-1.512934098521085069e+00
2.483372928876137128e-02
4.442739622698717916e+00
5.602621335245218104e-01
4.080447772244395921e+00
-1.665031836619738304e+00
-6.075688270348911929e-02
2.718949175708575527e+00
2.076375154182756866e+00
-7.594052670171084207e-01
1.356207531021015322e+00
3.776031945999969164e+00
-1.729448272778976170e+00
-3.680574788346628434e+00
-1.288669146889370953e+00
-1.783941137299820623e+00
-4.338408270640935704e+00
1.570743842226630660e+00
-4.600269562066071849e+00
-2.374669675404093461e+00
-1.579736692201687109e+00
-3.462025040074006466e+00
3.246233429079517396e+00
6.319000304981658989e-01
8.265274871073242657e-01
-1.848522821434390728e+00
4.357100797658456925e-01
-3.413582517991359921e+00
-1.519315741700725031e+00
2.402447905600468392e+00
-2.014796707899479067e+00
1.247057327488318323e+00
1.495634552886405455e+00
2.099755280702780613e+00
1.355979102822437277e+01
5.961371518349366738e+00
1.029196732203351061e+01
9.100253162661436690e+00
3.614257167385268144e+00
1.009664891513260976e+01
-6.456895068356976353e+00
-1.826354830827955800e+00
-1.324801903227219801e+00
-2.398385822293724323e-01
-4.609732455622236991e+00
6.047588460049136749e+00
-3.984533684881952809e+00
2.614861974987563897e+00
-1.795222771599824796e+00
7.824426664261995013e-03
-6.971422708169072724e-01
-1.147150005012075091e+00
-2.227616682294806250e+00
6.028844132140621426e+00
2.033732860465231163e+00
-3.321646649563143039e-01
6.769358970882730198e+00
-3.749310436498601184e+00
-3.511047259164079559e+00
3.129144563610281260e+00
4.211063840857515728e-01
-2.175274564125774468e+00
7.980384762154213441e+00
3.392814924827504797e+00
6.113773729183162864e+00
5.638699883480216890e+00
-5.548170133440079033e-01
-8.355617951127273235e-01
-2.818742931984256073e-01
1.052642348146461515e+00
-9.919762838249406300e+00
8.306768111200186766e-01
1.104871261419800454e+01
7.183473602292504978e+00
4.169215517566706275e+00
4.466275546221498693e+00
5.599819612509780775e+00
5.495978524369737883e+00
3.317115612783592571e+00
4.794347998233434716e+00
-7.480706909253747483e+00
2.888559846136247611e+00
-5.627627778311172335e+00
-2.825244074263255634e+00
-9.093265484235077967e-01
1.559840104439270680e+00
3.680647918933528939e-01
1.388522942414682104e+00
-8.142618235263332949e+00
-1.213548714458374533e+00
-1.067849325775152103e+01
-1.755567731489165340e+01
1.651773305114941026e+00
-1.376143009650072280e+01
-9.262721615379619911e-01
-4.248382030868729231e+00
1.204634494718000992e-01
1.528728544004602508e-01
1.216744793819556913e-01
-3.533343600585529654e+00
-2.703302959475866629e+00
2.814353546610544932e+00
-1.902611790888218746e+00
5.653638173547943957e+00
-1.863118180834793414e+00
5.882233960335174761e-01
-3.051350268618305606e+00
3.722183529312006911e+00
1.075052458945051415e+00
3.883158077055259838e+00
2.690541852923148625e+00
-2.956180043437471205e+00
6.348929640278903053e-01
2.861973118770123836e+00
1.038587349633563472e-01
-1.792545455985043334e+00
2.638083185645913709e+00
-5.359494419815812316e-01
2.590326186784769558e+00
3.258967298400478274e+00
1.245802270373598475e+00
2.054855452570620411e+00
-1.845610504665478935e+00
-5.065701302284244534e-01
2.123143805487974767e+00
5.105929928786579808e+00
6.031903953214800218e+00
2.564065411054759824e+00
5.639493818256080537e+00
8.316110024698433190e-01
2.066048056404954508e-03
-1.063166654425906632e+00
-8.735162355669628953e-01
1.155598341137522800e+00
1.617473063686959645e+00
-1.351489410033182459e+00
-7.956029091547936472e-02
3.640916114956637362e+00
-1.431504841499716241e+00
-2.512280919454407124e-01
-3.273324272837097038e+00
-1.178531849839086210e+00
-1.491182377205632825e+01
-4.250092720731802665e+00
5.826071860537444635e+00
-3.631530714769969581e+00
-5.906956389941203867e+00
2.006797491514408893e+00
-1.584637616236604707e+00
1.191951827659662566e+00
4.372083104518719177e-01
-7.158281251461068306e-01
1.581728280653595275e+00
4.971313356106716874e+00
-5.819755503914413319e-01
-2.343651031703711585e+00
5.256272197223095688e+00
-4.683796442559986062e+00
-1.156525058910971460e+00
-1.387376378549519007e+00
-2.523788712374850807e+00
1.699721118010648846e+00
-1.831208077633901032e+00
-2.360453438528338221e-01
1.172242939036632681e+00
-2.333469279903488847e+00
2.759993658463044675e+00
7.127818950946973597e-01
-2.102273929640366412e-01
-5.713719223854305085e+00
2.919910552819652838e-01
3.440169634780901209e+00
-4.223832424315973277e+00
9.412664269593152833e-01
7.747355078691394725e-01
-1.214630811838991020e+00
-6.582062052590751389e-01
-1.427347038251410405e+00
3.434037195388488950e+00
3.342872743019202009e+00
4.296351801912385304e-01
-5.299554609088631629e+00
4.425002322248814401e+00
4.698677548159552186e-01
-3.164921701107846097e+00
2.540738974996507249e+00
1.073828895695901675e+00
-6.474243746816505052e+00
6.103200627464633321e-01
5.178019421709435299e+00
1.404029159630451495e+00
-3.974718297008213774e+00
7.118663966104930907e+00
-2.214792805434341538e+00
-4.077115539120898191e+00
6.169501649652063824e-01
4.957190517340027469e+00
1.327456479393937450e+01
6.961836423304829324e+00
1.443930006002644362e+01
1.245274911167455834e+01
-4.208340928501712597e+00
-1.759230953324794733e+00
-6.482896280201808636e-01
8.678550070024724228e-01
2.091392658475931032e+00
7.732174736535098347e+00
-1.745821971170369968e+00
4.405004994368142412e+00
9.695582103160077736e+00
-1.026783034329109112e+00
-1.769982546717675298e+00
-8.425719675549330212e-01
2.701053283525705617e-01
-1.072967757945833256e+01
-3.478856725842435438e+00
-1.210940908284460349e+01
-4.890592512494311705e+00
-8.124967182107125652e+00
-1.981316617618855469e+00
2.164439745064607123e+00
7.344746395357100444e-02
4.727610652819931314e-01
3.557480648755010133e+00
2.995476858210294857e+00
-4.560432949111445922e-01
-6.661123777410051794e+00
3.079608430711366918e+00
-3.270334537591284452e+00
2.470751434132108848e+00
-2.445860703583015550e+00
-2.129340732744957165e+00
2.948073714260488742e+01
-4.897191154501228105e+00
6.785847562591511561e+00
-1.687079984567621427e+00
6.974796858635584629e-01
-3.643052472292316879e-01
3.218334864314981392e+00
1.867434000214726719e+00
1.087713390402534452e+00
3.811397751829950220e+00
-5.117953115792157170e+00
3.419396211004276154e+00
-4.316176955219914291e+00
-6.870685070270140749e+00
-1.002251319189811030e+00
-7.689574568147875544e-01
4.338834258148714262e+00
-2.019251514379071244e-01
6.116010667266688294e+00
-4.826922909991658628e+00
6.692202792701977820e+00
-2.036192778934568626e+00
2.849122564975483662e+00
-2.377867867241217237e+00
-2.478036182919513220e+00
-3.423049228598069593e+00
-3.526510434827806240e+00
1.335588262366672163e+00
-1.119196196060616444e+01
-2.411228295500765853e-02
-7.455213649011072086e+00
-7.808641015479246938e+00
-4.980356275006023736e+00
-4.309407207527266692e+00
-1.058990085406668502e+00
-1.189448163641535716e+00
1.652626398826399834e+00
1.955848114286667938e+00
9.064447906849680825e-01
-4.763018318392954420e+00
3.598083609180840359e+00
-1.589859138883128686e+00
-6.700351868472572470e+00
-1.578171475169406257e+00
-1.958688754550460265e-01
-1.137698379638175972e+01
-3.980260484212492678e+00
-3.959669332418926491e+00
-7.861674536120466961e+00
-4.420217390222456189e+00
-4.021536624961011164e+00
3.730701937589230077e+00
4.362031399217737970e+00
1.490316578007653270e+00
-3.706614954005287288e+00
1.425605864290681035e+00
-8.162496985995126408e+00
-5.034357854562381274e-01
-1.247163436704313400e+00
1.159037931774116181e+00
4.295864956503974597e+00
-5.741482826753344648e-01
-1.186381590419958609e+00
4.717575520818569679e+00
-3.529877144198450445e+00
4.803323277141978487e+00
-3.199127164122879119e+00
1.220579612255741353e-01
6.942204358577970247e-01
6.141115979243754630e+00
2.065324038291588504e+00
4.795875286482163879e+00
-9.244653592738369952e+00
-5.767655617098279563e+00
5.228846660413507763e+00
-1.327994515728374791e+00
1.179495229624980546e+00
5.199623656626018997e-01
9.149885171043934395e-01
-2.583076011135964745e+00
-1.794506697610436907e+00
-4.330599575001269130e+00
1.774691562011021961e+00
4.330713825334196798e+00
4.658117739499759158e-01
-4.268672212696405843e+00
4.220367560155986020e+00
1.627548359406074674e+00
-2.235222000540144915e-01
6.700894011650202486e-01
-9.709220520374657326e-01
3.147275938989749555e+00
3.668629629520358648e+00
1.154488611887280802e+00
4.123705076689405224e+00
-8.695694918948404961e+00
7.673727631199728449e+00
2.977924599334823785e+00
-1.370546180929066160e-01
1.899429611448849031e-01
7.125745024804297501e+00
-3.340781281905812888e-02
-4.452726406225870015e+00
1.260710189811887005e+01
-1.431285222633272847e+00
-1.642702704453679940e+00
9.359841382813384181e-01
8.144557024396175127e-01
-9.133405761933387490e-01
1.458473209125398018e+00
-2.819792827366423893e+00
-1.325998154763504244e+00
5.799824239908988766e+00
-2.927072430212552590e+00
-2.070135579829416539e+00
2.709682824928644873e+00
-9.875251856110039972e-02
-4.637051156212116387e-01
4.651664345907162712e-01
-3.695488100015139832e+00
-2.343919196927003235e+00
5.536402854231573301e+00
-3.374033110236057897e+00
3.440190239639211445e-01
-2.375297962563366894e-01
-1.428052028506953675e-01
2.603456236339502183e+00
-6.515768010764136697e+00
8.137766299861320718e+00
1.162669668132359224e-01
2.597381265954081808e+00
-1.976697891978679067e+00
3.900050083869702200e-01
-1.787901873516527074e+00
-1.593352347968924665e+00
-4.312639852937904195e+00
6.898901486789073001e-01
3.247255198538512300e+00
-6.756136121600934963e-02
-1.282784876631680504e+00
1.861899040295218466e+00
3.072346261971625747e+00
9.442100719226285133e-01
1.695796231323096759e+00
-1.886493368630188128e+00
4.130205054779001017e+00
1.136147779596266227e+00
-5.226310193946675398e+00
3.265057233272658177e+00
-1.612950271135559444e+00
3.610258842614880948e+00
-1.546530840946152230e+00
-1.913325920570189131e-01
5.250353379571630619e+00
2.479390569091568963e+00
1.156234149904640240e+00
-1.710828181137848070e+00
-4.766533422549447785e+00
4.728304093586515044e+00
-4.886614098280521290e+00
1.037746534093143991e+00
-1.897135000735834964e+00
-1.813672469278987398e+00
1.675931111703657272e+00
5.921179055872534125e-01
-4.307177255230383750e+00
3.791995661986228505e+00
-3.684070755264089669e+00
1.246822408316621555e-01
-9.323839291232701720e-01
-3.981418099249858789e-01
3.351139442604484930e+00
-1.884947029836944177e+00
2.039449852530691665e+00
6.447343204669246930e-01
-5.113674708674172287e+00
4.134584140671507591e+00
-1.796921247166439972e+00
1.074552454155401460e+00
3.208602657586805823e-02
-1.428151448419241909e+00
-2.688570144407588902e+00
6.337337185176073362e+00
-2.504007407398075369e+00
1.752556943412639789e+00
-1.407107296324346946e+00
5.847644764158387964e+00
-9.777244402337398332e-01
-3.190347014076650445e-01
-2.674187047952399920e-01
1.056991632287737515e+00
4.803254107166654019e-01
-4.161061033788483243e+00
2.644463932574118825e+00
-1.704624443148721413e+00
1.613142352938886859e+00
1.519132486022735318e+00
2.376024612539761882e-01
-1.640545085659795888e+01
-4.768122256924272939e+00
-6.727718560114751334e+00
-9.574734010219827951e+00
-4.245659627589562501e-01
-6.285315076633041897e+00
-6.789582213506848873e+00
-3.155344856726394198e+00
-9.773961374705142369e-01
-2.024536142672363148e+00
1.613660263346525514e-01
-2.100331299218619385e+00
9.917136631468829178e-01
2.916665229329223230e+00
-2.118411797090662851e+00
-5.557311906601564822e+00
-1.256387895380289610e+00
-2.720802623808782794e+00
2.935525547339323804e-01
1.478102324234792597e+00
-1.605528836284469962e+00
-2.323550156484629259e+00
5.922424144846467620e+00
-3.130454129167429045e+00
3.986761420606532713e+00
9.315292620539913915e-02
5.089530520741541303e-02
-5.602610380588936678e+00
-4.926990930307765026e+00
6.367330987045713542e+00
-2.632371796585508239e+00
2.393005039509406018e+00
-2.533178106353580539e+00
-2.111813728291610237e-01
-2.672065062856516793e+00
-7.800266364625073612e-01
-1.581298338171172624e+01
-5.055261673976677805e+00
3.206179147900311222e+00
-3.259003762545328531e+00
8.673723771108156066e-01
1.809153930176109704e+00
-1.532236004057392131e+00
1.472858953447661490e+00
-9.292766518577645352e-01
-3.446157193896917104e+00
-3.483273060189959303e+00
5.549286060728814363e+00
-1.233945890629048137e+00
2.559192816301007478e-01
3.446966653843321016e+00
-4.127815618697111333e+00
-1.056250072499197001e+00
-2.195831039467644352e+00
3.856515726182696113e+00
-4.081988347847963494e-01
2.373007287232192120e+00
2.336804112246275711e+00
-3.864400945629986150e+00
7.684705517022800692e+00
-3.606146934620815259e+00
2.996613202376398721e+00
-1.742617100693303556e+00
-6.865163925808489331e+00
-7.334971525094704514e-01
-5.012398460526023669e+00
-1.087119901804044986e+01
-7.672358662769742654e-01
-5.647701233633144469e+00
2.382995389888352467e+00
-3.203356096736372227e-01
-6.566511734673761147e-01
7.598128332891803005e+00
-2.955328764058438029e+00
4.827211405550987600e+00
-4.296261636520438465e+00
3.040425081434268595e+00
-2.249501814599942640e-01
8.112137090510483262e+00
1.427276377179868438e+00
7.439235805723351191e+00
-1.658787110352051064e+00
1.279681596727123116e+00
4.592398924313695119e+00
-5.084092869396450443e-01
-2.805924118601331063e+00
2.407851917443872836e+00
3.195972315038264178e+00
-3.540075846952980942e+00
-1.755087762301598575e+00
3.060556840832482806e+00
-7.396960876539012686e-01
2.492056672511467230e+00
-3.599600998590650747e+00
-9.281623500055898646e+00
3.837418235200006134e+00
-4.048976930871354796e+00
-2.414746309013155567e+00
-3.743897937417018928e-01
-1.414910104583939621e+00
1.266592902275735844e+00
-3.954561664874752136e+00
-3.017608563087729401e+00
3.727191177335130945e+00
-2.725528959660899808e+00
6.734120701791759256e-01
2.919253984062373686e+00
1.006977209701146875e-01
5.759626380411629221e+00
-4.330052598013947929e+00
5.453365158267824420e+00
-5.837217657060050913e-01
-1.955081814312636057e+00
2.204100925192181482e+00
-4.216637882869125775e+00
-1.728539256497562349e+00
-1.278393911554456697e+00
-1.763383413936276956e+00
6.979770648988797177e+00
1.931104880417058162e-02
-4.801439033495156217e+00
1.772921841248566110e+01
-6.659406589069720717e+00
1.137504397027750969e+01
4.860520775966025830e+00
1.765134841339834448e+00
1.474340331274649751e-02
-1.053790586872932608e-03
-1.658649408469229147e+00
-7.121841621775952369e+00
7.181333113706278581e-02
-4.185704022869802365e+00
6.259671376668849874e+00
-1.023041211071137102e+00
-1.880964028422962508e+00
1.062688286123515846e+00
2.296152518014693555e+00
-9.920359785279840859e-01
-1.717688084258630621e+00
5.157140042210635045e+00
-2.688840367903699402e+00
4.021348150962834822e+00
4.078501423487166933e-01
1.288579620476606902e+00
6.156633324077358083e+00
-4.970496302562393609e+00
7.498624976400896536e+00
1.135818994774098645e+00
7.414884674830012068e-02
8.797721830532563292e-01
1.861495910104213225e+00
-9.879138725591773973e-01
-1.889863409635976765e+00
-4.525331230103334934e-01
-4.674408405699471913e+00
3.822401865459339909e+00
-4.013313210093361505e+00
4.998472919187921804e-01
3.431334146155052833e-01
2.070659535632877191e+00
-1.217640997775927936e+00
-1.370621966383082313e+00
-7.529729594108901303e+00
6.334200242363312583e-01
1.838970103157597791e+00
-1.886210949410838111e+00
-1.885878642235379044e+00
4.906675349250572360e+00
-2.178350810954416517e+00
2.725164322530853056e+00
1.469293247132886782e+00
-1.482056328251984301e+00
3.825547657213231201e+00
2.067315619335974575e-01
2.048853053867261576e+00
3.009475777658898732e+00
6.308783121418569451e+00
-2.900647597034372804e+00
1.065531392140962597e+00
1.153071147809235253e+00
4.606824062219177840e+00
3.121405326934657776e+00
-2.860967347307367126e-01
-1.401159814136286874e+00
7.233633962057231415e+00
-2.051106156100938716e+00
-6.034489152046250027e+00
-5.535385877358917073e-01
-1.853828253858870401e+00
-2.429158806287296191e+00
-1.855963283577541922e-01
-3.887419480638871772e+00
-1.757411884205202890e+00
4.114816419874921749e+00
-3.235423519855308960e+00
-3.729667998987304056e+00
-5.118499111710571592e-01
-1.803549242792526375e+00
-1.405756937708738386e-01
2.432413907870446312e+00
1.917172917028892309e-01
-5.423266842820375189e+00
4.385308153013720123e+00
8.928480493939925378e-01
4.393306526359378239e+00
3.527373521474518991e+00
1.280592962051563255e+00
4.953010883566454359e-01
1.726496930460281076e+00
-1.824303445070429630e+00
4.681868628454226300e-02
6.577467937353879357e+00
-1.006879597276520100e+00
-1.219451211389816381e+00
-1.362761201214325035e-01
-1.506382675570633101e+00
4.887865578633040720e+00
1.646295976481368495e+00
2.625906504582276924e+00
-1.852164219912635801e+00
-3.527328493185962976e+00
4.815740636818021336e+00
-5.165958089223918887e-02
3.573512393496607320e-01
-8.559467430521779940e-01
1.023169837263069049e+01
1.798109695015367748e+01
8.757484561299010650e+00
6.166958542443510716e+00
2.739119472276779987e+01
2.613631102192628397e+00
-2.365699727666470409e+00
-8.111878572557432721e-01
-3.908555459439634894e-01
-8.143889942429744622e+00
-4.567168866670363592e+00
-5.438425666163237082e+00
-1.106237130765238419e+01
-8.418510425406733333e+00
-3.766549262937556541e+00
3.973373731572829470e+00
1.616116587494007995e+00
3.530649804259445856e-01
7.125843698216861588e-01
-2.999584199051996247e+00
2.094168797763706458e+00
-6.802546242415306921e+00
1.393553433611336656e+00
-2.561974953518009190e-01
-3.974033434359647732e+00
-4.024975596478717610e-01
-3.163228202709610137e+00
7.334549622686260761e+00
-5.966220466836168690e+00
2.465728322730146527e+00
-2.287444277044643037e+00
-3.317522119599658481e-01
1.070539342192532217e+01
-1.293173508351609102e-01
-1.479185113534219331e+00
-1.558184271989619951e+00
-4.159897156266880169e-01
1.356965453350548190e+00
-4.741245432768413259e+00
-2.567840241377696398e+00
7.124432833028458978e-01
-4.272643709078122853e+00
-9.885171069015927792e-01
2.245563215133119794e-01
-1.639882729568785447e+00
4.337876519685655907e+00
2.442274380537660861e+01
2.099873229450811962e+01
1.683320844260149229e+01
2.945404429615761899e+01
1.011779842020270692e+01
-4.348535514605289976e+00
1.629714271102063572e+00
5.720372832381673822e-01
-1.027454242845983856e+00
2.614490220354189987e+00
1.303751473420754037e+00
-3.837898057748568181e+00
4.463641787346329437e+00
-2.418243395852297084e+00
1.532388862784130890e+00
-1.186852813158603803e+00
-8.446363588575198644e-01
9.992420390204954928e-02
6.651876513775193622e+00
1.071740473485563866e-01
2.145124043936373237e+00
7.465264877695115153e+00
-4.184272999367761869e+00
-4.431275594291456343e+00
4.143579190658469580e-01
1.065511753800842731e+00
-1.144506734087599398e+00
3.748206505076996375e+00
1.411715486938762920e+00
-4.684557820217411184e+00
3.207992306396351800e+00
-1.414219218104255660e+00
3.209389546262765958e+00
-2.624444108265492570e+00
-2.727010716013329006e+00
-9.691011900001987200e+00
-8.079593886810298997e+00
-2.420322408941709824e+01
-3.097449314357981365e+01
-3.545478767888250005e+00
-1.717268388568102111e+01
4.852676560963654850e+00
1.220546491183803539e+00
-2.097105490951757800e-01
6.102663935212067514e+00
1.207554042369551617e+01
1.696156097157732745e+01
1.487504863537968802e+01
1.049623944033888101e+01
1.714993371815035417e+01
-4.188746885637901762e+00
-3.520161885052687012e+00
-3.329863848049960939e-01
-6.617744442696115392e+00
-3.647121010619226222e+00
5.409370281249874068e+00
-3.842283564511899563e+00
2.927340613283078707e-01
-2.603195715285605338e+00
1.896720468623538380e+00
-5.382936754047259464e-01
1.151792618472870622e+00
-1.110287947261585639e+00
1.837309932040733118e+00
1.099811589068627082e+00
-3.400707725785817814e+00
2.280549261236268499e-03
3.959553941183237225e+00
-5.090410287377166831e+00
3.001353585719826800e+00
1.144480511112227150e+00
9.434763570793840870e+00
1.647869385047280488e+01
9.201279028084572431e+00
6.827991336444120485e+00
2.490767168446710400e+01
-4.207658873864778215e+00
-4.169600974509990898e+00
-4.184678345396874555e+00
-1.471931842819450276e-01
1.917464741772004544e+01
-2.293748580946948934e+01
-2.504232328112296813e+01
-1.651711629619970978e+01
-2.738509790376325626e+01
1.268283633374158725e+01
-1.723126943371535047e+00
3.890419105511788267e+00
1.969409905051772824e+00
