-1.831402621864302027e+00
-4.935699142358000446e-01
1.999639061419200281e-01
5.805816630235026699e-01
8.285620601712676558e-01
1.180621961179403989e+00
6.578427624111403693e-01
5.486407473359603548e-01
2.551252234202034883e-02
-1.754088451381784486e+00
-6.349383828476921066e-01
-1.580066947011334044e-01
1.505226212689438070e-01
5.245400718515687011e-01
6.563339247846543545e-01
5.021459021296234004e-01
-2.643102769445792588e-01
-4.609292843618565949e-01
-1.691612055511205526e+00
-3.259575467098440593e-01
3.553670321715962643e-01
7.356745841069268765e-01
9.795194467837804453e-01
1.282951134263821347e+00
9.468752793484904728e-01
5.530655678569719180e-01
5.804911098918440898e-02
-1.870287562675906567e+00
-6.818450176242234484e-01
1.052037133662170748e-01
4.763495713060173498e-01
7.538338701055476987e-01
1.200492506316690244e+00
7.240821973006138501e-01
1.258363262072443423e+00
3.176509442028938590e-01
-1.641349251116047236e+00
-3.694845727797447799e-01
3.337612011908397958e-01
7.111648521643271215e-01
9.428351611849324909e-01
1.329576897764012999e+00
8.857305177102683391e-01
9.058239505896852339e-01
1.828258896130507682e-01
-2.115019604859169622e+00
-9.578506890596545365e-01
-4.705938997305328386e-01
-1.945633042022006931e-01
1.910538534560692892e-01
3.824417848242661622e-01
5.323087842715070600e-02
-7.146461783209843155e-01
-6.525223456621890294e-01
-1.943102310908399799e+00
-5.166289555202238093e-01
1.567840202225917468e-01
5.399255256748680676e-01
8.088896073190269265e-01
1.093801385739420429e+00
6.495246897496116389e-01
1.100793062834521385e-01
-9.508813396359150003e-03
-1.630155611465404109e+00
-3.565250005265283573e-01
2.128359891722864938e-01
5.711581978738381471e-01
8.947157521708503092e-01
1.070227627486439070e+00
8.778294908293299281e-01
9.977669041207806733e-02
-3.941249289016359597e-02
-1.803537033228483466e+00
-3.843858350174114702e-01
2.547042327877300782e-01
6.304633501334354628e-01
9.107050815254481568e-01
1.145635714450003784e+00
8.862010807421385472e-01
3.948170993251383654e-01
-3.173553274482305425e-02
-2.144893623085623258e+00
-7.870226585429344057e-01
-1.016899911750684532e-01
2.773694270317541011e-01
5.363736829902583381e-01
8.720447305292140516e-01
1.046089487063143336e-01
-1.593968280006698712e-01
-1.283720505129216927e-01
-1.633848215672391468e+00
-3.028908740576410907e-01
3.086358649940779131e-01
6.805124439307790318e-01
9.754538261507558206e-01
1.181562068014859079e+00
9.882854576155365445e-01
4.073455602902526507e-01
-1.639192476263749698e-02
-1.783065317692936969e+00
-6.737269916105552703e-01
-1.962501963709213093e-01
1.054523816141285930e-01
4.854525025864843135e-01
6.226525301550033253e-01
4.473111462561870089e-01
-3.814499730665206756e-01
-4.320818396851716647e-01
-1.963264735620102730e+00
-6.599539209680221896e-01
-1.042486686047384425e-01
2.247508566054225165e-01
5.686354989143497241e-01
7.703941870175653461e-01
4.396178010202482223e-01
-1.919100315469481621e-01
-3.251732973467879595e-01
-1.702728987273164796e+00
-4.444889815902619556e-01
2.606064147004479858e-01
6.449374788599450126e-01
8.904522390761840933e-01
1.306649221428113128e+00
6.901822136235965521e-01
9.350894536118157241e-01
2.368108394795293281e-01
-1.771383570629230464e+00
-7.375249180056148157e-01
4.829458975485115269e-02
4.420001321162722596e-01
7.163227796731473918e-01
1.167746907915729437e+00
5.666749485167899003e-01
1.133278666337012686e+00
2.226399700852251251e-01
-2.840616277879014717e+00
-1.920062410402253006e+00
-1.677533280162973428e+00
-1.496242271270252111e+00
-1.072143840674510962e+00
-8.991531552634751678e-01
-1.053856516953271871e+00
-1.848798506376231776e+00
-1.294410398249729033e+00
-1.806908754804538164e+00
-6.832166934270079706e-01
1.043966066098045986e-01
4.558789370907643801e-01
7.540235158228500989e-01
1.196247152946472880e+00
8.834629984139712455e-01
1.331059694233767798e+00
3.829032802866989549e-01
-1.845978431945842768e+00
-4.934090491426421643e-01
1.625231465927531871e-01
5.473884835661334547e-01
8.204710335243404762e-01
1.094615156146397927e+00
6.833715100216646299e-01
1.115100110328871436e-01
2.483955179962091600e-02
-3.079479920452894870e+00
-1.600468152968770097e+00
-8.028811147199580445e-01
-5.056003681441600950e-01
-1.487790472673879982e-01
2.228640198821664753e-01
-6.918899153513700107e-01
-5.197482799060901826e-01
-5.521939674454817704e-01
-2.179669708036799047e+00
-9.692820941016260239e-01
-1.555838384389906792e-01
2.672019874597750255e-01
5.443686328757046944e-01
9.971702477529390540e-01
4.945116408287276999e-02
6.135025775077249666e-01
-3.770157254527202462e-02
-2.896477417687433942e+00
-1.661417083427937813e+00
-1.199538364920508693e+00
-9.634160999376520929e-01
-6.427755528204245339e-01
-2.780731431361718187e-01
-1.009526065051191024e+00
-1.493217401191372362e+00
-9.179112335185842797e-01
-1.880323132024177557e+00
-5.101886255594871855e-01
1.923916507736385673e-01
5.790744154364754204e-01
8.133232964493791739e-01
1.172668272210426021e+00
5.821752034505063289e-01
5.077128824892078729e-01
5.105891431271344233e-02
-1.769165291745477875e+00
-4.391068521399956182e-01
2.409899851586984054e-01
6.250471420309218207e-01
8.720659934916875633e-01
1.170843622049865029e+00
8.052767196594780019e-01
5.106197045042816240e-01
2.711324415517286576e-02
-1.809812653102186530e+00
-6.609576606043163771e-01
8.058290527259756586e-02
4.616786313107200113e-01
7.495748799129398066e-01
1.189457884379502728e+00
6.989808025068519060e-01
1.110352104090720715e+00
3.063635092068538457e-01
-1.793022753387913726e+00
-7.141736190041459986e-01
-2.365183699564869513e-01
5.938790257750018592e-02
4.377957913592911421e-01
5.790783443793136032e-01
3.971429134054072496e-01
-3.401290570090250154e-01
-4.827365698650221693e-01
-2.644648225329764735e+00
-1.724690492298673217e+00
-1.456845503877560066e+00
-1.259116100697794227e+00
-8.250962471520238983e-01
-6.614531010459172577e-01
-8.225015498668638569e-01
-1.715765999491673632e+00
-1.167840814504253588e+00
-2.819573549114637423e+00
-1.664709884155039843e+00
-1.283618258655463640e+00
-1.073304019712636892e+00
-6.823286512591167918e-01
-4.144656173416345624e-01
-8.893225150350181352e-01
-1.499289491500755966e+00
-1.179904119140895213e+00
-2.103496145544830220e+00
-7.591145368287847139e-01
-1.359635201008456418e-01
2.183264467325074509e-01
5.140026625589986242e-01
7.739411697425884196e-01
3.121327983140522178e-01
2.119143432527996126e-02
-2.242395010749409223e-01
-3.016780048056340480e+00
-1.703200792874516090e+00
-1.210194145711907643e+00
-9.765180106498643209e-01
-6.798855469601249313e-01
-2.820189114991870638e-01
-1.180937618411043832e+00
-1.509147143544640191e+00
-8.809701169402077703e-01
-1.884830701786148754e+00
-7.768410582186521252e-01
4.226975275061166555e-03
3.874157418578577095e-01
6.913972260423082439e-01
1.136901713689708826e+00
6.738079346012437743e-01
1.139331983650127222e+00
2.296546396134937218e-01
-1.875682144363142845e+00
-7.288634789271555281e-01
4.099157529505285252e-02
3.823062971864685800e-01
6.639815511499024270e-01
1.116615542789168414e+00
8.128405867029694365e-01
1.254442914920229857e+00
3.960928967772789910e-01
-1.890087627855923991e+00
-6.478472380547621867e-01
1.066044447955278446e-01
4.690501557036124147e-01
7.713177632160260755e-01
1.212696139406561180e+00
7.955882515340941818e-01
1.270924853207331173e+00
3.389559042702727787e-01
-1.667958319131966016e+00
-3.453244824356214715e-01
3.483530266696280298e-01
7.246845550469629416e-01
9.626849924951854653e-01
1.296448052941437945e+00
9.435138378746583676e-01
7.242047871601213771e-01
1.359849755470783628e-01
-3.086733554918400735e+00
-1.625318679990076065e+00
-8.248484038736149104e-01
-5.249052440926487151e-01
-2.011595383486368127e-01
1.986082854947076037e-01
-5.770818252630125489e-01
-3.330681785960918906e-01
-3.390589034830754911e-01
-2.868685092089982902e+00
-1.764590483372272312e+00
-1.402513102777267928e+00
-1.208470355941424712e+00
-8.256304176558296737e-01
-5.365799608441306212e-01
-8.301945769758225513e-01
-7.127774992646676022e-01
-4.796996635007718668e-01
-1.747834579681993405e+00
-4.822455175352405310e-01
2.231334035377107172e-01
6.017988885590577208e-01
8.451632972345942685e-01
1.232878935265468989e+00
7.124196681461262282e-01
8.098310825892944820e-01
1.551678752058316402e-01
-2.122575016353589028e+00
-8.445802063230960499e-01
-1.016666125948801208e-01
2.909220600329730511e-01
5.445964753168867079e-01
9.434804763549876627e-01
1.083733062484505821e-01
3.243372484756272822e-01
-2.591532557640996437e-02
-1.943087195280581714e+00
-5.951384461931124026e-01
2.675460973530613060e-02
3.953288612347368169e-01
6.858209487000892501e-01
9.412558990539565684e-01
5.197050848989027694e-01
4.330627501827105652e-02
-1.572376075157475295e-01
-1.556427415365015055e+00
-4.113768604603537660e-01
9.931272326978364540e-02
4.366919536194108220e-01
7.877037930751585870e-01
9.189677269601999043e-01
7.961582561125688517e-01
8.204253835265638839e-02
-1.997459203750647505e-01
-1.809249379989907425e+00
-4.961739908363758111e-01
8.980590653703861281e-02
4.455704586790845134e-01
7.648002370298464525e-01
9.717507521714312535e-01
6.769248483265940530e-01
3.874034098549096472e-02
-1.765808005689120108e-01
-1.597633907728543523e+00
-4.718491764422812484e-01
3.214803567616687091e-02
3.643180336833113375e-01
7.202633831408526977e-01
8.527797829106174010e-01
7.137402068371582198e-01
2.187477451535820711e-02
-2.365026446232662560e-01
-1.504767737008096962e+00
-3.338550345002102016e-01
1.866832786482860440e-01
5.342624717329623740e-01
8.746320933894444760e-01
1.013118536875061482e+00
8.884298675102200171e-01
5.799953054507755307e-02
-5.404996308038486491e-02
-1.670897778212327101e+00
-4.468758742815261975e-01
2.553300052739624904e-01
6.358249858906716012e-01
9.019922091827152766e-01
1.329833165025998243e+00
7.701391731880289360e-01
1.109417139907108441e+00
3.492014333696514261e-01
-3.010853725175388185e+00
-1.712272095198883237e+00
-1.191930324546537356e+00
-9.511831342608934037e-01
-6.845601553101248182e-01
-2.563465933596195678e-01
-1.319643622071347222e+00
-1.504432201116857604e+00
-8.373100591757041133e-01
-1.860442394292066037e+00
-8.018780739935121860e-01
-3.411906855875105338e-01
-5.531242209591312464e-02
3.340669215444860840e-01
4.683465118443767006e-01
2.981859180191643865e-01
-5.156165642648333769e-01
-5.358451184101770126e-01
-1.923245498198459469e+00
-7.015520292452804840e-01
6.517364143956973221e-02
4.710713636007173299e-01
7.541745880373396105e-01
1.188600815848120718e+00
3.312593005187690065e-01
7.891357008932976536e-01
1.723468903690272003e-01
-1.770234444016247410e+00
-6.955787797992805110e-01
-2.201574132207556322e-01
8.014361105506971616e-02
4.535456650629995368e-01
5.963232007993659600e-01
4.174957232915765815e-01
-3.377587973159676404e-01
-3.745827631234941446e-01
-2.870448138348102418e+00
-1.948797389262149959e+00
-1.702405377668703368e+00
-1.527901005043126093e+00
-1.106615636768509159e+00
-9.299976837568555421e-01
-1.080079725038161964e+00
-1.560977083913600794e+00
-1.031085255291201319e+00
-1.457652005177760390e+00
-2.988096313580771990e-01
2.360769362227964352e-01
5.903853486985359833e-01
9.234525550138573680e-01
1.063724145523713638e+00
9.510851196126894891e-01
2.781207608828419331e-01
-5.949939927150612456e-02
-2.828001801450219954e+00
-1.564111339219025565e+00
-1.051581976986813105e+00
-7.930538563216652514e-01
-5.156551691124847681e-01
-1.376090922807273187e-01
-7.669228611708454046e-01
-6.377827802623402542e-01
-4.268284342627500783e-01
-1.857894624186773092e+00
-7.949813546903957695e-01
-3.380765543551705332e-01
-5.511426633076793591e-02
3.350091417205163791e-01
4.718146331576675290e-01
3.025673607952540367e-01
-5.580994513722511430e-01
-5.148156447151243098e-01
-2.006879102991877772e+00
-6.327448052814841351e-01
8.104323635324640895e-02
4.744430814440430133e-01
7.169678671513997070e-01
1.106621871540381497e+00
3.501141772422798892e-01
5.113361952959608603e-01
7.645581712225045512e-02
-1.949071084507780327e+00
-7.422729563317961299e-01
6.108522457864341837e-02
4.140561059866582627e-01
7.124465777844399828e-01
1.157668014923023403e+00
8.432115637861437030e-01
1.287335500007332989e+00
3.620201762266094248e-01
-2.206081274507436518e+00
-9.783409071101137888e-01
-1.978820120875403321e-01
2.128018694563414970e-01
5.042198884321065222e-01
9.540338878759054841e-01
4.365158905236944387e-01
8.012545507290502744e-01
7.452290442612596877e-02
-3.167743677526534629e+00
-1.648665193730866063e+00
-9.877500881163467916e-01
-7.875962984264353040e-01
-4.451065295258756493e-01
-5.852262417982170839e-02
-1.546180234605728732e+00
-1.161223929888143935e+00
-6.912212293675876751e-01
-2.271121535118457491e+00
-8.894340186547303739e-01
-1.901572129764199925e-01
1.717138861135591721e-01
4.319010776499105919e-01
7.468080750504003662e-01
1.240240239636241221e-01
1.414013107912941991e-01
-1.349763886214806752e-01
-2.927828401747615938e+00
-1.815459241917454669e+00
-1.491198789772314681e+00
-1.302183823671896112e+00
-8.848926346751376792e-01
-6.100309796502639825e-01
-1.052433454567605509e+00
-1.755627692891402747e+00
-8.279682726522122893e-01
-2.258379671937090993e+00
-9.200314305059397180e-01
-2.054366302796732102e-01
1.731184648450854180e-01
4.304185660435506100e-01
7.990279816663254930e-01
-2.054994406570634091e-01
-2.057263822838755474e-01
-9.285349308170552651e-02
-2.112843700710286932e+00
-7.425681950775250284e-01
-1.330054324700175317e-01
2.161208572592369648e-01
5.204336468566157503e-01
7.809722788594959386e-01
3.055621188392564358e-01
-1.157980554411895818e-01
-2.030506359334854627e-01
-2.673848716773533862e+00
-1.752959538118956218e+00
-1.486318950691265517e+00
-1.293740889540800021e+00
-8.745246037631615454e-01
-6.941073401267213727e-01
-7.195954732152937128e-01
-6.291969296807858880e-01
-3.992765575763687624e-01
-2.121233253088820270e+00
-8.951936322332764151e-01
-1.001689586727309567e-01
2.780686171451267619e-01
5.573472158692849288e-01
1.014958846156674976e+00
5.798150908821417815e-01
1.003386641992905837e+00
2.542278007259121675e-01
-1.699646545865381553e+00
-4.821354061917101363e-01
2.180642478289881447e-01
5.810872318931948888e-01
8.741805418829450280e-01
1.304936250720405866e+00
8.695558781444725494e-01
1.248336731635612651e+00
4.126000765504546086e-01
-2.112761427445244422e+00
-7.134948718675586665e-01
-1.150386606343999918e-01
2.284853020012550529e-01
5.531223215760248113e-01
7.927894426680672790e-01
3.642900239975243593e-01
-2.168591806829059665e-01
-1.367347928139772684e-01
-1.971669353843299000e+00
-9.274692390829587518e-01
-4.920669180045998403e-01
-2.185360939726153917e-01
1.766830146593505457e-01
3.187934600095505555e-01
1.328909264469135543e-01
-6.287957729009648888e-01
-6.212798934129384332e-01
-2.292366151933688645e+00
-7.993057055828527435e-01
-1.518283098772335582e-02
3.650396007094168227e-01
6.642538831547362133e-01
1.113076427428631776e+00
6.411964691037270736e-01
1.110772467231004645e+00
2.383746608236889941e-01
-1.824715744365678516e+00
-3.999078833546095835e-01
3.007594640822929821e-01
6.835671592987576650e-01
9.152799684065299202e-01
1.262749031123838295e+00
8.047658424102166475e-01
6.259508235728065140e-01
1.479185097486018230e-01
-2.717487488046376409e+00
-1.798060112091794949e+00
-1.556922181541502193e+00
-1.361832065142604353e+00
-9.192255428817801555e-01
-7.493257201916474486e-01
-9.113243506115882298e-01
-1.815768203843866280e+00
-7.869898711901324173e-01
-3.192251830919762057e+00
-1.646235474399040166e+00
-8.618680533761232665e-01
-6.126533310750991168e-01
-2.249004196657218291e-01
1.332270262879942935e-01
-8.928419836018011146e-01
-6.759623948471761290e-01
-5.833149761961594626e-01
-1.538712924324278974e+00
-3.677078178457501845e-01
1.588075653497656170e-01
5.015238532282833006e-01
8.465678011040971285e-01
9.829265501072744771e-01
8.542143648221318664e-01
8.030757242024268161e-02
-4.292016543251305112e-03
-1.516307763920097695e+00
-3.338727181524081544e-01
1.938471220831673725e-01
5.437074238140515714e-01
8.789364613090313583e-01
1.026679664802131464e+00
8.851494110257802639e-01
9.132784404292955405e-02
-1.277157529689108562e-01
-1.830091145491309579e+00
-6.960108629872295838e-01
7.460584303227044134e-02
4.258545637765553948e-01
7.140888213478011615e-01
1.159985063369528113e+00
8.112712573765297197e-01
1.252987252648626093e+00
4.233794860798148485e-01
-1.478281971258530225e+00
-3.008083554312669383e-01
2.253265725681027065e-01
5.743644047761461424e-01
9.129106878722272889e-01
1.045480185021309127e+00
9.412275400442172701e-01
2.293624133593414882e-01
-1.718881473639279761e-02
-3.032030525866965309e+00
-1.597284098069583269e+00
-9.342581493875689036e-01
-6.837539117768544061e-01
-4.242940836245651659e-01
7.020701664249298646e-03
-7.992730311034155211e-01
-4.897548736145768689e-01
-3.102177950737892154e-01
-1.723323435443623763e+00
-3.700744816962580064e-01
3.169909000176932556e-01
7.042489324775578208e-01
9.479014975602954030e-01
1.275666738195611716e+00
8.639629534739742267e-01
4.981141801025586457e-01
2.576803248875201846e-01
-1.708257526500795098e+00
-5.754635620061357981e-01
-8.567817490729411067e-02
2.299653374645582726e-01
5.963503060097313790e-01
7.374077646604755287e-01
5.678751887187373226e-01
-1.859637637883855832e-01
-2.578739271144488976e-01
-2.973540586588191204e+00
-1.770896885921082076e+00
-1.382219738578447821e+00
-1.183433392494457337e+00
-8.059210689170386299e-01
-5.145068053646822959e-01
-1.069859524375265547e+00
-1.467247903330236358e+00
-9.658529060686920076e-01
-1.787874214704272990e+00
-7.464305970102098620e-01
4.030906860827366406e-02
3.801459628021182646e-01
6.651758924935635697e-01
1.114480571660748875e+00
8.181313005933045224e-01
1.271148889027025497e+00
4.318255946124238132e-01
-1.720855489228265478e+00
-6.961769763974610115e-01
6.879961238798533441e-02
3.952265928097057901e-01
6.875986366517912174e-01
1.134646468324562729e+00
8.951948692406670460e-01
1.347701583990466467e+00
4.871591202866676906e-01
-2.871272687375752586e+00
-1.544155172503290707e+00
-9.674655394207430925e-01
-6.985088959738037229e-01
-4.529417694456778776e-01
-4.347061819066729005e-02
-8.532053530835840283e-01
-6.333716025401604499e-01
-4.258881464121186400e-01
-1.767273857728209885e+00
-3.358533940656629468e-01
3.162770912152210734e-01
6.954327075285459125e-01
9.674451272938456858e-01
1.225532240337190881e+00
9.404979178171966048e-01
3.635625413212504320e-01
2.208843344645073092e-01
-2.042549846714212247e+00
-6.098563124076888942e-01
1.353098740627029783e-01
4.950867497735260137e-01
8.067085328049992121e-01
1.244208373494635422e+00
8.858956538865725427e-01
1.341135106601811122e+00
4.333380005563919890e-01
-1.646304814631812441e+00
-5.095203616541423841e-01
-4.016745422082167345e-03
3.209342383521772146e-01
6.791829229828805214e-01
8.235126099092717755e-01
6.501780119920681500e-01
-1.059306170959572052e-01
-2.111191013187965482e-01
-2.992078003971165856e+00
-1.541066579655080870e+00
-7.559210372427038749e-01
-4.493853057068144530e-01
-1.156030627495305829e-01
2.466701796305996730e-01
-4.970840766813684475e-01
-3.329251861943385848e-01
-3.858013117605273434e-01
-1.947261154022679186e+00
-8.251411705126731055e-01
-3.942718101979549028e-02
3.199664619850059455e-01
6.024943257335066971e-01
1.056008000645450862e+00
6.879044234206994624e-01
1.130876458116768291e+00
3.451864583510289575e-01
-1.670657192414969128e+00
-3.138234519001570910e-01
3.520964540452496960e-01
7.325541046651586896e-01
9.825851783592752797e-01
1.271310486227594128e+00
9.572173154831982167e-01
5.248094655129699193e-01
1.305847049978658969e-01
-1.607749633403592115e+00
-3.799233595862332447e-01
1.609696646967498646e-01
5.112255439238133636e-01
8.477638947826683369e-01
1.005975073291932809e+00
8.315970193321391424e-01
8.678383169339699832e-02
-1.020936052216711437e-01
-2.832704194141791643e+00
-1.621303813410271077e+00
-1.165554965651246722e+00
-9.265290229250463527e-01
-6.112592922625558201e-01
-2.621977559722907247e-01
-7.188726153688004272e-01
-5.656484539956105895e-01
-3.371021993882495349e-01
-1.981646572821847974e+00
-5.887034423901778002e-01
6.098164320174541408e-02
4.386357125712324057e-01
7.139664776678703584e-01
9.584743332883660649e-01
5.956460673413663809e-01
2.990547766086180670e-01
3.462983489500285565e-03
-2.072103420693236941e+00
-6.022699640609492366e-01
1.032954488469867288e-01
4.943703063534663489e-01
7.436297237784732506e-01
1.083181040696251873e+00
4.544784843855158019e-01
1.840499320345345136e-01
1.710177220946303145e-01
-1.867149472592245285e+00
-6.281068741029179892e-01
1.386236786781679942e-01
4.745138652247055111e-01
7.632924910810349184e-01
1.203916334450061632e+00
9.363969693289339036e-01
1.370500910114093029e+00
5.343830614275790758e-01
-3.305296875036166426e+00
-1.660084122254789518e+00
-8.480538122455382188e-01
-5.878421963782581861e-01
-2.289263631095705132e-01
1.600475288187986067e-01
-1.626476585836617472e+00
-1.053362036819674774e+00
-4.813229982713755351e-01
-1.531331435576691380e+00
-3.493803213359591986e-01
1.792873669292966987e-01
5.268278979154603636e-01
8.655481937440662188e-01
1.014255525836850635e+00
8.664784089785231291e-01
8.885054506873180102e-02
-8.911226174357425589e-02
-2.213748567686323110e+00
-9.247203888487356416e-01
-1.129300104902605240e-01
3.111719496481835101e-01
5.877550681734592386e-01
1.044280178132611425e+00
2.513009229322759608e-01
8.118589399045124111e-01
1.543301330602876442e-01
-1.961203629068907217e+00
-5.707045385016673578e-01
1.192618993042078579e-01
5.102855999348262506e-01
7.471342412651992282e-01
1.093598209477789629e+00
4.824524591906566018e-01
3.913022927866471323e-01
9.996310565243782253e-02
-1.708919235327724939e+00
-3.851924591789305796e-01
3.172411553087662872e-01
7.010840337261730060e-01
9.406951876527559486e-01
1.309207421998363374e+00
8.464974279490882214e-01
7.311287607089116403e-01
3.398387653216124460e-01
-1.721167846088513587e+00
-6.175626000287934847e-01
-1.430673052654262978e-01
1.671522071664137965e-01
5.428670388642731215e-01
6.731060515512500286e-01
5.197750401193432790e-01
-3.121771697317554106e-01
-2.086188363171765925e-01
-1.513325751040020428e+00
-3.393132926519990544e-01
1.889965001236442455e-01
5.353362834559773908e-01
8.769282030124789795e-01
1.012623016332006021e+00
8.923122882241989462e-01
1.061735515772670030e-01
8.180251396995394386e-02
-1.867003756948296678e+00
-8.013919364832867709e-01
-3.469479441021729449e-01
-6.150914724129841887e-02
3.225301188274496411e-01
4.658511605865988670e-01
2.897984272044316634e-01
-3.089905339624183789e-01
-1.943793322892929942e-01
-2.638376515013907131e+00
-1.440795163830850933e+00
-9.727525462633983544e-01
-7.262747188606162307e-01
-3.825436990174736485e-01
-8.482921352088224065e-02
-4.917891329317863325e-01
-4.159061813003075980e-01
-2.096859175345405779e-01
-2.128590803485077121e+00
-9.632201681300012197e-01
-1.795482584757003008e-01
2.231343861634761394e-01
5.202980773564901407e-01
9.649484503701072358e-01
4.710762288070165504e-01
8.266881052355362636e-01
1.354182703108247898e-01
-1.611379808284602921e+00
-4.553861716445446461e-01
5.270339397826545591e-02
3.854572526625311135e-01
7.435582813615917441e-01
8.772960577875933419e-01
7.321060032993760291e-01
-3.547618400116236276e-02
-1.106930537972142855e-03
-2.090248386618187570e+00
-7.738397229497593344e-01
2.410318300098533359e-02
4.243472258878427383e-01
6.995055456374508207e-01
1.152648733246480317e+00
5.822853654836367410e-01
1.128990108701678929e+00
3.207320927131125377e-01
-1.738848354584334288e+00
-4.624101387940924845e-01
2.497698229725087427e-01
6.369141994097664572e-01
9.090167376504185714e-01
1.336264610654284590e+00
6.577035929241765722e-01
9.887249691386074124e-01
4.050642476847902684e-01
-1.661749766451127375e+00
-5.298292350708728726e-01
-3.733434216059120653e-02
2.842627621518837300e-01
6.463787313718881711e-01
7.834480053449636161e-01
6.277585818121558248e-01
-8.422217789506306063e-02
-1.869611101333891745e-01
-1.797090307866951342e+00
-6.038880350105301220e-01
1.481014100478337814e-01
5.444256132021264571e-01
8.375755164636032868e-01
1.279972940098988765e+00
6.423648067482197188e-01
1.145685353459303668e+00
4.023469318532679195e-01
-1.489583153306188512e+00
-3.220017463561618554e-01
1.999043051453532338e-01
5.488868868912895049e-01
8.879835440732025686e-01
1.018598762053332996e+00
9.135579067886567817e-01
2.659641771032643098e-01
4.223102888720409176e-03
-1.836463642931902340e+00
-6.945304144798395418e-01
8.726501049091797690e-02
4.665916291266337113e-01
7.473125769657209538e-01
1.194546960333096042e+00
7.303273522987731026e-01
1.252440242073108667e+00
4.092602052573893201e-01
-1.926213719879679154e+00
-8.292715734976072728e-01
-5.493576396252481536e-02
3.265052525796027227e-01
6.302432889669201677e-01
1.067134232951046036e+00
6.307761987604396658e-01
1.020436973156717331e+00
2.571717210957568667e-01
-1.782540665165873062e+00
-6.283207196412027296e-01
1.178102342596898666e-01
4.641097587958782911e-01
7.744981725423787378e-01
1.207463767430524193e+00
9.273187078731767174e-01
1.359671206006653366e+00
4.733451502665822486e-01
-1.968775370891894472e+00
-6.154543107185628248e-01
9.104358681836951378e-03
3.719329543316151621e-01
6.713397866608280529e-01
8.804448786931227122e-01
5.587054477634649796e-01
2.283457717269042897e-01
2.225330046896055111e-02
-1.867174251489051917e+00
-4.432815281870620128e-01
2.516422478377200456e-01
6.396254720606493471e-01
8.859112690219463904e-01
1.219554448327214269e+00
7.524847823093783195e-01
4.459960106751723607e-01
3.385547015031057372e-01
-2.034070574783681806e+00
-8.437687305607262100e-01
-3.672587743445186736e-02
3.769836307495235128e-01
6.595423345485107447e-01
1.114199891398775843e+00
4.258516457333532124e-01
9.644646444868120172e-01
2.798814927554050258e-01
-1.696931681604718634e+00
-5.651939631315260337e-01
-8.308959047657286934e-02
2.315859778866679319e-01
6.035067709755738141e-01
7.301967787414899158e-01
5.851416137804174022e-01
-2.100727745939876545e-01
-8.195978972514265937e-02
-1.541903466819169344e+00
-4.033836842901364905e-01
1.010331480000320470e-01
4.400012829578920370e-01
7.881342530545102365e-01
9.283738015669852350e-01
7.870027893482113290e-01
4.283048913893880427e-02
-4.337644439231085058e-02
-1.717733804548693621e+00
-3.479466608645530590e-01
3.506038240312755461e-01
7.338082661603274603e-01
9.612787674644767133e-01
1.320163013305625910e+00
8.920340856768076421e-01
7.593940886367754883e-01
2.919410149972699320e-01
-1.786183097006189602e+00
-3.687438305991507237e-01
3.007305856931384302e-01
6.811908314878184489e-01
9.431149520786240581e-01
1.225036218459083281e+00
8.954887429432657475e-01
4.186187702157595503e-01
3.494631233521988678e-01
-2.110145644131672604e+00
-8.765794855887681925e-01
-8.716785200962999525e-02
3.363469641876118410e-01
6.181985882890402850e-01
1.074848356482818401e+00
3.315617023845059963e-01
8.651157814694090398e-01
2.473343537334321829e-01
-1.789768463853049107e+00
-4.676595769727697749e-01
2.389666010395492257e-01
6.282016923643907180e-01
8.689774963161410737e-01
1.236985012705000164e+00
6.847091688584782121e-01
5.531616049663098389e-01
3.807621137536056910e-01
-1.623943948328507636e+00
-4.770680377429856178e-01
1.943127463184439116e-02
3.499500892956693976e-01
7.101610287366401097e-01
8.305318973854106668e-01
7.089491144262176636e-01
5.017444773498655475e-02
-1.005166653041877356e-01
-1.923628035326221175e+00
-6.521112474997043940e-01
1.066417891200719947e-01
4.748495131680773307e-01
7.642293826061882234e-01
1.201495252991667373e+00
7.743312764809566762e-01
1.194453980530647552e+00
4.596173662225936374e-01
-2.000288480813712688e+00
-6.633680437968175747e-01
2.937674189912730174e-02
4.168869237790761573e-01
6.719439552676637062e-01
1.002072904828960276e+00
3.827801826011887343e-01
1.387233558213368800e-01
2.352257095107616880e-01
-1.758378805785658416e+00
-6.709063566351088914e-01
1.034530490369256484e-01
4.336365534613246253e-01
7.106985993000412005e-01
1.155192995007488399e+00
9.330496459641925977e-01
1.368360435295374655e+00
5.924183129376496826e-01
-1.598876023883694542e+00
-4.068682694220743801e-01
1.052600368908790940e-01
4.437577643218844070e-01
7.970914494045099330e-01
9.254388367286463524e-01
7.993134467604764426e-01
4.028552456569405027e-02
1.235872282047600773e-01
-1.753755235378373190e+00
-4.791276028064372916e-01
5.816706119631061961e-02
3.920921063762842218e-01
7.454978277722569269e-01
8.934175732507720902e-01
7.069842023082385518e-01
4.253192246162438434e-02
1.562141637756266632e-01
-1.809285822178251735e+00
-4.458031627568224131e-01
1.724057407053916913e-01
5.416490935477920043e-01
8.374874846353885793e-01
1.065235923204903346e+00
7.601489390683683345e-01
2.272905457374716498e-01
1.376798386859743317e-01
-1.531233628019013304e+00
-3.357755227234692774e-01
1.910307963739792947e-01
5.389584497226930226e-01
8.784883015884522584e-01
1.006392738498795181e+00
8.990931662759201748e-01
2.926702234822246007e-01
8.465103613596210164e-02
-1.470247625501283295e+00
-2.970762780355797883e-01
2.306825630398820770e-01
5.819244399087255548e-01
9.151496105305679807e-01
1.059187740894682594e+00
9.350312571620992275e-01
2.029914619923015306e-01
1.232279214252293142e-01
-2.283737159710961251e+00
-9.711736674061820507e-01
-1.843775419085173506e-01
2.151744572171568615e-01
5.225660365590236722e-01
9.662982555374998173e-01
4.483742605318297714e-01
7.966585353001033321e-01
2.271932249011664740e-01
-1.603551180084072492e+00
-4.493556805683056043e-01
4.777509705270324702e-02
3.790974684016573115e-01
7.392607036815197485e-01
8.538964455876001391e-01
7.405097553456491122e-01
1.675486330116018538e-02
2.139831374713895007e-01
-1.706882001651609970e+00
-3.826243753903585954e-01
3.164105199704048688e-01
6.994334001438149429e-01
9.321033156305031930e-01
1.273926858041852794e+00
8.528493739703183474e-01
6.744316249291807397e-01
4.108892597630963150e-01
-1.637710310147962867e+00
-6.936473654211101625e-01
8.901622744650701524e-02
4.688170567593461513e-01
7.628008060671883639e-01
1.213195640377184636e+00
8.069204742537227082e-01
1.294113726063643943e+00
5.672065449459063879e-01
-1.766915324066953286e+00
-7.648232858767429754e-01
2.990202275262823436e-02
4.219356086520575366e-01
7.141350241105803853e-01
1.168633783061061804e+00
6.691428716288092549e-01
1.171079483404133370e+00
5.055908397550340494e-01
-1.930588732014601128e+00
-6.536090061818464747e-01
9.541472548339888227e-02
4.856418159980278038e-01
7.973689073336641675e-01
1.243345397058787105e+00
6.713802548829602701e-01
1.094842625156851046e+00
5.667261769571712016e-01
-1.921834526012859756e+00
-8.040158598809905577e-01
-4.906878971101571313e-02
3.193393091625099101e-01
6.102241456166067612e-01
1.051474006761186963e+00
6.379466560812558917e-01
1.067410463084852879e+00
5.350818867991016248e-01
-1.599655090459954465e+00
-4.181518049989958463e-01
8.591946454668807076e-02
4.207410898439831182e-01
7.774028910707612150e-01
8.818985630517118812e-01
7.837231224833437482e-01
1.200242493410983297e-01
3.687431266624946469e-01
-1.587050057541255832e+00
-4.140250750316743500e-01
9.160253549019330144e-02
4.279843392608321251e-01
7.779966237979957233e-01
9.175205290702699301e-01
7.800826786124839263e-01
2.736532462825315704e-01
4.154717332614741854e-01
-2.000223072636459598e+00
-8.793707112912848567e-01
-8.190673165252551624e-02
2.789643540449175396e-01
5.630010203462849638e-01
1.009222748991484009e+00
6.351234658982413128e-01
1.086647495376305006e+00
6.123034303618254404e-01
-1.738980529901856142e+00
-4.926650124721017598e-01
6.196984450164259167e-02
4.010850823997735848e-01
7.460527336638478335e-01
8.522348988359558231e-01
7.047770779888248294e-01
2.614645698942441032e-01
4.418702015537395167e-01
-1.478701440062510031e+00
-3.021822214016292585e-01
2.207398762702036388e-01
5.707943975456947205e-01
9.076733806739821775e-01
1.005228489256633662e+00
9.399140457698579310e-01
3.306811666112710046e-01
5.707285637772382403e-01
-1.519570082655805843e+00
-3.340681733454897717e-01
1.931064166064809240e-01
5.417140196454054424e-01
8.792485318368969960e-01
1.023555467069609204e+00
8.952206243310663059e-01
4.273006142359247472e-01
5.677912960669654341e-01
-1.846328349847808026e+00
-5.314070835920940983e-01
1.835409526672952540e-01
5.569658762343046021e-01
8.584064582303010393e-01
1.302379797918118420e+00
7.735419190324560601e-01
1.129268337727671545e+00
7.370349021530915312e-01
-1.810855372031910271e+00
-7.427709449122948948e-01
1.429603058309181739e-02
3.652591996818252973e-01
6.600265755746536067e-01
1.095260637234742207e+00
8.150846513661931247e-01
1.236067385178059919e+00
5.982737231091821428e-01
-2.023021815738056173e+00
-6.314386303454492255e-01
7.542143835089999693e-02
4.634383630547497801e-01
7.012492968466966792e-01
1.051596963320228229e+00
4.346061441932164149e-01
5.662423876201194695e-01
6.800603528700563949e-01
-2.091850830321125176e+00
-9.497194564881601409e-01
-1.676699986580578172e-01
2.172354477927255223e-01
5.016969805587103703e-01
9.479342504262283642e-01
5.791317717801784948e-01
9.489439460918440705e-01
4.763317100135213145e-01
-2.889592232724212728e+00
-1.804241956552039783e+00
-1.476456388341113701e+00
-1.289782230406068209e+00
-8.805776469809253326e-01
-5.791960206878919992e-01
-1.098206652939967276e-01
1.835620209835694128e-01
3.619391318036408456e-01
-1.734855458070714507e+00
-6.371339548742209757e-01
-1.534360298301407077e-01
1.526173073055160090e-01
5.225097138946320774e-01
6.643160879610268132e-01
5.365940836650848755e-01
4.437129561569310710e-01
6.421120071545345365e-01
-1.803735669629088711e+00
-6.910307937367593523e-01
7.861862035490041478e-02
4.078024652651612847e-01
6.954928452130307859e-01
1.128178558989240576e+00
9.669058252525299935e-01
1.396433272323625019e+00
7.303574421279706019e-01
-1.930446636848226483e+00
-6.636524651458074464e-01
5.684831908310394866e-02
4.387728845681653778e-01
6.980479282617706449e-01
1.103123834828691807e+00
5.084001646706992616e-01
6.135299026752395468e-01
6.982399124275886493e-01
-3.004253921981307140e+00
-1.703798277742522238e+00
-1.190327785075239175e+00
-9.941347351396642162e-01
-6.893207389222795189e-01
-3.895064879415459647e-01
-1.228325731843737390e-01
1.755524565975490614e-01
3.437634302372579720e-01
-1.683762883602994531e+00
-5.767223936565328835e-01
-9.242571357380284514e-02
2.232018506523794077e-01
5.913770220366607600e-01
7.111694368431603630e-01
5.864804051327112688e-01
2.452546592707982587e-01
3.582551106927615581e-01
-2.207529371704282095e+00
-1.059042799812486280e+00
-2.479010860726872933e-01
1.812459144812128831e-01
4.827125582742412546e-01
9.514387164864166468e-01
2.932386810416168221e-01
6.604731963859140631e-01
6.231259671744407980e-01
-3.035721210718647978e+00
-1.573240574695404570e+00
-8.799724118112632887e-01
-6.317823439234941940e-01
-3.540899559180384903e-01
6.649814470175642589e-02
1.139562498755451320e-01
4.764043379179589977e-01
6.817841088108036463e-01
-1.805006282761902892e+00
-4.401449974924931952e-01
2.602538511377044950e-01
6.395622012039811066e-01
8.728349249612201710e-01
1.221678995662949241e+00
8.091048615961653478e-01
7.268265285965544997e-01
7.752812634117847157e-01
-1.718699374666379676e+00
-4.605092812729185137e-01
2.393750972445204961e-01
6.234561747303765111e-01
8.735286316906704096e-01
1.288878322724787751e+00
6.837739356744640951e-01
9.781693594302968142e-01
7.819213788775326579e-01
-1.826505410004072960e+00
-7.173880426026436608e-01
4.581358968928481851e-02
3.838910624080065226e-01
6.750159905387834725e-01
1.107798289720007157e+00
9.221339066722824551e-01
1.350765546263718253e+00
6.952889037865633837e-01
-1.953011932123380534e+00
-9.393718645923168076e-01
-5.123661385075966024e-01
-2.435372730493129134e-01
1.601298938239282821e-01
2.600089132202261233e-01
1.842257320947503496e-01
5.288896158408136830e-03
3.665190889753104919e-01
-1.651036475642989165e+00
-3.299916339859111925e-01
3.589523960795840685e-01
7.401004950865951448e-01
9.714165115197403999e-01
1.313582708898546336e+00
9.267602417314383390e-01
8.078101510807899066e-01
7.760098545125828640e-01
-1.827060594128159465e+00
-7.026053177933241356e-01
7.196983628447294057e-02
4.512627351557789712e-01
7.623817005682546055e-01
1.220928285770908950e+00
8.434294981984782336e-01
1.305659390638775230e+00
7.942354130656562594e-01
-1.742462182292429995e+00
-4.988971397857997481e-01
2.117576278375500332e-01
5.780791625948438206e-01
8.688793685654774279e-01
1.298592039363889450e+00
8.669735446661422928e-01
1.290031156106688615e+00
8.759816994148612590e-01
-1.977664279281557302e+00
-7.701016429882316938e-01
5.010316588368078118e-03
3.879513883490287585e-01
7.003303357235466375e-01
1.159282459376210550e+00
7.423332802319154711e-01
1.198224983697119939e+00
7.583461907404027702e-01
-2.732238895864719908e+00
-1.826259564052832296e+00
-1.618703499515496746e+00
-1.456787734230689635e+00
-9.725331759099682394e-01
-8.148682364246562226e-01
-5.575074306321328166e-01
-3.701750026990367481e-01
5.827951922783131122e-01
-1.470315544857338175e+00
-2.990567657825229930e-01
2.380278447858004132e-01
5.933024803272815006e-01
9.259947116945670409e-01
1.052651779271524202e+00
9.558119337223986989e-01
5.256393098621564564e-01
5.035422251628354218e-01
-2.488614108731272534e+00
-1.582311701082205424e+00
-1.299928161539992022e+00
-1.088986920741862319e+00
-6.460210569557749416e-01
-4.924224916868350510e-01
-2.122287383263440630e-01
-5.337549231538438188e-02
4.461789356301225085e-01
-1.532366153745174930e+00
-3.625607385828916729e-01
1.494538582014917905e-01
4.887238365121469030e-01
8.355962141149035904e-01
9.119976435734984399e-01
8.512323562548383959e-01
3.007450253028799425e-01
6.974972530735584764e-01
-2.723200115233292973e+00
-1.822580323485887721e+00
-1.519436949908400392e+00
-1.343054374479229818e+00
-9.307168469049054149e-01
-5.610949309986631439e-01
1.799433255324988656e-01
5.350217696249979227e-01
7.439918310079157715e-01
-2.198957705422960096e+00
-7.769388201679700012e-01
-1.581549698966411011e-01
1.818794738322936366e-01
4.864639368902822780e-01
6.587874780789729767e-01
3.152252718121186792e-01
1.597464168198315659e-01
6.717802602870706075e-01
-1.556449773230475842e+00
-3.644124963117310601e-01
1.673413562908528940e-01
5.149316745686062236e-01
8.545707309254074735e-01
9.979031975439909274e-01
8.656670927688996375e-01
4.776191854384341795e-01
5.732485409150811506e-01
-2.232855171021896901e+00
-8.604626197085064598e-01
-2.356294138315299935e-01
9.658926916802140772e-02
4.012026960408585641e-01
5.925262177547042652e-01
1.936491745885347560e-01
7.494143950444101532e-02
6.652052200178306673e-01
-2.236585681788021862e+00
-8.461988086802528786e-01
-1.804958617711761582e-01
1.857185416366558817e-01
4.431079348113834415e-01
7.698374150677761429e-01
2.996669945103321298e-01
5.621465245500761876e-01
7.569368679631960362e-01
-1.741889091558476377e+00
-3.380185936712871153e-01
3.377565916617578101e-01
7.098445550155273454e-01
9.514047394161955218e-01
1.202194943752452838e+00
9.689863307527843972e-01
8.079503121539295396e-01
7.029152498741829680e-01
-1.663027065610670041e+00
-5.084346215748297704e-01
-2.130625033236094139e-03
3.238877830771358934e-01
6.804786570464543827e-01
8.278562038078856045e-01
6.867777839035744680e-01
5.578684560969745521e-01
7.572497452950158747e-01
-2.963415745616353902e+00
-1.768670366802653771e+00
-1.354315507934977125e+00
-1.183305061673170844e+00
-7.908753571208744226e-01
-5.541728897313528135e-01
-5.654306945422138408e-01
-3.205817632778093507e-01
6.317447077152651413e-01
-1.561973270660838242e+00
-4.026758080733366385e-01
1.166600588192068938e-01
4.552743395734864529e-01
8.015579614689526400e-01
9.455018701094425326e-01
8.165971648365900615e-01
5.807752749673166237e-01
7.623980477092537900e-01
-1.867051835067904175e+00
-4.815186279053498830e-01
2.095634974311843257e-01
5.972817870596695000e-01
8.300204871560361575e-01
1.197513399580468096e+00
6.472805136473687160e-01
7.540631188842578103e-01
8.038479895428570776e-01
-1.865699205743654998e+00
-5.247506807167308107e-01
1.706419157058519376e-01
5.497902538644698911e-01
7.853443256526472238e-01
1.110829969422620911e+00
6.837647037349943169e-01
6.027242741484751809e-01
7.893735330829372288e-01
-1.743685628712635882e+00
-4.524411828502633570e-01
2.591386753639683960e-01
6.336294250324885358e-01
8.714201820234385165e-01
1.258747252854421905e+00
8.041488002237253685e-01
8.741219888856971432e-01
8.360260645020334280e-01
-1.747274399529627598e+00
-6.407901352839934228e-01
-1.723765352636621173e-01
1.225793995256099500e-01
5.066362226028411353e-01
5.662647372711241411e-01
4.769097626535979129e-01
-2.180156445947882549e-02
6.672582440279234417e-01
-1.527564038160144522e+00
-3.394895303405235376e-01
2.025114161415312586e-01
5.515581358009173929e-01
8.856054745640241643e-01
1.038847766525135663e+00
8.996121388877960090e-01
5.696916001708189903e-01
7.493346976556169992e-01
-1.554400141210604547e+00
-3.860926979419487259e-01
1.195139691704630580e-01
4.580277447257382062e-01
8.096580642968140840e-01
8.786469763881545880e-01
8.193862591415366214e-01
2.917565110501734726e-01
7.221416984136191930e-01
-3.392232649926801624e+00
-1.676609067144763543e+00
-9.018672006156678300e-01
-6.441502555573593858e-01
-3.047526065015357943e-01
3.635778455925722102e-02
-8.914566531936717053e-02
1.927398665566878999e-01
4.510294604910024541e-01
-1.796320789043826860e+00
-6.820819634662459441e-01
7.473166998035042641e-02
4.022378774279485869e-01
6.878141400684336659e-01
1.121946884721770621e+00
8.821411270590095999e-01
1.356024267946066786e+00
9.406330029408760396e-01
-1.622327057219960178e+00
-4.516412279965185128e-01
5.031161459060054519e-02
3.761747322427668183e-01
7.357487910502569228e-01
7.969171517508609748e-01
7.347269792492607809e-01
2.416872300385521366e-01
7.043361717294328583e-01
-2.869760656660024001e+00
-1.791314940611090201e+00
-1.516439441871014315e+00
-1.355454317337146719e+00
-8.771859277672083843e-01
-6.941770683737427117e-01
-4.559694215430003528e-01
-2.338975192460291397e-01
6.705782771939761133e-01
-1.741440985696512511e+00
-4.355017649835776772e-01
2.575894862446246325e-01
6.305436711293689322e-01
8.578119873381591098e-01
1.215068786385725907e+00
8.205426725989731773e-01
9.501749348917813975e-01
7.005487885797406777e-01
-1.935529533166777449e+00
-7.016441983539171146e-01
-1.847059316140233776e-01
1.240080391292668199e-01
4.867803786396834309e-01
6.673262727995660226e-01
4.932294585931060737e-01
5.976347395879659796e-01
8.001366654524135757e-01
-1.645277302856755997e+00
-3.142412750882914163e-01
2.790777039029423978e-01
6.436098028369962032e-01
9.474563052198787805e-01
1.083612236838583209e+00
9.536285545078995174e-01
5.582381427547544739e-01
8.219535826690869129e-01
-2.475007449049337005e+00
-1.145512503384103153e+00
-3.468652135473447862e-01
6.295423537202353426e-02
3.283034570330413682e-01
7.750807023341513835e-01
3.853903313774421635e-01
7.346695309539817975e-01
8.362727597983589112e-01
-1.897840798626647674e+00
-8.803574059244847483e-01
-6.070117081756083027e-02
3.291322067920229855e-01
6.421770550278323997e-01
1.108282199218145525e+00
6.212651114497012017e-01
1.061726598426235846e+00
7.979925110769252594e-01
-1.701936519462806885e+00
-7.827563599085126667e-01
-1.105119523067725484e-02
3.745938377509546724e-01
6.865167390001198910e-01
1.150143988805243822e+00
7.533103275502885943e-01
1.213606665218079028e+00
8.272956057497075077e-01
-1.607462371480937291e+00
-4.605775441090072531e-01
4.058470891658502722e-02
3.708802591840382745e-01
7.250993029067728246e-01
8.658877500132217131e-01
7.489003576637808246e-01
6.252842817782653384e-01
8.239373470575414027e-01
-2.813541126569452100e+00
-1.536888418162363434e+00
-9.721620960706605086e-01
-7.036054171860777195e-01
-4.528387091055909308e-01
-3.073958026155359721e-02
2.573553829240083912e-01
6.190282727675210372e-01
8.224022408457520861e-01
-1.869113516239111705e+00
-5.192759115208422926e-01
1.664995197924074577e-01
5.414725179735366822e-01
7.693624139050834199e-01
1.089599724579742412e+00
6.707709051247937593e-01
7.841848088793627047e-01
6.493913371548177826e-01
-1.805635713911698748e+00
-3.533940518186027835e-01
3.113473427698348339e-01
6.922235447777019823e-01
9.494497750142898429e-01
1.224402864121691303e+00
9.244924100827596192e-01
7.140389850315342901e-01
8.429561257259244877e-01
-1.990081313082727510e+00
-6.865444387439325613e-01
1.529411776996685707e-02
3.939181527060515720e-01
6.343942104581147268e-01
9.823672809360168845e-01
4.663264554525045624e-01
4.864525054417416228e-01
8.025024602301340515e-01
-1.866686348814219576e+00
-8.277704125623887021e-01
-3.777023096970408278e-01
-9.402646383218442316e-02
2.900295835558598934e-01
4.361115919187328327e-01
4.336011985984207229e-01
6.128232542631579793e-01
8.209819850748832915e-01
-1.777901758789812048e+00
-3.874603928855911428e-01
2.671940121942779078e-01
6.439389264284723913e-01
9.057869810079168804e-01
1.118036990635788763e+00
8.976548877670853521e-01
7.221986706770519016e-01
6.730353236661555938e-01
-1.836899519852900786e+00
-4.258816732782801373e-01
2.566982175120631759e-01
6.455030042662855960e-01
8.860361537088804473e-01
1.202248816841737566e+00
8.029033819159261398e-01
7.314997985920388412e-01
8.453615384241970343e-01
-3.177377147731901275e+00
-1.628209961784221393e+00
-8.890746397552374836e-01
-6.676502794418245346e-01
-2.880742548483347099e-01
7.399876797682344853e-02
-4.585125604150090406e-01
-1.892999736564985325e-01
7.162540910616259637e-01
-2.386736363064984712e+00
-1.065361937726687636e+00
-2.489648811556232633e-01
1.727321717894780562e-01
4.742810425409418884e-01
9.462772234568607166e-01
3.206743068712188394e-01
6.597551564749170039e-01
7.753242444158419122e-01
-1.861446897499726694e+00
-7.567671852900570428e-01
1.667741275576922061e-02
3.815319134445343541e-01
6.645009428837810317e-01
1.105656935401085006e+00
7.481908794143722341e-01
1.190856675521285490e+00
9.246102050506100900e-01
-1.712616379734311911e+00
-3.213602655831087618e-01
3.268611561844201874e-01
7.031385106077748803e-01
9.662711102110387307e-01
1.183217554614973466e+00
9.856651818316327640e-01
7.623973046812327903e-01
6.683056541097907033e-01
-1.516581981694324677e+00
-3.272401036667448859e-01
1.925868880771382519e-01
5.404967917674863287e-01
8.815762784770465599e-01
9.522374890813092296e-01
8.974465901869312923e-01
4.211413867294377389e-01
7.942142302741743709e-01
-1.955225791387193768e+00
-5.425084069359049632e-01
1.098238526063267939e-01
4.880137229344567729e-01
7.598427747631335549e-01
1.026798727538208000e+00
6.603281762764008356e-01
6.215337020500288912e-01
7.911566502461663264e-01
-1.866848649751373213e+00
-6.277462344484174839e-01
1.404554993200016477e-01
4.692793605576126015e-01
7.561788281457623162e-01
1.192262047323509044e+00
9.513843508648988090e-01
1.398401369637842340e+00
1.007488171276470945e+00
-1.728813697754437939e+00
-7.050088309451143509e-01
6.962255786426346793e-02
4.128138737694455607e-01
7.168420319803314733e-01
1.148436764948186584e+00
9.440767724465026767e-01
1.372723491455100087e+00
7.921670935719126172e-01
-2.723396348013650492e+00
-1.440485958515933085e+00
-6.625037924867919203e-01
-3.249272868073164178e-01
-3.741904108266124601e-02
3.320401142062054389e-01
4.576421044549477263e-02
2.893808020061530706e-01
5.315516283397722086e-01
-3.505721228773079456e+00
-1.631602476063968910e+00
-8.392660465579803164e-01
-6.039149146978812777e-01
-2.309407830933092043e-01
1.399660299502639704e-01
-4.269527052628192543e-01
-1.582407756550510691e-01
7.405812849179556068e-01
-2.801639265887643671e+00
-1.444297592371745154e+00
-6.426942082278691570e-01
-2.703626486377145310e-01
1.853886434275637922e-03
4.122859696372010441e-01
3.055054533119356264e-01
6.664145443319811069e-01
8.557906403217551139e-01
-1.711814682595049542e+00
-6.030805339581792879e-01
1.367997372955617463e-01
4.971011118919018701e-01
7.879878418573053045e-01
1.220012187079628774e+00
8.626326947109641541e-01
1.304543200550684290e+00
9.648633327397490023e-01
-1.871700903640888702e+00
-7.797012307963422373e-01
5.798198817496614740e-03
3.393275802883413128e-01
6.270891805342257985e-01
1.063095653847405897e+00
7.947933206745687595e-01
1.276284609457897234e+00
9.154122291995502314e-01
-2.696053379504390168e+00
-1.853902089486825666e+00
-1.586527962262024305e+00
-1.413311995099819862e+00
-9.871092718247400644e-01
-6.005593288921191597e-01
2.508012753867509548e-01
6.088480766883406226e-01
8.282654660327504192e-01
-1.632446053680634890e+00
-4.564131531724678337e-01
4.872257287459862835e-02
3.780480881348422528e-01
7.356123821057848344e-01
8.370637753640084444e-01
7.487444026325819069e-01
4.070892642436039210e-01
5.616857008555533604e-01
-1.829249746119909759e+00
-7.345960473930522872e-01
2.579887196108602079e-02
3.933768933561223591e-01
6.776263945566578517e-01
1.118130775895806117e+00
7.389966258402864696e-01
1.176824325638080149e+00
9.465669032212751244e-01
-2.689906409233997486e+00
-1.350471875044618519e+00
-7.612978216513298646e-01
-4.795752405105646043e-01
-2.038400697567928077e-01
1.532997687336729031e-01
1.738184417615151744e-01
5.036712946236181487e-01
7.222819138948866069e-01
-1.503613663860836835e+00
-3.041458357562766279e-01
2.386514010489897697e-01
5.925105930905569807e-01
9.233170047676767522e-01
1.075108695158081051e+00
9.530369867446604193e-01
6.778650511330263084e-01
8.643998721489001280e-01
-1.591112784893050414e+00
-4.863124674690375571e-01
2.162434104215324171e-01
5.850871742238490381e-01
8.751457867430940674e-01
1.305085719767267172e+00
8.683281550140988791e-01
1.294683711588049846e+00
9.768712109215476058e-01
-1.939675947278272083e+00
-5.393510405407736519e-01
8.851328785935309862e-02
4.553806067274393521e-01
7.491303758337847229e-01
9.064187904502358784e-01
6.628428177718980185e-01
4.412497024404484769e-01
8.367700448915341704e-01
-2.704380745593351065e+00
-1.789884122345820616e+00
-1.525684349994366862e+00
-1.333588014044382097e+00
-9.023798482222430417e-01
-5.897826077134089573e-01
9.134767137771165890e-02
3.473339252946081590e-01
5.271210016887419858e-01
-1.695131301167253302e+00
-5.781170882818604806e-01
-1.027043191630083729e-01
2.039456471575106233e-01
5.796489466001425450e-01
6.290868030991326743e-01
5.595719298283550192e-01
1.176533369171066518e-01
7.901920212652139286e-01
-2.049416730864093150e+00
-7.026190240101443107e-01
-4.250720003682520454e-02
3.280186821873219416e-01
5.882438620836641929e-01
8.112645744217960031e-01
4.614966608846197693e-01
5.545013458843187637e-01
6.137927521380120988e-01
-3.083498056708715129e+00
-1.722782585244684528e+00
-1.167256506853635800e+00
-1.001948125154859426e+00
-6.894523146295320482e-01
-3.614825252762887131e-01
-4.168572602858943155e-01
-1.427204632592014300e-01
7.752227688474166989e-01
-2.202206795054606925e+00
-9.356482483975094855e-01
-1.634165680044044888e-01
2.397771068200596212e-01
5.149143513381573278e-01
9.563584327088521242e-01
5.177694915759143424e-01
8.927701878118697865e-01
9.157258111295194514e-01
-2.050431080073032764e+00
-1.032444187592004514e+00
-6.163945245177162580e-01
-3.751792205434733574e-01
4.780579997163192374e-02
1.032455217724569801e-01
4.632788307148775347e-02
-5.046218184626740516e-02
7.775847930412771447e-01
-2.063237647764553095e+00
-9.232995678997164557e-01
-1.421457019011697076e-01
2.382772055686611379e-01
5.182233917836398529e-01
9.625098674103617080e-01
5.955505465108519303e-01
1.011606420287379571e+00
9.140406925356019396e-01
-1.502634928243939072e+00
-3.015511125110448831e-01
2.228718891735410046e-01
5.709430683751456348e-01
9.078689483879358590e-01
9.956523807549865213e-01
9.352476039884911607e-01
5.189743702495331901e-01
7.472833246339817270e-01
-1.783565766185150059e+00
-6.987092035744059126e-01
-2.363434790368825755e-01
5.035106877351029631e-02
4.392917904738479762e-01
4.853101354764977060e-01
4.112654728634554946e-01
6.884112353884024038e-02
7.879968697596395621e-01
-1.835219997066099173e+00
-5.694341089606759221e-01
1.508727935194901504e-01
5.214361459060146142e-01
8.202243746048383244e-01
1.253560603784348082e+00
7.878068786419369918e-01
1.107514007053427951e+00
9.134246224891949817e-01
-2.517977047343786356e+00
-1.832446239625896700e+00
-1.571687728066504475e+00
-1.390608703006493974e+00
-9.673541435388467447e-01
-5.335160323613017397e-01
3.098038375869895389e-01
6.683723000361584399e-01
8.803102145333963069e-01
-1.925877677468034177e+00
-7.536204660038676728e-01
1.250116226119008835e-02
3.543742144983039188e-01
6.356565043283506355e-01
1.076017139571936010e+00
8.024003931724544847e-01
1.262677151498096340e+00
9.886784365860507018e-01
-1.879473535854998545e+00
-5.347503057790586878e-01
1.306064174221243102e-01
5.072382153539937155e-01
7.651314542146653297e-01
9.858609713761969928e-01
6.787194645115230962e-01
5.315344785538507200e-01
8.772428807796607275e-01
-1.852009153385874241e+00
-6.629094568794424713e-01
6.827563073674604299e-02
4.406455241239654042e-01
7.319578562155656387e-01
1.150439740602458905e+00
7.614484652949561339e-01
1.108381679426507782e+00
7.464937664475627122e-01
-2.160205716822280575e+00
-8.396904102361865130e-01
-6.178938462963146777e-02
2.974603786254430560e-01
5.940452474588815424e-01
1.033267030771444439e+00
7.534841961715219583e-01
1.171358968231586806e+00
7.258420898552433442e-01
-1.842205649825498393e+00
-6.931981018936045347e-01
6.809107767550076629e-02
4.378458495908535419e-01
7.517286372525073812e-01
1.212290896596703416e+00
8.383359428737423569e-01
1.286284443597595528e+00
9.224656846215429917e-01
-2.049451977776593825e+00
-7.656487522009503000e-01
-3.724785056095820945e-02
3.540612037977055593e-01
6.001771670532405345e-01
9.856578181988532306e-01
4.323478099360324456e-01
7.616747509509949055e-01
9.187440001450297711e-01
-2.128681123769260886e+00
-8.965032063475010249e-01
-9.802333685548882125e-02
2.997322419617496347e-01
6.083379069990938470e-01
1.077514193563745337e+00
5.772817959839164903e-01
9.957272323841358519e-01
8.769883937411434571e-01
-2.075737898118797276e+00
-9.316184682886657908e-01
-1.336700117183071135e-01
2.306215206895933789e-01
5.104163902309019063e-01
9.544855067395854320e-01
6.364934027713482489e-01
1.069632669896604327e+00
9.303348371638071601e-01
-1.527990930193212415e+00
-2.983907849066092521e-01
2.710897946604711728e-01
6.331304339351675470e-01
9.507855148162883685e-01
1.124283653868142885e+00
9.730194267543371689e-01
7.107077861063760826e-01
8.945178115806152741e-01
-1.699779134973580685e+00
-5.810141492759721693e-01
-1.007553303541578044e-01
2.127226939642105075e-01
5.831648919238945350e-01
6.932726330666315606e-01
6.069582230852292870e-01
4.278439812270724008e-01
5.841583156862159010e-01
-2.696599843004659380e+00
-1.804265444327101120e+00
-1.591823191280183680e+00
-1.424394431588391186e+00
-9.366231026511414592e-01
-7.020371243289933449e-01
-2.328817139735794295e-01
-2.444578688818557777e-02
8.197317685836216228e-01
-1.684559682752493126e+00
-4.010601720298258011e-01
1.775109610441654162e-01
5.323857655194792482e-01
8.540428574845774223e-01
9.548642777736379150e-01
8.144555872977944366e-01
5.021437561161905538e-01
9.040967629504421677e-01
-2.704471873580356345e+00
-1.898301759437681424e+00
-1.643066800474114908e+00
-1.467211582719638141e+00
-1.031680493171243329e+00
-5.370293485340402739e-01
3.597124163619065396e-01
7.182003904704969965e-01
9.234487377427631483e-01
-2.042013939466770012e+00
-9.062302861181738001e-01
-1.243492443585387242e-01
2.777818968546385547e-01
5.826202035892301678e-01
1.051089078185458936e+00
5.850304215892520032e-01
1.000816890176338125e+00
8.925793212284837130e-01
-2.024150815717367102e+00
-6.905487409289343681e-01
-8.655419143069380261e-02
2.648740646580907687e-01
5.725636796353992253e-01
8.210782702596164384e-01
5.419105227880014475e-01
7.249373015132224429e-01
9.242147937706649552e-01
-1.578781862930035418e+00
-4.172673156053173793e-01
9.587069354249978803e-02
4.323094281540540429e-01
7.797542900642389085e-01
9.246443927833707388e-01
8.139498956589882317e-01
7.426284232927757856e-01
9.313084637770945307e-01
-1.768751929658346711e+00
-7.311317502618042141e-01
2.663826456626158454e-02
4.056155688948888671e-01
7.160937423818244385e-01
1.176802569053002845e+00
8.035066608382563924e-01
1.248391724333342223e+00
9.395680376237777187e-01
-1.716767110252347184e+00
-4.497415091934255371e-01
2.423345975132788210e-01
6.177732933566681961e-01
8.706490987189694497e-01
1.279724390364341380e+00
8.238427690314817919e-01
1.015043522440319812e+00
9.635603197110890195e-01
-1.546614337770254810e+00
-3.727885600664621046e-01
1.449735891758423545e-01
4.893494532043992096e-01
8.340107643401549753e-01
9.626266316755667241e-01
8.621485065931521197e-01
5.840120220532776241e-01
6.930969455898543519e-01
-1.902232692032849837e+00
-8.440440909188138274e-01
-4.116941204463485660e-01
-1.443710818808033591e-01
2.607889999294884520e-01
3.036972615320879809e-01
2.470884349710976979e-01
5.256878791625070602e-02
8.440699230380658280e-01
-3.089663118813732456e+00
-1.644678373735873889e+00
-8.255764132980810688e-01
-5.340965475185313061e-01
-1.664104962232020868e-01
2.229587629626151590e-01
-2.406594578451834998e-01
4.371760530652763627e-03
8.477926308330171468e-01
-2.517520019927253383e+00
-1.172233785453725474e+00
-3.397644642477588572e-01
7.866551019905547448e-02
3.738957808665221982e-01
8.456492400026121015e-01
2.324318759201252083e-01
5.083530797091107001e-01
8.741688324201578597e-01
-2.380283222856854675e+00
-1.525165148963215200e+00
-1.208416794554785012e+00
-9.993429280789017932e-01
-5.765096782181946544e-01
-3.128791963387266284e-01
3.570585179109419527e-01
7.111148735781841479e-01
9.234620979264893670e-01
-2.112298436165705340e+00
-9.528859662979650702e-01
-1.657433501962458089e-01
2.330382263058029535e-01
5.403993744545160238e-01
9.938204149399507692e-01
5.334800367237373386e-01
8.781821553499089550e-01
8.706158274110423756e-01
-1.939170274658083004e+00
-6.373864874217749499e-01
8.671990493351106055e-02
4.815842636336109539e-01
7.261307246376554891e-01
1.123795044917996755e+00
5.381610907388566512e-01
8.526328595019510015e-01
9.658299672970399596e-01
-3.244026967312059639e+00
-1.679109718324119926e+00
-8.770814974522589402e-01
-6.146959503135974723e-01
-2.829918277719605801e-01
8.284896333682753577e-02
3.413824611856735580e-01
7.157673296861486456e-01
9.278796272799383349e-01
-1.834336965850215551e+00
-7.646449821507023126e-01
-2.983260232766993814e-01
-6.751314672843361335e-03
3.722551354269608703e-01
5.197190775261456563e-01
5.141161685954195315e-01
7.120161239380726759e-01
9.282073184196867333e-01
-2.919620693867697181e+00
-1.841696977933897195e+00
-1.577276199257428901e+00
-1.421344509124928601e+00
-9.372107712116312106e-01
-6.451508799869979383e-01
-1.447449955173602809e-01
7.108348944611746212e-02
8.586608199678732456e-01
-1.530708770217220405e+00
-3.623397193525769167e-01
1.585079364633845966e-01
5.059239406876873124e-01
8.478618445662604586e-01
9.918537960684298271e-01
8.811739536151131924e-01
7.339548752513799235e-01
9.313860360480400447e-01
-2.259278144834472091e+00
-8.726434242348539705e-01
-2.477963816126476093e-01
8.544700925819039006e-02
3.736944357317905085e-01
5.334403298400037796e-01
3.205475759067316077e-01
4.763471898746597932e-01
6.722065000223111930e-01
-2.039885230970306385e+00
-6.394270960838804863e-01
2.810360777553576675e-02
3.957671505691420788e-01
6.508730138110385699e-01
8.684720712504460094e-01
5.473723990382581839e-01
6.346331487721238451e-01
7.041475071406727571e-01
-1.832662405156824548e+00
-5.038133137293999697e-01
1.948367408562415581e-01
5.734439812798137748e-01
8.169451890071628419e-01
1.208499629791378149e+00
7.463180048578255121e-01
8.763115412564427276e-01
9.664419149040709422e-01
-2.692316400644704899e+00
-1.454731463999033636e+00
-6.548482576481395867e-01
-3.056961445330236837e-01
-3.317490731352291250e-02
3.469679518678609464e-01
1.752985119675645465e-01
5.112596753250863157e-01
7.160344270945919742e-01
-1.689791103060034549e+00
-3.537762325219923065e-01
3.016626419144883275e-01
6.779428007742062112e-01
9.348911641606918455e-01
1.148617327287642320e+00
9.162770392054018220e-01
7.060388614284869302e-01
9.719707216745109291e-01
-2.878480232559418539e+00
-1.638944240615256787e+00
-1.174967313226024324e+00
-9.393582021542493665e-01
-6.329007063791225463e-01
-2.067991758073708941e-01
3.752845884021810408e-01
7.416444325209070598e-01
9.491412604321032287e-01
-2.201898634521005427e+00
-8.952029308701832111e-01
-2.468600185213396248e-01
9.293763647149838603e-02
3.701863259955336938e-01
5.693043705088600692e-01
1.811906296902910385e-01
2.485215645030528775e-01
8.955916212561280121e-01
-1.516791601582025306e+00
-3.462928090988924290e-01
1.724773835458188187e-01
5.171390922462311135e-01
8.625366228423797521e-01
9.397375368821574426e-01
8.796082883491801452e-01
5.084346879503955918e-01
8.268439688655399022e-01
-1.902936118338264704e+00
-8.576652375448075016e-01
-4.107308765634578585e-01
-1.375379115530480367e-01
2.610636160399372740e-01
3.516981108977613735e-01
3.455510185844185567e-01
3.267179874454279598e-01
6.957977061109201777e-01
-1.794795230702410205e+00
-4.324805763021528082e-01
1.731871130137014880e-01
5.396905645458690559e-01
8.407939720436969910e-01
9.994625093240293578e-01
8.140787446321976484e-01
6.542441256980244813e-01
7.248384884645143744e-01
-1.679845984177106288e+00
-3.571338752529448768e-01
3.264705032042630184e-01
7.068549772818693011e-01
9.360386093714371247e-01
1.337187241376510904e+00
8.734346865528973547e-01
1.050310609799301576e+00
9.443096271196061986e-01
-2.571685047373952315e+00
-1.641021654577188738e+00
-1.370527088008609562e+00
-1.174970522361050040e+00
-7.127122703946894289e-01
-4.615679493241859332e-01
1.026972569094190962e-01
2.787464318991083601e-01
7.388313293529242820e-01
-1.709028258917812737e+00
-5.954362282247414040e-01
-1.139049614180185493e-01
1.992546055714499997e-01
5.686436968201135089e-01
6.971872249385703268e-01
6.033822227925120796e-01
5.483863526382071196e-01
7.049201071832779109e-01
-3.059998382050559851e+00
-1.594381731648309986e+00
-8.452566786061475046e-01
-5.895899542364583246e-01
-2.656058188798730568e-01
1.337464278519462646e-01
3.970037123591014239e-01
7.729154837985647841e-01
9.764583536767827976e-01
-1.737570498420359932e+00
-3.677607061071404004e-01
3.080358084205824243e-01
6.861020425982359283e-01
9.265417674875789933e-01
1.171718975781918415e+00
8.991691833675639067e-01
7.725195319502150548e-01
9.822806638911879551e-01
-1.728821392337639873e+00
-6.327694615621479723e-01
1.103646604826303002e-01
4.611437132413745421e-01
7.500799384633665134e-01
1.184608411088480473e+00
8.882090186022504330e-01
1.333106100873756805e+00
1.077272528048963673e+00
-1.797867040856652388e+00
-7.708904421309621391e-01
9.253250172309195748e-03
3.542964844212553865e-01
6.594749401274395684e-01
1.094516269754559845e+00
8.644218192656060173e-01
1.292876195198957134e+00
8.781798520261622221e-01
-1.927335160442294582e+00
-8.345166056060092652e-01
-6.886438701284780528e-02
2.932882669703670286e-01
5.828787712969796253e-01
1.022861917359946249e+00
7.374509880246132854e-01
1.158417472654575286e+00
7.994924094825680561e-01
-1.560110147953528204e+00
-3.734943598348509641e-01
1.434511998496318386e-01
4.797412320927690321e-01
8.278666990863052799e-01
8.820595439702154650e-01
8.207019570312584777e-01
4.328887892039309238e-01
9.467852328895287606e-01
-1.893324118658787025e+00
-5.810845485516302755e-01
1.542191995947963246e-01
5.226569162588634576e-01
8.238370008835276259e-01
1.265094751097640247e+00
8.359443254806770973e-01
1.191604069518021003e+00
1.010544340762843385e+00
-1.574666829769903131e+00
-2.990592632804902617e-01
2.479442437368162278e-01
6.000985411068298081e-01
9.263098923763083414e-01
1.006207650102199036e+00
9.241063222638550290e-01
5.646628579317062302e-01
9.714993341844587738e-01
-2.674253105617260040e+00
-1.765525170722673343e+00
-1.547154890881204059e+00
-1.370802046319019141e+00
-8.841527108870294027e-01
-6.067148736567112843e-01
-8.035340532166761196e-02
1.196007299327892098e-01
9.078628393012149189e-01
-2.937016647343111853e+00
-1.677684508262830887e+00
-1.267744218575229898e+00
-1.089391578281725614e+00
-6.999254981616762628e-01
-4.578373842765484647e-01
-6.704897041703389293e-02
1.403687634329297829e-01
9.148352762262256244e-01
-1.876343974836452100e+00
-6.638363142003681494e-01
9.720896371737589026e-02
4.188694839492807520e-01
7.130469394287919371e-01
1.142325638057817061e+00
8.994687948340832628e-01
1.367930380697328641e+00
9.770758465704684204e-01
-1.472665990894886701e+00
-2.980571848071793539e-01
2.369017295796421452e-01
5.902059116085305313e-01
9.225040109530414645e-01
1.064671717492565062e+00
9.598478468382550810e-01
6.905027499426298343e-01
8.558833698470261764e-01
-1.736003928750357250e+00
-4.094314708536526681e-01
2.705069242055774814e-01
6.552385278735800567e-01
9.001405097069953287e-01
1.206910175997697898e+00
8.510965997650764558e-01
8.449767863330895912e-01
1.007572848032231905e+00
-1.488667115443437661e+00
-2.991017243920329194e-01
2.364873401181930013e-01
5.901480734556928676e-01
9.212533417858896900e-01
1.069580864105986295e+00
9.679086882448892926e-01
8.139276630314213890e-01
9.997417758641587993e-01
-1.745800424571952503e+00
-4.585537575426737456e-01
2.340211145621342859e-01
6.176739070461555459e-01
8.612743164042752086e-01
1.173998386203015887e+00
7.931504345551100288e-01
8.448670845564979492e-01
1.011672478685478049e+00
-1.868099132978883192e+00
-6.343787785885999231e-01
8.500529708857794409e-02
4.554699914428513297e-01
7.152381175176089068e-01
1.103426900802717325e+00
6.857476993885074368e-01
9.233189144566964490e-01
8.137208619738219850e-01
-1.892722942720627133e+00
-7.583143721823223382e-01
1.061432402224394070e-02
3.843602288318296312e-01
6.988236417183797400e-01
1.160244732183393301e+00
8.075866499184308767e-01
1.255405537236403690e+00
1.010667741797989461e+00
-1.825959508046397728e+00
-6.942368498292268431e-01
5.605834639411656772e-02
4.012188031791622533e-01
7.109111852512225438e-01
1.148863057101825458e+00
9.406454411713582875e-01
1.370191949234053519e+00
9.670650375938986132e-01
-1.659031491889236376e+00
-3.548426936820028854e-01
3.430651339214142448e-01
7.282699149084852497e-01
9.530234867060133341e-01
1.333746298599029378e+00
8.991776282303699519e-01
9.953711248585380700e-01
1.036594936986242388e+00
-1.944081761405166864e+00
-8.231572687563929458e-01
-4.614419807317942518e-02
3.383559302010037406e-01
6.452426163964406491e-01
1.112769024281727859e+00
7.369124128425857956e-01
1.183063506918127894e+00
1.010270773762308005e+00
-1.486359741277471391e+00
-3.043649268589587731e-01
2.266172330674176838e-01
5.792511558426117757e-01
9.129824656064216004e-01
1.023848141803815892e+00
9.435507057415233323e-01
6.525509663923523274e-01
7.844139659618393212e-01
-2.089715122705895656e+00
-9.874929958560014764e-01
-2.105366962409798426e-01
1.959585842348610107e-01
5.032304743594544494e-01
9.605014056827734237e-01
5.285292543707468260e-01
8.831292603531538665e-01
9.658651606496584385e-01
-1.806226898599427644e+00
-6.326787728500733454e-01
-1.205137578408124049e-01
1.945313852539246879e-01
5.581671579839188047e-01
7.229961981564964058e-01
6.287448273788400765e-01
7.914722891575876051e-01
1.006196837591472937e+00
-1.924097834153589925e+00
-7.076620028303683974e-01
5.440038331674622307e-02
3.933818796275961871e-01
6.816537733210483729e-01
1.119473492681758442e+00
8.667925152445710157e-01
1.317205180102164030e+00
1.117741874480765452e+00
-1.540944199221445210e+00
-3.006952385126904215e-01
2.452129498702190491e-01
6.035985404009819311e-01
9.322340022654379554e-01
1.060192305768807630e+00
9.682383502049329849e-01
6.882511242184238265e-01
7.690123318467725344e-01
-2.920895978439153495e+00
-1.684928001190868052e+00
-1.212741901737336425e+00
-9.665940466005908949e-01
-6.877479117034041023e-01
-2.164912318470001151e-01
4.347441480697473160e-01
8.100522193852714992e-01
1.022575603100189134e+00
-1.736210952982898847e+00
-3.732858343153174774e-01
3.069464431483474587e-01
6.777883279401097916e-01
9.026069856946629111e-01
1.283837769842486543e+00
8.556665241523954135e-01
1.088332266460267039e+00
8.846835151474976566e-01
-1.701124426210048224e+00
-3.213559145383551585e-01
3.445184000178445616e-01
7.284916447163120035e-01
9.760003207795594493e-01
1.265321247967379881e+00
9.806018861662076924e-01
8.571283544152389355e-01
9.705867068772011663e-01
-1.975680506147557525e+00
-4.762059011574687473e-01
2.043499554503843407e-01
5.847165120399715477e-01
8.292985757088603416e-01
1.075247358613371507e+00
7.616661805374186356e-01
6.890851196559454328e-01
1.031668744206131638e+00
-1.634821537506643052e+00
-4.494012250621234883e-01
6.926607379176298596e-02
4.062083032456058618e-01
7.563658937774224711e-01
9.061277076666135466e-01
7.777076132834779276e-01
7.222319713742886282e-01
9.305350673228689473e-01
-2.886377541040868966e+00
-1.582608283189684162e+00
-9.457157619393667947e-01
-7.425390540246540327e-01
-4.365645721713315441e-01
-1.230813484507699562e-01
-4.637611567125697609e-02
1.875723510483694456e-01
9.688236499365324716e-01
-2.086790741713859809e+00
-6.633897598014122376e-01
3.347173090077582014e-02
4.143129803954040402e-01
6.509375377728038314e-01
9.597477721929167371e-01
5.338843053359144664e-01
5.807581058656717810e-01
1.017840446816990374e+00
-3.013842798278349111e+00
-1.578647585444167056e+00
-7.968935142760694701e-01
-5.133386175163763276e-01
-1.972557784418452476e-01
1.419913920825716658e-01
2.019204051225588215e-01
4.868043523422749264e-01
7.576179235618555330e-01
-2.807110447024240507e+00
-1.898319596772438445e+00
-1.670736008385223847e+00
-1.493854906825854867e+00
-1.038472371335926958e+00
-5.234881589643529676e-01
2.612258765294636631e-01
4.719346590059203539e-01
7.227471142802160964e-01
-1.644584417961415523e+00
-4.852258165161866255e-01
1.891694786349729096e-02
3.407677655879676193e-01
7.033525732871854785e-01
7.421641779277181605e-01
6.780157998983716849e-01
3.791449829123038073e-01
9.977422251690597488e-01
-1.893834694622870796e+00
-6.350449376057275552e-01
9.105285610942989716e-02
4.766827462381748592e-01
7.597654223153684772e-01
1.186197136546335962e+00
7.171795357423725870e-01
1.099120005961276680e+00
1.068520516566079603e+00
-2.969283890841190043e+00
-1.729632735067144100e+00
-1.311586807703412738e+00
-1.128498132718871672e+00
-7.352231094907052400e-01
-4.536175844331687412e-01
7.654992348044772910e-03
2.193519152029557162e-01
9.800371555628620834e-01
-1.659464608077418690e+00
-5.166414923812576721e-01
-2.420946625490774315e-02
2.888439148841462356e-01
6.583764623970490559e-01
6.945445663430624972e-01
6.353554455798167133e-01
3.469919665270284059e-01
9.943123955561041782e-01
-1.749827640665926110e+00
-5.788956395050189885e-01
-7.196775957122597545e-02
2.389044541017595613e-01
6.092619849867041415e-01
6.500926900448794621e-01
5.639060546182600442e-01
4.034428425038363852e-01
9.755721343352470321e-01
-2.118687637610221053e+00
-8.900674955251709486e-01
-1.003770612331805617e-01
2.977089536168467943e-01
6.013987656630302991e-01
1.066226908731055856e+00
6.126985419522029686e-01
1.002294194603841282e+00
1.022619770859974020e+00
-1.602684653446579954e+00
-4.065172805064811157e-01
1.155171797607576767e-01
4.574476359107854662e-01
8.030784590981568938e-01
9.481186173764517555e-01
8.357052586900484137e-01
7.508170599114423194e-01
9.622339482072514993e-01
-2.203144559568970262e+00
-8.124136491275207872e-01
-2.347981520382407816e-01
8.377428723239815911e-02
4.178590846963998739e-01
5.190535518480037247e-01
2.995195211536409441e-01
3.381715116065864835e-01
1.003223845375588619e+00
-1.998909954199071803e+00
-9.611365303556789197e-01
-1.595152022346258691e-01
2.162794243579705955e-01
5.102336798597876255e-01
9.548391566205655101e-01
6.361454054012983805e-01
1.006127896338071759e+00
8.792554111962160857e-01
-1.680754984229803295e+00
-4.384369527503885200e-01
2.533187240525237027e-01
6.306137711468889906e-01
8.756071774955915821e-01
1.284636847372133683e+00
7.997314583708646785e-01
1.079964069170814778e+00
9.962815348674001203e-01
-1.776048549124259912e+00
-7.300205184780900192e-01
2.178294821318679797e-02
3.545063002250477546e-01
6.427016701426482292e-01
1.078137778772717992e+00
8.322533492278959555e-01
1.290780190567379471e+00
1.011870544397461602e+00
-2.014049490850911006e+00
-8.111647624991181749e-01
-4.467928584459732871e-02
3.415358995854368418e-01
6.537958462969709617e-01
1.118020088447983618e+00
7.126890866996147267e-01
1.134880360370155161e+00
1.039806622112079415e+00
-1.577966427519392756e+00
-4.197533699716460842e-01
8.189912238224884844e-02
4.109341874829570695e-01
7.662654184542234681e-01
8.114115568714592719e-01
7.541111721952050706e-01
4.495893896711537496e-01
9.987984643970970744e-01
-1.840633046680034912e+00
-6.678840612530411169e-01
8.141056014931490059e-02
4.545863922725838502e-01
7.648517321375900568e-01
1.211535798802105157e+00
7.813746307720884632e-01
1.153434612494897094e+00
1.058386458108148354e+00
-1.993478550343178446e+00
-7.894379490863959736e-01
-4.776444315985485523e-02
3.318084643300907577e-01
6.234214024125132037e-01
1.051394610192534218e+00
6.690742566744655173e-01
1.059751035070217728e+00
1.040444505131652653e+00
-1.807072354019481963e+00
-6.971467146311404184e-01
-2.258345701372007075e-01
6.255809827557599900e-02
4.516378873083378709e-01
4.848284666162757106e-01
4.408310531709300206e-01
3.159443410223698456e-01
9.873981580360590149e-01
-1.834685554108713035e+00
-4.111112380703074165e-01
2.225887682870088813e-01
5.938514408035755476e-01
8.758956805987250238e-01
1.034823513584802290e+00
8.183072273578495537e-01
6.547349015822429008e-01
1.049819113722449737e+00
-1.873755546354880064e+00
-6.088710963223257222e-01
8.853946074451667092e-02
4.807539622124176182e-01
7.174772612454866083e-01
1.082190538225113574e+00
5.960805860909788034e-01
8.838885204600509526e-01
1.061276360969450216e+00
-1.799467195544086628e+00
-7.175352873215423699e-01
2.979551088113017998e-02
4.152267101848225450e-01
6.978432046455201876e-01
1.121639949942485615e+00
6.730589018995390971e-01
1.042845832551482665e+00
1.050775304631697216e+00
-2.114450071294164069e+00
-9.095348866472607874e-01
-1.616935561408847921e-01
2.272164306269906509e-01
5.053197986109204676e-01
9.289192076138905740e-01
5.641132173770595504e-01
8.662340901591694120e-01
8.392355677101498435e-01
-1.679663459002774140e+00
-5.272677526114588620e-01
-2.126211426466513565e-02
3.053637335028382971e-01
6.691189130368285776e-01
7.832735122103328118e-01
6.982205757693511483e-01
5.972007698912201734e-01
7.579458190508202575e-01
-1.648253164234440016e+00
-4.733015395842728457e-01
3.918393386982951115e-02
3.691775116452321592e-01
7.229752324806018038e-01
8.724224596294845036e-01
7.819090365733856185e-01
8.541754428270327271e-01
1.056032133488542080e+00
-1.809684594993662188e+00
-7.586122234724093083e-01
-2.915408959782656018e-01
-3.207847857287473865e-03
3.832600938228758469e-01
5.078481848466590565e-01
5.035678310670664848e-01
5.965875322434577299e-01
7.717532155648108017e-01
-1.514541406412361901e+00
-3.555824125725534079e-01
1.647810115238995676e-01
5.086824864850530981e-01
8.495712573454353711e-01
9.882024128503824612e-01
8.901916032269376888e-01
7.509086051442922516e-01
9.549915178757408807e-01
-2.299458872408126631e+00
-9.421871650490923900e-01
-1.985556259554478453e-01
1.778798547627875037e-01
4.272904600986930923e-01
8.006500791793951244e-01
4.832145669091076901e-01
8.465570363888930139e-01
1.052767457792560535e+00
-1.725833696910370252e+00
-6.814160848951675842e-01
8.853166484706741224e-02
4.108427742856097797e-01
7.060632067442315085e-01
1.137594511118150686e+00
9.043510533013892072e-01
1.364489835952592323e+00
1.058084329276299806e+00
-2.037368047254052073e+00
-7.918098065538261565e-01
-2.717088816389314210e-01
3.344685792383562256e-02
3.951424373423237379e-01
5.968062511901622846e-01
5.557241629235377678e-01
8.329531814717573424e-01
1.046348827902485734e+00
-1.916493076543868357e+00
-8.574688337733665788e-01
-4.062234562776461666e-01
-1.277972141954700769e-01
2.635360060326622511e-01
4.038527694330313889e-01
4.468771158377514707e-01
6.455155966671336509e-01
8.292026845242608246e-01
-3.098812747604001494e+00
-1.530588484446625763e+00
-7.277765821503803245e-01
-4.071168397893510371e-01
-1.107960418020908222e-01
2.807549117672415440e-01
4.755851495854640509e-01
8.557411026129932985e-01
1.063875968204205380e+00
-2.265817758297077766e+00
-9.685978029792741140e-01
-1.654156534081816787e-01
2.165128854922415413e-01
4.928208956545447883e-01
9.410626369678449787e-01
6.408251385015756307e-01
1.038495021402518814e+00
1.087246653910984184e+00
-2.912267316747045864e+00
-1.643747944862421040e+00
-1.179870148898795934e+00
-9.472194344559379253e-01
-6.278171132498376883e-01
-2.426220877602857096e-01
3.613408527279366456e-01
7.182012813490529224e-01
9.474355784924767265e-01
-1.583248751062634074e+00
-3.775375701611461410e-01
1.573793593790362155e-01
5.046525789947832186e-01
8.454968614622453416e-01
9.869752429382195880e-01
8.704018308438800089e-01
7.154702114100839339e-01
8.666983262694507584e-01
-1.805171759395696629e+00
-6.979852001431924302e-01
-2.222760561319201966e-01
7.681581137236695445e-02
4.521424614239599182e-01
6.008203778874113832e-01
6.159686894357805365e-01
8.414255826701194652e-01
1.051777929373420184e+00
-1.671210840621667026e+00
-5.446891897259649173e-01
-5.132992846974683554e-02
2.674611834698544244e-01
6.301737213545559602e-01
7.693822692893699244e-01
7.113486302954417084e-01
7.978830707448010262e-01
1.021367291169101854e+00
-2.793113664227786508e+00
-1.459637678165413455e+00
-8.512081671859422771e-01
-5.767888127338047788e-01
-3.368490776624200600e-01
9.596752224544193022e-02
4.479781276575446336e-01
8.253280986527915530e-01
1.045378120735358074e+00
-1.639492810920530230e+00
-4.542289185894941017e-01
6.838111582582477588e-02
4.036119991023227049e-01
7.525122553737761955e-01
9.061195030529225480e-01
7.877041278394084634e-01
8.042710836874590319e-01
1.020527367780439842e+00
-3.210558566760659094e+00
-1.611408404858134524e+00
-8.240203104776100407e-01
-5.771912514435884045e-01
-2.206674248695477403e-01
1.571647731391396519e-01
-3.589599758780135513e-02
2.002122120708036690e-01
1.001847280924591299e+00
-1.934155435275674684e+00
-6.997265436324929810e-01
5.325773561866433553e-02
4.310823606377310324e-01
7.245300903520375257e-01
1.154262861221109882e+00
6.789026512514232392e-01
9.436454828437963460e-01
1.052389069543918865e+00
-1.780111418365079468e+00
-6.377397155607148482e-01
-1.408299325675922697e-01
1.697507253145805473e-01
5.374141872288473731e-01
6.908985958601177035e-01
6.359328781005083586e-01
8.114795516426368538e-01
1.028973543625001819e+00
-1.695161510991507914e+00
-6.088139184306881058e-01
1.221845143427324337e-01
4.716096063020119855e-01
7.794822556977537564e-01
1.202900239053325215e+00
8.944209335604089706e-01
1.334890956433369080e+00
9.390534550787582591e-01
-1.702776960320481647e+00
-3.199499643708603180e-01
3.243306767401091251e-01
6.965708528924628995e-01
9.579260250163422752e-01
1.157738064854635152e+00
9.441153053511182058e-01
8.298193905059239039e-01
9.427981832876456414e-01
-2.296517498966528237e+00
-9.307592095686648692e-01
-2.215772051609604387e-01
1.389573061949724297e-01
3.856184764233832052e-01
6.996540982189218827e-01
2.605428880243743084e-01
3.890649080855113628e-01
1.022890908031637069e+00
-2.608341170538730047e+00
-1.680738891119758716e+00
-1.397959030629529531e+00
-1.197817720720165680e+00
-7.533446063954607474e-01
-4.079459697404157481e-01
3.049357266810772127e-01
5.448629287524715537e-01
7.386565003969411958e-01
-2.641771590274621051e+00
-1.679912837178547891e+00
-1.415122379597218094e+00
-1.237983591397179284e+00
-7.557095659204189353e-01
-4.806334582138116485e-01
4.754438056236345161e-02
2.408648378330007500e-01
1.000711808691733706e+00
-2.803835780260068411e+00
-1.912355318536422155e+00
-1.688452673091661138e+00
-1.508365320734688320e+00
-1.042190092844813121e+00
-5.054965209401269810e-01
2.876754420855911487e-01
4.988862208997166259e-01
7.455149513043916043e-01
-1.807247910656773815e+00
-4.204884344930636675e-01
2.116219085345566187e-01
5.837615812510930091e-01
8.625982999689065789e-01
1.023262433184319642e+00
7.983846143365439518e-01
6.601085076377561922e-01
1.052517121054414195e+00
-1.654994287745111814e+00
-7.756856346774576583e-01
7.075853140831931190e-03
3.691353892066759901e-01
6.863939769012704639e-01
1.146322215398005051e+00
8.470391404048186468e-01
1.293656336105654336e+00
1.065599728528589418e+00
-2.423104630235407786e+00
-9.760980711613217453e-01
-1.977210783555380658e-01
2.057053984344209552e-01
5.065371535046204743e-01
9.684125075622460610e-01
5.155738154753040092e-01
8.501532171786695402e-01
1.015689980304249396e+00
-1.978352665910159791e+00
-7.662944567334256663e-01
2.231157447099792190e-03
3.450654923880547287e-01
6.364324299641076488e-01
1.071873324909536462e+00
7.892877407870406703e-01
1.242905994280562476e+00
1.090150634473185720e+00
-3.129939899027109895e+00
-1.677898030433764287e+00
-8.911166469730447126e-01
-6.145075181325384550e-01
-2.905864872030116675e-01
6.457426407131477974e-02
2.219807743909848752e-01
5.235205798591819892e-01
7.859034655898270438e-01
-1.831809678513532269e+00
-5.231854362600949493e-01
1.168155767599758921e-01
4.955169459154866729e-01
7.702776835723984528e-01
9.892855565639250282e-01
7.148721777563826763e-01
7.369000367593898648e-01
8.327331027175071121e-01
-2.122424090241711525e+00
-6.980548176673081473e-01
-2.625698903425548181e-02
3.513365023556908051e-01
6.094912474117156753e-01
9.190921457276012285e-01
5.847817829220446351e-01
8.643852396293930651e-01
1.064899039766880939e+00
-2.731668440774972062e+00
-1.811252696251256289e+00
-1.602816086887253411e+00
-1.410481185165374018e+00
-9.335055548443291773e-01
-4.936273896991127397e-01
2.245587676857649928e-01
4.052497417720105077e-01
8.753719318562472873e-01
-2.032132382557619188e+00
-8.355845978932952001e-01
-6.367790958224202325e-02
3.169164516177850888e-01
5.985788012271123781e-01
1.041186941363777096e+00
6.890755842623572658e-01
1.093851918749205732e+00
1.103885709323299880e+00
-2.068999279835677996e+00
-7.663349549147852047e-01
-1.561225365112233051e-03
3.635100957668707111e-01
6.762556644090584879e-01
1.113282578841947812e+00
7.745730970388833292e-01
1.171501958220583006e+00
9.994569484707358509e-01
-1.624032645187095669e+00
-4.342744403516157758e-01
2.699003915301745327e-01
6.458008510658095336e-01
8.764902107677555732e-01
1.235468205606805592e+00
8.327133636557655372e-01
8.930605355053704564e-01
1.084492730145293127e+00
-3.085163140107118895e+00
-1.491177055736068180e+00
-8.561040041761563968e-01
-6.382003281843053877e-01
-3.504029273501486075e-01
-7.721287819092742533e-02
3.025482470354814990e-01
5.926102762992846440e-01
7.871521444000864065e-01
-2.159140287426392302e+00
-8.693759576693969038e-01
-3.243278448525828139e-01
-2.816539205291099593e-02
3.339151622093946559e-01
4.007254529333073578e-01
2.726689429750789873e-01
3.417709893250821529e-01
1.005999423327769371e+00
-1.510017657522601642e+00
-3.400198303952456369e-01
1.933795992727702917e-01
5.391312878342879866e-01
8.794502448863479316e-01
9.611743947279429712e-01
8.940351882323024357e-01
6.128376400728305917e-01
9.242604513487432394e-01
-1.509323981730378073e+00
-3.368808127255993323e-01
1.916388741595662082e-01
5.334110182843909698e-01
8.734158931354732980e-01
9.313158526912651558e-01
8.615071674930078194e-01
5.505933221660217480e-01
1.029615281396094817e+00
-2.141937974512145626e+00
-7.974982037435421889e-01
-2.325773171060637606e-02
3.174754023710372741e-01
6.040192450819746872e-01
1.041794368544861626e+00
7.635714236674382427e-01
1.210748013788842670e+00
9.809521025999226040e-01
-1.837388030299421660e+00
-4.882671323298348187e-01
2.092352893139753367e-01
5.975086390894275290e-01
8.340989643871172809e-01
1.170790199546329013e+00
7.534495094721281871e-01
9.078506206626342223e-01
1.078440473585757120e+00
-1.740395584081467995e+00
-3.775432955728080242e-01
2.884095335844198416e-01
6.638363689337872797e-01
9.218766076482499683e-01
1.128070034135815858e+00
8.815921758412877951e-01
7.393636409856032543e-01
1.070327847811123112e+00
-1.759123203501863575e+00
-4.711094088106603239e-01
2.225497035219131114e-01
5.823582625443973759e-01
8.585099343191322507e-01
1.272234219955984402e+00
8.663018468841782171e-01
1.223785630572295613e+00
9.246045066225215825e-01
-1.691866021488320548e+00
-3.071938463547001508e-01
3.313871204837786633e-01
7.096351897447074064e-01
9.804770071508068785e-01
1.228932628980174746e+00
9.986129822790644761e-01
8.941580903643221445e-01
1.071335965974375082e+00
-1.686551012205300903e+00
-4.503071094708351318e-01
2.591057343751146935e-01
6.457085991946902581e-01
8.787136346555302069e-01
1.266225508015605294e+00
7.707961264140582580e-01
9.873250427607650481e-01
1.088432801733602906e+00
-1.940734895556985196e+00
-6.953730047814288273e-01
4.921091310324971629e-02
3.925978120768417456e-01
6.862031167066663384e-01
1.119931677498700928e+00
8.908809081762137927e-01
1.331325956804406907e+00
9.251016609075560782e-01
-1.713276157111232711e+00
-3.707077170853049219e-01
2.907693605631747058e-01
6.698453395074547290e-01
9.285924861593219948e-01
1.203007651299788261e+00
9.185590252611952611e-01
8.957843997680814407e-01
1.075260512262671719e+00
-2.185627495507289630e+00
-7.991668662430615466e-01
-1.506510184479290526e-01
2.134670547875863744e-01
4.842166985584920313e-01
7.604281279019838857e-01
4.487870602094877204e-01
7.181201980729033929e-01
8.943864786530724142e-01
-1.608459366670761392e+00
-4.653602898946223032e-01
4.664698718258095816e-02
3.787399398837823505e-01
7.309204111473853738e-01
8.741079340518046470e-01
7.959975215977336260e-01
8.602253120979593826e-01
1.064274705044027103e+00
-1.533698114235483079e+00
-3.054119583557123874e-01
2.479537430140498211e-01
6.071805310200566463e-01
9.317974889895326296e-01
1.075210929327572451e+00
9.638976237657053137e-01
7.312550360940237582e-01
8.258958398037973270e-01
-1.920079004323317795e+00
-7.598591697504498699e-01
2.500742480632372339e-02
3.795950422202615804e-01
6.660856213534060988e-01
1.103558079430524197e+00
8.169621023545285965e-01
1.263267560337210327e+00
1.121358452022491292e+00
-1.825986082798488175e+00
-7.293108172515184728e-01
3.246243580574514204e-02
4.072968371610024008e-01
7.221219741438420492e-01
1.178888653511174001e+00
8.006234185946351500e-01
1.224201254172379016e+00
1.068362254052622751e+00
-2.206623776404468273e+00
-7.703320223747384121e-01
-3.596407128108308499e-03
3.856544802718750997e-01
6.898317391168939938e-01
1.139390684471749626e+00
6.813737309123982788e-01
1.029291560573893038e+00
1.054112539123520209e+00
-1.613386669550811003e+00
-4.099097154800339093e-01
2.865753611415204349e-01
6.714363597459184207e-01
9.144432660855088546e-01
1.330564302556498379e+00
8.212517786896926797e-01
1.115182106180105270e+00
1.097893250977334256e+00
-2.048962963567419138e+00
-7.188289415700049867e-01
-8.224150515571126974e-02
2.739396219561081036e-01
5.623148010668357344e-01
7.192985968976267630e-01
4.381404327659589315e-01
4.455529361817218703e-01
1.029582193731848561e+00
-1.787676704919864745e+00
-6.387967979650538419e-01
1.331116151414242499e-01
4.610018869282584975e-01
7.421343003993167153e-01
1.179788800241257318e+00
9.554897830202983000e-01
1.391512989024234370e+00
1.175614126306284479e+00
-1.999969609757873190e+00
-5.951024898469047253e-01
8.760951152024527844e-02
4.707025466596621577e-01
7.071972508568942217e-01
9.914631254108273728e-01
6.061563864787447020e-01
6.299367882793815987e-01
1.048339648328848739e+00
-2.128424402698469997e+00
-8.127018798665237576e-01
-6.661394319823331356e-02
3.126795514452918034e-01
5.786662498857529924e-01
9.770758465704684204e-01
4.877841459853897721e-01
6.278062803697203043e-01
1.037943032663230625e+00
-1.752133148648018501e+00
-5.855176951170948385e-01
-8.614992971124413312e-02
2.229161493676035111e-01
5.948440113428852261e-01
6.309366099125439664e-01
5.469430911952712915e-01
3.600241370578542432e-01
1.017698799388656372e+00
-3.037076329841611688e+00
-1.592014431472562608e+00
-8.084744654920478224e-01
-5.136799123755582119e-01
-1.996332987726045505e-01
1.520779069391063887e-01
2.334155524800484161e-01
5.421689376024937390e-01
7.937363115321021123e-01
-2.813416684531517387e+00
-1.552029795412760427e+00
-1.046857158815970967e+00
-8.463639204477718669e-01
-4.858700660117407644e-01
-2.604165315857731589e-01
2.786726106275229653e-01
4.855970822377032037e-01
8.515715428017424093e-01
-1.957906235880393586e+00
-5.732009653226093349e-01
6.737028473928431682e-02
4.425109894372681318e-01
7.216775361959011370e-01
9.866073288717480683e-01
6.887647275192009255e-01
8.555218521530517650e-01
1.059421437196105709e+00
-1.576921033467564071e+00
-3.231932964067704139e-01
2.322348058943112803e-01
5.896630504592741406e-01
9.145225115497095381e-01
1.075762841862096142e+00
9.434962797578656524e-01
7.736540307607026046e-01
9.612102779796454222e-01
-2.092469468989992976e+00
-9.332088361604667925e-01
-1.250981301091182718e-01
2.639274727025812672e-01
5.652628092868597909e-01
1.013445254491811331e+00
6.533240942859208644e-01
1.023569292402452646e+00
9.819847349763113353e-01
-1.803120864707906001e+00
-6.766480660584103246e-01
4.465296245656218826e-02
4.095033737610775937e-01
7.168523340956896028e-01
1.150220728011969618e+00
8.440436594094982148e-01
1.257302165740980193e+00
1.000717340447328407e+00
-1.902791181161674228e+00
-4.474823445254938470e-01
2.367596412148672280e-01
6.129971975662420469e-01
8.408646805403858782e-01
1.128274893905429677e+00
7.842500133517993355e-01
8.748703963029743624e-01
8.815126785385654085e-01
-2.654726824854614531e+00
-1.790265507118903310e+00
-1.490590863868023419e+00
-1.305818926038010197e+00
-8.823171838737163819e-01
-3.639230675037558038e-01
4.834981637386216446e-01
8.538786154714834709e-01
1.062549829580366145e+00
-1.732268717050915896e+00
-4.611705103024753005e-01
8.244321812912490388e-02
4.246318307680554960e-01
7.703039376798281879e-01
8.666330969835455145e-01
7.540154406211102556e-01
6.027927886045761907e-01
8.701685963659148149e-01
-1.573427695163426066e+00
-4.067722935794993444e-01
1.103636382789803805e-01
4.474155219648532911e-01
7.966627295363627459e-01
8.724767096155690016e-01
8.101502003200948820e-01
5.639319594846292638e-01
9.118254354584043320e-01
-1.957719494363832302e+00
-5.918800276529324611e-01
3.382452842294075140e-02
3.976335911729977912e-01
6.803569855987480208e-01
8.254092042195012580e-01
5.986492059874356508e-01
6.418571207641680099e-01
9.202148315191929218e-01
-1.634520874087202147e+00
-4.770326933632899613e-01
2.816286556266750160e-02
3.504933423466752296e-01
7.113069371721341128e-01
7.514101289231776004e-01
6.736353254340052832e-01
4.221296961912050505e-01
1.026303483109401338e+00
-1.885119639638928479e+00
-6.164931198394661971e-01
1.043427083887447232e-01
4.708620694400597606e-01
7.532744589193367535e-01
1.163490830525619968e+00
7.588533641078973879e-01
1.084098227668557124e+00
8.901236601926216796e-01
-2.593515021282041477e+00
-1.454462237010111458e+00
-1.035102160853749176e+00
-8.349466525156270524e-01
-4.103861582107352080e-01
-2.545731186651658540e-01
7.551932228874284891e-02
2.668728666225077539e-01
1.008787274831392189e+00
-2.911999873068083833e+00
-1.610753206275282734e+00
-1.038522553484370503e+00
-7.777674535302276926e-01
-5.453574607665014895e-01
-6.417065728688807480e-02
4.630982150608312642e-01
8.448747520815714784e-01
1.061568040423652937e+00
-1.783419257407178549e+00
-6.168803957224359147e-01
1.132128670187607655e-01
4.588199937894323344e-01
7.562721884475808176e-01
1.185476255711401139e+00
8.823562833438362007e-01
1.335128022529969982e+00
1.124648834626504668e+00
-2.239846024253541401e+00
-1.065258671640457289e+00
-2.811965190933329861e-01
1.206719515305740287e-01
3.896611463326395408e-01
8.258300580610730135e-01
4.908611420142868775e-01
7.870185682675900907e-01
8.292988576857333038e-01
-1.764299714321617474e+00
-6.392502105384535449e-01
-1.599848471887135304e-01
1.387270129540043029e-01
5.181519904322635650e-01
5.974233205899944776e-01
5.686879607999776320e-01
4.883259243914676029e-01
8.491263973928960818e-01
-2.418653507422733551e+00
-1.175799718600370802e+00
-6.373193012782083500e-01
-3.603509758296480903e-01
-2.705539229638114287e-02
2.687181876259513991e-01
4.852676391248939569e-01
8.493141482065706960e-01
1.060578958834965890e+00
-1.662740771248332416e+00
-3.191893870160876223e-01
3.253210628113711866e-01
7.034155250389104719e-01
9.740481040090462894e-01
1.225862342041664110e+00
9.884936712788248148e-01
8.869618488057624539e-01
1.068573594238735325e+00
-1.934945489604648516e+00
-8.672758723636700973e-01
-4.154297853103686711e-01
-1.518885767461796432e-01
2.527488079355411088e-01
2.901325304279718242e-01
3.030041911577398550e-01
3.269153654190758984e-01
9.881863833507982253e-01
-1.907338863445631638e+00
-4.908520046315279495e-01
1.540578725400612026e-01
5.255387821621735345e-01
7.968304395515729555e-01
9.752739472728024772e-01
7.137969076085024511e-01
6.360756220169409003e-01
1.048355508048666396e+00
-2.991018558993458143e+00
-1.812769435087322023e+00
-1.454748842261417874e+00
-1.283950899584440197e+00
-8.630410294777755009e-01
-4.795316319313754905e-01
8.974938404760166022e-02
2.880984393597050275e-01
1.002151273072309223e+00
-2.760173482260061650e+00
-1.209537936816560855e+00
-5.122231793726099713e-01
-2.029503970744045982e-01
6.237183084587432508e-02
3.621219157483324680e-01
4.629963038505226919e-02
2.533832274712109478e-01
1.016050819119720616e+00
-1.641380327062004874e+00
-6.827951177262601146e-01
7.146364444047882680e-02
4.159200641635987239e-01
7.261169262689568527e-01
1.159741408984853006e+00
9.285308260304030448e-01
1.359519272936573042e+00
1.003803388471706803e+00
-1.763827836042526798e+00
-4.061018142095820793e-01
2.671667843837854384e-01
6.455929357995067175e-01
8.790259934199047276e-01
1.148942437894360902e+00
8.399365679091467252e-01
8.716190773793551783e-01
8.760700111514416744e-01
-2.631688266820431998e+00
-1.400501524800722652e+00
-9.580668072617608555e-01
-7.058629586330114059e-01
-3.341318347092001595e-01
-6.495412607219198942e-02
3.202560740370427594e-01
6.474661835051785941e-01
8.334326596536304477e-01
-2.000018908976505916e+00
-2.245839705276145626e+00
-2.035609901991357162e+00
-1.873847249985746144e+00
-1.359098038584662271e+00
-4.777965918655319166e-01
4.853020961849239256e-01
8.524820037120182104e-01
1.063116949740067874e+00
