-1.886466475065957216e+00
-4.541505278062364370e-01
2.470880168460520832e-01
6.585516747325357301e-01
9.715746696042356634e-01
1.138337684657902527e+00
9.168952651963235834e-01
5.729562025233133626e-01
-1.719618512635794905e-01
-1.293890086421521923e+00
-4.441532814958258912e-01
4.630236356425204702e-02
5.547107333732906875e-01
6.094085785660119381e-01
2.347403605836210494e-01
6.017534000695528018e-01
-3.273754337795443115e-01
-6.661139684392588522e-01
-1.356723346844157740e+00
-1.280873114286383563e-01
5.201242723685424174e-01
8.940878030052529235e-01
1.217222464803381587e+00
1.136799168128260318e+00
1.161970797321203452e+00
5.549677364977527727e-01
-8.760403711234839019e-02
-2.025886987162186514e+00
-8.730787478629669085e-01
-7.674450454780519515e-02
2.971353527361314528e-01
6.527273330638433402e-01
1.166335181986563718e+00
7.572374956644966071e-01
1.353135261355199237e+00
1.573296194880447474e-01
-1.643409743695435132e+00
-3.155769731702777192e-01
3.891234897234938095e-01
8.042945712696059068e-01
1.084681904554938958e+00
1.316932821974394319e+00
1.120565720219193651e+00
9.845124196900235658e-01
5.588247614841805599e-02
-1.724266363411490088e+00
-8.436720331361324821e-01
-4.666820616627092022e-01
9.998484851757401259e-02
2.687874216018206197e-01
3.029054562336933043e-02
1.388536401533319586e-01
-8.803354187644000239e-01
-1.133630635082059523e+00
-1.633017419329752418e+00
-3.628530986648942358e-01
2.681599885972281716e-01
6.660437949677835423e-01
1.021854656168898368e+00
9.504970282440773355e-01
9.027189037705098951e-01
5.264483954818884731e-02
-4.188252429564735535e-01
-1.113239023431132235e+00
-1.105156872125368506e-01
4.537902799437940060e-01
9.454869141243686936e-01
1.096129673534591342e+00
8.179418240291747022e-01
1.041088292168972584e+00
4.495023889256887645e-02
-3.754163621952268937e-01
-1.333512227229228797e+00
-1.577831500754093563e-01
4.501662857790375005e-01
8.621820552669240412e-01
1.144711127318583044e+00
9.377616515951848752e-01
1.083119804599175229e+00
3.469673217633975071e-01
-1.868158337840385153e-01
-2.226980390410579602e+00
-7.666439452931546050e-01
-1.294558786318559807e-01
2.918008549507575822e-01
6.927521563490122158e-01
7.504210983443126981e-01
4.084019730317919317e-01
-2.522015754774709628e-01
-5.735250245223051380e-01
-1.137024956207408621e+00
-4.269310865053835974e-02
5.509346435447026735e-01
9.956716457559666722e-01
1.212743596327122253e+00
9.399855414432543022e-01
1.165579055613138904e+00
3.700414458022835418e-01
-1.314129710714698196e-01
-1.341993677623384063e+00
-4.923390275740699984e-01
-1.787901816731825994e-02
5.027144959467322316e-01
5.669780339358478916e-01
2.525056404603469584e-01
5.505933912385593265e-01
-4.610694582040028022e-01
-8.071601775891076302e-01
-1.506842336410532113e+00
-4.821824020709573611e-01
-4.375819807772238397e-03
5.154956664805389055e-01
7.198713415020070450e-01
4.607075469006812751e-01
5.806109473179409397e-01
-3.344914202377001766e-01
-5.395716293518902917e-01
-1.761590300731607162e+00
-5.003119777820715930e-01
2.530896048125655384e-01
6.883422616028427310e-01
9.110310314121192743e-01
1.278818963306073142e+00
9.233418076719787093e-01
1.010312756859963246e+00
1.068065554077800849e-01
-1.967029465672430533e+00
-9.548453606818287920e-01
-1.460119759983295185e-01
2.537717948069017626e-01
6.062450648718851198e-01
1.121649566669501663e+00
5.766749018041770203e-01
1.206662729433549464e+00
4.761391878449645725e-03
-2.457491479720537608e+00
-2.086968353670520582e+00
-1.823548575649574843e+00
-1.246745339633407390e+00
-1.183202447464473117e+00
-1.598446023939041449e+00
-1.112190891494245992e+00
-2.066066598049703718e+00
-1.596494896111862349e+00
-2.022521007429685103e+00
-7.954018922961076932e-01
-1.475514604915165694e-02
3.403354820667776059e-01
6.945055844169200077e-01
1.206851546780369544e+00
9.315139711210599360e-01
1.441092877120372373e+00
3.196774799438757420e-01
-1.555764646328495981e+00
-3.271960807919622183e-01
2.932630117565631633e-01
6.960401201546120298e-01
1.038330465449305295e+00
9.401002491656100801e-01
9.278617176834516034e-01
6.207940105886004811e-02
-3.926149328634674363e-01
-3.179814313856423436e+00
-1.809613369454995402e+00
-1.004835456592276577e+00
-5.961112938939528982e-01
-3.035697407333309283e-01
1.470885302034423137e-01
-8.933337186599138446e-01
-6.706102349181954914e-01
-7.676905379503670135e-01
-2.432676782525709847e+00
-1.187115973803620550e+00
-3.608646125271087191e-01
8.477162118236576671e-02
4.113087758729656596e-01
9.246781252806485218e-01
-4.152844792717785664e-03
6.152488691216424499e-01
-4.018351079530779746e-01
-2.625473189412333319e+00
-1.716609496093719045e+00
-1.423764823789060330e+00
-1.039188961748934492e+00
-5.363699227607914288e-01
-5.969430781729688773e-01
-9.328687071074146520e-01
-1.730860757567362018e+00
-1.855596699464257426e+00
-1.922797928746481810e+00
-4.805863012324729788e-01
2.205611566491050279e-01
6.299384418955958909e-01
9.485116684242994589e-01
1.064916636436470387e+00
8.467561694468545008e-01
5.094163413765491200e-01
-1.187300195126166219e-01
-1.594480550369631988e+00
-2.857621767481934860e-01
3.621325934280539838e-01
7.423033241890115708e-01
1.086208356564996924e+00
1.042229881724707541e+00
1.022556289361443049e+00
4.969194339127638860e-01
-1.266529687075380883e-01
-2.021016006882031757e+00
-7.690864954356974037e-01
-5.075099017919138672e-02
3.285826446043346172e-01
6.566141337388605725e-01
1.141325163184867097e+00
6.848991378653108697e-01
1.185521110584265791e+00
1.778908947129613505e-01
-1.388578175931185932e+00
-5.426636005185758727e-01
-8.063716870128051495e-02
4.458894467663684913e-01
5.093677891824273107e-01
1.109000761772400701e-01
4.873351589955368657e-01
-4.426914128401316928e-01
-6.763034609694511534e-01
-2.267930220010755615e+00
-1.846867658757626929e+00
-1.551359165698914078e+00
-9.815604443735264084e-01
-9.183114359039363794e-01
-1.284039669804469153e+00
-8.584112026243492233e-01
-1.906638196752544090e+00
-1.760945897388934700e+00
-2.431625491031524700e+00
-1.729758916461721308e+00
-1.488428871992986124e+00
-9.755937508296613769e-01
-6.436875121100328334e-01
-8.892226795439195364e-01
-8.974263744954206201e-01
-1.706064665435655270e+00
-1.450905150608903016e+00
-1.845615093665013751e+00
-6.279563974379211988e-01
-9.709422291449833209e-02
3.155336381346615648e-01
7.060950841103786901e-01
4.831834104488606507e-01
4.685416007493589663e-01
-8.819026758129699939e-02
-4.193017511604549830e-01
-2.820515452380835342e+00
-1.780539475980128072e+00
-1.447500645864101987e+00
-1.095150304582275691e+00
-5.609740100120138573e-01
-5.432672231983607380e-01
-1.033499115650324596e+00
-1.751441447342126700e+00
-1.711866368875238686e+00
-2.139009390478636696e+00
-9.232180699579103367e-01
-1.406074029547894899e-01
2.503893783329714795e-01
6.055811023263759640e-01
1.116544656487062914e+00
6.630943683451916426e-01
1.212999009670491457e+00
9.403094519560821485e-02
-2.090762865212356214e+00
-9.133832038275856435e-01
-1.207686688590399043e-01
2.082793974434224149e-01
5.747250524480522760e-01
1.078139528064435249e+00
8.251197106272573079e-01
1.341899812667050051e+00
3.059063594579662371e-01
-2.009809972465204098e+00
-8.209154018208307813e-01
-3.602241929230561718e-02
3.382484195719330233e-01
6.922196114331791161e-01
1.204776972517706657e+00
8.308311405119332971e-01
1.372010024293174979e+00
2.176797070126800238e-01
-1.491414754710319146e+00
-1.915463902319216039e-01
4.725102845672615737e-01
8.505510070191426575e-01
1.181363014767676356e+00
1.232231491137608437e+00
1.170070089053800499e+00
7.731138615922485968e-01
-2.760535602398409005e-02
-3.181275238928873872e+00
-1.858289320732055439e+00
-1.075149012180922847e+00
-6.919744262002359703e-01
-4.024633982530104737e-01
5.232629234401807439e-02
-7.205174951078342493e-01
-4.733580568823613777e-01
-5.511734912385828355e-01
-2.480483964668730223e+00
-1.867253902028916279e+00
-1.640636654640212244e+00
-1.108403536845103510e+00
-8.147885258793153840e-01
-1.029004163585073073e+00
-9.372362286077688953e-01
-9.630988091469928625e-01
-7.544595658164841012e-01
-1.908603274509399039e+00
-4.897261537081113447e-01
2.433426912612517423e-01
6.731339233075330775e-01
9.243894377256423045e-01
1.227809279356593342e+00
9.362081876718536533e-01
8.649532788174988385e-01
1.126251444628489050e-02
-2.265921855452796230e+00
-9.553319318365638413e-01
-2.058504649285231303e-01
2.356948076708403894e-01
4.784238169556889186e-01
8.198644998117738947e-01
1.716503252895311415e-01
2.858881566778149197e-01
-2.030864761225239790e-01
-1.620753598713298826e+00
-4.379662387964575743e-01
1.299781670096362696e-01
5.545493520565817347e-01
8.867911437956388365e-01
6.966804259279775202e-01
7.128491680362025740e-01
-6.936391141721745535e-02
-3.629540116874514499e-01
-1.073094128476167253e+00
-1.597187360686339597e-01
3.874899585758413423e-01
8.704001974152421051e-01
9.327081633635798674e-01
5.301850183169319886e-01
9.067965513443848602e-01
6.356598482283240537e-02
-3.501568415617942187e-01
-1.359410364382396708e+00
-2.887233016827199239e-01
2.526403672550455726e-01
7.366772895792383924e-01
9.560582388497602668e-01
6.979465795439674380e-01
8.485066565505093861e-01
-6.959540568773751879e-02
-3.601384609913180213e-01
-1.126614337206981897e+00
-2.343538436345130871e-01
2.943100535475930424e-01
7.869677076858868636e-01
8.496914065319223219e-01
4.298812925241034533e-01
8.226014351592157992e-01
-2.721767043618203777e-02
-4.038317672187569096e-01
-1.000536826067814467e+00
-6.768871928168779251e-02
4.984561303479099204e-01
9.718748086310705636e-01
1.045580959878551708e+00
7.083609685897267472e-01
1.011517286034295138e+00
8.577142995157284455e-02
-3.513160584092603900e-01
-1.878091027281385328e+00
-5.207702679457794082e-01
2.203665393385141891e-01
6.581016516725370913e-01
8.648613136096882092e-01
1.320248476185906572e+00
9.260723836035529288e-01
1.213252032915702383e+00
2.223786477152953911e-01
-2.938542416936882784e+00
-1.822237997809314836e+00
-1.442351904122300743e+00
-1.090786252212066598e+00
-5.764244096641426562e-01
-4.965295531444366417e-01
-1.098394803960891064e+00
-1.764673306955173882e+00
-1.743965286228231770e+00
-1.455865127688677818e+00
-6.514152285407498466e-01
-1.997695449676220314e-01
3.282002288392766864e-01
3.859060259837377438e-01
4.933056264136385233e-02
3.831934280432347517e-01
-6.126685891701916242e-01
-8.771169371084442945e-01
-2.070108566795382465e+00
-8.057474020563759609e-01
-4.672510928738196623e-02
4.016480267847958863e-01
6.786379049273356667e-01
1.164393588490388431e+00
4.304824689746761801e-01
8.503966525521949871e-01
-1.719096924138868721e-01
-1.348244035168518762e+00
-5.215750960678703363e-01
-4.912105961926263586e-02
4.674817901193824565e-01
5.255762753780554020e-01
1.995461739370166521e-01
5.114077040692139864e-01
-4.578526926334388625e-01
-6.172317228194585947e-01
-2.487413480913724495e+00
-2.120686002460572261e+00
-1.861805736294122493e+00
-1.284578717961925021e+00
-1.220114387156087776e+00
-1.653915427166914087e+00
-1.148192521090590557e+00
-1.830962434627046775e+00
-1.314080390442009083e+00
-9.614880671743506468e-01
-1.711030290219450398e-02
5.524169478965227364e-01
1.025276363446973260e+00
1.109005316173890421e+00
6.928530222484005074e-01
1.066252570024516011e+00
2.656605837383989033e-01
-1.678702442022367569e-01
-2.629197339822701540e+00
-1.612609579821191241e+00
-1.294603407883731627e+00
-9.237727186386524014e-01
-3.981334212658919625e-01
-5.075979918103149524e-01
-7.644077970688104573e-01
-8.275349449684674674e-01
-6.750132093877365680e-01
-1.437641606486322665e+00
-6.428421025096630048e-01
-1.869614903949411155e-01
3.337110743797413459e-01
3.869423560468383538e-01
7.436659317028650185e-02
3.901033730802105914e-01
-6.417572118133613168e-01
-9.844476616117558976e-01
-2.046307334425194302e+00
-6.972954638255921544e-01
4.991887249982997904e-02
4.793089809675206703e-01
7.402268638720065352e-01
1.012419652691411320e+00
5.952989930448373546e-01
5.133218722089737396e-01
-7.777454468207639637e-02
-2.010187946167442785e+00
-8.594063158535933944e-01
-6.106805938500562553e-02
3.022243357336699687e-01
6.539520295712402120e-01
1.167264179122889711e+00
8.722031789933454293e-01
1.387116466326905773e+00
2.808721525611571068e-01
-2.314066741276562755e+00
-1.153311027108691711e+00
-3.337025943943421336e-01
8.764542448393382312e-02
4.270516769089692244e-01
9.437993963563068300e-01
3.433473161737602419e-01
8.135145968843622288e-01
-8.602999813850611965e-02
-3.095823716003702319e+00
-1.856336439755260415e+00
-1.202505689047487447e+00
-8.033479025608706303e-01
-5.436711267772486034e-01
-1.757665108003023113e-01
-1.498638554957060443e+00
-1.327474521869499879e+00
-1.129410866184759277e+00
-2.354431280078159716e+00
-9.493806540847111730e-01
-2.454178561286387283e-01
2.002649477677518608e-01
5.145337533153304665e-01
7.120912581109090089e-01
2.346271093167462962e-01
5.446442114850027355e-02
-3.275225828269194839e-01
-2.513342543957197694e+00
-1.920722058238784724e+00
-1.700959644673071258e+00
-1.158572384898102881e+00
-8.787471710678476100e-01
-1.074053037774429287e+00
-1.075872827036122414e+00
-1.982167735772083272e+00
-1.914735465821458149e+00
-2.382280409581137626e+00
-1.008061570748081559e+00
-2.911934970884029750e-01
1.636283583479076209e-01
4.856775918670600545e-01
7.072724126654201804e-01
7.797307425935505465e-02
-2.969589445457369026e-01
-5.474448741552454534e-01
-1.764614447893984917e+00
-6.002046946246937242e-01
-8.430376548062827602e-02
3.523121450786379505e-01
7.049025940036824922e-01
5.074703887220645138e-01
4.672070201520929777e-01
-2.451937004663859998e-01
-4.091563486005715955e-01
-2.303300342288167712e+00
-1.892612304643848331e+00
-1.593135295961938480e+00
-1.030781314611186605e+00
-9.683723918328710489e-01
-1.276915066549138666e+00
-8.245256136594767415e-01
-9.095504761341762778e-01
-6.745271461697757154e-01
-2.278672274499620620e+00
-1.072669551407776645e+00
-2.763122145382081452e-01
8.876227208930467794e-02
4.498907445662708171e-01
9.481524584611149553e-01
5.382327353511402457e-01
1.043705486022426854e+00
1.152920094148089519e-01
-1.855651643419757857e+00
-5.432990262898962364e-01
1.542502434572365633e-01
5.731539933232397965e-01
8.270859489198257863e-01
1.334619763074066157e+00
9.792372180661839121e-01
1.377618652718725967e+00
3.034182418159556138e-01
-1.699785208018180782e+00
-5.537357318689922758e-01
-4.243064918021307447e-02
4.148752382966052199e-01
7.392155090399499251e-01
5.778190252204847832e-01
5.417624600048356331e-01
-2.998655001410860943e-01
-5.568670584161952153e-01
-1.571957328184057756e+00
-8.169755567040958288e-01
-3.998880762366282537e-01
1.401770747442937226e-01
1.990367879992703259e-01
-2.254839074332077586e-01
1.935314133978011941e-01
-7.715338631897208366e-01
-8.288973911288674001e-01
-2.184662195980644039e+00
-9.789803859182676371e-01
-1.755683001216159778e-01
2.179820445712116472e-01
5.645116387526971646e-01
1.080784993235998970e+00
6.203950892643237403e-01
1.177905494910963746e+00
8.503941460137830199e-02
-1.624667123539075053e+00
-2.928658248322107971e-01
3.834917519277389886e-01
7.707637964029120381e-01
1.102954918477402790e+00
1.156145356518162082e+00
1.035562869854727897e+00
6.541610566411520944e-01
1.076260168816912943e-02
-2.341412507037724744e+00
-1.938285955669287519e+00
-1.648556288564404948e+00
-1.076290488089249875e+00
-1.010612491971217164e+00
-1.334107726666159399e+00
-9.517082619690480083e-01
-2.005849937706540409e+00
-1.916795939472675681e+00
-3.272685833374433528e+00
-1.843436449594620274e+00
-1.059419022624198625e+00
-6.678072881340554323e-01
-3.889066430453895773e-01
5.100607370021204012e-02
-1.075648501474314456e+00
-8.332272627252765851e-01
-8.140110123250597907e-01
-1.027449175041981855e+00
-1.069415926710376441e-01
4.503561990182887165e-01
9.337768971069611013e-01
1.011980809773770362e+00
6.709476364939261916e-01
9.783024081335928157e-01
7.296065096492002078e-02
-3.128758393438508256e-01
-1.007759185470203267e+00
-6.964172586331827952e-02
4.915153673261050682e-01
9.706092980816257709e-01
1.051030513195813310e+00
6.998017290459978001e-01
1.003957440210732743e+00
5.801097802577301343e-02
-2.724641836526637273e-01
-2.000921663315491816e+00
-8.231493199636622515e-01
-7.890363381872571302e-02
2.653940735659414685e-01
6.362071683192037641e-01
1.129427099261590461e+00
8.187627359905994551e-01
1.344655914879338443e+00
3.205237687603287866e-01
-9.510440970093977375e-01
-2.217559363631322819e-02
5.498026005201711586e-01
1.018625852419641431e+00
1.093004456360634258e+00
6.964390137922427115e-01
1.056941100121050692e+00
2.464298160735972909e-01
-1.702922498686987307e-01
-3.095954287723449827e+00
-1.813865976570724126e+00
-1.210713051542252172e+00
-8.291704939961718202e-01
-5.110891988560771759e-01
-3.309741724573455612e-01
-9.038863054846416611e-01
-6.379955458058064188e-01
-5.202462386701210972e-01
-1.508013999291720753e+00
-2.291287889734669736e-01
4.424206119563835471e-01
8.252927932827692770e-01
1.168088495079067313e+00
1.190123066856042522e+00
1.124233270219501257e+00
5.229354423999337254e-01
-1.272691409361172421e-01
-1.234008793812455540e+00
-3.755257755538761177e-01
1.294707677344088537e-01
6.361904863395886345e-01
6.976377435352854040e-01
3.579503922259080761e-01
6.730101753992862035e-01
-2.780053817650863235e-01
-4.742577689583131195e-01
-2.615444423014816167e+00
-1.844010172518976365e+00
-1.607441865109742629e+00
-1.170827984035601732e+00
-7.283574323748055468e-01
-9.239938270907154250e-01
-1.061021750120845653e+00
-1.649308836555222424e+00
-1.254138051174211510e+00
-2.094100792159149016e+00
-8.770718194188418249e-01
-1.038258119966534582e-01
2.329288215764007408e-01
6.006723980350885395e-01
1.104727469796947359e+00
8.627591807155264858e-01
1.364274531030596371e+00
3.455821248935423973e-01
-2.093335003704680730e+00
-8.282594331873679439e-01
-5.375002462979792950e-02
2.794061777085451448e-01
6.485256894067846778e-01
1.158200601941774099e+00
9.906744851384134964e-01
1.458899295297562571e+00
4.349998725715778503e-01
-2.795184427772630986e+00
-1.623246435657152986e+00
-1.228115856773104309e+00
-8.760742990391362506e-01
-3.449852758752921522e-01
-4.521074034047497525e-01
-8.017608853816526882e-01
-7.930857634737029649e-01
-6.422631672153291671e-01
-1.308658997252502232e+00
-1.103193127250933214e-01
5.167345880368910960e-01
9.156230788924071273e-01
1.210230207659036772e+00
1.077045449354104845e+00
1.164912909902223515e+00
3.495259790799222777e-01
-1.471997756746188935e-01
-1.937489644493766372e+00
-7.465169178173997055e-01
2.324416164873818400e-02
3.918849863324496696e-01
7.476636460771780568e-01
1.260939330317529583e+00
9.430248555544346045e-01
1.457776440321663314e+00
3.335706434649977070e-01
-1.196483310987370263e+00
-2.912656454817072471e-01
2.210743439943419486e-01
7.286355652130539484e-01
8.017684749948339462e-01
4.659933256815232960e-01
7.624047560772303500e-01
-2.033757737127795950e-01
-4.162724094874858394e-01
-3.104017267302633165e+00
-1.753769698938283383e+00
-9.313668861887901551e-01
-5.093768045192982319e-01
-2.270880319905204947e-01
2.326448419205719986e-01
-6.957948243589364701e-01
-4.707441483354422029e-01
-5.892390219681370445e-01
-2.174467685921902316e+00
-1.004873862255919015e+00
-2.076893267275071731e-01
1.424010721422244163e-01
5.098350597654771610e-01
1.010687384545253087e+00
6.798341923136261844e-01
1.195497922472131158e+00
2.307698613509310548e-01
-1.314343353338467413e+00
-1.070136061443953540e-01
5.321953453966898895e-01
9.098348732631855729e-01
1.224417610546994828e+00
1.106827058658353957e+00
1.160245397575459192e+00
5.167848847379128419e-01
2.824905780137699184e-04
-1.095578757785342416e+00
-1.292424444297107233e-01
4.161049572856007628e-01
9.147960001799905205e-01
1.021381430045243954e+00
6.881816495573129799e-01
9.627813823180283448e-01
1.717231511720555522e-03
-2.611033139575517636e-01
-2.540366505286537180e+00
-1.674150742571721917e+00
-1.400892857124764079e+00
-9.838401878244358301e-01
-5.212406270908427341e-01
-6.887662789512432049e-01
-7.873294799465165861e-01
-7.628346706049732306e-01
-5.822301815673270875e-01
-1.685448289607115457e+00
-4.299396342544035132e-01
1.684809596735622195e-01
5.680899766529136086e-01
9.276152853647613439e-01
7.656232741985076196e-01
7.898355828075468432e-01
2.298543960877844072e-01
-1.676447471526613386e-01
-1.930466851545322049e+00
-5.507243187238515247e-01
1.318609512058507016e-01
5.466020400500730680e-01
9.046840206226276493e-01
9.955091344441849843e-01
7.587608719319518524e-01
1.606295327448926114e-01
-2.627110946958070570e-01
-1.997072828653591703e+00
-7.685631575130236204e-01
-1.013688893448227470e-02
3.154810876559789867e-01
6.893872461677420516e-01
1.183749049972525391e+00
9.582749206921803431e-01
1.483288488856737697e+00
4.833764427105579076e-01
-3.258549554435782092e+00
-1.918851890086535894e+00
-1.119603796579942800e+00
-7.382201457938046829e-01
-4.375489402429690311e-01
8.802516042657458975e-03
-1.757612900243212817e+00
-1.288570120090491322e+00
-1.180343702554525143e+00
-1.032335056634589465e+00
-9.083812336524109410e-02
4.671185253086577727e-01
9.516616538892724853e-01
1.035548504268035686e+00
6.873367201327149623e-01
9.865210537724609097e-01
4.254266807679576295e-02
-2.397514829237543388e-01
-2.271791768910843778e+00
-1.142481309312619153e+00
-3.156298858238885674e-01
1.175148817816697999e-01
4.552685331750448428e-01
9.740859658044889180e-01
2.049110670242453858e-01
8.364617254202555419e-01
-2.113725164770189624e-01
-1.976031716496859270e+00
-5.440142573742092758e-01
1.413859877016177269e-01
5.484038645617365093e-01
8.857029395518730697e-01
9.504849091077510748e-01
7.298002618399842545e-01
3.596128109047854737e-01
-5.900099561214432187e-02
-1.643902432103115485e+00
-3.070068325619959015e-01
3.964211844216229963e-01
8.005045668608091747e-01
1.114091344178184562e+00
1.281102635123638311e+00
1.110549314041187507e+00
7.984282513716234320e-01
1.491242407190634250e-02
-1.274829430247203632e+00
-4.235965611683614185e-01
7.419314393253283180e-02
5.793932883759302932e-01
6.352996057584557876e-01
3.135559894548761162e-01
6.263221588719893873e-01
-3.545980660126220596e-01
-6.334890784722870816e-01
-1.002262150784478445e+00
-6.547251290232407317e-02
4.963747835079100890e-01
9.736389358088877177e-01
1.050303847231393695e+00
7.098940595031371092e-01
1.016887275014148884e+00
1.218041530094792074e-01
-2.534215799291358318e-01
-1.450077958475188167e+00
-6.590511550449529299e-01
-2.073339936355563240e-01
3.143169518643279536e-01
3.685035790722117621e-01
4.435354645810350022e-02
3.681316038738575158e-01
-4.789926686739228723e-01
-4.422710328880181119e-01
-2.287197892635176366e+00
-1.443296282758542937e+00
-1.150805044062470195e+00
-6.666385667349353783e-01
-3.051822540772048398e-01
-5.056071242921148512e-01
-5.374861795258409902e-01
-6.261705485863804377e-01
-4.423953342955269097e-01
-2.414362205930082883e+00
-1.125421067263919106e+00
-3.089190071701437001e-01
1.124686159306377553e-01
4.519814651412246698e-01
9.676912405064859168e-01
3.814417847303469555e-01
8.444497463555847849e-01
-1.833603574258267643e-02
-1.133763945583813326e+00
-2.211170914402869614e-01
3.095019772718162754e-01
8.100103951463875074e-01
8.859946547570953790e-01
5.584160211432126486e-01
8.559800502981603776e-01
-6.510221541286338731e-02
-3.648331100315043707e-01
-2.110731757759227722e+00
-9.862636487891331960e-01
-1.638452070994834420e-01
2.403548656970789510e-01
5.877993451254687196e-01
1.104726431396370945e+00
5.874800628068945763e-01
1.201371014528327619e+00
4.934257343542886726e-02
-1.903289158313743457e+00
-5.402223643411745435e-01
2.229119218496176669e-01
6.746365514735023217e-01
8.959811877571286498e-01
1.349928835572354879e+00
9.060652660332044750e-01
1.091033270044399206e+00
9.578359286214238599e-02
-1.191951184565071653e+00
-3.165042869880574372e-01
1.974215365192197869e-01
6.972360240100061723e-01
7.561564160422472591e-01
3.666223153358539322e-01
7.264607121077357732e-01
-1.464325581914047159e-01
-3.611841920643246717e-01
-1.884118974112819700e+00
-7.141228910744606972e-01
2.871467404552938488e-02
4.463850422161256271e-01
7.603406557302186952e-01
1.273050533113319727e+00
7.199702287150717694e-01
1.245371024004804372e+00
1.296890802955772970e-01
-9.701754377544081764e-01
-4.831460181545070565e-02
5.215266738804131830e-01
9.904152369192256167e-01
1.060445167753418572e+00
6.022496269691218762e-01
1.019719269003769302e+00
2.603703968087194842e-01
-1.209074027030788284e-01
-2.011870543199610228e+00
-8.854199861908284008e-01
-8.136502687379421062e-02
2.882556550085507707e-01
6.446647576528362622e-01
1.162496874416146797e+00
7.612260272347202150e-01
1.347018416955102493e+00
1.973627132499108372e-01
-2.201936327625755307e+00
-9.551527287406144096e-01
-1.738305009712907412e-01
2.358871845018416236e-01
5.830994956647576055e-01
1.095105464083827362e+00
5.967429242833918179e-01
1.074387514005903599e+00
1.203323459063034423e-01
-1.963714907605182303e+00
-7.459613384293015681e-01
2.515345038459526616e-02
3.912514024869735985e-01
7.496920781606870587e-01
1.261983200697365248e+00
9.905941571699831139e-01
1.478876856731073275e+00
4.017910429547019158e-01
-1.636494446510197154e+00
-4.431492418486465135e-01
1.249722108731885634e-01
5.500037570517376517e-01
8.814497704724080229e-01
6.572764634096672776e-01
7.333799870385372399e-01
1.633744964888007023e-01
-1.637137673526369019e-01
-1.709939528789103713e+00
-3.356926780273943312e-01
3.419661780131144635e-01
7.386905673299484221e-01
1.085726570822172388e+00
1.143541953266010935e+00
1.024732682491431568e+00
4.663028079337997456e-01
-6.782783742727359344e-02
-2.221871771271707097e+00
-1.036199007618423096e+00
-2.201456174170538516e-01
2.024172505639943165e-01
5.461732068374006710e-01
1.061660902175692200e+00
4.045198705204023915e-01
1.010666111340600803e+00
-5.390315345268377467e-02
-1.226797703904951575e+00
-3.567247722489515493e-01
1.487666384921553508e-01
6.506111395400329123e-01
7.093235764724737935e-01
3.790972306511017353e-01
6.960280486196364080e-01
-2.405352585071404148e-01
-4.941878335998258764e-01
-1.060319084792413324e+00
-1.615411572556397779e-01
3.870835511646533167e-01
8.690992467058794579e-01
9.329247823218363989e-01
5.691390166062190170e-01
8.934672714864997367e-01
1.155345618674859937e-03
-2.122377008679381671e-01
-1.565145032553813431e+00
-2.254054174624179618e-01
4.468228467207731036e-01
8.313660636633265488e-01
1.156396576319516756e+00
1.230212486588644794e+00
1.103718537932879107e+00
8.053215273224375581e-01
1.698903542499156372e-01
-1.417121766216726808e+00
-1.747962317423118195e-01
4.696956965556472463e-01
8.577368468698362003e-01
1.183466023723635852e+00
1.106645513226334421e+00
1.135009601462381834e+00
4.206787891082899300e-01
-3.499456678246488928e-02
-2.247436529376452885e+00
-1.079639728886663042e+00
-2.784403319279627476e-01
1.547176672472232173e-01
4.956259415981746352e-01
1.013702880821878427e+00
2.913226623824050066e-01
8.982911970981447558e-01
-1.199556450939883584e-01
-1.823082166720900954e+00
-4.235291109525929354e-01
2.895060181246234543e-01
7.046215288628182583e-01
1.022106012010168374e+00
1.194556440068264003e+00
9.745099517548316825e-01
5.974338545266038025e-01
-2.213688560384428558e-02
-1.130628620970929976e+00
-2.417665313610465050e-01
2.881359318398026281e-01
7.781456211406124757e-01
8.357965399039695154e-01
3.623564237310967773e-01
8.092510105387821229e-01
1.905413036613464242e-02
-2.587571323121344857e-01
-1.981163646124919353e+00
-7.344322284452150518e-01
-2.486377846941161332e-02
3.482939572394764260e-01
6.825208255883331576e-01
1.165814912667746617e+00
7.634399024667012368e-01
1.282799944484267707e+00
3.577911763558581093e-01
-2.009569718736019528e+00
-6.169236712126022759e-01
5.414947892717631578e-02
4.683148727869387851e-01
8.431008825442892762e-01
9.097318413207062804e-01
6.634899524449031638e-01
1.002052705554107997e-01
-1.961981670812641132e-01
-2.024606200773020337e+00
-8.238360621101665782e-01
-4.069921678678335014e-02
2.730860856190284736e-01
6.399276638873573342e-01
1.134923179163420892e+00
9.746490173328772322e-01
1.476798230157897240e+00
5.642047198277512221e-01
-1.064918003537382862e+00
-1.519595064814101004e-01
3.918033794587070240e-01
8.789012765774717462e-01
9.502095003950609131e-01
6.106713758755262234e-01
9.224197627366993446e-01
4.107022798913655820e-02
-2.445994921204842909e-01
-1.241629102880064561e+00
-2.556463157325759017e-01
2.650450755363439326e-01
7.825002480296545659e-01
9.124110884568047419e-01
6.151957459690164942e-01
8.551737950002217259e-01
3.295920896239668777e-03
-2.355230457252781850e-01
-1.364957860028475078e+00
-2.356553944520870802e-01
3.477009482216987246e-01
7.874406489839722578e-01
1.050479152505223057e+00
8.099524731317676585e-01
9.389098294067644845e-01
1.417600977062634660e-01
-2.064627863035275665e-02
-9.976576609101595050e-01
-6.644809677161200856e-02
4.940880846924204928e-01
9.728908033959803303e-01
1.051175636609217756e+00
5.691034740417844073e-01
9.996606424095501042e-01
2.761470010897033034e-01
-4.399294394381312451e-02
-9.544025737624228789e-01
-1.858908767489455410e-02
5.535521477707235904e-01
1.020812851482992167e+00
1.096543933979869268e+00
7.191875387069145420e-01
1.040949779199804803e+00
1.980678367045546062e-01
-1.100577506594155666e-02
-2.308496948166751661e+00
-1.130587492912161762e+00
-3.187217794610996413e-01
1.101940884795740427e-01
4.505441771507725512e-01
9.637604886261251780e-01
3.607604425972738560e-01
8.135200489963679837e-01
3.971600947107149088e-02
-1.105283323888664349e+00
-2.080185036208441751e-01
3.283077897325288874e-01
8.172802518067263655e-01
8.795918882646813763e-01
5.231653172508601291e-01
8.600938134042890315e-01
2.195503774941656716e-02
-1.907977942517331271e-01
-1.538501440584224333e+00
-2.573825989657052560e-01
4.155478201892318646e-01
8.000915853116741250e-01
1.132673145684071070e+00
1.153581846549500245e+00
1.038576226669017943e+00
7.063662262175445239e-01
3.005365322679738327e-01
-1.742838092974092756e+00
-8.509709546391456270e-01
-5.815792871991710966e-02
3.211921260608637807e-01
6.799713004915063363e-01
1.197113826083557431e+00
8.447768057200086833e-01
1.399987365432212139e+00
3.258090373966563424e-01
-1.947179262335991368e+00
-9.366635021797212746e-01
-1.317767696803402722e-01
2.637259810196930787e-01
6.179093324343345461e-01
1.136914922724658217e+00
6.747056567640149494e-01
1.254072922762303532e+00
2.049643395513647270e-01
-2.013798670961530757e+00
-7.338791169827298955e-01
3.005971852539282303e-03
4.301271523755944015e-01
7.391059889063278376e-01
1.249602088090093321e+00
7.141873337979905978e-01
1.187589122411456755e+00
2.396160488285279666e-01
-2.133886266795749886e+00
-9.599608218902104806e-01
-1.898697718733731166e-01
1.748139144214555518e-01
5.336586832593317453e-01
1.019255085499261249e+00
6.386844789738010952e-01
1.125997725742281741e+00
4.586103445212211804e-01
-1.075420060903824915e+00
-1.690137088248913344e-01
3.746447607990341933e-01
8.627800200140293141e-01
9.310434619834674352e-01
5.570828893039755370e-01
9.060752956233780742e-01
1.214503846085097094e-01
-5.366262629635584064e-02
-1.067305144680467333e+00
-1.719425585834683523e-01
3.723995224980015117e-01
8.556862537813194614e-01
9.196596116295182588e-01
5.575735558294661054e-01
8.781606772629817481e-01
1.970621154316414270e-01
2.750023876291479707e-01
-2.339987367618739711e+00
-1.029286972360636154e+00
-2.396387867563405660e-01
1.184387686216338276e-01
4.806092802986611789e-01
9.720876295363845010e-01
6.465769863722737876e-01
1.149262416841586365e+00
5.535450498872744873e-01
-1.276520130552282861e+00
-2.698365300491880059e-01
2.575111467210636218e-01
7.671523647300554360e-01
9.312446713676557630e-01
5.771645783970773547e-01
8.582496753486934526e-01
2.298449632704393786e-01
8.851524443317258795e-02
-9.500213835894623093e-01
-1.715307678804885855e-02
5.543306101353527859e-01
1.023155615754496095e+00
1.098464716732079571e+00
6.956560086219987227e-01
1.063598563281892284e+00
3.666558839556666727e-01
1.754471897875585773e-01
-9.937597453441020523e-01
-6.198828677111390545e-02
5.004062706453061837e-01
9.743948145077486744e-01
1.050324988729016029e+00
6.879672293170906450e-01
9.988092323007453643e-01
3.676958577174074261e-01
4.580104808874618239e-01
-1.900723988633014505e+00
-6.012760630344807788e-01
1.378521224444887727e-01
5.807967103257374308e-01
8.390527973552165397e-01
1.344799809229597631e+00
8.839596513481812190e-01
1.247583237326019168e+00
4.014301704321370234e-01
-2.115134278964033943e+00
-8.581672778953405301e-01
-8.238019029799804882e-02
2.927365935122202556e-01
6.512713621036609890e-01
1.170709103755536828e+00
8.634576699620342133e-01
1.335845931838015810e+00
5.434292268468643439e-01
-2.000142513956504331e+00
-6.162028858379480223e-01
7.390352377372134962e-02
4.893079823896769875e-01
8.211616600936247901e-01
9.028324685018535023e-01
6.240893175951929273e-01
5.558303073903420044e-01
6.110683848240904270e-01
-2.290681404766544027e+00
-1.114350882906959939e+00
-2.814307614555882076e-01
1.247076908305640719e-01
4.694536341362146592e-01
9.924664416838441250e-01
5.307297474268320991e-01
9.904728668882781806e-01
3.833987700398768794e-01
-2.472832485465944252e+00
-1.921689806853891458e+00
-1.728240953881182485e+00
-1.144945781180591204e+00
-9.064547206834582260e-01
-1.284835746446620464e+00
-3.968056512099898958e-01
4.719222051840886965e-03
2.435897454393747830e-01
-1.293525235271791196e+00
-4.486301346076786989e-01
3.764057736538321125e-02
5.491655915645349273e-01
6.077730181111055119e-01
2.661427205781767835e-01
6.042111390690511064e-01
3.401981015026427912e-01
5.333614776092180376e-01
-2.029657710827069028e+00
-8.039033344975512474e-01
-9.498452864238545205e-04
3.446899289300791591e-01
7.002988528474891616e-01
1.222485351968937817e+00
1.095827160523293875e+00
1.530968734290972133e+00
7.346547359605517524e-01
-2.109087578485652426e+00
-7.367821351842614996e-01
3.901477565540080461e-02
4.886958096313646638e-01
7.410841179919042121e-01
1.121963567155568553e+00
6.480750725519681676e-01
6.538604189843166825e-01
2.688819214071541119e-01
-2.919606875681415747e+00
-1.814657237373813459e+00
-1.433337246453612712e+00
-1.096749811402968788e+00
-5.577358260487975672e-01
-7.022923790576037772e-01
-3.768488857577506623e-01
6.881859828739689267e-02
2.462386868283583385e-01
-1.241260420317505053e+00
-3.710969328403631029e-01
1.299072350071969750e-01
6.346927151264324385e-01
6.903392459653572288e-01
1.171094473282696391e-01
5.684936963716774594e-01
1.398950592724925168e-01
2.393035599189570206e-01
-2.411613923434307694e+00
-1.214796651082637124e+00
-3.925466421785130944e-01
5.383082671657617169e-02
3.888841460684651086e-01
9.071445411783628510e-01
1.890942219130587743e-01
6.654044630867481658e-01
1.268120770736818337e-01
-3.076219595031481457e+00
-1.790419581002024918e+00
-1.162065052406654697e+00
-7.738215565119553885e-01
-4.991135095680595546e-01
-3.126342723555089465e-01
5.339437280611814690e-02
4.577446734186406685e-01
6.216792431623122672e-01
-1.738917387608626353e+00
-3.734188436669640954e-01
3.347682240647720797e-01
7.456020240937518695e-01
1.065911464606658754e+00
1.222755827780196647e+00
1.061968558803013885e+00
7.836963882359033740e-01
3.882743538896867297e-01
-1.907931052214687062e+00
-5.298560021359943750e-01
2.258989309749163676e-01
6.624923732376208907e-01
8.796729040868145333e-01
1.252851319692226628e+00
8.135064185316218666e-01
1.057770896771743629e+00
7.479459825316662203e-01
-1.940288485601911805e+00
-8.180233511715718775e-01
-2.994198929550057411e-02
3.197124976145120367e-01
6.753195665713164209e-01
1.196936407928810064e+00
1.013568060898749845e+00
1.472263845520623837e+00
6.795602138655415514e-01
-1.563308030174392460e+00
-8.230200727287652063e-01
-3.947590861213097768e-01
1.328539013856184503e-01
1.799033996610893971e-01
-3.994184609031372069e-01
1.448764410067506225e-01
-1.407227076023687684e-01
1.127941394543695852e-01
-1.495112277381482224e+00
-1.889166266436963781e-01
4.771040685301025097e-01
8.543749028088478692e-01
1.184897614440226343e+00
1.204642036567528995e+00
1.103135565864394652e+00
8.535786639112213914e-01
7.256279512557273215e-01
-1.893107448365474843e+00
-8.091636517251807881e-01
-2.522867687301096409e-02
3.617916631766813218e-01
7.166465002821843511e-01
1.234758496205566214e+00
8.855634171668103072e-01
1.416353609711954675e+00
4.925778906584559191e-01
-1.868001105243618065e+00
-5.632994999361684574e-01
1.190957929001841553e-01
5.229240154783231231e-01
7.994353494620430878e-01
1.291564035265548638e+00
8.446342219182264577e-01
1.409385450610768364e+00
8.705423959882434559e-01
-1.953837309133700018e+00
-8.924000844011785727e-01
-1.099345098349144706e-01
2.913180458996945110e-01
6.453576222696838505e-01
1.165467001343819309e+00
7.513226170556902561e-01
1.287253507795580454e+00
4.277329346268098353e-01
-2.352491750512909263e+00
-1.966241141674663018e+00
-1.680466734840948995e+00
-1.112779916659847990e+00
-1.053667692872446437e+00
-1.445334962498081799e+00
-8.239315494825126818e-01
-5.798927925309325104e-01
-9.372547489055739478e-02
-9.746254907618311369e-01
-1.960730446204781222e-02
5.499724168022175341e-01
1.026313668298726611e+00
1.116481743510671976e+00
5.831965999826658198e-01
9.535082127774683336e-01
5.003323860075561402e-01
4.248355556390148724e-01
-2.137647207781069980e+00
-1.667702954704526785e+00
-1.351309633096465568e+00
-7.796831789162591564e-01
-7.206887770820634698e-01
-1.225365616748584019e+00
-5.118840116639811200e-01
-2.129891027946759496e-01
9.359563306804506710e-02
-1.018097334100998674e+00
-9.715946237126704688e-02
4.617266509065743318e-01
9.389008340144481268e-01
1.008574027346397228e+00
5.856100448227361532e-01
9.759518372340743042e-01
3.155989584017087068e-01
2.465440785293901427e-01
-2.446789887459908552e+00
-1.964273864322641394e+00
-1.750608244147234149e+00
-1.153022940493123816e+00
-9.803967911991581241e-01
-9.224554772395618940e-01
3.881656006588600494e-02
4.490379749723437119e-01
6.515578031978165319e-01
-1.886920099887089419e+00
-6.437148118577057376e-01
-1.069703959978441227e-01
3.110842960430991733e-01
7.091672074245822799e-01
5.633807841066101885e-01
4.982903359384046604e-01
1.110707219771663035e-01
1.648429947566009690e-01
-1.047965303162957218e+00
-1.052069507694460837e-01
4.495858101021086295e-01
9.376243711374837586e-01
1.023246772467267585e+00
5.643541716913311745e-01
8.910650789195265764e-01
4.024050282072203499e-01
4.989135291666009220e-01
-2.027429936900636331e+00
-7.441364365108495971e-01
-2.241659393469583594e-01
1.884478663412566812e-01
6.206550439189860713e-01
5.106529056149539114e-01
3.692390250361123338e-01
1.535481987738360025e-02
1.288834335699194644e-01
-2.183510815039848563e+00
-8.064588153887554123e-01
-2.293084781668254801e-01
1.783432577812131548e-01
6.049885960355788628e-01
5.280053432158405835e-01
3.666882501594837529e-01
5.351451368396218378e-01
6.967269990511206768e-01
-1.357435561510683231e+00
-1.263444323844928330e-01
5.193526934349583790e-01
8.927259770544689887e-01
1.214379716267167009e+00
1.103454827847163866e+00
1.168192007468489280e+00
8.529932575439704845e-01
5.439072810593366114e-01
-1.193699261021128333e+00
-2.939741039156977265e-01
2.169579776315741781e-01
7.293837081251544063e-01
8.057637801668229294e-01
4.676113603516091066e-01
7.746678798431512192e-01
4.820962167289188360e-01
6.670518683661450510e-01
-2.718163319593692062e+00
-1.828777493353533234e+00
-1.561922013156157085e+00
-1.177902411668787508e+00
-6.620682669092122774e-01
-7.595970451109131938e-01
-8.307458095006188259e-01
-4.968586812470984770e-01
-2.062896910449208213e-02
-1.068171946684488560e+00
-1.529340816317193708e-01
3.903639170910364053e-01
8.784707634706800938e-01
9.515357317714183694e-01
5.980190963600224840e-01
9.103534611894819051e-01
5.098216339701568955e-01
6.783496109091913251e-01
-1.876105476722329968e+00
-4.740748888485211143e-01
2.395174030802376675e-01
6.488302756743852262e-01
9.546254346895471921e-01
1.093189001101819491e+00
8.249045301342969871e-01
7.876159545149237218e-01
7.589925213561000694e-01
-1.860875064004001711e+00
-4.718676911614602121e-01
2.247153494131051699e-01
6.400042241354559902e-01
9.729695570112016911e-01
1.106201504715283557e+00
9.275293601208290939e-01
6.283326926919790001e-01
3.730269643066940755e-01
-1.909791214570052853e+00
-4.507217634723747479e-01
3.017876628400387728e-01
7.339007550735116014e-01
1.000604984815273157e+00
1.298583573998620011e+00
1.044043424920261920e+00
9.538046026459829907e-01
4.732226902417819847e-01
-1.314011459651124536e+00
-4.556398521476225372e-01
2.838269270073987688e-02
5.451087350793946129e-01
6.062889520671416177e-01
1.852848280611164578e-01
5.865762894328330201e-01
-8.833158747357708340e-02
9.651820583405659737e-02
-1.028087776526956709e+00
-7.779964781358306158e-02
4.806281793475275510e-01
9.689413387837452207e-01
1.065803977829405280e+00
6.987727205068837710e-01
9.937712120400271631e-01
5.216572327125935660e-01
6.722696677357621331e-01
-1.028550509578821881e+00
-1.245755293561039423e-01
4.282709712312178230e-01
9.079529665752057443e-01
9.746346342106380067e-01
5.416745505028507379e-01
9.424190814444388664e-01
2.997249961165420196e-01
2.607095130624640378e-01
-3.116090566929037298e+00
-1.866249379671450770e+00
-1.068298766907655573e+00
-6.795932158628248398e-01
-3.831741977184031644e-01
6.649142286983428241e-02
-3.854332448188007576e-01
1.114703825696387735e-01
3.582081684221534168e-01
-1.943174305988946804e+00
-8.288122941097778584e-01
-5.197996279901064692e-02
2.744512316803949248e-01
6.408615337756873309e-01
1.134050054201614310e+00
9.757592404659998220e-01
1.478386682591890988e+00
9.746809773721323289e-01
-1.104384936416077156e+00
-2.054046695220339558e-01
3.313687205206367059e-01
8.190840535420755852e-01
8.802219243105301461e-01
4.184040747034179497e-01
8.461940575257665964e-01
2.290553350403403410e-01
2.528117507586286061e-01
-2.442203694174965189e+00
-1.882227962024893397e+00
-1.682405745128542796e+00
-1.096481872180309347e+00
-8.669171560669655108e-01
-1.144615301488369319e+00
-7.559172396254175696e-01
-3.959472247527791033e-01
3.792333130622711074e-02
-1.772595620258514248e+00
-4.160637208858520841e-01
3.120325928729583143e-01
7.300617091177279416e-01
1.000980138301368561e+00
1.239242345076876806e+00
1.036272461423187297e+00
1.024873430239324978e+00
6.126697831654095427e-01
-1.489655505568872940e+00
-5.381396424164897052e-01
-9.197560742354896068e-02
4.579431651395888814e-01
6.008859300601196995e-01
3.120024199364139217e-01
5.525969511388139077e-01
5.293038491010909619e-01
7.215872238589084997e-01
-1.106961378047961464e+00
-4.729135170170205987e-02
5.347429634575520119e-01
9.963208170942472464e-01
1.192561407908430127e+00
8.933082769911583343e-01
1.152919628429673216e+00
5.777112404884465757e-01
4.288714599230409874e-01
-2.542192119096196024e+00
-1.356800948153411568e+00
-5.554068209301784576e-01
-1.373660493600217802e-01
1.768019983007013407e-01
6.491608767124515955e-01
3.612136374310118692e-01
7.573580336117554657e-01
8.139858406308930761e-01
-2.294088088682195714e+00
-9.970637542600303549e-01
-1.844978201515352911e-01
2.298940107005847111e-01
5.848077063235600503e-01
1.101587685864431121e+00
5.943975227622462221e-01
1.126493755680808562e+00
3.847543721870874123e-01
-1.828479509635480227e+00
-9.135609331155912782e-01
-1.040425357924816691e-01
2.829581912841858671e-01
6.338275615862383194e-01
1.155036442923966344e+00
7.617164563164779967e-01
1.303912169034548763e+00
4.756240100375475621e-01
-1.130462429515914469e+00
-2.336061018842706671e-01
2.983224638298512810e-01
7.906659569905334362e-01
8.547080316633023367e-01
5.069151016953835631e-01
8.364263532359150766e-01
5.659864635884053197e-01
7.425238112102428012e-01
-2.736606034408862964e+00
-1.604579020991629523e+00
-1.220725961374005353e+00
-8.662977990018347896e-01
-3.343065644042605422e-01
-3.427065624286161349e-01
1.861386760849609578e-01
6.021557197113190929e-01
7.737679660333292020e-01
-1.904093459394176069e+00
-4.896913312485320913e-01
2.158217434853992311e-01
6.226163311300590975e-01
9.317775045152202340e-01
1.041701857555563215e+00
8.307049868175160334e-01
8.130699182125191715e-01
6.021458330363589351e-01
-1.334220775719148433e+00
-1.391714030178873296e-01
4.919794453086932529e-01
8.800557925371265133e-01
1.188139361818596917e+00
1.032296091166108543e+00
1.091598866044766636e+00
7.128331835659154070e-01
7.900949520541798998e-01
-2.114466038506860102e+00
-7.287358064897323517e-01
1.688378711588945855e-02
4.523643102913161296e-01
7.526179979717633195e-01
9.977941272706771780e-01
6.390249214949115242e-01
4.852975760552857842e-01
3.452489865950271741e-01
-1.472834705838528269e+00
-6.907407474753555210e-01
-2.437443598488029939e-01
2.778912175998614620e-01
3.301413069352951979e-01
7.847604029523119404e-03
4.434196346673999756e-01
5.397624021229415758e-01
7.415014507350522477e-01
-1.362768922358675416e+00
-1.636289530484641430e-01
4.598021037919222676e-01
8.487929732822814266e-01
1.158842663561485686e+00
9.472910553580788928e-01
1.048231022206620677e+00
7.401820253050553911e-01
5.617619260697701566e-01
-1.577585100523895667e+00
-2.905481125592851432e-01
3.683367238430181323e-01
7.492161048098159304e-01
1.092711759329504373e+00
1.041756876554555511e+00
9.584435946116438565e-01
7.499563706711266375e-01
8.053299305685829301e-01
-3.215485990589126875e+00
-1.803448351212936673e+00
-1.063935434769837318e+00
-6.585266696337961356e-01
-3.986934378122894418e-01
4.387485220694158083e-02
-8.360364107471301987e-01
-3.441116722709093856e-01
1.059800064832361888e-01
-2.339046330253911510e+00
-1.216063294313071586e+00
-3.813636110407934154e-01
6.535589124606742961e-02
3.977866924434778628e-01
9.169629904906193563e-01
2.189459291036850441e-01
6.649480498798682193e-01
2.667292850768232526e-01
-2.160695713474442670e+00
-8.804775004350930967e-01
-1.314479566817631506e-01
2.207439825295791636e-01
5.842236392162428738e-01
1.064911896945935244e+00
7.526353433865476950e-01
1.274016666901308659e+00
9.348254468762042801e-01
-1.247166178045047591e+00
-7.528820561961145630e-02
5.469168343939602162e-01
9.420863656466379465e-01
1.224277905657272791e+00
9.710171683808739296e-01
1.076763049257344340e+00
7.820485411627814409e-01
5.994584120144005324e-01
-9.873734343363761434e-01
-4.929326908056126666e-02
5.134405527075983633e-01
9.891963664173921700e-01
1.067148934594175369e+00
6.212902919355531850e-01
1.020537082020873010e+00
4.314530855204130044e-01
3.813858470221067054e-01
-1.600031166994330567e+00
-3.789572865833197857e-01
2.233170434393125237e-01
6.256481458100798809e-01
9.702430400727755089e-01
7.592996970232369636e-01
7.474648692113161630e-01
6.115346297447938895e-01
7.497601093137787887e-01
-1.900091029186199876e+00
-7.426932325171257121e-01
1.149709394356894640e-03
3.255920873019012562e-01
7.001182835777726154e-01
1.189883548527542079e+00
9.868297174187786736e-01
1.514019469453291133e+00
1.057014087377543987e+00
-1.911596765691266464e+00
-7.714093026506652073e-01
-2.376988750055807845e-03
3.647437254851041422e-01
7.239687073978126053e-01
1.241720118017427099e+00
1.029954325609799604e+00
1.501255818761520366e+00
7.424789677494245677e-01
-3.030718635518658832e+00
-1.660936579213381670e+00
-8.282034479845996611e-01
-3.850348063131753262e-01
-1.050105659871866381e-01
3.755412251448631555e-01
-1.979922031884513711e-01
2.257325908098597733e-01
4.260529901391014174e-01
-3.109916050236659846e+00
-1.773122692592127514e+00
-1.014258861046852589e+00
-5.989899580815677416e-01
-3.383142012749059679e-01
1.054818484832927422e-01
-7.838636131658677231e-01
-3.196786442836166975e-01
1.289862337311424856e-01
-2.852143452939662538e+00
-1.686754265174654988e+00
-8.778708822931053923e-01
-4.614329403252754314e-01
-1.936037179699245658e-01
2.685302986711366469e-01
2.792268338842838205e-01
6.872725196620007582e-01
8.364465664204614459e-01
-1.969583723507140505e+00
-6.982793338516098958e-01
1.120917275507065346e-02
3.754876753239161369e-01
7.177695908775167943e-01
1.199889185184429774e+00
8.522053494154573361e-01
1.407830799423062551e+00
9.916246713271035240e-01
-2.135749370407822312e+00
-9.110648160865540968e-01
-1.098798273239713491e-01
2.269579134442918367e-01
5.883035145887712813e-01
1.087732617670642554e+00
9.071205547606882025e-01
1.398386927011515679e+00
9.419367909171484365e-01
-2.411646223675659506e+00
-2.020310783794019294e+00
-1.751931458331559721e+00
-1.170424898704542915e+00
-1.090933462822170741e+00
-9.537543897057796372e-01
1.133969600272773243e-01
5.368814926776569463e-01
7.529037366213446880e-01
-1.112854231627678381e+00
-2.126879902970283398e-01
3.216211032456788854e-01
8.109851249237695070e-01
8.729965821538648862e-01
3.010837954646105041e-01
7.282177609547937358e-01
3.559348763192222154e-01
4.246852557402790440e-01
-2.142541770096063836e+00
-8.879847984374344971e-01
-1.352511155484195371e-01
2.270912152260881056e-01
5.875210005407649483e-01
1.065436343582943701e+00
7.261152824145563622e-01
1.252797928325977805e+00
9.616239376155616414e-01
-2.489654801878769419e+00
-1.335383666370223210e+00
-9.585720468733772703e-01
-5.906010108867606467e-01
-6.412097008619180305e-02
-3.622496708787961706e-01
5.090367474533842584e-02
4.719873462807855913e-01
6.880969738347276765e-01
-9.797558313838422572e-01
-2.671256828711095210e-02
5.423094730307274070e-01
1.018924073779475803e+00
1.111110016102674791e+00
7.513979850030297891e-01
1.053251799298732694e+00
6.376085905763756445e-01
7.935631381615575464e-01
-1.888403332571271687e+00
-5.626910068384534114e-01
1.305319138577167581e-01
5.331447674280487270e-01
8.088664477258068475e-01
1.300161143741503933e+00
8.531821453342539607e-01
1.414671395768278161e+00
1.003196602125508985e+00
-1.524863103367896988e+00
-3.407573390685479375e-01
2.420826383489723677e-01
6.686625712362853635e-01
9.839256545879506710e-01
7.895435256436178495e-01
8.893759074896320227e-01
4.295408395760630382e-01
3.906574523861837678e-01
-2.345074642442802837e+00
-1.928530666167029173e+00
-1.657383972470357847e+00
-1.076216067768596796e+00
-1.009433521821661239e+00
-1.327151540545212116e+00
-2.455026413014983477e-01
1.636471544358049091e-01
4.248523608418818820e-01
-1.224838235372560424e+00
-3.681307915185414448e-01
1.355606928097491948e-01
6.370758088388195350e-01
6.902834738016939697e-01
2.456538300336242320e-01
6.748813720403858962e-01
6.538973311165451052e-02
2.481498793294784622e-01
-1.917355688015373483e+00
-5.934706679750080260e-01
4.827021864165005095e-03
4.017547616874465044e-01
7.989551083178113577e-01
6.164435073875343951e-01
5.266842968280663895e-01
5.220736390367403112e-01
5.574117877778812513e-01
-3.115413028970606568e+00
-1.913307654356119158e+00
-1.369685847341812535e+00
-9.956361181425497087e-01
-6.084198535683109643e-01
-3.746879520229784988e-01
-8.183531326347580626e-01
-3.196494977679060767e-01
1.623262325351705893e-01
-2.339581956671766161e+00
-1.117993808474026629e+00
-3.349460840124893757e-01
5.647257193113287138e-02
3.913486236866597356e-01
8.530076076023462850e-01
5.035190968507405884e-01
9.389925744351061976e-01
9.151115305795218813e-01
-1.680095883553666125e+00
-9.425881988355321317e-01
-5.572357868838325734e-01
6.108515794651880014e-03
8.096922177064935777e-02
-3.491472923421148900e-01
7.419535611699230870e-02
-2.096762743773005477e-01
1.768559743560025599e-01
-2.260390705147540036e+00
-1.093486490236007302e+00
-3.047924665585713955e-01
7.628587228275471310e-02
4.286411697807880894e-01
9.133211044786869737e-01
6.156798201212361210e-01
1.077493558293043163e+00
9.180175414512932175e-01
-9.629808018371740497e-01
-2.057098942739492287e-02
5.500207316610827846e-01
1.019461783563329504e+00
1.095632451142754871e+00
5.847797807010353122e-01
9.928533502787304510e-01
5.294024276590165723e-01
4.853064755145038434e-01
-1.356278069292027766e+00
-5.206340689219840501e-01
-5.318503862830658430e-02
4.668528849363425826e-01
5.244115838434530996e-01
6.647975150300240721e-02
5.067373143602800223e-01
-2.527305683224607968e-02
2.402437027645843159e-01
-1.907098492628787723e+00
-6.270046743440597092e-01
1.145022385465736953e-01
5.548893737445433905e-01
8.166226221074778246e-01
1.319657223927040546e+00
8.776497698994388807e-01
1.220254716234404624e+00
5.783371642355461528e-01
-2.368107643688813102e+00
-1.993990001054195327e+00
-1.714961112833048196e+00
-1.143454311975508952e+00
-1.070120535827903785e+00
-8.606840842380445444e-01
1.869096465119076955e-01
6.056565768860108223e-01
8.127913192868648773e-01
-2.051455664704247894e+00
-9.107768864390534125e-01
-1.263045055235623715e-01
2.008844263642698136e-01
5.663144627894403094e-01
1.060045655490448713e+00
8.565549683755648847e-01
1.366459628010046501e+00
1.024133770989989145e+00
-1.681638436908372336e+00
-3.896393711114204406e-01
2.452202690990784306e-01
6.398302395367996276e-01
1.004811819002700446e+00
9.252452611811592398e-01
9.191202910565178241e-01
5.298962336713547439e-01
4.516171308151137320e-01
-1.936301579972673270e+00
-7.077289164327399407e-01
9.939430207808169077e-03
4.245289435470410710e-01
7.124317719469854815e-01
1.213574348217408616e+00
8.345914304185988453e-01
1.207283530852271136e+00
7.186571488514689188e-01
-2.099043144226226065e+00
-9.626525909622924981e-01
-1.597173637693458104e-01
2.265080615234744965e-01
5.823174279745287896e-01
1.104322222239234819e+00
7.731730726580176016e-01
1.255998641160071871e+00
6.623884749839616948e-01
-1.957264705719365727e+00
-7.907311656080096007e-01
-2.467688960104366322e-02
3.694956519137502782e-01
7.238615821515530513e-01
1.243840663458391171e+00
8.790153913091038884e-01
1.397797834943394824e+00
5.869271479026827443e-01
-2.197628503335092187e+00
-8.510102979611016139e-01
-1.053639214671634461e-01
3.297825380482337088e-01
5.880728292380557054e-01
8.504159511795507109e-01
4.665689328376029787e-01
7.930209373998952094e-01
9.111158673820998199e-01
-2.266024467153140876e+00
-1.024016187240864406e+00
-2.128941544614421644e-01
2.069817571358400776e-01
5.547795031594920934e-01
1.072513506286941753e+00
5.328518924515039945e-01
1.048570187071547366e+00
4.317276234395575618e-01
-2.231878832837382198e+00
-1.075019280297148772e+00
-2.821547085631312957e-01
8.480762547021916675e-02
4.400960373375651935e-01
9.342632635138291564e-01
6.836301590603361955e-01
1.154745380310644221e+00
9.430017838127437990e-01
-1.035248046619826612e+00
-3.349612522148309041e-02
5.399683378876243278e-01
1.022982750548778963e+00
1.159887540987193599e+00
8.145813325204194211e-01
1.079058980423662106e+00
6.900106157758985059e-01
8.453096689535343211e-01
-1.231290678664657579e+00
-3.727716878399959244e-01
1.277635451011343848e-01
6.302313456720816109e-01
6.830531089801114009e-01
7.759176786748135657e-02
5.063648267941412984e-01
3.207025144634989000e-01
4.921961927361366840e-01
-2.335207235971946016e+00
-1.934423638164303849e+00
-1.653766913979789477e+00
-1.076568295232614325e+00
-1.014754537712663440e+00
-1.355082445697570082e+00
-5.996173544313742054e-01
-2.061832432918896674e-01
2.086155883740777872e-01
-1.218956948664525974e+00
-1.562605300908057604e-01
4.039790419844913605e-01
8.861575493157927141e-01
1.074789133470968272e+00
7.499910313671701578e-01
1.020300899899279967e+00
5.056547722306445891e-01
4.808072507021863840e-01
-2.437056893393394930e+00
-2.067276570045172512e+00
-1.796386863567489778e+00
-1.224913184518066300e+00
-1.147249410509411538e+00
-8.080284425105948021e-01
2.423904538966678013e-01
6.633594939251479250e-01
8.636262676778131420e-01
-2.237834992910668230e+00
-1.048740325701926546e+00
-2.348718538872794082e-01
1.833410332764585093e-01
5.266864128717898552e-01
1.050135906255025731e+00
5.377211181791597960e-01
1.053480784209823273e+00
4.746072712721342568e-01
-1.684313267040923323e+00
-5.321979565928595113e-01
-1.410865522473006041e-02
4.338104019977351844e-01
7.574788516669462846e-01
5.349441171581245102e-01
6.221576604647170994e-01
7.098702308275863793e-01
8.886648582576064381e-01
-1.100059654780165319e+00
-1.806395288805869026e-01
3.584595655076545095e-01
8.517685997828217115e-01
9.243535683486204801e-01
5.776558444046230312e-01
9.049197017510390850e-01
6.963743098374501894e-01
8.779317568025918339e-01
-1.794317100889804895e+00
-8.500099946126967732e-01
-6.622957352197877956e-02
3.347735538148572387e-01
6.876992997943405239e-01
1.206795284165987248e+00
8.292258326854037298e-01
1.350749608538057034e+00
5.900757952189533695e-01
-1.853523734583869764e+00
-5.029372338103944573e-01
2.640714545318367246e-01
7.095452812925699959e-01
9.351188990892072006e-01
1.347518521290282933e+00
1.025331758479852917e+00
1.116823113516368871e+00
6.192964684363352346e-01
-1.024287128497199051e+00
-1.071680609858303990e-01
4.457907832589737551e-01
9.237052972670249940e-01
9.920941197417996182e-01
4.525672739219327445e-01
7.921882509981651443e-01
5.028236813830893048e-01
6.318952404177416993e-01
-1.499449782395632313e+00
-7.100775842338962196e-01
-2.743655091383856437e-01
2.589724242117159569e-01
3.153034845313346657e-01
-1.391214107970674407e-01
3.130667043699165708e-01
-7.814345703271527444e-02
2.676627598815258247e-01
-2.992835729581444948e+00
-1.832544886173163468e+00
-9.947325172270814475e-01
-5.831082514783132442e-01
-2.810335348747841078e-01
1.779939677392921304e-01
-6.133334467583643201e-01
-1.400109705825604844e-01
2.760563686066305200e-01
-2.486869558336250119e+00
-1.323757869158511236e+00
-4.785205580410656911e-01
-2.129350165995739022e-02
3.000525634463412361e-01
8.212227845890441857e-01
9.308845806427973324e-02
4.860676207181910402e-01
3.508730176678226953e-01
-2.103622669276453472e+00
-1.608312052177557572e+00
-1.294385105738107278e+00
-7.206332869261602436e-01
-6.462194651640296161e-01
-7.090405612306537320e-01
2.467350144767060660e-01
6.603844852203808458e-01
8.662424350499954295e-01
-2.491984711667878383e+00
-1.076280468899902809e+00
-2.716894924799922451e-01
1.547346068408749775e-01
4.980973108775034186e-01
1.014997451436583598e+00
4.561992460446676056e-01
9.141717589185466286e-01
4.991987619722944580e-01
-2.110930404587627152e+00
-7.039149124740462504e-01
5.482992234214807692e-02
4.838182414379649798e-01
7.284466129757793951e-01
1.031558547939341430e+00
6.208409575474127529e-01
9.097179689488172905e-01
9.708812728687316040e-01
-3.252687356064728252e+00
-1.886395133244250788e+00
-1.120224043935412528e+00
-7.584458027482838816e-01
-4.835701438180953216e-01
-7.661319630729621077e-02
3.171751296539404019e-01
7.537270961570059491e-01
9.302891178654779658e-01
-1.425818420371068873e+00
-6.129223998773501991e-01
-1.601128441434131466e-01
3.680015428316098514e-01
4.294970391696557588e-01
1.018792727050354258e-01
5.272712823400753646e-01
6.686682989233706520e-01
8.743633261415721947e-01
-2.502820836041962593e+00
-1.955093983764270904e+00
-1.760203423904395770e+00
-1.182115045183687485e+00
-9.369104980457779730e-01
-1.178299561053752553e+00
-5.293019528560403142e-01
-6.491122329754256404e-02
3.032141610373747520e-01
-1.019441098319139760e+00
-1.061201282098087756e-01
4.519868861512006952e-01
9.341591081223454829e-01
1.009261602900780375e+00
6.419196466485942443e-01
9.686317448843733136e-01
7.056608272259667913e-01
8.844880055908702632e-01
-2.058248718928286536e+00
-7.702267186324978088e-01
-2.489377117384566906e-01
1.506955406072937875e-01
5.893013090429927159e-01
3.382879320330046680e-01
3.165388548627760534e-01
4.399465702592184613e-01
5.776969456985443507e-01
-1.859353951347760825e+00
-5.367311761887738619e-01
9.098842349876198887e-02
4.855038142405255774e-01
8.669009417935679140e-01
7.285163548253934529e-01
6.573354803320573536e-01
6.222527391031413835e-01
6.452152717526095094e-01
-1.883544813496346393e+00
-5.463109980206540817e-01
2.172787408673927667e-01
6.560509728366052951e-01
9.009960041090436800e-01
1.261924617297054629e+00
9.418263429387518926e-01
9.520304928815805923e-01
5.910882679193627531e-01
-2.856535366354974848e+00
-1.654065956281675298e+00
-8.484730111856353396e-01
-4.044765874905255076e-01
-1.225492978611426170e-01
3.680110905028509127e-01
2.204032446323217487e-02
4.561858812397954765e-01
6.997822562571710536e-01
-1.362303928278602472e+00
-1.316898431909464540e-01
4.982624363357873731e-01
8.875514113691956863e-01
1.199463923356929085e+00
1.060132341637418874e+00
1.173974845527439248e+00
7.395170071519863164e-01
5.961159769993750190e-01
-2.575862658323496035e+00
-1.698580422490358455e+00
-1.422081516478310048e+00
-1.024993924093936082e+00
-5.385054302289118411e-01
-5.126256680706380298e-01
3.055572006913196415e-01
7.410116753589733873e-01
9.244517270366469086e-01
-2.210969767861381108e+00
-8.408017215825661639e-01
-2.753584304283857032e-01
1.373065332385096093e-01
5.836337671102019842e-01
5.468977053278839540e-01
3.253378650349778578e-01
1.835060617513272208e-01
3.851402488564662496e-01
-9.983168432928897218e-01
-6.804347081014192056e-02
4.931199720816648591e-01
9.667543571305434735e-01
1.037021979119072679e+00
5.182993282305773386e-01
9.347634390834194118e-01
5.096089792244125061e-01
5.324798630957224832e-01
-1.503176435128236843e+00
-7.209959190395909268e-01
-2.831974020993172636e-01
2.496694577720579844e-01
3.043982703121802524e-01
-2.784860991185628132e-01
2.320292585220846693e-01
2.067618852454962408e-01
4.496805093147194787e-01
-1.327771825421900642e+00
-2.074127417974937770e-01
3.740908638743485337e-01
8.200913056712291205e-01
1.067060712000161615e+00
7.035809928184432183e-01
8.701720883376753424e-01
6.405057460368360767e-01
6.397322987842752884e-01
-1.772952661573706123e+00
-3.653956018812691275e-01
3.642607654358910874e-01
7.879721941835851062e-01
1.037773528714654336e+00
1.288805541380675601e+00
8.776585859805611234e-01
1.149869227292138252e+00
9.639675191417700351e-01
-2.208417707571066035e+00
-1.736608599380903062e+00
-1.449978669844419255e+00
-8.609349604353604413e-01
-7.872849900306068127e-01
-1.176899832053923456e+00
-2.828370540045814785e-01
1.439022744468980985e-01
4.223150807874477275e-01
-1.261140108080508249e+00
-3.967951127924506660e-01
9.856565738327048576e-02
6.063702077978477822e-01
6.625683627237403117e-01
1.043458230493990446e-01
4.943755585585811185e-01
4.184485056090542221e-01
6.442551530964846229e-01
-3.142859718194505270e+00
-1.813717536736157321e+00
-1.129025357044552313e+00
-7.584617760474642312e-01
-5.208202229965127605e-01
-1.611748260760819396e-01
3.828311864096982098e-01
8.244526767612135876e-01
9.950569224154102166e-01
-1.412773533987929708e+00
-1.811849652791823473e-01
4.743506627016712551e-01
8.536120814215201191e-01
1.186374734988251411e+00
1.113091074515632828e+00
1.167252362733588233e+00
8.164660892104157464e-01
6.442326994781307770e-01
-2.011819349862565165e+00
-7.612959048926360994e-01
-2.086922752057519120e-02
3.166775357068603580e-01
6.835433573297863274e-01
1.167448117502548177e+00
9.139979120152549319e-01
1.443261260142568059e+00
1.139066018822804560e+00
-1.914843804391745063e+00
-8.840151344729655358e-01
-6.905586713104631957e-02
3.022347250083540215e-01
6.583976390532803036e-01
1.176147830995344812e+00
9.173013891190344715e-01
1.403093476018162367e+00
7.701937862692178616e-01
-2.086414160857625433e+00
-9.852828229018789630e-01
-1.682822112648809654e-01
2.137951249565549772e-01
5.678414543328134112e-01
1.093668720700248009e+00
7.746272583806912415e-01
1.243850485630399350e+00
7.868456339465366156e-01
-1.039234531092123826e+00
-1.134025848032433614e-01
4.407016077715037450e-01
9.254522544582182153e-01
1.002010871185786467e+00
5.523625372943214984e-01
9.558746205549236707e-01
4.238046964051278565e-01
4.915074417088688974e-01
-1.861606616866060548e+00
-6.259487828106276019e-01
1.075006956986302720e-01
5.393413157104076650e-01
8.223394463425801604e-01
1.337390998973269518e+00
9.174038007264033734e-01
1.314360401769619546e+00
6.808603534560326853e-01
-1.006887958287489671e+00
-2.980322475986470904e-02
5.397239001730791408e-01
1.025608581189606516e+00
1.142957949908166349e+00
7.351468018453515274e-01
1.087861122690965354e+00
5.734181169932029976e-01
5.671501756133388028e-01
-2.299221059005809753e+00
-1.885768470275584363e+00
-1.606926272645369469e+00
-1.028262286378718304e+00
-9.614430664479561850e-01
-1.280746518084674657e+00
-4.612986805443948235e-01
-4.668123327798951588e-02
3.364755814791188238e-01
-2.626820116038317998e+00
-1.736293331422674280e+00
-1.467757840784694068e+00
-1.073058724225004923e+00
-5.699308549893068454e-01
-7.023068829267529178e-01
-4.461288880009284252e-01
1.059174795517675571e-02
3.808178920143757140e-01
-2.021789585908137177e+00
-7.569465858554605964e-01
-6.680367998378665753e-03
3.422899626100648351e-01
7.050416615312453672e-01
1.215875570194868027e+00
1.083544507988421390e+00
1.533258249799305473e+00
1.034184580830248112e+00
-9.587639579472119200e-01
-1.742782966274229045e-02
5.525483996899228645e-01
1.024981653077297050e+00
1.105803407037341035e+00
6.505344170804567838e-01
9.687979874180274731e-01
6.565678170617273990e-01
8.282123186153002026e-01
-1.514709341081524219e+00
-2.505327790928355558e-01
3.967381860752678402e-01
7.765154795101084639e-01
1.116455775600561529e+00
1.040962607146401764e+00
1.004946271808965674e+00
8.784289973782216654e-01
1.001243639077037839e+00
-9.625435938888815546e-01
-2.201209688828668215e-02
5.490352772928913661e-01
1.021022596728288656e+00
1.104288946982357800e+00
7.445092011038754176e-01
1.063565240019044511e+00
7.938978830189533653e-01
9.650219956393876197e-01
-1.622389001675142328e+00
-3.173766013501679861e-01
3.341319753772653001e-01
7.186810401729193387e-01
1.066076754143828742e+00
1.011798594228317860e+00
9.559545422504540646e-01
8.801432417152711407e-01
1.010877358653515801e+00
-2.116455427012831514e+00
-7.023901900772531182e-01
5.507951686581984835e-02
4.982802613794997670e-01
7.296901488476860154e-01
1.150124831951923055e+00
7.814479400544241949e-01
9.913012177641631339e-01
7.558255595752465528e-01
-2.042028746453660393e+00
-8.627018952994790491e-01
-7.816283085360825611e-02
3.143939405297209166e-01
6.694677855713170311e-01
1.191011379696136352e+00
8.304009714899044381e-01
1.356306165381129025e+00
6.488500372656546000e-01
-2.018967440327784413e+00
-7.772105152154527019e-01
-4.589932484109606262e-03
3.643042635116520711e-01
7.167517095136916039e-01
1.236979276468423317e+00
1.016092928770716997e+00
1.497084023121644680e+00
8.133100715316156082e-01
-1.637529047443533559e+00
-2.846047066106903722e-01
4.093566792933365783e-01
8.136862911030995349e-01
1.112684777196264463e+00
1.265732825764613656e+00
1.036598001637674127e+00
1.084090948994904879e+00
1.055684169549939933e+00
-2.177552807358002607e+00
-9.518570005497977160e-01
-1.394144319142388566e-01
2.566579004742102210e-01
6.048296717777118525e-01
1.127030443891994693e+00
7.334126946996414320e-01
1.270743789361834963e+00
6.154470779183356388e-01
-9.915089117261752794e-01
-3.417561315179632603e-02
5.301201704711947515e-01
1.011433832669330402e+00
1.105571544630754577e+00
5.722450208934776184e-01
8.871800592546937869e-01
6.288167735246690260e-01
6.804678489535415098e-01
-2.458929374186181072e+00
-1.137480431295961436e+00
-3.079720595321681631e-01
1.162667036118828212e-01
4.554892012717264294e-01
9.795565645906427754e-01
4.426182581456282739e-01
9.189896343158207026e-01
5.908294804050717719e-01
-1.370382699952156447e+00
-4.478552919127353760e-01
1.879603087135595790e-02
5.595080373324199385e-01
6.728481408911277661e-01
3.481206386029115363e-01
6.726290605009690449e-01
7.668034408830134430e-01
9.743948145077486744e-01
-2.016535841676131646e+00
-8.528707056057601710e-01
-8.777319152567966687e-02
2.470773258703604924e-01
6.185228096416667265e-01
1.108724669996735024e+00
9.363243402288278228e-01
1.440190742280503144e+00
1.194891645850433948e+00
-9.862795803749885293e-01
-2.149002262522714882e-02
5.482600876520378197e-01
1.028516698177389443e+00
1.130705513114609539e+00
5.915886824404640310e-01
8.568644497570916396e-01
6.510210867845996896e-01
7.281960598108807581e-01
-2.716001204451772733e+00
-1.769678865001142798e+00
-1.479284005726567486e+00
-1.117186287707037540e+00
-5.863357739779510025e-01
-4.816434466370643208e-01
3.863533307912244141e-01
8.372691038852343448e-01
1.024938368600206040e+00
-1.723979646202581151e+00
-3.573370531642490744e-01
3.628096578277187900e-01
7.883932018245330964e-01
1.037703515108340468e+00
1.305047100783299996e+00
1.033241155526828159e+00
1.188470755243051347e+00
8.901550737674831515e-01
-1.338279103341415643e+00
-1.157136542823292702e-01
5.253900282492652840e-01
9.016541859317145358e-01
1.219025848370588694e+00
1.059412814975310146e+00
1.000821927305179715e+00
9.011163365008982851e-01
9.860243796622044643e-01
-1.622844127947049131e+00
-3.315969569135261419e-01
3.259778210014088184e-01
7.144971054176205705e-01
1.069397526870023762e+00
1.035432248450384396e+00
1.024178527191741406e+00
7.098018090096379629e-01
6.386961576504878169e-01
-1.171088514816233772e+00
-2.254054174624179618e-01
3.004529388093462594e-01
8.101206920411710977e-01
9.043936985869270861e-01
4.870811118439204446e-01
8.012152792091864484e-01
6.872787332078523770e-01
9.098784531110158946e-01
-3.080262923454360813e+00
-1.762311167092498465e+00
-1.121237372834781310e+00
-7.137490517502202980e-01
-4.040367878611407226e-01
-1.011874587962679206e-01
-4.661378649929429074e-01
4.973763352121427644e-02
4.625330068292658470e-01
-2.106715054010808608e+00
-6.720541458124473788e-01
5.264042701233127147e-02
4.798095059830921327e-01
8.071590580962787476e-01
9.769827633523414656e-01
7.165029056375048500e-01
5.767579639184021723e-01
5.820909237176773443e-01
-3.205510360916508539e+00
-1.738290049980316887e+00
-9.665283212245795452e-01
-5.507117816006854571e-01
-2.812141208889434307e-01
1.688437407786205213e-01
-7.859513812939361577e-02
4.259614095560229075e-01
7.163829404464659989e-01
-2.421067239656908843e+00
-2.061295259632994537e+00
-1.799359532052728028e+00
-1.220954754709440593e+00
-1.157810031512778615e+00
-1.264585457486137932e+00
-1.184432391633485626e-01
3.323790349901352692e-01
5.982384088178197556e-01
-1.139307475040371775e+00
-2.461936620673574605e-01
2.807717737638015798e-01
7.782562521076723527e-01
8.462087346261391030e-01
3.871843643812697411e-01
8.067104825474390450e-01
3.349813406664491344e-01
5.163158524877735633e-01
-2.040858309640326773e+00
-7.248450636327256058e-01
-2.749921153262932516e-03
4.136261233040286478e-01
6.795555392065563138e-01
1.136143009054394915e+00
7.213027837398221509e-01
1.199977043377813857e+00
1.115674695812224781e+00
-2.686078662081486268e+00
-1.773610261592452941e+00
-1.506223391333174844e+00
-1.129445005773754618e+00
-6.064161627201063443e-01
-7.210827863116734404e-01
-3.890738830802301096e-01
8.908731728279543904e-02
4.577340362475705859e-01
-1.173208528037336329e+00
-2.878344267001990975e-01
2.311345196985974959e-01
7.285051538533124926e-01
7.884524515060702399e-01
3.205503080192740328e-01
7.539576598424482246e-01
2.980170934898497270e-01
4.981647674052263608e-01
-1.290540664599848508e+00
-3.705761627025137561e-01
1.164920317809950284e-01
6.479339986732765011e-01
7.455856353479105580e-01
2.853534097521382429e-01
6.747337262677647329e-01
3.443403138302802424e-01
5.444018727167251326e-01
-2.284563308117392388e+00
-1.011605429240977516e+00
-2.061496288137932564e-01
2.168220916231607676e-01
5.666068857977379913e-01
1.083640290151473229e+00
5.669261870919477531e-01
1.057533004039202140e+00
6.021628598862037718e-01
-1.089861072223302196e+00
-1.623540537974982600e-01
3.771143683422781834e-01
8.752044090294750500e-01
9.560599384971307790e-01
5.484557124810599538e-01
8.745459825258179443e-01
7.286337593464324858e-01
9.442239291172641602e-01
-1.820389772719292587e+00
-6.747581649678776605e-01
-1.882378628993012226e-01
2.583396721748673630e-01
6.189428787006582278e-01
3.897204642271569486e-01
4.196517077642635818e-01
2.652330477132184838e-01
5.116228025568008153e-01
-2.302487726678073443e+00
-1.101245154905832635e+00
-2.722598624292544844e-01
1.465668633081230743e-01
4.900925584165558013e-01
1.010908537004347796e+00
5.896278316301469813e-01
1.060037226342051220e+00
7.437437524595358340e-01
-1.839179614522924444e+00
-4.872230582538762400e-01
2.604863186034750977e-01
6.937049686690981432e-01
9.059689650003073247e-01
1.253760064930897977e+00
8.233596549322335090e-01
1.182708382730460528e+00
1.038572347783736305e+00
-2.138637891847467110e+00
-8.607065004383416262e-01
-8.422094477835126436e-02
2.594208910742702989e-01
6.228436102729774104e-01
1.134100930337124780e+00
9.898504877560756476e-01
1.448531283170152673e+00
1.069800010124716705e+00
-2.022754659251030152e+00
-9.328553601965647868e-01
-1.338642560846197149e-01
2.742347211688231923e-01
6.230727681972997312e-01
1.142234376479516422e+00
6.982063649520473536e-01
1.213308553524259370e+00
6.438392512356028163e-01
-1.076958229268147660e+00
-1.701132259189756246e-01
3.711229934419403853e-01
8.564485846826876969e-01
9.201903131578909045e-01
4.373458698541359824e-01
8.689767818347950978e-01
4.245249852251017919e-01
5.575480862989401487e-01
-2.037136357337343995e+00
-7.074973708596561384e-01
1.872919266588761109e-02
4.441669686760081892e-01
7.554351906561467267e-01
1.269707004999599986e+00
8.145623167049672597e-01
1.257673308216593844e+00
6.847955771121955193e-01
-2.117895789995398736e+00
-9.105206285852250891e-01
-1.636984712077898252e-01
2.257153779713493846e-01
5.577543276988836674e-01
1.023869166914558315e+00
7.117759498470788149e-01
1.156861699535820520e+00
1.087451253255225847e+00
-1.359397195158928762e+00
-5.129794795795843410e-01
-4.390692403878855565e-02
4.797856118041987639e-01
5.415846012980845003e-01
5.587307358581539152e-02
5.128658820016558373e-01
2.198384944863915058e-01
4.987951827779985581e-01
-1.371539331266077300e+00
-1.926433141703224883e-01
4.208371082258211548e-01
8.360293951842059368e-01
1.125662710353082074e+00
9.144138056995601005e-01
1.076980566270313799e+00
6.702638445589307326e-01
6.526869196328927147e-01
-2.071907436581116979e+00
-6.292228937653073784e-01
8.373266598132440841e-02
5.027557314540826994e-01
8.055035452767425053e-01
9.475603988427653279e-01
6.953669988090341869e-01
9.496336213715836916e-01
1.091195132267990475e+00
-2.047342443275766755e+00
-7.902604462774975858e-01
-7.230098998848590031e-02
3.449386700422590324e-01
6.179890820818227937e-01
1.071260763802211802e+00
6.880655758204441419e-01
1.139372599142994602e+00
1.097300518321182583e+00
-2.323990730061990639e+00
-1.037144175041168737e+00
-2.717272846975825606e-01
1.517189423518398861e-01
4.711923339830537127e-01
9.682908242768873963e-01
5.367710030528970444e-01
9.020650757387543850e-01
8.417658213189905814e-01
-1.214350734035598123e+00
-2.992067645235228501e-01
2.058767067634324766e-01
7.194088181775217805e-01
7.937320124225125673e-01
2.023180599592124818e-01
5.439758933351139802e-01
5.036698636754816105e-01
6.998192137446690442e-01
-1.170151264245199219e+00
-2.523890194354889149e-01
2.680569516344691872e-01
7.760130464485975876e-01
8.582778791441207922e-01
5.272543863597666247e-01
8.626572789759501259e-01
8.435651578528962080e-01
1.031203673781347474e+00
-1.402946468605630326e+00
-5.936180493648085532e-01
-1.316979719449904995e-01
3.886646736754547082e-01
4.400264832543615001e-01
-1.672688238222468371e-01
3.002139726588371471e-01
4.629732770844226519e-01
7.216053390474098661e-01
-1.016035398614355767e+00
-9.557429568360244210e-02
4.633259014796048403e-01
9.391561988672993966e-01
1.010660438232702019e+00
5.767543789755839034e-01
9.167675132646421199e-01
7.320401963855577288e-01
9.418174340817093704e-01
-2.417300272443580589e+00
-1.034463261803538536e+00
-3.175305289331206149e-01
1.293707646651016396e-01
3.876733902620193017e-01
5.941302784190526376e-01
4.871727864326108048e-01
9.096287741823222417e-01
1.087060645226656685e+00
-1.963674247290720487e+00
-7.582382267761911265e-01
-4.732348211398739596e-03
3.283336530890189064e-01
6.995266090578645679e-01
1.202127631295458743e+00
1.081964175596219491e+00
1.545743014426353978e+00
1.135228364657225653e+00
-1.606827412860750037e+00
-6.459223030966017021e-01
-2.213223658208067490e-01
3.219452169630980798e-01
5.090882754162260326e-01
2.363195844168770321e-01
5.624856928490534758e-01
8.316716754657997868e-01
1.027295077384085431e+00
-1.519245089167174267e+00
-7.248093419250388747e-01
-2.931219596161621643e-01
2.419721102842006533e-01
2.990462946090305385e-01
-2.379942850826524681e-01
2.851477268685425059e-01
5.244641698441034894e-01
7.943746167416074755e-01
-3.042083768803513610e+00
-1.772566845006252167e+00
-9.768141232519237382e-01
-5.835328708452156565e-01
-3.199445905202194518e-01
1.298651933577011641e-01
4.994358641600588622e-01
9.487450999130931928e-01
1.118168854214653063e+00
-2.319363937707780821e+00
-1.130935544707516005e+00
-3.383600921732458633e-01
4.596351195490031710e-02
3.949872667822072470e-01
8.775307275844796973e-01
6.830875531118768551e-01
1.138770258118562362e+00
1.149535543071240395e+00
-2.564621563938542348e+00
-1.693758956757723810e+00
-1.428468230076113343e+00
-1.031455388953934849e+00
-5.408381039507523802e-01
-7.369080596691124363e-01
2.558022344301311146e-01
7.241868757869754925e-01
9.555530194044947745e-01
-1.074687363688921593e+00
-1.225511177311136846e-01
4.241169996737546577e-01
9.209874830334767726e-01
1.014091555120516741e+00
5.132658328927635072e-01
8.021961513941581190e-01
6.497670556942409803e-01
8.471319555415427471e-01
-1.364587342591034202e+00
-5.293253099155923458e-01
-6.396706411863208042e-02
4.599482133696657926e-01
5.249363224244314452e-01
2.056846434501954091e-01
6.402696117735652281e-01
8.216476561134707923e-01
1.023167862287463814e+00
-1.199400896813550776e+00
-3.313605351839960522e-01
1.792414921613301737e-01
6.785718263445937870e-01
7.372046895466843885e-01
3.709173956219717350e-01
7.589703116312466191e-01
7.859240225215610165e-01
9.966196213018512218e-01
-2.817215508871417473e+00
-1.575405196014747267e+00
-1.102315166138122082e+00
-7.334584001365227479e-01
-2.506143771479824589e-01
-2.272553516026997733e-01
4.257200157215592085e-01
8.755086679911744385e-01
1.067714123087207367e+00
-1.175906546641906303e+00
-2.333178564590932258e-01
2.929249241480133548e-01
8.035657277463794657e-01
9.005141940507886966e-01
5.377850328056029694e-01
8.560250422410318194e-01
7.903629291438618587e-01
9.990259953201074961e-01
-3.083138027267748438e+00
-1.769032612691634476e+00
-9.922197703574522354e-01
-5.856649779776620379e-01
-3.059343777610631920e-01
1.418080917612956071e-01
-4.412069401595106743e-01
5.755548883238167240e-02
4.724435948968677690e-01
-2.156879798815146909e+00
-7.580537238346032325e-01
7.331426469203998399e-04
4.460719353126635922e-01
7.209436142435861061e-01
1.212440738530357276e+00
7.001599630019029741e-01
1.022025437018291072e+00
6.555585512006203430e-01
-1.338506345222811200e+00
-4.511901481762415900e-01
2.237222466537884188e-02
5.542816931886026532e-01
6.352730305975301528e-01
2.938404025596672020e-01
6.736574446394917315e-01
7.923345026502397470e-01
1.002664036698502459e+00
-1.985893813878161218e+00
-6.628802790174143089e-01
5.994372773845778324e-02
4.393460761060675734e-01
7.749152116085925579e-01
1.289804700825974093e+00
1.035472747134029481e+00
1.476865994511368685e+00
9.611764247112948301e-01
-1.257796343603723610e+00
-8.107673939863534185e-02
5.426555361652420917e-01
9.382957282630872697e-01
1.224415515451459768e+00
9.961512144459978568e-01
1.120898566397834806e+00
8.675785249368036522e-01
7.913268543597130611e-01
-2.446455376814383076e+00
-1.002203920875559096e+00
-2.780053817650863235e-01
1.826866326004566998e-01
4.870521561858707771e-01
7.331359897996870822e-01
2.557329836130563527e-01
3.257307885766595468e-01
5.317184711685554177e-01
-2.248668513779405131e+00
-1.789821828201373588e+00
-1.503521858375044928e+00
-9.189199943564988482e-01
-8.455795357121190792e-01
-1.156251897283934849e+00
-2.830054181990089221e-02
3.991202129397213860e-01
6.698406237259995066e-01
-2.250957976652681491e+00
-1.767674875766590548e+00
-1.508895892143600204e+00
-9.036091801543743030e-01
-8.049636934380423048e-01
-1.123505193807667890e+00
-3.301280845923809659e-01
9.712511467538929855e-02
4.607610850996156082e-01
-2.448137051764943894e+00
-2.081373999163826038e+00
-1.822443302407100285e+00
-1.242713012315157517e+00
-1.177047708132464177e+00
-1.250449644377785052e+00
-7.984523480077201918e-02
3.603738954248434379e-01
6.287529112845501311e-01
-1.412687100593200462e+00
-2.094124245168550724e-01
4.003889111483519003e-01
8.141980684138434565e-01
1.111967875738253397e+00
9.052839401612646775e-01
1.058620195614801363e+00
6.702870716230432402e-01
6.629233262348046551e-01
-1.737489776182392864e+00
-8.915119982300824253e-01
-7.945372710531030391e-02
2.993626126394980935e-01
6.607175998113523629e-01
1.183628356555776140e+00
8.783498457652434421e-01
1.399660142427598064e+00
7.187284439128601710e-01
-2.352534038463664157e+00
-1.107741956372640502e+00
-3.089133818654995478e-01
1.273372132032930815e-01
4.643622311903513045e-01
9.845650025143872774e-01
4.209843305634622945e-01
8.796466310685343570e-01
6.084671440915108143e-01
-2.090909113660310847e+00
-8.871271813306407239e-01
-1.221437407712966799e-01
2.274622456578941632e-01
5.892124566685146281e-01
1.081096224310835741e+00
8.784048143660853070e-01
1.368015242253280084e+00
1.155112020511484872e+00
-3.194492340111840356e+00
-1.872714024002278155e+00
-1.064900085000251684e+00
-6.674592974185465932e-01
-3.736669399761194388e-01
8.739294288822370416e-02
-4.855612302522849255e-02
4.636963659108787050e-01
7.629683857822465720e-01
-1.535893362445127197e+00
-3.429520477278256152e-01
2.591282649865498389e-01
6.606976956849510696e-01
9.938716916938404866e-01
7.030196679201703436e-01
6.447844786388664540e-01
7.124614962354837155e-01
8.240843889120700316e-01
-1.971627785884002559e+00
-6.113530626734325901e-01
-5.356157203890115140e-03
3.934017171125955281e-01
7.920682717207497836e-01
7.018370412191470287e-01
6.784664970109997029e-01
9.134757694813329110e-01
1.088589381243127985e+00
-2.373417046449017853e+00
-1.966293085748531899e+00
-1.694542205872167084e+00
-1.112221524723284949e+00
-1.045559018602927770e+00
-1.212760317274563349e+00
-1.719890060145407018e-01
2.750218791357675885e-01
5.586787702154789592e-01
-2.248056414476413245e+00
-1.003305472608411408e+00
-2.323648419367466411e-01
1.475176078087638842e-01
4.984073311749879220e-01
9.730627490176640970e-01
7.314002741312685130e-01
1.199157302522172008e+00
1.178973386030195858e+00
-2.103151505977729929e+00
-8.632722198997062613e-01
-8.877275788929346600e-02
3.155748199503786156e-01
6.666720178789889983e-01
1.181414561024199505e+00
7.861300635082854038e-01
1.263386414353421916e+00
7.584037377956968085e-01
-1.803803966431403616e+00
-3.975789703401176878e-01
3.320672881630518103e-01
7.541724504040761001e-01
1.042915061995178805e+00
1.272335813533942206e+00
1.085339258771918391e+00
9.678220415608297378e-01
7.106391006876496830e-01
-2.886135887124391619e+00
-1.622283195682567625e+00
-1.056504183737594138e+00
-6.642528760372178320e-01
-2.574120012423518067e-01
-2.281114190297261479e-01
7.131626260956047680e-02
5.415329019340030525e-01
7.716598619438639339e-01
-1.776402219765051527e+00
-7.172514295592785638e-01
-2.863284881121315184e-01
2.107716492739694913e-01
5.010205053885306015e-01
1.983150788796129993e-01
3.298665146666478476e-01
2.632163178451684682e-01
5.369871701959801902e-01
-1.005046748265256085e+00
-6.267495643135766181e-02
4.965463102851201405e-01
9.786653258770667829e-01
1.063811507214339480e+00
5.479966471962480767e-01
9.217616060810113199e-01
6.043894719580634733e-01
6.738129813427768955e-01
-1.005549018286955310e+00
-6.879889595521274104e-02
4.912545052066558116e-01
9.754023729013352462e-01
1.062861021109514859e+00
6.058883123770474333e-01
9.992190339464522841e-01
5.489330820118214493e-01
6.169846798097643470e-01
-2.157204448565513299e+00
-9.255548248548588486e-01
-1.430712162021347544e-01
2.146455031219085541e-01
5.773840776022669541e-01
1.090949589079088566e+00
8.831101908325473815e-01
1.346043249504304651e+00
1.031389107873215361e+00
-1.768262903924500362e+00
-3.959157004184001849e-01
2.702645288055751105e-01
6.665287295169478599e-01
1.008525466952547411e+00
1.033634388915799729e+00
9.150687001302831858e-01
9.772839099361827486e-01
1.109800767449298231e+00
-1.391580945699467664e+00
-1.567180723438883483e-01
4.799083583371382966e-01
8.707950280935234932e-01
1.184746317897227286e+00
1.039795600339891823e+00
1.155945632005801915e+00
7.680687119028561938e-01
6.965932827604166544e-01
-1.827578687848103067e+00
-5.205387661739137029e-01
2.105484894071401325e-01
6.495343068082440885e-01
8.649302901433704172e-01
1.346000779339318276e+00
1.041388185635013119e+00
1.357935516638026474e+00
9.354393653680351806e-01
-1.221132825106081343e+00
-6.834997579898424713e-02
5.470183960155897696e-01
9.564217453489205489e-01
1.224477663766982305e+00
1.013955505918238131e+00
1.150786966218495966e+00
9.173381067113961507e-01
1.075953100463299839e+00
-1.862648130007436231e+00
-4.371545893292368978e-01
2.865329821189804838e-01
7.073735781541420353e-01
9.793111855139373656e-01
1.195411825411844431e+00
9.158290092834935336e-01
1.080261806607848651e+00
1.127012119572580184e+00
-2.062375662704524881e+00
-8.096388062520498696e-01
-3.418692829463690352e-02
3.328192316109971349e-01
6.943308208506798751e-01
1.217386205057874093e+00
9.879694938496174084e-01
1.455809198083980682e+00
9.119727531410039001e-01
-1.370129767467040738e+00
-1.719368424707105325e-01
4.600960113000348017e-01
8.494374042880584730e-01
1.162285009142451253e+00
1.010221867932869833e+00
1.080045516248834270e+00
9.353884048591275535e-01
1.085884672504191961e+00
-2.004777984565734528e+00
-7.069939826167711550e-01
-1.462323640644244138e-01
2.478745453670388732e-01
6.727577460394406073e-01
3.823626937806348103e-01
3.262739931766776569e-01
6.956838066848392010e-01
9.056698345985914056e-01
-1.132949421099161524e+00
-2.321178993404629243e-01
2.963584942695326463e-01
7.928107913685400465e-01
8.623235415399813641e-01
5.201177846105050628e-01
8.749131880363192337e-01
8.485333585798009448e-01
1.038691277587645345e+00
-1.029749096182851709e+00
-3.614539588802241632e-02
5.295973924916094200e-01
1.013289804401624083e+00
1.136112128825023548e+00
6.199832515141799893e-01
8.263004679746425163e-01
6.845218887602595448e-01
8.015274630615876195e-01
-2.213342636490175597e+00
-8.648234683159187197e-01
-1.065058459269645347e-01
2.371954182039009984e-01
6.059794382293668402e-01
1.091099546285146715e+00
8.870155792760449076e-01
1.384747832380537780e+00
1.196627972130726913e+00
-1.976466899127870214e+00
-8.224592003130527518e-01
-4.423383664150173922e-02
3.582907582149211234e-01
7.069054516735017168e-01
1.225512052690489462e+00
8.211350803631500828e-01
1.326738110783955094e+00
7.037520500837832760e-01
-2.099223620566812887e+00
-8.490433237732561977e-01
-7.856996872783301999e-02
3.464050317957884095e-01
6.692893277918872119e-01
1.181963304589570773e+00
6.643510864264873250e-01
1.104692162172292047e+00
6.489304818130376962e-01
-1.725786587548181927e+00
-4.625110465878544685e-01
2.914841947931081645e-01
7.273231042086545362e-01
9.435904484990559338e-01
1.305478208162478948e+00
9.130056554704719662e-01
1.230184397092899617e+00
1.146545494766498807e+00
-1.850699727115154847e+00
-5.843278435305280238e-01
-1.506340546051426928e-02
3.966361739445267154e-01
7.929217200131150056e-01
6.456311846412736699e-01
6.234543117210030738e-01
4.046097382490803085e-01
5.638257767862661085e-01
-1.896837382184400900e+00
-7.732039710516122044e-01
-1.134211421286472621e-02
3.089088207682764708e-01
6.839360722783008883e-01
1.172939612705575341e+00
1.037628297208106565e+00
1.526372855852127897e+00
1.296352443028534696e+00
-1.962856783192210797e+00
-5.562356341576846219e-01
1.333946086141439280e-01
5.504852040386529755e-01
8.974461081971648602e-01
9.930744331185815676e-01
8.255391336593280727e-01
6.339748919009965400e-01
6.315795366653429443e-01
-2.254639012202500403e+00
-9.052757631117082093e-01
-1.170759556864449102e-01
3.356490186032050627e-01
5.890857251119766547e-01
1.023816218241336395e+00
4.666799641105431884e-01
6.439200862458669405e-01
5.937058095661010837e-01
-1.292096565648763962e+00
-3.786551829116566181e-01
1.069540167055067770e-01
6.374693760698310063e-01
7.278029990619554468e-01
2.893108933112352177e-01
6.764693845076987788e-01
2.949736367368518963e-01
5.297091434665816001e-01
-3.102805347999266328e+00
-1.777084913955682799e+00
-9.769356086234168846e-01
-5.696023426879651685e-01
-2.899019928837690552e-01
1.750311871737022518e-01
-1.475005349720113525e-02
4.841042924444119433e-01
7.788051291775760498e-01
-2.557575414916011702e+00
-1.546708635428637013e+00
-1.229682432979507745e+00
-8.656141977585253278e-01
-3.313217554608678950e-01
-5.713558711772951382e-01
-4.700361120234526624e-02
4.377145788067477450e-01
6.727277533025813883e-01
-1.622312048182821043e+00
-4.122002726605399348e-01
1.751849940961187069e-01
5.856141062787227902e-01
9.277049204070514365e-01
7.373798170631763460e-01
8.028944237996659128e-01
8.803573851437127562e-01
1.062874143421854711e+00
-1.058752486131499193e+00
-6.094290341538635691e-02
5.017315772252798345e-01
9.899948118709143152e-01
1.110539128326968550e+00
6.924013034801790312e-01
9.687181372407369651e-01
7.549397323832498508e-01
9.562791127646476097e-01
-2.284133364005487721e+00
-1.025005999832260040e+00
-2.217282777467449173e-01
1.968138439571640308e-01
5.440558102938543028e-01
1.061440441531508405e+00
6.043976498379065587e-01
1.081099593287774940e+00
7.094513845552014031e-01
-2.036769023341785445e+00
-7.880857126152565062e-01
-2.927596642823906276e-02
3.608716666176922105e-01
7.139951762118063039e-01
1.233884673009059574e+00
8.911472875191616128e-01
1.367053499994151045e+00
8.093892227044250376e-01
-1.666218732889343190e+00
-3.316515420929302960e-01
3.340491777693287978e-01
7.224927593620549260e-01
1.057890985616079194e+00
1.071213191457606406e+00
9.609540914024806701e-01
9.212889788595390872e-01
8.310832897691561305e-01
-2.416421435547288166e+00
-1.934627892694922524e+00
-1.720045929480759073e+00
-1.121684584188002098e+00
-9.412394501209221387e-01
-5.959481247878029020e-01
3.971578092584695518e-01
8.502494599142728093e-01
1.045515262077023833e+00
-1.225443043590954906e+00
-2.294268896277555925e-01
2.974024078181684017e-01
8.118004844358298611e-01
9.494842684779096764e-01
4.679911694709255054e-01
7.725270442301823692e-01
5.704639686949118937e-01
6.866575745198748582e-01
-1.071896940383124885e+00
-1.473953433684695169e-01
3.969789715125430773e-01
8.848411631978561065e-01
9.553179828022404507e-01
4.201902821929878185e-01
8.205071180588058288e-01
5.316116256567583465e-01
6.489695202663677831e-01
-1.636356095629779128e+00
-4.243560045774672496e-01
1.578282305441474631e-01
5.677011087463493810e-01
9.147258374792914815e-01
6.645128341584759513e-01
7.553763603540800675e-01
6.402163592547090998e-01
7.223729402845989744e-01
-1.171245333485333218e+00
-2.514659816694366778e-01
2.684921262694134891e-01
7.795480262095993984e-01
8.637278427317727214e-01
4.170194032546397644e-01
8.147008330683935817e-01
3.810785755404377806e-01
5.566112252918131720e-01
-2.006810926566003683e+00
-6.674858812733708291e-01
6.032350214670783445e-02
4.931798805453485035e-01
7.432015151620682269e-01
1.219110440138288176e+00
8.605373469655898111e-01
1.185264392582385362e+00
8.978813154201231717e-01
-2.225759383405024217e+00
-1.447881991816728942e+00
-1.165535126759020379e+00
-6.376207418416823813e-01
-3.314659927600209777e-01
-6.132297842430477486e-01
-2.455518823374764348e-01
1.407555242734075396e-01
4.890675769856526744e-01
-2.921032011167873144e+00
-1.754533077646251549e+00
-1.317796595352399125e+00
-9.588512306227329196e-01
-4.737522008343256208e-01
-3.318566279970224242e-01
4.514424922014397268e-01
9.065923705468300620e-01
1.091055001563570714e+00
-1.849060188308908614e+00
-7.147048134198000779e-01
1.903223620352818488e-03
3.533212292875982929e-01
7.075215829908561016e-01
1.194492438934205314e+00
9.548746621632161480e-01
1.467631894048986529e+00
1.202559669686734667e+00
-2.540538850135829918e+00
-1.195706202091764370e+00
-4.078776620126089436e-01
2.066491080809089442e-02
3.515959597622675403e-01
8.661645997345395198e-01
4.173063738909168485e-01
8.022753890421259193e-01
8.253557078209100561e-01
-1.299299547356415285e+00
-4.449433851998905731e-01
4.627081822269525635e-02
5.555125012755638414e-01
6.094750606523295922e-01
2.696980760604657593e-02
4.834383172094248171e-01
3.986946878724758059e-01
6.211325078731350091e-01
-2.089298100957030613e+00
-1.104737049835846197e+00
-7.449214815867070127e-01
-2.703598371811331003e-01
9.021323528917574164e-02
-7.381102947396198100e-02
4.409978473286577105e-01
8.702918106449935021e-01
1.061856067082219024e+00
-1.237629923974489454e+00
-8.363223756966874090e-02
5.359848139296240488e-01
9.410520729429002751e-01
1.216535790896988933e+00
1.009386966391480511e+00
1.133334052663071523e+00
9.167597689845519149e-01
1.069549250272757934e+00
-1.552515566839063998e+00
-7.338510509342668353e-01
-3.149588131169235306e-01
2.385291676667758154e-01
3.182396523819654988e-01
-1.658587164682811532e-01
2.959753747867147622e-01
2.131039192098527213e-01
5.195065892899793925e-01
-1.560997245043794557e+00
-3.187345642093204479e-01
3.025551326338509761e-01
7.026841029295044505e-01
1.042042046820562229e+00
8.862068290234923484e-01
9.692896593016745443e-01
6.414788153795510928e-01
6.542451815313532482e-01
-2.630833028185966427e+00
-1.891347062131699897e+00
-1.656760957624892505e+00
-1.227359222660211246e+00
-7.677080376913807402e-01
-9.182944783570805569e-01
-3.128302458609329983e-01
1.723450577631602254e-01
5.116665452068389630e-01
-2.647636797485001470e+00
-1.313828664738310170e+00
-6.313294481114719581e-01
-1.657207972660210415e-01
1.433499362758144657e-01
4.035030311077165699e-01
-1.750011536229703901e-01
1.356921751458042558e-01
5.000281909879679132e-01
-1.964575479603035690e+00
-7.639992553754132443e-01
7.198395777248761673e-03
3.772972721296551923e-01
7.364401688203722207e-01
1.255884777914425543e+00
1.009174672630542613e+00
1.487516850007609248e+00
8.684818805981631140e-01
-1.548796996742496379e+00
-2.550688267948308385e-01
3.975725214556245501e-01
7.784881084009109831e-01
1.117761386128364842e+00
1.053744025150518349e+00
9.847304239808585269e-01
9.143650215707231910e-01
8.363101011382942929e-01
-2.203297071213457414e+00
-1.390555876760753318e+00
-1.107167432196158430e+00
-5.901549036310378415e-01
-2.775071795947895992e-01
-7.350916672999772139e-01
1.039623776084069584e-01
5.543660056115271573e-01
8.184196196781924337e-01
-2.352053485149879108e+00
-2.470905871118477481e+00
-2.270745230568651962e+00
-1.699926532560805503e+00
-1.559017902018971391e+00
-6.920160763864526832e-01
3.876946342874066920e-01
8.361761029454731764e-01
1.036895888561028434e+00
