-1.958046698022643861e+00
-5.918741930654004557e-01
5.294718132149916351e-02
4.451480444796621083e-01
6.574731889123071049e-01
9.566383319993083667e-01
7.727169347503596297e-01
8.176126003642913975e-01
-2.413804661232977766e-01
-1.357307528381193729e+00
-4.361578701817309667e-01
1.046265782602786021e-01
5.286627623181290314e-01
5.955999686282944516e-01
1.729093582483335056e-01
5.374487394523737027e-01
-1.778574965694180166e-01
-6.149835597096039441e-01
-1.487389231424516067e+00
-2.592809921817660346e-01
3.393410517259093928e-01
6.373466768376745417e-01
9.253351913451821620e-01
1.016039714865278221e+00
9.473188857181249478e-01
8.896778086202485891e-01
-8.299259502313857673e-02
-1.814733972990086652e+00
-8.714641742700145466e-01
-1.688355815122257464e-01
9.526122110072893223e-02
4.027398034912247349e-01
8.365876303919306256e-01
9.792595851128089723e-01
1.181444570716002396e+00
5.182523628980357788e-01
-1.816369434161349217e+00
-4.517338687527585606e-01
1.591841930692562690e-01
5.493460098417258797e-01
7.448818771071592515e-01
1.088603777242752146e+00
9.231116716786064158e-01
1.089391324659874982e+00
6.319639415483254731e-03
-1.859561514474167510e+00
-8.494929361868581719e-01
-3.712957074851577222e-01
1.183388443755816755e-01
2.745883293223173038e-01
1.460193725724041360e-02
1.637361805096994305e-01
-6.967947286877858026e-01
-9.653268756485985369e-01
-1.744547250101321723e+00
-4.658585992888433225e-01
1.544560311130278307e-01
4.884482156126443431e-01
7.775039795528688735e-01
8.400228927059278927e-01
7.933284123444453995e-01
5.249227597739740681e-01
-4.446018358074009802e-01
-1.164649064856952965e+00
-1.424103486227919768e-01
4.041399249605064914e-01
7.715147307599325988e-01
9.526535655962290461e-01
7.265753554472998976e-01
8.958283578112827827e-01
3.875619699221144465e-01
-3.148436106077345809e-01
-1.412346749226852216e+00
-2.556859584038046473e-01
3.311532730552642079e-01
6.382494796859095043e-01
9.099538119101411304e-01
8.551504123970333771e-01
9.077314513260367201e-01
6.733667060907996271e-01
-2.125363617927331639e-01
-2.320680805197239849e+00
-8.705564371971815651e-01
-1.945377783116836456e-01
1.936319078052211318e-01
4.675725950595443492e-01
6.355867490917278539e-01
4.180549849188074374e-01
1.653362253658182124e-01
-6.220958129185786278e-01
-1.204028055106925343e+00
-1.215175401084895856e-01
4.386373971450693299e-01
7.644238819421319553e-01
9.999169711181424836e-01
8.648658567025984123e-01
9.717877655502620282e-01
7.008709328749092027e-01
-1.484047108890368671e-01
-1.413322895354438113e+00
-4.864366240604808267e-01
4.566709481070355126e-02
4.828490360033203532e-01
5.558766430912543965e-01
2.067413566825375693e-01
5.041131095173589927e-01
-3.045735827991588596e-01
-6.965153583043387497e-01
-1.604280867686431744e+00
-5.125532005665088819e-01
4.215187703021588961e-02
4.440278014039516497e-01
6.409960233276148500e-01
3.751840904590712511e-01
5.555467924217573072e-01
-1.551776897497678109e-01
-5.396395829217598417e-01
-1.978607640456643502e+00
-6.106116130673813203e-01
3.704590343214337472e-02
4.419780611014074156e-01
5.775543465045314129e-01
1.019618782819238678e+00
7.659702789783409127e-01
1.060375243585741867e+00
7.152733929769986010e-02
-1.832538001251706961e+00
-9.847813840754333636e-01
-2.625988827576949958e-01
2.463608376169537997e-02
3.442018442936820577e-01
7.816411322228629110e-01
7.747481179681183772e-01
1.084979902784460659e+00
2.299908185677015937e-01
-2.646203810096035447e+00
-2.126291620502030799e+00
-1.747425554027651984e+00
-1.161768861213142712e+00
-1.109396627352633891e+00
-1.630707263423113673e+00
-1.081157939008190016e+00
-1.463292006581226934e+00
-1.348063904563678417e+00
-1.739035338389907537e+00
-7.634075301386669121e-01
-7.370801138642486816e-02
1.880246455405354677e-01
4.933141003829555893e-01
9.225499941627145484e-01
1.124526088695426473e+00
1.253461459785583321e+00
6.681232564664257856e-01
-1.648586968189004631e+00
-4.220465994039263591e-01
1.853759950998987438e-01
5.116710715626153760e-01
8.014415445077500699e-01
8.349462595042589363e-01
8.146985240139580364e-01
5.208065565380300965e-01
-4.098952783973022762e-01
-3.415561218097758367e+00
-2.028286289690075517e+00
-1.176541211805350429e+00
-7.289924882439244858e-01
-4.429435360352017015e-01
3.184758675519256538e-02
-6.403082370446953053e-01
-3.913492800074497291e-01
-8.236952073391793361e-01
-2.439769975754985776e+00
-1.264544212051184724e+00
-5.080854632141876825e-01
-1.522546487684658667e-01
1.727704155569864675e-01
6.223477318750342269e-01
1.737719723738356536e-01
6.753712735253539767e-01
-4.323323304266780132e-01
-2.950227539499608032e+00
-1.762206504433777798e+00
-1.367626504271849175e+00
-9.598388575282573720e-01
-4.848318679898670491e-01
-5.756310948179719222e-01
-9.203972443262756764e-01
-1.546666688220666552e+00
-1.432300192642988579e+00
-1.976633622381688049e+00
-6.079905334308848275e-01
3.713566102908034960e-02
4.289899667217879631e-01
6.425998616722208290e-01
9.105316212436400658e-01
6.868922320096592093e-01
7.607659869421076193e-01
-1.504916109657055689e-01
-1.646262636027511661e+00
-4.251553231023425528e-01
1.947150976940239531e-01
5.236701818842881551e-01
8.005183025793117801e-01
9.249649876242069801e-01
8.447454208437880085e-01
7.773862323863924839e-01
-1.893082818497275888e-01
-2.140699792000503532e+00
-8.690817134133302924e-01
-2.268838158231520630e-01
6.857090705780317930e-02
3.708061476277276225e-01
8.099778116185287757e-01
6.803228914592741594e-01
1.088231540068618663e+00
2.265866657243926496e-01
-1.477385242724015280e+00
-5.378050203544509911e-01
-9.872881183483318834e-03
4.353293594080033246e-01
5.057164444602001430e-01
7.608814475092226526e-02
4.343193167877547056e-01
-2.663133503221407072e-01
-6.397328762730798424e-01
-2.455656930539336980e+00
-1.858183036068560057e+00
-1.459681333661207780e+00
-8.927324029417517126e-01
-8.431120597385639570e-01
-1.289184251098826728e+00
-8.375502722780535647e-01
-1.609003529276859634e+00
-1.454061145097754970e+00
-2.678302819236557664e+00
-1.749879919698497988e+00
-1.406102968626630201e+00
-8.982456308572777104e-01
-5.817457976563950028e-01
-9.136873607088792371e-01
-8.677708470060548906e-01
-1.144703391394123804e+00
-1.165241302655690259e+00
-1.960064366733341945e+00
-7.076653029909604209e-01
-1.065256028841071873e-01
2.450757714721815694e-01
5.471134981692282739e-01
4.148127260605811717e-01
4.465447072330566702e-01
1.013887213083479316e-01
-5.136735644144843072e-01
-3.174697460394748649e+00
-1.840176015911852536e+00
-1.407125637506195570e+00
-1.018763318690714570e+00
-5.179985303843337441e-01
-5.363586546160302726e-01
-1.001648806341531861e+00
-1.415225199775312470e+00
-1.330865231460069964e+00
-2.090445193420829906e+00
-9.977171371220256990e-01
-2.760668531993489827e-01
2.095344042795393644e-02
3.393900514347150676e-01
7.786686836125322753e-01
8.161459749545190157e-01
1.082974459556501845e+00
2.862200400357931551e-01
-2.074919474161776023e+00
-9.301812399068628556e-01
-2.217648220713256402e-01
1.859242873471621260e-02
3.428116610745579051e-01
7.664082846557115358e-01
9.546047578255331123e-01
1.150400980225410486e+00
5.722899055450889616e-01
-1.932813853757038514e+00
-8.311632668134693036e-01
-1.464640416653474886e-01
1.267958241335583602e-01
4.434049055153493346e-01
8.808969193095748107e-01
1.021303824877917377e+00
1.213011684272705670e+00
5.473587672233688473e-01
-1.596540246846894107e+00
-3.447445890961423065e-01
2.672262558292082257e-01
5.940329271566802127e-01
8.608793273884840502e-01
1.063303472324093946e+00
9.619821912519834761e-01
9.881340867593187971e-01
-6.681904451071285500e-02
-3.492700898360590056e+00
-2.092385772535646726e+00
-1.256115555611817980e+00
-8.317012667884193799e-01
-5.463807649244026843e-01
-7.940700042091720923e-02
-4.812975347121252745e-01
-2.627821909452778826e-01
-5.618263195073086580e-01
-2.740568853918331715e+00
-1.894888772114746267e+00
-1.568134201354410617e+00
-1.029370544991371483e+00
-7.448495954512912576e-01
-9.613582156674818080e-01
-7.173502615913985858e-01
-6.327309617978595924e-01
-6.988936536087524409e-01
-2.023413019379062039e+00
-6.169078227909082779e-01
3.238848420427230951e-02
4.414090603931147272e-01
5.940037802421247459e-01
9.945916619599758368e-01
7.825773272510386791e-01
9.703911361205029840e-01
-8.576766459397983100e-02
-2.468709420389233689e+00
-1.061866411222454065e+00
-3.624622976228639160e-01
3.923064558984013656e-02
2.400523831643899819e-01
6.445406130479790496e-01
1.854859702715792036e-01
4.814851572283658232e-01
-2.751392051241406955e-01
-1.695270632205636785e+00
-5.158026037360204930e-01
8.267104308412592806e-02
4.213098829825937530e-01
7.031777057573792566e-01
6.104672285051540026e-01
6.403718775791704676e-01
2.489867832628794020e-01
-3.801370617720213341e-01
-1.114655393313831455e+00
-1.626101847870623784e-01
3.891140060606885220e-01
7.722194823104123751e-01
8.697638324478236260e-01
4.529381872613558735e-01
7.798047997752672877e-01
2.033001719720843592e-01
-3.016775553836799073e-01
-1.435892178256878315e+00
-3.388114492438080716e-01
2.299987025678372765e-01
5.904913783102910818e-01
8.115397297666137044e-01
6.092471083867330162e-01
7.493439661884087055e-01
2.350926209877473860e-01
-3.589208553162592241e-01
-1.193438749502661267e+00
-2.336490411618800389e-01
3.140531937122792439e-01
7.092385070009046277e-01
7.995082466846992197e-01
3.657177031205823825e-01
7.100940267353198498e-01
1.042716151913502531e-01
-3.734713937292629127e-01
-1.050601981532943707e+00
-7.604261161165193350e-02
4.700949898273584782e-01
8.424898597750142271e-01
9.575506046457940013e-01
6.203259940061935929e-01
8.660729098843298335e-01
2.869734399398528035e-01
-2.432066562136698806e-01
-1.888076831894582863e+00
-6.192405011472161824e-01
4.895321777696418769e-03
3.965467483307306695e-01
5.407425463424727630e-01
1.019480074922079149e+00
8.126961311967876300e-01
1.180206445074956534e+00
2.321590548148781963e-01
-3.281007998267066128e+00
-1.894771670920882611e+00
-1.414378546721269281e+00
-1.015238878124774091e+00
-5.365533312307604330e-01
-4.927944125527339292e-01
-1.069485274315805201e+00
-1.482244052440307991e+00
-1.350793821525097860e+00
-1.545888112230103806e+00
-6.344139662809705760e-01
-1.205308281890552363e-01
3.372356880409377311e-01
3.967714909569591830e-01
1.679661304550195133e-02
3.506303518023848875e-01
-4.128846947147611912e-01
-7.514937997826426352e-01
-2.221230348643017383e+00
-8.863853351248344170e-01
-2.233564065144182098e-01
1.518387253608409759e-01
4.032080739275404335e-01
8.677005212468986706e-01
5.201741210775097102e-01
9.177700478676028562e-01
-1.952565156748652109e-01
-1.439313954134884499e+00
-5.116936736575403710e-01
1.793570803228886762e-02
4.554350456678979420e-01
5.217721835885780202e-01
1.667784724212393599e-01
4.559072069341898459e-01
-3.315550416370677822e-01
-5.822954976536811600e-01
-2.672069878703269730e+00
-2.168516748621224899e+00
-1.790802924717125322e+00
-1.199461197716956251e+00
-1.147588972986925970e+00
-1.646684964540212182e+00
-1.076250002015439744e+00
-1.158028754795766613e+00
-1.122047128670950800e+00
-1.013198287452408808e+00
-3.642442747333942549e-02
5.055917711842168316e-01
8.725815357933482952e-01
1.003268857406440784e+00
6.275283784502434514e-01
8.956973660583598118e-01
4.447462569106694907e-01
-1.326225930394389907e-01
-2.916364295452358757e+00
-1.657233097008580680e+00
-1.233914459997425439e+00
-8.472783572550638409e-01
-3.645414564018377157e-01
-5.098546260043800293e-01
-5.746116356694201954e-01
-5.125079878443286052e-01
-6.110926495074813225e-01
-1.530018096921524906e+00
-6.286334123177472755e-01
-1.074198159958019705e-01
3.434149754655940745e-01
3.986673805364910894e-01
6.046952454259538201e-02
3.567784307679488509e-01
-4.794444360468034239e-01
-7.972450881151743607e-01
-2.226797826650548373e+00
-8.171732149430244174e-01
-1.265914991555132929e-01
2.821982078870656774e-01
4.419135067889826685e-01
8.280226130280488039e-01
4.948174414464519000e-01
7.018929223251065830e-01
-1.461402394874540822e-01
-1.880309656451202294e+00
-8.361859511699319958e-01
-1.360465451142675308e-01
1.310935059524556967e-01
4.377152017126832440e-01
8.714497398223683966e-01
1.063949453715138160e+00
1.208985282360137248e+00
6.148649399602369447e-01
-2.389342991270165140e+00
-1.240669296885004602e+00
-4.827021685783429161e-01
-1.552355231929784807e-01
1.717696524244530232e-01
6.202906078608924068e-01
3.889082264443288195e-01
7.804707920917856034e-01
-1.808336630306522641e-01
-3.407994170262780731e+00
-1.958091662126197896e+00
-1.244415415483060006e+00
-7.905199297774463396e-01
-5.582773145233783652e-01
-2.294121821208270351e-01
-1.006192798257323329e+00
-8.601761247009734879e-01
-9.796589037731553429e-01
-2.466541558125587841e+00
-1.066088277111342686e+00
-3.459888622804845881e-01
5.855954047887214353e-02
2.707951989390350866e-01
5.821512048373045367e-01
2.621055349779468635e-01
2.731139591506011044e-01
-4.493192427450438675e-01
-2.761064273832187332e+00
-1.955928618927480267e+00
-1.632485645321656742e+00
-1.081503446171209637e+00
-8.063423458024134849e-01
-1.031254233482814087e+00
-1.070315516314712223e+00
-1.811542774888582397e+00
-1.497752482939552099e+00
-2.532650968488631360e+00
-1.111719194983164405e+00
-3.714925903310362654e-01
4.111508549076683949e-02
2.701037732977321637e-01
5.814840404166452537e-01
1.676824785971559040e-01
1.119936868246567685e-01
-6.047221275821563768e-01
-1.889413733260835171e+00
-6.621011486545810287e-01
-7.634790151336802444e-02
2.806830230748281196e-01
5.710195407664468981e-01
4.179326216831201202e-01
4.608451905854882291e-01
-1.210507443784311112e-02
-4.275149637196075103e-01
-2.482987307942964517e+00
-1.911091814014770351e+00
-1.507110669966286398e+00
-9.425689827087910810e-01
-8.921606348054351709e-01
-1.181224009843939715e+00
-6.849841572433715831e-01
-6.634991329622217382e-01
-6.781176014052585632e-01
-2.374104967084826878e+00
-1.167399949095543565e+00
-4.230487235593637929e-01
-1.521189052280013110e-01
1.799684093674400465e-01
6.109535656780004098e-01
5.660114145630136262e-01
9.314804482245248041e-01
1.476291873050760151e-01
-1.910936144630777545e+00
-6.339083264407701090e-01
-3.795407977806394828e-02
3.088033081261932766e-01
5.262949700965422473e-01
1.002818551211474896e+00
9.856785671472830801e-01
1.287558633785761408e+00
4.235562907309339820e-01
-1.819880195485275687e+00
-6.118029879375003199e-01
-2.523392654203104532e-02
3.399231254988551165e-01
6.149956990116721700e-01
4.809196135091326485e-01
5.529937680176781889e-01
-5.414850593533758472e-02
-5.869089779173202182e-01
-1.684290861902227210e+00
-7.975550405311502278e-01
-3.048617298420530086e-01
1.724762771223782298e-01
2.281889083024186693e-01
-2.307934958677688442e-01
1.629850753878105407e-01
-4.854432205069120765e-01
-7.365265905469460250e-01
-2.156124807044882630e+00
-1.035812651098850568e+00
-2.999388615159381266e-01
-8.226639352367268176e-03
3.026386328670991333e-01
7.423166600588450015e-01
7.750455166608624102e-01
1.050354109673706571e+00
2.483761657126699329e-01
-1.717607025719039449e+00
-4.351963438087709246e-01
1.845706172238204268e-01
5.381710305945620609e-01
7.912339021740393274e-01
1.002721165569738782e+00
8.352393276841486580e-01
8.957836058703867455e-01
-2.364196980676958396e-02
-2.528789214534492125e+00
-1.959136572641545726e+00
-1.563978717869088042e+00
-9.909524306543606720e-01
-9.362346936218068905e-01
-1.289342637923756696e+00
-9.277096507887165888e-01
-1.884695408969334185e+00
-1.544573404787394244e+00
-3.480018940590174914e+00
-2.056219987374653613e+00
-1.216232822543800829e+00
-7.695706058628051238e-01
-4.948310687883700765e-01
-3.781800627346913052e-02
-7.217236331617725709e-01
-4.850324954097028352e-01
-7.947332583275092954e-01
-1.090863830011572277e+00
-1.166371780910349515e-01
4.319757805224069824e-01
8.096225425183170010e-01
9.276718609574291508e-01
5.828268995405201380e-01
8.453641160355849227e-01
2.680547021924702400e-01
-2.486382678059541884e-01
-1.055039534513783961e+00
-8.419331699053990425e-02
4.630494332707746907e-01
8.361090312962943250e-01
9.587589009696586562e-01
6.152750484856921442e-01
8.473661057922471374e-01
2.762955878223787853e-01
-1.925496187965720640e-01
-2.083295134624405964e+00
-8.981334443064291628e-01
-2.110519914175411904e-01
4.435450152347381048e-02
3.793503089801781303e-01
8.031445814813807926e-01
9.245769023410730370e-01
1.172623779577057546e+00
5.471708901955514293e-01
-1.006335445065701384e+00
-3.537948676806203924e-02
5.084668101710393406e-01
8.742281860586653686e-01
9.953843052545814363e-01
6.186123877822653494e-01
8.930647963919098320e-01
4.228978206264560891e-01
-1.301439580816272923e-01
-3.349259545971804641e+00
-1.913242793806678721e+00
-1.234368860425717251e+00
-7.943112551363505913e-01
-5.394857207227223839e-01
-3.696163481990308308e-01
-5.605806240409757502e-01
-3.684729896883858213e-01
-4.784439304881780708e-01
-1.626534630215807020e+00
-3.579777574247148264e-01
2.590158673803493183e-01
5.901246568909257473e-01
8.672697046600971182e-01
1.038883053677850610e+00
9.488053398644034075e-01
8.871466488546566609e-01
-1.535186022774944203e-01
-1.314612852979014423e+00
-3.663081291949826790e-01
1.764515581451830961e-01
5.925498881560335995e-01
6.708311428208283411e-01
3.000901723189410286e-01
5.905282700555294362e-01
-1.496116178428112398e-01
-4.366378730516793372e-01
-2.892755133534810508e+00
-1.880003064893855269e+00
-1.542159589536494790e+00
-1.096250417816670986e+00
-6.682285162910603926e-01
-9.477108429967665559e-01
-9.610851431122765520e-01
-9.325187605882169217e-01
-9.756720334139199480e-01
-1.953728794275862768e+00
-9.023817609917872407e-01
-1.989822483350468241e-01
4.905655317520840608e-02
3.718529928981306742e-01
7.979645963785071405e-01
9.962094340314667784e-01
1.180757421054364320e+00
6.038641141239329269e-01
-1.836718327749126800e+00
-7.527133796316808345e-01
-7.067553859559827512e-02
1.605348278365919257e-01
4.718241417461778164e-01
8.877805621341233744e-01
1.118006482060944551e+00
1.253409414938070343e+00
6.946658994926304675e-01
-3.100489024299538432e+00
-1.686211810653284626e+00
-1.191370967112474588e+00
-7.985990232010621304e-01
-3.363957688405641577e-01
-4.801938007498918193e-01
-5.578621119192482825e-01
-4.391034507366358697e-01
-5.733605511601655991e-01
-1.402279775620561608e+00
-2.238589364832274387e-01
3.716503339191676303e-01
6.730994395487833737e-01
9.536340545801084145e-01
9.679076958698565880e-01
9.847173951045381513e-01
7.731111864840578551e-01
-1.579316069117049914e-01
-1.782763347081537386e+00
-7.295535961880647013e-01
-6.820279742509882670e-02
2.071798839483615373e-01
5.152798887454986820e-01
9.529423079344863101e-01
1.135194178408539978e+00
1.289193937197344431e+00
6.719266739089985174e-01
-1.252863387007349560e+00
-2.932190732570662539e-01
2.518375150171707211e-01
6.601600654876007557e-01
7.560682785796231098e-01
3.939962016901876196e-01
6.672989237340234414e-01
-6.550991918931164948e-02
-3.652793792296707420e-01
-3.444295443728943251e+00
-1.949631024610441132e+00
-1.109169146023867514e+00
-6.635355541655316713e-01
-3.739666003092543267e-01
1.036724735956584542e-01
-4.791858568260687345e-01
-2.190052072024308016e-01
-6.289475150558707650e-01
-2.300501025352703177e+00
-1.079393989345095228e+00
-3.405716247964682419e-01
-8.227684168607159176e-02
2.461065754890599810e-01
6.756962628087335165e-01
7.598109023911083781e-01
1.044886369131664328e+00
3.698145072753411533e-01
-1.416543156020082961e+00
-2.320460998544528475e-01
3.602563224285235122e-01
6.549244759969434782e-01
9.422555990536209958e-01
9.990389224876619068e-01
9.459602441275514195e-01
8.658094030335486968e-01
-5.961431688934808182e-03
-1.152777202194558370e+00
-1.516663356480484615e-01
3.957906020070249276e-01
7.772703254681871954e-01
9.200429542169072938e-01
6.024935297317142169e-01
8.213431284380526831e-01
2.447793258069482503e-01
-2.112198845022939808e-01
-2.813280910166583215e+00
-1.713689828524723513e+00
-1.330547371082665631e+00
-9.068962340532585875e-01
-4.704925133780900603e-01
-6.633243722331401138e-01
-5.563333202235404285e-01
-4.386375546525578262e-01
-5.201563611875359427e-01
-1.786851476017828677e+00
-5.371040058931718653e-01
8.204368073498087555e-02
4.133423401041178558e-01
7.021406147288785649e-01
6.905739662165090165e-01
6.869018196322581593e-01
4.615863810195200978e-01
-2.786286050303918294e-01
-2.062238708335408788e+00
-6.657802625344504399e-01
-6.626424543043672212e-03
3.812367129119339504e-01
6.268259202950066111e-01
8.565638778757342919e-01
6.774968104830184634e-01
5.771071367352951231e-01
-3.324065255187314549e-01
-1.814396095896722461e+00
-7.503494148772467121e-01
-8.048933134079475082e-02
1.486184765049798073e-01
4.754342549627570969e-01
8.988127522269921954e-01
1.089235213832297156e+00
1.259727094418155113e+00
7.317436424330591160e-01
-3.620021341727799324e+00
-2.119174632342523790e+00
-1.265628499753247871e+00
-8.140766068519130760e-01
-5.349120972898182558e-01
-7.705305298618052301e-02
-1.109638728816986886e+00
-7.940437751876940897e-01
-1.030037441803349552e+00
-1.073332126747177817e+00
-9.904953222491802434e-02
4.441889930621621962e-01
8.210532644346331121e-01
9.442610564935641770e-01
6.042320667442936388e-01
8.367132527606895298e-01
2.560053229125655028e-01
-1.769984330232325931e-01
-2.330387838495828756e+00
-1.213065406373729838e+00
-4.464855212868875656e-01
-1.212863719841587168e-01
2.051482087719904424e-01
6.519358169347680976e-01
3.677315617663002856e-01
8.169886630193408106e-01
-2.106586173468245060e-01
-2.036612333968537580e+00
-6.750269179022193589e-01
-1.567281442911415412e-02
3.702732355600483749e-01
5.955480356368553219e-01
8.279680396436314149e-01
5.941276337370160476e-01
6.372040817679890390e-01
-1.044450409915832628e-01
-1.787234457357652406e+00
-4.425235250832410538e-01
1.809192862069114449e-01
5.588844555411743853e-01
7.882642371580427243e-01
1.080242462431522998e+00
9.322332923944838257e-01
1.006353768896493417e+00
-3.129087423770544191e-02
-1.347302581466301996e+00
-4.139666213953817619e-01
1.259928154454747762e-01
5.490810933071861299e-01
6.178280727652749604e-01
2.624729852227077331e-01
5.654500076182112922e-01
-1.818559752301729115e-01
-5.222688841639337998e-01
-1.054756347046088116e+00
-7.664719337715530934e-02
4.689899505921665823e-01
8.412646276392926614e-01
9.601215427424443227e-01
6.210438098834695220e-01
8.724028334396580764e-01
3.230203616899144925e-01
-1.883781395142407888e-01
-1.549110300839714460e+00
-6.421902221612514339e-01
-1.286429323033929095e-01
3.262943383107424489e-01
3.836712403054087228e-01
3.924167655765192775e-02
3.299619506163632421e-01
-3.296712332201754969e-01
-4.334886059073450038e-01
-2.528720150259760935e+00
-1.461654309139798658e+00
-1.059936062042072136e+00
-5.969642932997861751e-01
-2.619213927353635230e-01
-4.786974366497805944e-01
-3.953541149013636291e-01
-3.427095690900511804e-01
-3.937069639944561494e-01
-2.440911767572053304e+00
-1.211368797059631852e+00
-4.605335362959254719e-01
-1.335036086837271818e-01
1.953473435455158336e-01
6.439538029249152196e-01
4.249128929006290578e-01
8.092230217117898361e-01
-1.124574060922202551e-01
-1.186995442496278974e+00
-2.209763761423620410e-01
3.238538218423313020e-01
7.194952442240086787e-01
8.247258387111191524e-01
4.747693210372501693e-01
7.543849348150917233e-01
1.068198200390241132e-01
-3.191341184060618175e-01
-1.918577706014052531e+00
-1.005012204248362018e+00
-2.743654939437193963e-01
1.827428704954132260e-02
3.290557330522457802e-01
7.696760387503314149e-01
7.795693250461166457e-01
1.076439137217160225e+00
2.578004989160261884e-01
-1.966811613371858503e+00
-6.466417408108703357e-01
2.075727020068823467e-02
4.195981148123607563e-01
5.753552787858939865e-01
1.057574749203024744e+00
8.515889036752946062e-01
1.134420493540068353e+00
7.959510910203435041e-02
-1.251867345422189581e+00
-3.123664007649381569e-01
2.351692012228438489e-01
6.417325126702391191e-01
7.229685779224316322e-01
3.092346537387553052e-01
6.243669807889509205e-01
2.523813816892365135e-03
-3.263816949355950459e-01
-2.005187185032691666e+00
-8.006262519448553716e-01
-1.358716869647223491e-01
1.962807984030933983e-01
4.792106845880755861e-01
9.399029229673478980e-01
8.392490706333239903e-01
1.178467900963212633e+00
2.241393548939051017e-01
-1.033631986511736489e+00
-5.885711587985479470e-02
4.872726505420159615e-01
8.562053834647455064e-01
9.719054920080527626e-01
5.574509698536822544e-01
8.509250705099924428e-01
4.163553116418029498e-01
-1.030615646428662130e-01
-1.753251484884559952e+00
-8.641198049245760737e-01
-1.754984336233212650e-01
9.996600420976978207e-02
4.020862800596115560e-01
8.354896985572042301e-01
9.763699779817440749e-01
1.182359030307889913e+00
5.148715282936784376e-01
-2.221037696277716744e+00
-1.031703416225486558e+00
-3.262990368959410303e-01
-1.796871671314934082e-02
3.133022207540254178e-01
7.571270726404933926e-01
6.650601588696478661e-01
9.996700050749676159e-01
1.084278381560050547e-01
-1.782822303219273818e+00
-7.099069527411535629e-01
-4.751826636923692226e-02
2.260565110144132084e-01
5.361940547646791844e-01
9.715144331471375905e-01
1.171053559178226067e+00
1.307370538107000657e+00
7.089793252186267214e-01
-1.729087028569827211e+00
-5.189405651603186120e-01
7.979066726225522710e-02
4.148402231551676644e-01
6.968847603178948136e-01
5.890005933601835109e-01
6.598673824274355892e-01
3.567222128193948683e-01
-2.670493193362438733e-01
-1.769934581425636866e+00
-4.656426145240312175e-01
1.668876050675386080e-01
5.250965912913587719e-01
7.882400120930699305e-01
9.920931628116393952e-01
8.744416465964773844e-01
8.169187643753832440e-01
-1.267789002777487406e-01
-2.148440122461823698e+00
-1.087330248443228120e+00
-3.543540839182293678e-01
-3.878850313694689328e-02
2.864826613787128107e-01
7.304075947562900240e-01
5.618427490883423081e-01
9.549040469218277316e-01
-4.577769399378222095e-03
-1.299003819664851900e+00
-3.528505318026987636e-01
1.915443575341704285e-01
6.049723675041365212e-01
6.812289529541357691e-01
3.155031126533013319e-01
6.244105741993182246e-01
-6.857987320794918518e-02
-4.093990351609794187e-01
-1.138297234605306851e+00
-1.618367738381841225e-01
3.875619699221144465e-01
7.712901454834910631e-01
8.699419953043391329e-01
4.940234690015850028e-01
7.598155987668129274e-01
1.577072522481795802e-01
-1.677764456940227522e-01
-1.617081309519152077e+00
-3.776110302509663730e-01
2.288594107190967120e-01
5.804114866265275285e-01
8.326302140068655433e-01
1.062098763685964009e+00
8.862312988441012340e-01
1.001973204472061507e+00
1.420412377656749547e-01
-1.502415537780428467e+00
-2.929130298091713325e-01
3.134118675943486920e-01
6.219962153217978296e-01
9.098906196942261326e-01
9.859600508834832633e-01
9.643762025134564597e-01
8.055243735599018073e-01
-9.779585394437095847e-02
-2.125987573082974258e+00
-1.147982936475783422e+00
-4.057962786354615270e-01
-8.044836747457895232e-02
2.433773526953641464e-01
6.890014034303290069e-01
4.389890239309888198e-01
8.709312993124805891e-01
-1.196879224321939911e-01
-1.936672237031755062e+00
-5.451512713582051806e-01
9.760896427845183743e-02
4.910702355038465972e-01
7.096902914280363017e-01
1.009292962629650292e+00
8.338186636610828151e-01
8.758081383521745256e-01
-9.563735025924423316e-02
-1.195702623515814578e+00
-2.357275122572251858e-01
3.091685652205676260e-01
7.035359603052204758e-01
7.906695239633718675e-01
3.270141094054790365e-01
6.901452583020440956e-01
1.723050036079645519e-01
-2.479308931315319930e-01
-2.016764358146942548e+00
-8.380301172872905990e-01
-1.907817670235601448e-01
9.317683965641976318e-02
3.991133485387257651e-01
8.365998391152194014e-01
7.868934124889114257e-01
1.153241865236773966e+00
4.597561517854238389e-01
1.835904215896935643e+00
1.799089701029958688e+00
1.727860512719838537e+00
1.679105092079196337e+00
1.601145745836598300e+00
1.516251593047292845e+00
1.428774588306432447e+00
1.353275979126161044e+00
1.068494687388259035e+00
-1.773940853935433992e+00
-7.444164493223784929e-01
-5.713017926007186303e-02
1.554386617818773741e-01
4.735614084275112101e-01
8.816322214995533368e-01
1.090501791777725105e+00
1.237838130363120959e+00
7.623913115235007032e-01
-1.126053538550650490e+00
-1.597199219259307634e-01
3.895752138255582087e-01
7.739267129683523594e-01
8.802747774054643370e-01
5.270155663376365762e-01
8.036291668988244652e-01
2.146876115879917390e-01
-2.079176428234373597e-01
-1.299558944783402392e+00
-2.752931969937310597e-01
2.738624289892938601e-01
6.683347821908153241e-01
8.192968529239942344e-01
5.256081511195453970e-01
7.668050408282854891e-01
2.001931229642066323e-01
-2.438000428586903356e-01
-1.450443518897522654e+00
-3.104800211540523769e-01
2.724099902319774835e-01
6.022848871396342396e-01
8.573332825935819912e-01
7.349621006801082546e-01
8.022235454635786578e-01
4.798179095217605106e-01
-1.468123917062659316e-02
-1.040264402548711553e+00
-7.997897337161538611e-02
4.646914186995014795e-01
8.380564357393340824e-01
9.589724432793208519e-01
5.450236532606411721e-01
8.260575051889819109e-01
4.379666233883177662e-01
-3.926051614493249881e-02
-1.000922221912516008e+00
-3.310264793517746912e-02
5.114561941379572874e-01
8.770945357810880916e-01
9.986426269829302704e-01
6.421225384977542472e-01
8.708692906421191537e-01
3.964636462512200477e-01
2.510684478989599205e-02
-2.411569998098531897e+00
-1.219267109552677697e+00
-4.609202788270556628e-01
-1.329700863373880493e-01
1.985005865664601077e-01
6.469037883177667370e-01
4.058029648916895438e-01
7.992941536467271790e-01
-3.217365557154131667e-02
1.943403561048913986e+00
1.866832123666089416e+00
1.766152364354181437e+00
1.719360507776389824e+00
1.694370218061677980e+00
1.602940086242689466e+00
1.510738544066771549e+00
1.423659164061234828e+00
1.126091137162867684e+00
-1.702903488457322201e+00
-3.936551163991974245e-01
2.191598368326878599e-01
5.596128815414436186e-01
8.217507907054971694e-01
1.012303095368166428e+00
8.359556026625518665e-01
9.315742157126207790e-01
2.865193372144368977e-01
-1.613818309881716262e+00
-8.319817188786251538e-01
-1.332581904185883848e-01
1.343977370139612937e-01
4.395734006144965678e-01
8.809484845936290665e-01
1.051227278239613705e+00
1.237058038058858722e+00
6.262332356214944662e-01
-1.791357737821523743e+00
-9.540619400261657335e-01
-2.424343667058759810e-01
4.655789822918634385e-02
3.633518765387237504e-01
8.027436571243382613e-01
8.519091539316550055e-01
1.127518633818608285e+00
3.834307710542043668e-01
-1.930685066100228386e+00
-8.015961537429504569e-01
-1.604759916370480655e-01
1.762377479687291248e-01
4.592962492557440268e-01
9.215735480972557792e-01
7.945654949440325021e-01
1.142475624115813160e+00
2.700119901271292866e-01
-2.254203311883083760e+00
-1.048962284654765487e+00
-3.498727937288497181e-01
-6.729955306314117092e-02
2.684965573032660480e-01
6.953592878733222404e-01
6.620679355811899258e-01
1.024907577829366367e+00
5.006336019487462874e-01
-1.133817000612064030e+00
-1.723057065760233708e-01
3.763304538078939276e-01
7.627294472683792126e-01
8.650857552086660407e-01
4.850802274535697678e-01
7.895620275756329853e-01
3.134717464429438993e-01
-1.256513661431628813e-02
-1.126194832844069182e+00
-1.719451224896703101e-01
3.770354303367313142e-01
7.617464523881575245e-01
8.590008343593010798e-01
4.864624924255380733e-01
7.510919252947866331e-01
3.173103788913070322e-01
2.468980027138084343e-01
-2.337534884961283588e+00
-1.124070268591489175e+00
-3.746449512567903151e-01
-1.117712926600556156e-01
2.218120865848791645e-01
6.514177665108188409e-01
7.097497245601601668e-01
1.026072808372467504e+00
6.077777743355741169e-01
-1.340174298737401015e+00
-2.980492921059617606e-01
2.547401228286712560e-01
6.393478193322530423e-01
8.185073274853895686e-01
5.244877114500652304e-01
7.587851941870251693e-01
4.418218560489449720e-01
1.001496418952785572e-01
-1.003508826955542999e+00
-3.127573324360147927e-02
5.111221582057005053e-01
8.777028347810781339e-01
1.000301884250288875e+00
6.365296754734456330e-01
9.020623591811468556e-01
5.552946204927929896e-01
1.993381102130428184e-01
-1.039151661785598924e+00
-7.455354470391520327e-02
4.721743214380494380e-01
8.431324937838740041e-01
9.609575426844889634e-01
6.099387405399209205e-01
8.451269650885215867e-01
4.787795477935401500e-01
4.029859806631936325e-01
-1.997450159861860808e+00
-6.864500185263989751e-01
-4.583652808531590156e-02
3.226477086197421795e-01
5.406926373186918822e-01
1.025952673383049296e+00
9.058887216302292655e-01
1.226349345316945616e+00
4.391026303095635352e-01
-2.098353925911457196e+00
-8.984740672032526243e-01
-2.075106634346916834e-01
7.701245287505226189e-02
4.025747692243172304e-01
8.477929108899424637e-01
1.001662999319971714e+00
1.214245911535661637e+00
6.818757395361757512e-01
-2.203162152068063762e+00
-7.441466403036492983e-01
-7.488616518143431655e-02
3.225380680030148217e-01
5.376832792311665443e-01
7.916954665197898366e-01
5.789340129213026431e-01
7.510496927619126906e-01
6.182929105923824498e-01
-2.367885822486379688e+00
-1.196973385760025765e+00
-4.305675045957770841e-01
-1.196454748680012004e-01
2.073988967711334341e-01
6.608593441959617065e-01
6.040047899291594025e-01
9.422500493536740684e-01
4.181116166963486647e-01
-2.714672285838482857e+00
-1.951197361999380986e+00
-1.641003638493506944e+00
-1.060962658641297462e+00
-8.275626033222767131e-01
-9.663621035693482630e-01
-2.032661516098885346e-02
3.006892222514328528e-01
3.073185347092579622e-01
-1.386894253884659367e+00
-4.420091408472873740e-01
9.588850114104180422e-02
5.242434795570733996e-01
5.946515848253939307e-01
2.327544204108722425e-01
5.509472816348669477e-01
4.097120301188704738e-01
4.719459111340404411e-01
-1.551824569844223456e+00
-5.960389504243419623e-01
4.667122752419055470e-02
2.932545208200256215e-01
5.843469534379264196e-01
1.001028653292632686e+00
1.232853519060133074e+00
1.350615412401875437e+00
8.948639693073794366e-01
-2.190760405557932611e+00
-8.415084136953002725e-01
-1.394498899556302629e-01
2.756475959948032073e-01
4.497878506457700376e-01
8.944727296949016582e-01
6.166687568171309586e-01
8.314402682539139278e-01
2.520355090705554413e-01
-3.285977757173220493e+00
-1.881931923418062480e+00
-1.401219110506890297e+00
-1.014488232403613077e+00
-5.301854128921824616e-01
-6.152985030397395416e-01
5.306774905008936755e-02
3.677586056133523296e-01
3.329413660154649790e-01
-1.322093665572999788e+00
-3.664088014045607800e-01
1.781379820946372705e-01
5.921992931363827539e-01
6.675045342321974662e-01
1.470120024679587856e-01
4.440402040194844635e-01
3.616107995130696806e-01
2.663089840342864889e-01
-2.284616500872129308e+00
-1.299729839727377101e+00
-5.201857729184761192e-01
-1.759591567413062163e-01
1.511780749168143700e-01
6.076482333268565794e-01
2.838204863821259805e-01
7.234613622222266782e-01
1.897813221979315068e-01
-3.361038373102910537e+00
-1.896032376549588561e+00
-1.197289039229279428e+00
-7.511458980512943917e-01
-5.249217344090045811e-01
-2.161573324883042935e-01
2.618414937085382088e-01
6.204299149826316695e-01
6.708477598696920285e-01
-1.897823089120958651e+00
-4.988094554421940163e-01
1.355118791441529691e-01
5.212646194069580075e-01
7.470537412810558386e-01
1.036561427521810019e+00
9.092152751664640542e-01
9.798476681004261168e-01
3.558014714404739709e-01
-1.958466229010447757e+00
-6.439807163142882152e-01
1.620747400904342869e-02
4.184941512725877666e-01
5.543368184411587851e-01
1.002723948496913930e+00
7.601890420213391897e-01
1.105002368440277216e+00
7.919997626376159561e-01
-1.709655281312058461e+00
-7.323496585098943079e-01
-5.090996745422568526e-02
2.090823631782233738e-01
5.112818930172027265e-01
9.415676241034216520e-01
1.177484500945485735e+00
1.309907840131440127e+00
8.575767017123485658e-01
-1.672149309318809340e+00
-7.976371812154301466e-01
-3.011863280574101354e-01
1.684518325798899652e-01
2.124623495846847954e-01
-3.486404876334762704e-01
1.235259123525584979e-01
2.380446085963562886e-01
1.902278746046862368e-01
-1.598733836173611866e+00
-3.391327507320361923e-01
2.696811742214991758e-01
6.004333287976071354e-01
8.679177218494977808e-01
1.059727521604539868e+00
9.248549009053053105e-01
1.051890792802131713e+00
7.541850952214469439e-01
-1.711188536985027264e+00
-8.168562524110781764e-01
-1.277372675552016223e-01
1.496825758607261136e-01
4.743610665118166425e-01
9.171069254644889090e-01
1.068464051418563932e+00
1.280101036785444846e+00
7.050044233920517156e-01
-1.879174990301619275e+00
-6.577123533936645172e-01
-5.215273705801962839e-02
2.683625016526445251e-01
5.103368397647317645e-01
9.781809898485308574e-01
9.712611163160930206e-01
1.281473850115298463e+00
1.001824148784107527e+00
-1.780657824524360056e+00
-9.459788831142017518e-01
-2.187302522205739896e-01
6.366463427678206721e-02
3.923690132978987499e-01
8.361778171860690945e-01
9.050701267313979725e-01
1.178713194917579754e+00
5.656865261006484014e-01
-2.542946558384768796e+00
-1.989908692753809882e+00
-1.593056462605169754e+00
-1.023187061672690135e+00
-9.796614695038281528e-01
-1.302347944577277206e+00
-3.905013143536490983e-01
2.719906925555532970e-02
8.110154822052771662e-02
-1.030730001777297788e+00
-4.179577012228770372e-02
5.013096482983840918e-01
8.678245918760696398e-01
1.005542411612469156e+00
6.027420480454884766e-01
7.336981912068399891e-01
6.587215367642142994e-01
4.226616448753844346e-01
-2.326474823108066747e+00
-1.656989319431662500e+00
-1.245308278215637277e+00
-6.905997627367789216e-01
-6.426555461232118516e-01
-1.084614973009591088e+00
-1.815250504750259286e-01
2.034640380583101205e-01
1.904043911438131897e-01
-1.064207066788466882e+00
-1.065815861758239030e-01
4.441208077859248871e-01
8.198453749582641503e-01
9.291054449462756715e-01
5.405296374392365433e-01
8.329149178143613330e-01
5.356430878992699540e-01
2.977840071975605407e-01
-2.682911576382315477e+00
-1.998014968158050575e+00
-1.665529122711633780e+00
-1.061243899869477314e+00
-8.782394967455631196e-01
-5.898210654437539002e-01
1.900804430081682039e-01
5.604804053045965295e-01
6.300111287616908529e-01
-2.004454359181825573e+00
-7.123792233960039022e-01
-1.077836085904417818e-01
2.466898137190996487e-01
5.565740398669316580e-01
4.728080356659593586e-01
5.335217628450579230e-01
4.026369673123822435e-01
2.478362785697087178e-01
-1.098157651889070330e+00
-1.187160998116362637e-01
4.296562039493033724e-01
8.078517506354612188e-01
9.324605417831808296e-01
5.323114419741443726e-01
7.420579034385571537e-01
5.630521241665964460e-01
4.918411215143063120e-01
-2.170950007412464799e+00
-8.154249730279771180e-01
-2.108662214060785800e-01
1.513013424301271059e-01
4.789129781607106562e-01
4.163781018333512218e-01
4.364589824777480032e-01
3.387350301750576831e-01
2.287327385009028380e-01
-2.324997613142865571e+00
-9.081684642614020753e-01
-2.658798669045417951e-01
1.131403801872598175e-01
4.104622944210611912e-01
4.750121383341246450e-01
4.820748714271137492e-01
7.202696430998548616e-01
7.623028899644410661e-01
-1.456105447157996835e+00
-2.647629706675001526e-01
3.396958104656214728e-01
6.347845433197931708e-01
9.223263444293187119e-01
1.011145111154614140e+00
9.372948456866905254e-01
1.012547530802685447e+00
5.147266916778735490e-01
-1.258101687642156685e+00
-2.948867575811136565e-01
2.507876482866945311e-01
6.578883126696106753e-01
7.583801883002705413e-01
4.091141283111188187e-01
6.961133686702978274e-01
5.458594356718620144e-01
6.075591391719512568e-01
-3.007204826456064684e+00
-1.881697134212611422e+00
-1.505756197371284077e+00
-1.097015355234026712e+00
-6.069507161831179110e-01
-7.367746367932429541e-01
-3.017427517619589161e-01
1.291623048100153659e-01
1.697403416296881795e-01
-1.130164867152093855e+00
-1.591399098962417991e-01
3.881666869740155179e-01
7.738119049792000492e-01
8.811611437522962609e-01
5.292657571913724768e-01
7.920403899096160050e-01
5.755797223231035042e-01
6.124564425743067586e-01
-2.008811797788939479e+00
-5.999470022017273640e-01
4.526346880475201617e-02
4.410875807432413365e-01
6.445527829320941704e-01
9.413439483460742663e-01
7.563292790795428377e-01
9.794505019592486539e-01
8.428556279325298828e-01
-1.993632613187694691e+00
-5.995703342702585203e-01
5.479951211031133113e-02
4.447029534657867544e-01
6.721822017217118361e-01
9.458277762134804645e-01
8.119526091674191814e-01
8.523112287580046909e-01
3.670220955305260047e-01
-1.878754475019280612e+00
-5.687997495231952305e-01
8.954148702430773932e-02
4.947742541900481128e-01
6.700703172417251663e-01
1.064116269475451793e+00
9.052582420365361537e-01
1.078007411452029940e+00
4.573958947064437064e-01
-1.375443156493098451e+00
-4.476195120721085385e-01
8.713927426119053021e-02
5.178785328426924739e-01
5.913938337722131067e-01
1.599430276428657205e-01
5.370906155537410465e-01
2.987515648765408649e-01
2.214932849830950345e-01
-1.084476625866566124e+00
-9.620689196004923727e-02
4.476387313951001312e-01
8.229782054047870554e-01
9.612033797223622500e-01
6.303986122242122292e-01
8.477846059639752019e-01
6.275423881140966831e-01
6.308068644440074646e-01
-1.091360987654663717e+00
-1.298316198496370644e-01
4.192824903251424762e-01
7.976743861345398923e-01
9.030415379135799947e-01
5.025459977693924607e-01
8.051325764183707712e-01
5.294384595483470068e-01
3.230010602749613380e-01
-3.470362266279375163e+00
-2.093316203774015172e+00
-1.244599687503454399e+00
-7.985535582058930215e-01
-5.187609283916663205e-01
-2.554869911982626807e-02
8.051786868925174534e-02
4.479039320104046817e-01
4.645414917450204073e-01
-1.743809178868637622e+00
-7.218582862584830284e-01
-5.100021442512022579e-02
1.776817028373014473e-01
4.889918515380260455e-01
9.035098641151004806e-01
1.148960363828733788e+00
1.298064166993908586e+00
1.119153657249076117e+00
-1.164487783116285868e+00
-2.062478737457839328e-01
3.439285250279552342e-01
7.349819069692706819e-01
8.256153859672576978e-01
3.958053036389166945e-01
7.199872368221231778e-01
4.907059115641693725e-01
3.190976107451030108e-01
-2.692948751896518278e+00
-1.918188079146573966e+00
-1.598824332033363715e+00
-1.015238878124774091e+00
-7.922670156270023023e-01
-1.029943808339501166e+00
-2.332717273027914984e-01
1.899213535052500235e-01
2.121465050254969231e-01
-1.893803616591051675e+00
-5.365951494332074079e-01
9.355834423578000825e-02
4.940927493540573368e-01
6.718273410646399268e-01
1.032879640021249434e+00
8.647050685720727436e-01
1.092282421732130526e+00
5.953148226458705450e-01
-1.572545225665646473e+00
-5.493588609454957972e-01
-2.189840378588124928e-02
4.208974877172965701e-01
5.663131439444130111e-01
2.799658227194636306e-01
5.754500080329689737e-01
6.535304012418579056e-01
7.201095190525987899e-01
-1.180606516634264747e+00
-1.177605796692232920e-01
4.389742938425287289e-01
7.791459680383742148e-01
9.997324708117597547e-01
8.366318844518455533e-01
9.756119258473182621e-01
7.996681268765754025e-01
4.287042682107364278e-01
-2.759377047661745408e+00
-1.415382774277874844e+00
-6.541022027934335625e-01
-3.237919037034696634e-01
1.744950870831822945e-02
4.701835836652457079e-01
7.034242605467965204e-01
1.005999267513537410e+00
1.064374077334965696e+00
-1.963692341392969221e+00
-1.036786796646897990e+00
-3.044940487358523962e-01
6.489709519385528265e-03
3.259575719872110922e-01
7.719216104473120010e-01
7.177808333361213045e-01
1.064349640480806602e+00
4.779152964726315345e-01
-1.627175837671973380e+00
-9.317581014363587322e-01
-2.126548728171222535e-01
6.746298078237464302e-02
3.838655136406959878e-01
8.300353459517951782e-01
9.301360667874665200e-01
1.187763608944673033e+00
6.257282492506729410e-01
-1.185280015128003184e+00
-2.323402155974755856e-01
3.174436648311879661e-01
7.118004204844484706e-01
8.045135715389831743e-01
4.505787270658526689e-01
7.439487049983229960e-01
6.214714162883719917e-01
6.849882453347200251e-01
-3.077861613188556777e+00
-1.651063091280442485e+00
-1.129147002291553514e+00
-7.228678786647415588e-01
-2.787391794086376828e-01
-2.191904804424870193e-03
5.548524261205358687e-01
8.842972836574954920e-01
9.728889315287430062e-01
-1.978185936834926828e+00
-6.185398992465052093e-01
2.625557376902395990e-02
4.201293738255124643e-01
6.227755474919486334e-01
9.072840330349090099e-01
6.989542579098619868e-01
9.302868137479620714e-01
6.069868740500361515e-01
-1.453920563123990872e+00
-2.564028694135391251e-01
3.394934012421708114e-01
6.377158375293284776e-01
9.233090474416062454e-01
9.560065788712502899e-01
9.471983133309962444e-01
9.827854888447460358e-01
8.929764578014122156e-01
-2.220638986638998169e+00
-8.490551048362949826e-01
-1.312138866385982316e-01
2.796094936929764407e-01
4.680192495353215909e-01
8.292894662348173629e-01
6.083380438199958995e-01
7.206251452598266827e-01
3.797031816748790978e-01
-1.570934918275695313e+00
-6.745033713921879670e-01
-1.615985610836085107e-01
2.956875819466535105e-01
3.495916822992588546e-01
3.983587998460251522e-02
4.445668138083834764e-01
5.936708049906015416e-01
6.790636110279015814e-01
-1.460354760094363380e+00
-2.824395300699003020e-01
3.151640904525692122e-01
6.166620351395011301e-01
8.996047589941748024e-01
9.025419662717705238e-01
8.337878325969045878e-01
9.104502635604488914e-01
5.563672239289971788e-01
-1.675459717968838191e+00
-4.209435136284054857e-01
1.983695638528922001e-01
5.301602176597055571e-01
8.052226020688268981e-01
9.452914338291983354e-01
8.557358440264352106e-01
9.883280217731277295e-01
9.012765851223092373e-01
-3.560923564519936857e+00
-1.984576076270551770e+00
-1.168231767296276091e+00
-7.186998000109156015e-01
-4.652224105118860087e-01
-2.562399820302269787e-02
-2.203941580458793070e-01
2.172178734716194715e-01
2.857196727958143390e-01
-2.535562950581477626e+00
-1.268210868062153551e+00
-5.152529272605368416e-01
-1.607031928445629421e-01
1.637074977761431849e-01
6.224311523140338975e-01
3.139157012747436082e-01
7.473654348337159803e-01
3.529414936021436633e-01
-2.073380277233974223e+00
-9.511551920721978970e-01
-2.501060279545627707e-01
1.439403392514855204e-02
3.521341542675317515e-01
7.826261555387157287e-01
9.854462958799088401e-01
1.220999035113376152e+00
1.150674596499738911e+00
-1.346612291299127628e+00
-1.887576231114659608e-01
3.955430102618062160e-01
6.899694527585231718e-01
9.654242308450409205e-01
9.368576343899228664e-01
8.392571319464726676e-01
9.530006871450897865e-01
5.946733949150913023e-01
-1.038464824302569589e+00
-6.409889991729110503e-02
4.790682629637437184e-01
8.494459901414166403e-01
9.727250623963152876e-01
5.926341123172097491e-01
8.522025915365710746e-01
6.469681426892656129e-01
4.161455559397074788e-01
-1.703525196844661860e+00
-4.725458875515585744e-01
1.324412626523220060e-01
4.591473547375223285e-01
7.474433036939628350e-01
7.174794898668096499e-01
6.965751124418481099e-01
7.952484187530953763e-01
7.805517496377520903e-01
-1.665916125791294666e+00
-6.617931721080902996e-01
-1.063351358211917473e-02
2.168732936825176205e-01
5.350895438833037643e-01
9.569222628951026266e-01
1.208085828224251035e+00
1.339465817588012753e+00
1.215324131821282627e+00
-1.703189887783907119e+00
-7.037496279710361291e-01
-3.810571616015651086e-02
2.263108413388560114e-01
5.356774615134860529e-01
9.739331588545095952e-01
1.205977169462238763e+00
1.348133966207257783e+00
9.149084139598121501e-01
-3.188036156475537286e+00
-1.812541719186057110e+00
-9.988318550170720567e-01
-5.612524377131138387e-01
-2.613994789934855900e-01
2.213141137071908959e-01
1.622769132492312139e-01
5.215491564530918556e-01
5.256422221235081960e-01
-3.372245716666828930e+00
-1.933375585513405159e+00
-1.137189249692899251e+00
-6.809149895391747309e-01
-4.192305199648673208e-01
2.783077974012894765e-02
-2.048632736410812005e-01
2.337452550618330793e-01
3.051965530504003876e-01
-3.116252509717614139e+00
-1.763675634552307026e+00
-9.537811120630208528e-01
-5.497056678585662270e-01
-2.251473204273915785e-01
2.960216526025407635e-01
7.365210137023845416e-01
1.037543420922954374e+00
1.124718429610365167e+00
-1.870958469092198539e+00
-7.494220093448334952e-01
-1.109446751562194050e-01
1.559666908640195970e-01
4.694702758335054238e-01
9.096990041080816880e-01
1.088439079200742343e+00
1.298355869522618500e+00
1.186209314004846860e+00
-1.931892921037579036e+00
-8.527501512461270750e-01
-1.572402850104268335e-01
9.641762629872452361e-02
4.073057700589620689e-01
8.337657348884390807e-01
1.079367039495412461e+00
1.278426616263161231e+00
1.093183386273549385e+00
-2.604936840976985746e+00
-2.045080590965724365e+00
-1.672465332995396459e+00
-1.074988780708017178e+00
-9.798950405023860721e-01
-6.005649904340689682e-01
2.289499822409542529e-01
6.122027275317301065e-01
7.022363301991660922e-01
-1.170300192627220071e+00
-2.106825641910166635e-01
3.367102256087247114e-01
7.282584513417863503e-01
8.205815202299848732e-01
3.329456442226465529e-01
5.597720593708711556e-01
5.555969212328106810e-01
4.494919688360600740e-01
-2.054518924645462707e+00
-9.225588854799142702e-01
-2.431153004496924563e-01
2.134628626639928708e-02
3.573343903447479541e-01
7.935376500881153872e-01
1.024938372958420496e+00
1.242571143010640089e+00
1.198047950756085278e+00
-2.758673963670210671e+00
-1.397175151600312804e+00
-8.955741784229854785e-01
-5.176853624865717096e-01
-7.100624708488621761e-02
-2.518540828679077803e-01
2.921757970270704718e-01
6.666343291387510916e-01
7.411568132320812685e-01
-1.031903938185122938e+00
-4.639641007100423625e-02
4.947466108795567918e-01
8.645060211232746816e-01
1.002061092584146662e+00
6.859755310584394472e-01
9.039331501583577344e-01
7.552626635175371250e-01
7.716015560510237625e-01
-1.853616921805121054e+00
-6.384161228316069803e-01
-3.310700106786725050e-02
2.862034832112023142e-01
5.293987320955099163e-01
1.003271634777955112e+00
1.099109029603285492e+00
1.343292446267881246e+00
1.208304429783515932e+00
-1.616374129546686245e+00
-4.229763893135157216e-01
1.752553494064615358e-01
5.082214756992122773e-01
7.852042921900175276e-01
7.148543718153905768e-01
8.082679015981831805e-01
6.649564697159817683e-01
4.252488230807676128e-01
-2.521533682319724523e+00
-1.948539648185216855e+00
-1.569693299425436450e+00
-9.858187978637484861e-01
-9.276533149232866204e-01
-1.032475836293970106e+00
3.881115768860162601e-02
4.067617157046692355e-01
4.554290890260425106e-01
-1.305118832025154774e+00
-3.633043864761134611e-01
1.828756630914172843e-01
5.956977698055025972e-01
6.666774352784626823e-01
2.249754250513928688e-01
6.000651124756477550e-01
4.167493240687573652e-01
3.528246709244366452e-01
-2.053847890493668338e+00
-7.014641168350950196e-01
-7.233034959814547971e-02
2.843948280837682585e-01
5.713093630139685075e-01
6.020607477476265235e-01
5.163670353165498161e-01
7.076530908469060854e-01
6.057689591191217637e-01
-3.439981699446114316e+00
-2.009974512922502843e+00
-1.376701070937988547e+00
-9.441834552623840082e-01
-5.899887117903240830e-01
-3.911494547484261619e-01
-2.101203276998553082e-01
2.514029091659543136e-01
3.427797790453909754e-01
-2.392435929037258546e+00
-1.165857135262468480e+00
-4.495822537441525601e-01
-1.379909244080030628e-01
2.002086716293447755e-01
6.489148903062087470e-01
9.082421229985123690e-01
1.163421677216095906e+00
1.200980960952334975e+00
-1.806389389062250883e+00
-9.214825324516029426e-01
-4.538498881606627400e-01
4.994192610017561540e-02
1.176006170925514155e-01
-3.318977481516860450e-01
1.518398749992144747e-01
3.008366513168954648e-01
3.217951419516238420e-01
-2.350013920912964238e+00
-1.147053594323139247e+00
-4.020811243410599145e-01
-1.217090914063362339e-01
2.154834521549041648e-01
6.594946079738353006e-01
8.802995336720257358e-01
1.170650935636728951e+00
1.165645201649167628e+00
-9.927943614212618728e-01
-3.468931261513510944e-02
5.075485936175043733e-01
8.738847943112967309e-01
9.961914794576447463e-01
5.902871563367906305e-01
7.844826629393802930e-01
7.082608902784679472e-01
5.052057661412709955e-01
-1.446233949986554190e+00
-5.108492155537834867e-01
1.592165093276019100e-02
4.548526877977510652e-01
5.207088661532267571e-01
6.739292071868571710e-02
4.686831748365872796e-01
3.844883373862776343e-01
3.563705989241832683e-01
-1.983974971834064238e+00
-6.937900715095893789e-01
-7.455730809946152504e-02
3.028750524602362160e-01
5.199924872828717293e-01
1.003454879096191243e+00
8.903013327412251376e-01
1.212821302684731872e+00
6.222565996026405699e-01
-2.573979257023462086e+00
-2.020790443363134514e+00
-1.615584796734132578e+00
-1.041136820485565107e+00
-9.239449726968687049e-01
-4.521715561479427437e-01
3.209001769399487114e-01
7.025480029445567709e-01
7.933010571153613633e-01
-1.890851245193999608e+00
-8.557801496042910516e-01
-1.579482853807430698e-01
9.135885086916818720e-02
4.030265913340247974e-01
8.343489340416823108e-01
1.129240012217364253e+00
1.305331191529801593e+00
1.248843810991451475e+00
-1.782177646053781483e+00
-4.979779173591817876e-01
1.274677783296820632e-01
4.647970886793817979e-01
7.527340126437306322e-01
8.300004439680341850e-01
8.204963483700745686e-01
7.641201734668475742e-01
4.726044299078341338e-01
-2.123126048834386825e+00
-8.100772347707696497e-01
-1.698499138328168068e-01
1.697797721093124712e-01
4.307349694957939290e-01
8.966064545575342937e-01
8.497051825837126371e-01
1.177318786838242870e+00
7.805505043157904277e-01
-2.111019322582868174e+00
-1.024798578034374685e+00
-2.840550385781211440e-01
8.741569075085295001e-03
3.270038129954032646e-01
7.777412112215046358e-01
9.082550738960827319e-01
1.161876354306861980e+00
7.696430131853535528e-01
-1.824296729574194309e+00
-8.112835473785633411e-01
-1.349989575995302060e-01
1.531755260330743829e-01
4.754009528691368058e-01
9.234669205251034851e-01
1.043074438538583060e+00
1.283515099141322224e+00
7.438492469666179163e-01
-2.249554668121871881e+00
-9.537268639469725917e-01
-2.427991160876428745e-01
1.609338851525984326e-01
3.412452315217971988e-01
7.644252016894842461e-01
9.036519628083287126e-01
1.154696689488202255e+00
1.201277894471964647e+00
-2.109533907411856646e+00
-1.086389045155338851e+00
-3.448784291892014742e-01
-3.127897767608590202e-02
2.954670902397649179e-01
7.462145067173583390e-01
6.419772380495074593e-01
1.015625863550361219e+00
5.161893377476741707e-01
-2.404448152826237362e+00
-1.114995811158753014e+00
-3.702026857025296214e-01
-9.339028207832079931e-02
2.318672176675778407e-01
6.768018414176785180e-01
9.185416153818004581e-01
1.205452718528514655e+00
1.175946663324797914e+00
-1.090211853026031408e+00
-7.186635470046072449e-02
4.711694357341220107e-01
8.345832023581827297e-01
1.011150508474417009e+00
7.595356904684527066e-01
9.347170704078764381e-01
8.558568622737483533e-01
8.619925290560638276e-01
-1.307126563296098443e+00
-3.675425334178823444e-01
1.743636894738041510e-01
5.894157004842643932e-01
6.603652407381760403e-01
1.290316871817863142e-01
4.139268117618765119e-01
5.312690028606272818e-01
5.171836435315708691e-01
-2.519734757689105820e+00
-1.961644230020593183e+00
-1.566063858018436727e+00
-9.898313170645682835e-01
-9.404814122942266597e-01
-1.147876446468616196e+00
-1.526163929444600553e-01
2.857373392492322250e-01
3.441178191854104562e-01
-1.287986438625573493e+00
-2.071436794163850070e-01
3.514677322173321850e-01
7.073495036792907253e-01
9.144233909729083676e-01
7.028889597511549514e-01
8.828432052329885371e-01
7.326053936660830157e-01
5.164486426246754913e-01
-2.623339832661777837e+00
-2.069654821366874842e+00
-1.600472509631899021e+00
-1.032548920814736038e+00
-8.243732285765844603e-01
-2.044272786016827770e-01
4.866136850003217607e-01
8.452048874084628904e-01
9.413627399329379530e-01
-2.074771731871290825e+00
-1.107631103480959611e+00
-3.603115139908134590e-01
-4.898212820962922348e-02
2.729300229953564028e-01
7.234185459945707830e-01
6.498946516466740375e-01
1.015904486114800997e+00
5.614802838477146452e-01
-1.780648063404113079e+00
-5.919086624244976891e-01
-6.388043352009803617e-03
3.514362316512924522e-01
6.254070121444731400e-01
5.724538715413634016e-01
8.622369812032064651e-01
1.072299518796117068e+00
1.150462527428751436e+00
-1.143893241371407576e+00
-1.842102979671666751e-01
3.651451458589496379e-01
7.532593081853004024e-01
8.598210308714329120e-01
5.481647839238510400e-01
8.558037156850293314e-01
8.995731709602970971e-01
9.789847954750553471e-01
-1.626478233200723711e+00
-8.718558361477850571e-01
-1.746179839202790518e-01
1.103974858787485497e-01
4.383549376123678232e-01
8.838834711663052790e-01
9.873881702163211926e-01
1.243853443721726348e+00
7.272104430704339206e-01
-1.931533150931502796e+00
-6.057069014653206906e-01
5.466920375731521009e-02
4.597013940929399745e-01
6.073252770817187951e-01
1.073255937330130694e+00
9.281987406970428900e-01
1.176366537405165058e+00
6.430631186214532669e-01
-1.087352424575415366e+00
-1.144391682338900540e-01
4.310575838747116584e-01
8.091455198414705396e-01
9.160804408731366699e-01
4.615280899328678132e-01
6.562600961574918124e-01
6.529493666305996591e-01
6.352147693733606326e-01
-1.601232791686837631e+00
-6.962839300537718712e-01
-1.890207723618798907e-01
2.766035870473964042e-01
3.330492183613367740e-01
-1.285131645728574967e-01
3.265925889031261464e-01
3.734929413932953635e-01
3.942944144516166149e-01
-3.523766238856183008e+00
-2.036097485555806941e+00
-1.165353903878836084e+00
-6.982220072036123826e-01
-4.154140012372461999e-01
6.871197461596149914e-02
-8.428408913455601170e-02
3.547928469673109486e-01
4.352824604169397427e-01
-2.523536937457830032e+00
-1.400770295538217969e+00
-6.169718126719503370e-01
-2.387170767778046543e-01
8.609887281576045215e-02
5.452230805854688667e-01
2.287419769076322051e-01
6.570283522417474931e-01
4.573051764999351287e-01
-2.284454475461706213e+00
-1.595873383890091812e+00
-1.172251029513416087e+00
-6.173865151985957755e-01
-5.209821165602012139e-01
-2.209247145503786258e-01
4.653631914142459802e-01
8.264503774533221714e-01
9.228322788884926187e-01
-2.375968198517300678e+00
-1.163249725025041093e+00
-4.140387839848581608e-01
-8.722474652069166223e-02
2.450466809803345525e-01
6.980093879423290293e-01
5.430026449665708022e-01
9.329969971737971379e-01
5.705446407782807094e-01
-2.174885019690049326e+00
-7.991394391550796783e-01
-1.185469087738835192e-01
2.912164487297897453e-01
4.494574967401421817e-01
8.999309569670472797e-01
1.037925444774322914e+00
1.259266923667522242e+00
1.271887870935346498e+00
-3.259424050596916977e+00
-1.941090245510776802e+00
-1.088867058257979581e+00
-6.357282892353333104e-01
-2.960837425135106615e-01
3.179507439016721615e-01
8.691138048361699564e-01
1.163889113091135075e+00
1.252087217883143921e+00
-1.524327987997849743e+00
-6.008674321093211423e-01
-8.236315494340054610e-02
3.709398883543816861e-01
4.370824921459871559e-01
1.622270160280779305e-01
5.888892996889713016e-01
8.010682214820330493e-01
8.960265749523461665e-01
-2.731990331001604488e+00
-1.987463585533139288e+00
-1.674857195911073626e+00
-1.098007485394512983e+00
-8.611128199055928523e-01
-9.643537037510517829e-01
-1.853233459557413268e-02
4.071268888905497652e-01
4.381671781586266023e-01
-1.083416216334708304e+00
-1.105939620372724391e-01
4.347874161961765016e-01
8.132451337240420575e-01
9.269621600671887895e-01
5.903474541774643702e-01
8.622059148417463570e-01
8.312194031931321447e-01
8.989751509365661031e-01
-2.183996957705989228e+00
-8.594694105716639276e-01
-2.471122769651890039e-01
1.127542666030100088e-01
4.373979654781421922e-01
3.355870609786994474e-01
4.405502717702892146e-01
6.715061072230906758e-01
6.515542927019469799e-01
-1.958787709420826806e+00
-6.497367525543393807e-01
-1.570971830784720011e-02
3.411359828210768219e-01
6.191836442221350101e-01
6.961976854888362043e-01
6.106687316194864268e-01
8.007297162106785660e-01
6.982998788212956276e-01
-1.982208522713046595e+00
-6.658334746834347895e-01
1.539245811124578985e-02
4.247823916595988569e-01
5.793719299390875932e-01
1.017158751734675182e+00
8.448476453546972520e-01
1.062387573215297865e+00
6.124086752184797477e-01
-2.984277310965539165e+00
-1.808022755994492803e+00
-1.002125869376925271e+00
-5.876699433427332586e-01
-2.757954697867286975e-01
2.094368853181505508e-01
3.366315036264013738e-01
7.172520956565647809e-01
7.995443004477166271e-01
-1.436310680799733897e+00
-2.576031638845421856e-01
3.454370287534702655e-01
6.478976178758848459e-01
9.336677095565699691e-01
9.705479548831039693e-01
9.939410090778530993e-01
9.566821087246631938e-01
5.944540051674734871e-01
-2.877691804849999979e+00
-1.473968053978671922e+00
-8.048970780915052359e-01
-4.400828653219954756e-01
-1.212201472380294298e-01
4.234451699321587492e-01
9.211083707492285777e-01
1.178555531413262969e+00
1.243585985597010835e+00
-2.368871114485875840e+00
-9.334225650196400492e-01
-2.852474358737029370e-01
9.418090268575647628e-02
4.116882651040302266e-01
4.528279944061995299e-01
4.281866610744713975e-01
5.159939012790770718e-01
4.903832328454868494e-01
-1.043494308267439274e+00
-7.709354344065562359e-02
4.675554751125050035e-01
8.401308946071671668e-01
9.525439978148689812e-01
5.273390037164595867e-01
7.446446262330650434e-01
6.958788339787608246e-01
5.604763001204996486e-01
-1.603183578140230381e+00
-7.004594419171843445e-01
-1.953019686351319673e-01
2.687537682667998085e-01
3.254827324546372691e-01
-2.125002153816763495e-01
2.546163497169195988e-01
4.933349385448004276e-01
5.089354807340286113e-01
-1.396227094585828832e+00
-2.767975894603414977e-01
2.987322733612537418e-01
6.295771092137083524e-01
8.763201562386425669e-01
7.115092977158024024e-01
7.133069994853312723e-01
8.146104227509125550e-01
6.731360665166423729e-01
-1.823114665284019553e+00
-4.825275375671357891e-01
1.335133604803892815e-01
5.329987332752706974e-01
7.017260187980391972e-01
1.080508520998509914e+00
8.962435065897693676e-01
1.244220337251513264e+00
1.106310317052768832e+00
-2.392819064802314433e+00
-1.740474152140259800e+00
-1.348164436380514086e+00
-7.728327490231354790e-01
-7.118457677882013002e-01
-9.638633945493469968e-01
5.685815173908500414e-02
4.592394434847617002e-01
4.954851391051561804e-01
-1.334984332007963959e+00
-3.929590121147091830e-01
1.501027229933835916e-01
5.696957398487995095e-01
6.436355178737911409e-01
1.401073649906461327e-01
4.617029271805174195e-01
5.992902821835265348e-01
6.550368355949724997e-01
-2.170287440160051595e+00
-1.482985176137398442e+00
-7.182085620752758359e-01
-2.992645537952573487e-01
3.945712057697404324e-02
6.263468945910871666e-01
1.111543736407337946e+00
1.310792781624079861e+00
1.334296781500915463e+00
-1.558444512492556555e+00
-3.089505691985856561e-01
3.022244271108450731e-01
6.111718569787112365e-01
8.966432961520736100e-01
1.005693863919896014e+00
9.839320186424104220e-01
1.007584089542588268e+00
6.419772380495074593e-01
-1.697960064436485839e+00
-6.927884194853956012e-01
-4.420513144985653564e-02
2.100967402328151323e-01
5.253912391039301522e-01
9.648676542222656138e-01
1.286619280631078777e+00
1.415297924586344847e+00
1.362359034707638861e+00
-1.878422062850697571e+00
-8.582076437881899222e-01
-1.581668609081326171e-01
1.270571515995552736e-01
4.369129654701905952e-01
8.821922286375405431e-01
1.091539391676062065e+00
1.279239968581767473e+00
9.105958340312031440e-01
-2.199197584278570705e+00
-1.011472481608750140e+00
-3.016259517673761659e-01
-6.974414346432804279e-03
3.218771142424170506e-01
7.695141111739325357e-01
9.030879265090961949e-01
1.175316370164837476e+00
8.977531923382402468e-01
-1.095727809976550615e+00
-1.170837002085599321e-01
4.255909741312519090e-01
8.045643991109712179e-01
9.195009732117406243e-01
5.283316381322555877e-01
8.109209295493565728e-01
6.675241527844674172e-01
5.479817358148840745e-01
-1.898735274005381779e+00
-6.863920725128557221e-01
-7.392573699884005811e-02
2.850175396585040710e-01
5.304572339464393993e-01
1.012984821168378735e+00
9.664695461056059811e-01
1.280454914443925896e+00
7.449271796433819537e-01
-1.057271523208042963e+00
-5.732405357732196782e-02
4.818416653589974730e-01
8.481595445975693703e-01
1.008917760741991021e+00
7.064660086255665217e-01
9.122245499012510139e-01
7.855696024773183295e-01
5.944370286495270772e-01
-2.496465840359413324e+00
-1.904364289989145975e+00
-1.512806948057754397e+00
-9.396557454453405844e-01
-8.856306345921787226e-01
-1.063293773077431448e+00
-4.368103441584744728e-02
3.915270381791878251e-01
4.561053592762526754e-01
-2.946777278963752966e+00
-1.775567000732497513e+00
-1.402367330330282158e+00
-9.945584884401450498e-01
-5.152735149902938350e-01
-6.542814247617868562e-01
3.476531783641484408e-02
4.593882895729194948e-01
5.151384764544212347e-01
-1.688163851254255610e+00
-6.495132595309681678e-01
-4.316414600870737035e-03
2.555189063383739856e-01
5.605939583150577610e-01
9.814739157203464792e-01
1.232387076601550779e+00
1.407027345217361169e+00
1.171253147057017108e+00
-1.013825387263018296e+00
-3.645855283154321447e-02
5.087629031831072401e-01
8.752889778154694378e-01
1.003926308585784577e+00
6.182182763657554370e-01
8.238829609446814972e-01
7.798197834510751658e-01
8.156635993478594804e-01
-1.648915150299577359e+00
-3.799676131327505701e-01
2.330691907960192044e-01
5.573735000539067341e-01
8.367493522863715949e-01
9.978349984702158393e-01
1.120608876719296987e+00
1.292086992429936521e+00
1.306293183478501874e+00
-1.015189929872949204e+00
-3.794965362374009415e-02
5.048359043021419801e-01
8.716671501806655398e-01
1.002271072888935910e+00
7.436985713915971186e-01
1.034026377160316645e+00
1.123807169593880939e+00
1.194915172726305874e+00
-1.696766717666067459e+00
-4.433908291569205185e-01
1.812397001968554244e-01
5.174292817038641523e-01
7.911440143890231536e-01
9.977080510315802231e-01
1.183756481402400196e+00
1.340199410375601641e+00
1.339133314234017158e+00
-2.100816848945264326e+00
-7.956465597060795591e-01
-1.266814367325383717e-01
2.675921893764172110e-01
4.357149158824921154e-01
8.994783851417936793e-01
7.476921975388400865e-01
1.052687208173129552e+00
8.126362346802242786e-01
-1.757090910331604805e+00
-8.743875212634085736e-01
-1.754931218015920724e-01
1.112674899422248509e-01
4.233829232612838500e-01
8.703349003500274739e-01
9.989777091036063927e-01
1.246245315800233122e+00
7.867448747492838956e-01
-1.631927942514228347e+00
-7.339503495519310583e-01
-5.381882275845192160e-02
2.162067888366571433e-01
5.293146747956697373e-01
9.682480737375241953e-01
1.201468512723907756e+00
1.354594919163472078e+00
9.738070220653627374e-01
-1.726928749630169291e+00
-4.173480264632309367e-01
1.947101450559383662e-01
5.685625295035113824e-01
7.886279644520888255e-01
1.115229689056972173e+00
1.176744604288121110e+00
1.377079060550605139e+00
1.344662005804869498e+00
-1.751718908622305060e+00
-9.943350651699958132e-01
-2.544424838301166947e-01
4.205777624883059312e-02
3.499661549577369746e-01
8.053245578527973292e-01
8.933955037547773870e-01
1.173491056774877972e+00
7.327466648620407641e-01
-1.035142399391588031e+00
-5.692934788196699070e-02
4.833729640534916716e-01
8.546099747064678231e-01
9.948515487210866093e-01
6.004891129933455085e-01
7.018433574438170952e-01
7.830269644907804638e-01
7.005258391761050030e-01
-2.174881756279297473e+00
-1.227821567147949544e+00
-4.494321885236358116e-01
-1.191482722080288298e-01
2.075689668338382976e-01
6.609645635361283134e-01
5.486832504720625669e-01
9.394954167955751334e-01
6.789183574095111195e-01
-1.446206515143305893e+00
-4.553308741547323346e-01
7.853976913614492406e-02
5.139110007134611857e-01
6.374143060446538778e-01
4.343043419477305989e-01
8.503622671146493506e-01
1.075246315105723216e+00
1.176328260029408490e+00
-1.675708558931757075e+00
-6.520789996354975360e-01
9.919193958006684159e-03
2.546657850043702598e-01
5.579194839742337431e-01
9.930173448939649816e-01
1.346907288006868653e+00
1.470116644778226123e+00
1.424917396099052436e+00
-1.042933168709142100e+00
-4.498511286168030421e-02
4.933714016289142967e-01
8.619145557627122534e-01
1.009795145877864231e+00
6.274475397862296910e-01
6.944301447402150274e-01
8.032036946264370370e-01
7.411769010695030691e-01
-2.900701288909778075e+00
-1.256409420572575097e+00
-4.697574835085807088e-01
-1.311773474045605792e-01
1.361262272702035703e-01
6.892487003470559870e-01
1.129563747701415766e+00
1.341061409694628281e+00
1.369312226618379480e+00
-1.800448776057151479e+00
-4.872022128645804306e-01
1.339155191230887443e-01
5.312674848774351366e-01
7.024466238355878689e-01
1.084829489678562409e+00
9.106137331111857636e-01
1.233699431888224396e+00
9.616701558303312192e-01
-1.467232437514660370e+00
-2.420278915612922577e-01
3.523312078084241405e-01
6.475185720472576012e-01
9.345323474811794151e-01
9.987442958415877481e-01
9.407558890612978120e-01
1.156083490147666204e+00
1.130584923816975396e+00
-1.770987541153801414e+00
-4.577957222539668081e-01
1.712058956694184897e-01
5.122887459257708942e-01
7.899348948062556719e-01
9.272308018419694875e-01
8.920136844288182321e-01
9.181148323498825592e-01
6.652391677917228741e-01
-1.216639624429036060e+00
-2.352542384867582492e-01
3.130369303461982833e-01
7.098187795862123117e-01
8.317629535183935774e-01
4.571986440984295297e-01
7.440438672617355476e-01
8.255608654729359452e-01
9.197871516413417270e-01
-3.368768449912744600e+00
-1.849481088807496620e+00
-1.143831747448300851e+00
-6.953357046491617233e-01
-4.288772393100540037e-01
-1.510010039002694371e-01
4.617705214285634102e-02
4.895045222376231409e-01
6.046112324701805596e-01
-2.195693266445807534e+00
-7.878130119043375013e-01
-9.039387758559261354e-02
3.140074791112901775e-01
5.218239885857889337e-01
8.299420905274424998e-01
6.819848702898597681e-01
8.041020392872828548e-01
6.417243173245605892e-01
-3.286917963802750364e+00
-1.937865025379750916e+00
-1.127369689852687262e+00
-6.856926851431724979e-01
-4.005161520201391823e-01
8.136139916544110617e-02
3.248971064443629819e-01
7.286729514604812774e-01
8.360672418906225367e-01
-2.626213032167171946e+00
-2.103621577036951074e+00
-1.717355618383698435e+00
-1.135691571114471943e+00
-1.076432451516090572e+00
-9.618397033409389341e-01
1.551274032043161444e-01
5.624195493675691049e-01
6.375630328358398158e-01
-1.205116045446862350e+00
-2.467083293576924352e-01
3.016088111710674702e-01
6.999541689186691285e-01
7.948654788943413374e-01
3.723749743959075542e-01
7.054255976842389586e-01
6.244454440460652789e-01
5.855248090582432230e-01
-1.994362917013599690e+00
-7.648437782025974130e-01
-1.442096733136484232e-01
1.993156909227608853e-01
4.522201617548571306e-01
9.336662781517358622e-01
1.197403036625595885e+00
1.401802124595630028e+00
1.403558390796015853e+00
-2.995474808778593623e+00
-1.819620949633208307e+00
-1.445769022163410522e+00
-1.049895382454800741e+00
-5.533721564510278856e-01
-6.592077100775052267e-01
7.896991310261260166e-02
5.103172196469095701e-01
5.878670473763739635e-01
-1.241361280369731812e+00
-2.851446748209052751e-01
2.598624615010480809e-01
6.650686408260719773e-01
7.487504864927486681e-01
3.120545216735352567e-01
6.657125177486198364e-01
6.010747707343404578e-01
5.800147634231379579e-01
-1.367447402039633442e+00
-3.784662577144720652e-01
1.636335714088318072e-01
5.844185936307213503e-01
6.994629937865831648e-01
2.860418238307138039e-01
6.175300375704149136e-01
6.355877962244376178e-01
6.200737701986532846e-01
-2.083680103691852192e+00
-1.062304357176181213e+00
-3.335458560470249134e-01
-2.153629711150775727e-02
3.049354183574942145e-01
7.590450036652837129e-01
6.687499133786279915e-01
1.044035754584438092e+00
6.901349198635533533e-01
-1.156128461604042812e+00
-1.715954638605459992e-01
3.771872039495851592e-01
7.634077988099253753e-01
8.808028636934578381e-01
5.135701627217996723e-01
8.008489634884645714e-01
8.651169583525949447e-01
9.566896784286524902e-01
-1.941068371269986992e+00
-7.286908691632990598e-01
-1.491127217857143028e-01
2.196175109785349910e-01
5.163110166355363573e-01
3.288406638102253088e-01
5.160932383744182284e-01
6.028809339523319988e-01
6.068975695800864489e-01
-2.490682398102639805e+00
-1.174689545698816229e+00
-4.082965871654189449e-01
-9.796297267309099499e-02
2.274333227837438409e-01
6.848328704016612978e-01
7.026534640516597374e-01
1.049546165643406859e+00
8.464933366735892806e-01
-1.925081659275010848e+00
-5.882305814732178284e-01
4.964328189446926692e-02
4.500793767392102795e-01
5.830921776144012414e-01
1.030880672371442319e+00
9.499581889922370515e-01
1.298912135560066572e+00
1.248526001009354847e+00
-1.873321600883252280e+00
-7.698174181594981125e-01
-9.234050981976016370e-02
1.710876351666256734e-01
4.759517830690250251e-01
9.023138960356170690e-01
1.175853761288468080e+00
1.387092248814951523e+00
1.264028622297024951e+00
-1.792679883178187383e+00
-9.995042669208387132e-01
-2.665134488624113507e-01
3.670114717836220342e-02
3.654315684893320038e-01
8.136007674496725794e-01
8.270086272676904215e-01
1.151629283025788597e+00
7.414085238590448768e-01
-1.136009921000386225e+00
-1.723652630372438377e-01
3.773781142937622235e-01
7.614598121079565463e-01
8.593397942171138171e-01
4.319779374815377881e-01
7.370115324330652751e-01
6.711928018832921117e-01
6.154348733854340114e-01
-2.093481870832415659e+00
-8.041176788883632742e-01
-1.447704468097867070e-01
1.911650378725154864e-01
4.721855499733224604e-01
9.434030192509323953e-01
8.895283225394549076e-01
1.224336861169569746e+00
7.646877067935498040e-01
-2.217690477856721465e+00
-9.462964085021866589e-01
-2.700800092220009274e-01
3.768812689672780547e-02
3.570649697639078357e-01
8.122515903936617931e-01
1.084507780637612662e+00
1.356758233321293972e+00
1.391487150577892073e+00
-1.440100079529773591e+00
-5.084904619403145531e-01
2.180168307255844762e-02
4.641393722861026361e-01
5.349547334328572656e-01
7.429529270358126158e-02
4.889407096279180243e-01
5.642725228216363131e-01
5.877875896449934467e-01
-1.451269423992562757e+00
-2.770274088888566855e-01
3.118305203979816476e-01
6.243800595240630580e-01
8.983404407925918989e-01
8.519885571258457579e-01
9.292011159884125959e-01
8.816819211046103000e-01
6.811773587822199660e-01
-2.072784485258568843e+00
-7.298968808795727181e-01
-5.154576155473728633e-02
3.476283220635794091e-01
5.425756987470414794e-01
9.560544148590733871e-01
1.240469546596106865e+00
1.412438249735219920e+00
1.412928715683156922e+00
-2.147072386996978999e+00
-8.481545758268563828e-01
-2.146020547643781862e-01
1.298027188579310987e-01
3.952461060347364774e-01
8.669097970442688483e-01
1.107699206511158829e+00
1.363359768777720804e+00
1.398187428199324733e+00
-2.379512637228379024e+00
-1.129770324898750733e+00
-4.256175143873808797e-01
-8.540550287677182995e-02
2.337949663889310192e-01
6.824679047505428642e-01
6.327800249550906697e-01
1.003618584758408705e+00
9.561622627081768355e-01
-1.273643845827272303e+00
-3.042692748832002692e-01
2.412294435728035980e-01
6.499115654993721236e-01
7.489877512998022180e-01
2.550308595553937296e-01
4.903920061627333737e-01
6.942799380701445422e-01
7.282088502361467874e-01
-1.227014209155966595e+00
-2.554907390351048302e-01
2.963959738181879966e-01
6.955308872862716596e-01
8.087588100996038198e-01
7.338418554477440514e-01
1.119209980945733429e+00
1.295588432684694924e+00
1.351904440369503524e+00
-1.487664000730032576e+00
-5.814460056940552457e-01
-5.788867753838979058e-02
3.895150987248057195e-01
4.478182789658200491e-01
-9.033296407209534529e-02
3.587586365519390696e-01
6.529001543203366564e-01
7.390517710249600025e-01
-1.071514975075671394e+00
-1.015497363524938412e-01
4.441476706117633011e-01
8.203118992970295231e-01
9.319241190570417555e-01
5.422517789250191900e-01
8.112628341408878452e-01
8.433291636093441790e-01
9.331031588462380677e-01
-2.041539436032537402e+00
-1.055146001455279814e+00
-3.446045300883598950e-01
4.836751737936642592e-02
2.845128892336235005e-01
7.806326835884005444e-01
1.189002908795242952e+00
1.387584968632539439e+00
1.413190419247450480e+00
-1.707970870164608135e+00
-6.149944143493359938e-01
2.379877742773525706e-02
2.805035243398513178e-01
5.780548407980306003e-01
9.968268683875567415e-01
1.263972185774005386e+00
1.455678655768304353e+00
1.337568335505801009e+00
-1.727847219758240849e+00
-6.585137326191013996e-01
-1.132195772393953387e-01
3.230096036852939112e-01
5.092704728197402497e-01
6.480849456250971086e-01
1.076377493914120409e+00
1.299893564564474913e+00
1.359094280451854209e+00
-1.612695559434796921e+00
-7.090919089057298175e-01
-2.062341133937649063e-01
2.613519426319705907e-01
3.203443454147472114e-01
-1.581585153419832190e-01
3.766556415379109790e-01
6.933948796516948843e-01
8.053610022213775199e-01
-2.257343155305572058e+00
-1.236461193984427220e+00
-4.262538897500321444e-01
-4.258393791355627456e-02
2.778319077340548615e-01
8.209380951167578599e-01
1.280808328255149231e+00
1.443744280794727608e+00
1.447307421997799048e+00
-1.919969835491013965e+00
-9.409991485510635911e-01
-2.147740086209678212e-01
9.234592564898155831e-02
4.083344993849329918e-01
8.882801487922643568e-01
1.301202781777171413e+00
1.454917508320094921e+00
1.446414068257842800e+00
-2.850092929382558538e+00
-1.721434393990829426e+00
-1.306240230265089064e+00
-8.824488831383086040e-01
-4.243939831390676209e-01
-4.455014883906498885e-02
6.681931615274705472e-01
1.045717697023940795e+00
1.153430953011506110e+00
-1.136830461492326805e+00
-1.378164600795245553e-01
4.083321549290145902e-01
7.888274790753759813e-01
9.202474253539484339e-01
5.185987074275416608e-01
7.112162729649452730e-01
7.999220016120131005e-01
8.652660423787705835e-01
-1.458651280665508754e+00
-5.193447188491746580e-01
1.220527874558917716e-02
4.542113055687281298e-01
5.365011725597975678e-01
5.033968374542303614e-01
9.670583872245016588e-01
1.205245035455068559e+00
1.292708997927916048e+00
-1.278719613340413730e+00
-3.287114796737215516e-01
2.179989762781187057e-01
6.284880357220160585e-01
7.083674419433982905e-01
4.004181386641437745e-01
8.020622508829027275e-01
9.941684969285170537e-01
1.097396198313390414e+00
-2.420612624788773815e+00
-1.302005557759724264e+00
-5.445788989087567700e-01
-1.652161442727869689e-01
1.276803734920922417e-01
7.035729099381655693e-01
1.158923951246216388e+00
1.371123927410627719e+00
1.404713403469898036e+00
-1.222045758466542065e+00
-2.421522179248777606e-01
3.052810758315336881e-01
7.039224575355819136e-01
8.286075514847519585e-01
5.395201704101482143e-01
8.854271766725216875e-01
1.045798551017949052e+00
1.146317594895250203e+00
-3.528800579007248306e+00
-1.995058345728199622e+00
-1.142524068092488632e+00
-6.855036474473809038e-01
-4.109177196307011726e-01
5.619463821196058612e-02
4.526180663110836860e-02
4.919283909138397193e-01
6.160362137394332915e-01
-2.177748537567048004e+00
-8.443244682185152561e-01
-1.796352670527563700e-01
1.965077831020257959e-01
4.376729240628861595e-01
9.148478806580818690e-01
7.256150699824227557e-01
1.073805866441063461e+00
7.161594263370311131e-01
-1.414677410795901036e+00
-4.538680153357439462e-01
8.369471095212584200e-02
5.207845003770276149e-01
6.163347185984613397e-01
3.972594492741009509e-01
8.362221368142415123e-01
1.076606991477896402e+00
1.180393612437750095e+00
-1.913064062077266314e+00
-6.943208717959443721e-01
-5.741630732333144471e-02
2.366652895177832616e-01
5.343532927587715253e-01
9.862096223382535998e-01
1.160425241765887128e+00
1.393321372207568576e+00
1.105732538987803437e+00
-1.342116315146607786e+00
-1.959959980185206896e-01
3.923665332611619982e-01
6.856579131141837813e-01
9.649213185139349225e-01
9.535385265723966830e-01
9.060252477728246712e-01
1.027286532497414306e+00
8.218162615184906317e-01
-2.484767890071671204e+00
-1.111045083728277039e+00
-3.714224809617577283e-01
4.359317460184446158e-02
2.635674502829780663e-01
6.048099726893286787e-01
3.909967303576270536e-01
6.300720087524489532e-01
6.363375844319903996e-01
-2.419077526425637448e+00
-1.789242735907353277e+00
-1.403691566387451406e+00
-8.281255948350296769e-01
-7.631519501485131141e-01
-8.521653497780418141e-01
2.207202893095482066e-01
6.217685930125735894e-01
7.090324690657144879e-01
-2.447647874430702419e+00
-1.775576609421730456e+00
-1.413155018097221660e+00
-8.164868785127236128e-01
-7.303926660114439251e-01
-9.097524126150552393e-01
7.759803466757271562e-02
5.049059153485634388e-01
5.762571544917950428e-01
-2.634519514817674768e+00
-2.112882636947014170e+00
-1.741276598895646677e+00
-1.155384886726731342e+00
-1.096419949785531145e+00
-9.449411628554713616e-01
1.772168040545180623e-01
5.876012724571529899e-01
6.673830553990359737e-01
-1.456862322569507651e+00
-3.030606197927069312e-01
2.936752650524324104e-01
6.065110291014491617e-01
8.839344815874089489e-01
8.454572444791310648e-01
9.175538639322817769e-01
8.797256603047968193e-01
6.905180477065889777e-01
-1.683486227027798821e+00
-8.456892285174321122e-01
-1.418998564866666978e-01
1.313090026944142008e-01
4.327705860957337114e-01
8.798788098825431891e-01
1.068470616558618191e+00
1.275061589635493098e+00
8.731089265887594930e-01
-2.442516343598752915e+00
-1.196297100535457680e+00
-4.436867694278765484e-01
-1.024053875016727733e-01
2.193567216105707651e-01
6.730481537275558868e-01
5.221879249808952794e-01
9.262043004017521675e-01
6.995221470876541447e-01
-1.856927336760705760e+00
-8.140213013672908948e-01
-1.321991168152345242e-01
1.454582389018205801e-01
4.606347357160368028e-01
9.036587465881332770e-01
1.234220693282213954e+00
1.440882279135488719e+00
1.429241192403194693e+00
-3.658360770402921514e+00
-2.096189364234564589e+00
-1.253670321673782562e+00
-8.014684718560376453e-01
-5.096929137736029292e-01
9.845027851489676629e-03
3.545408398107869341e-01
7.720166559913194115e-01
8.930660403954098214e-01
-1.644538378719648142e+00
-4.405817997872542580e-01
1.609249737076388631e-01
4.845630405478555947e-01
7.697110027178266645e-01
7.157573123200676735e-01
6.383521462086034770e-01
9.102539720131804790e-01
9.040379735901485914e-01
-2.063688410450568611e+00
-6.982526435684869304e-01
-3.990256917155610150e-02
3.213537390975096386e-01
5.990339152587342841e-01
9.442076797195545490e-01
1.297226700031002267e+00
1.443496672525975466e+00
1.431162940999216149e+00
-2.543198757901266482e+00
-1.996487161233231777e+00
-1.611069648940231636e+00
-1.024953061274128219e+00
-9.635369552099461998e-01
-9.553774523347101644e-01
1.362997819521062914e-01
5.552960143288515615e-01
6.251256272956452475e-01
-1.653589183532532481e+00
-8.358389981517205802e-01
-1.447991515678547503e-01
1.507941102497760144e-01
4.711638013130519664e-01
9.406372888389508136e-01
1.351019573183754430e+00
1.469610474195067296e+00
1.456632501420911829e+00
-2.051610995892306555e+00
-9.145996029276419748e-01
-2.275466301575794492e-01
7.293350930934423826e-02
4.012125691976485276e-01
8.512557389726664869e-01
9.000732946629091957e-01
1.205200038515492400e+00
8.583644559778444982e-01
-1.881570916240472791e+00
-5.213861941002593259e-01
1.205429091124002039e-01
5.187320478402744905e-01
7.173302589203047752e-01
1.062890581025778935e+00
9.406128647973354129e-01
1.104475507919726374e+00
7.391811391469026438e-01
-3.125081851897399954e+00
-1.691237561392296973e+00
-1.050802871504962210e+00
-6.128058244896306128e-01
-2.973257353845573658e-01
-1.642619710016738899e-01
4.120888070904940581e-01
8.028672127983398354e-01
8.866895655544528854e-01
-1.922892647313599657e+00
-7.554409318870068946e-01
-2.146667785487829661e-01
1.917701081948265107e-01
4.486248372629150771e-01
1.644204089196230900e-01
4.593550018498124832e-01
6.144293884026709174e-01
6.353468525410423950e-01
-1.050511591317448978e+00
-8.125076784415428965e-02
4.640122683595416242e-01
8.367844304132078248e-01
9.652663721352895410e-01
5.649844530824680300e-01
7.409673423133765757e-01
7.791853918743255614e-01
7.019523885612317660e-01
-1.074478472232766935e+00
-8.726929205858141581e-02
4.590591565713433297e-01
8.329716172986119105e-01
9.631429091350823812e-01
5.926646220836544465e-01
8.371303980127244859e-01
7.614297977791887329e-01
6.598385773772066365e-01
-2.054627625564322990e+00
-9.049806246252820596e-01
-2.183756522159645830e-01
6.616295826195275898e-02
3.810819251311677869e-01
8.213544157045042926e-01
1.065882698156223496e+00
1.325914370866745129e+00
1.219549380538987871e+00
-1.895932974740558663e+00
-5.150588044393222820e-01
1.163805457235636970e-01
4.865158637494819138e-01
7.315112618525992927e-01
1.067492862116467656e+00
1.347634913490912023e+00
1.473041351186682668e+00
1.440763784992410868e+00
-1.474011727888896228e+00
-2.721719587349163416e-01
3.330168363904233431e-01
6.339726611178494453e-01
9.207871908870409738e-01
9.567104117675611086e-01
9.817462255598475851e-01
9.747109572464206506e-01
7.107037378981964082e-01
-1.875357499346641532e+00
-6.072286576458058027e-01
1.255152913706606213e-02
3.971838706100382366e-01
5.550938359887357398e-01
1.048147118961819668e+00
1.019328200806633555e+00
1.339782641122938323e+00
1.043513563177577597e+00
-1.301298802663570564e+00
-1.744097494405572601e-01
4.107623105907275973e-01
7.157250866842228554e-01
9.835499761732221513e-01
1.061102380590212002e+00
1.301538358452006605e+00
1.425821349278613148e+00
1.414248073608106671e+00
-1.893666612335188404e+00
-5.451666397336435432e-01
9.679696821975906917e-02
4.931681901853118277e-01
6.782952418713190657e-01
1.098023327025431817e+00
1.323380801325731326e+00
1.469634222419064162e+00
1.435268944021132365e+00
-1.837779560956979141e+00
-8.020671740174517561e-01
-1.031404049025982789e-01
1.683232067617833339e-01
4.887448739769377215e-01
9.299072520350150084e-01
1.156145349374635201e+00
1.343828125783372629e+00
1.059768190458001635e+00
-1.470361462524052643e+00
-2.795471239003225472e-01
3.201737414174201657e-01
6.250506160798087185e-01
9.076968485650881435e-01
1.069191819863482662e+00
1.325813654363782401e+00
1.449753372567150533e+00
1.428473455683918703e+00
-2.141075651227606347e+00
-7.944598008905007225e-01
-1.792099871104639863e-01
1.826076943089326721e-01
4.885135778396392792e-01
4.414925019518614602e-01
5.900704695066032457e-01
9.546521752752846757e-01
1.040121496965798586e+00
-1.198724887518377358e+00
-2.325808788002038940e-01
3.189313950824040345e-01
7.144195718439541043e-01
8.165044715787973528e-01
6.976858925370760245e-01
1.091380482041589550e+00
1.271439706104463108e+00
1.340175337263718847e+00
-1.085116277836313703e+00
-6.973500759757650380e-02
4.691602379008190660e-01
8.369775346781029857e-01
1.000995889239164161e+00
6.544275990090150374e-01
7.068728126650929422e-01
8.449754962761298893e-01
8.261827145164681863e-01
-1.828544865654236240e+00
-7.331678553989668945e-01
-5.646678062207080573e-02
2.171148178221102565e-01
5.241423024766722616e-01
9.688413048646429271e-01
1.332117666762309360e+00
1.480251626170012269e+00
1.449444582538555792e+00
-1.937876647792325269e+00
-8.571850940646723593e-01
-1.686902210176652317e-01
1.222408820887138925e-01
4.460956511183345463e-01
8.987692943539258295e-01
9.573615634751257986e-01
1.249306333567466121e+00
8.072455799479457683e-01
-2.083086763523141371e+00
-9.264726429664549290e-01
-2.403369390119833859e-01
9.693813725622210664e-02
3.996867447171293386e-01
8.601730011483279537e-01
7.365268496126519127e-01
1.105646625756295576e+00
7.226750951823222024e-01
-1.891164591011280649e+00
-5.467970742318670752e-01
9.232755933434289020e-02
4.928257000518029285e-01
6.343494483523801630e-01
1.115894366976733165e+00
1.296550882969345286e+00
1.471960174802952048e+00
1.430037145376264363e+00
-1.990185775865917384e+00
-6.692447572228135133e-01
-4.636110119837104360e-02
3.042553485672150337e-01
6.075302064125408519e-01
5.722308543672198766e-01
6.436874037012826344e-01
6.788842746346589463e-01
6.437525017245910863e-01
-1.353206862422779322e+00
-4.937312521600780713e-01
1.368367754540441850e-01
3.757552204574364785e-01
6.650460217037684751e-01
1.091269794039816388e+00
1.446359551325244963e+00
1.518642346829347511e+00
1.471742332521992935e+00
-2.032224666638489552e+00
-6.746346454186576969e-01
-1.047236719841403152e-02
3.776002457782213773e-01
6.121742698281519290e-01
8.604592014704982583e-01
7.582972274693420278e-01
8.536789957213378743e-01
6.830278871702970545e-01
-2.473454964301782244e+00
-9.752139518233600146e-01
-2.865272293987211061e-01
1.211291930722061677e-01
3.378914571383330734e-01
7.937241666101201298e-01
5.251338269606570242e-01
8.352459731020034361e-01
6.695542187587300020e-01
-1.366064352533111981e+00
-3.823451615034488826e-01
1.572602636924730901e-01
5.798449325234039664e-01
6.870760826610387006e-01
2.783784412975114364e-01
6.315737914967664013e-01
6.175211027866271962e-01
6.177800959853932961e-01
-3.337308532792931715e+00
-1.968977930285180422e+00
-1.148458388221298865e+00
-7.108721487613685053e-01
-4.206741568312846735e-01
8.224344361041659168e-02
3.752394112572687845e-01
7.876713273630823187e-01
9.099101250105995353e-01
-2.918185373083543421e+00
-1.605423420071787177e+00
-1.167788733628027487e+00
-7.875826932340649345e-01
-3.020145580271182961e-01
-4.357839777595091113e-01
3.284805091587402193e-01
7.122966220586718356e-01
7.755766101321548422e-01
-1.727540771746056025e+00
-5.005382866156918853e-01
1.167611955012816394e-01
4.486736458299871444e-01
7.342849056964605436e-01
8.874295083911815096e-01
1.210514538661271455e+00
1.381637120428463650e+00
1.402834524637923908e+00
-1.098651568578912663e+00
-8.818266063888172135e-02
4.506231609307027597e-01
8.225900051813954672e-01
9.828420465689441388e-01
6.688429075679460656e-01
8.637332974730383972e-01
9.250838909329316406e-01
9.886047504507556871e-01
-2.120213578608332927e+00
-1.104395584714473300e+00
-3.643444269192182561e-01
-4.872367030747289801e-02
2.858494417030940649e-01
7.347646943747748738e-01
7.119040346785310280e-01
1.064849050651238693e+00
8.018322439063207963e-01
-1.952106680749437828e+00
-8.374857042457615197e-01
-1.583238017372793072e-01
1.339724004193723894e-01
4.576304439419410786e-01
9.095885011673148224e-01
1.025422939784613741e+00
1.285466281504916042e+00
9.228832678250433741e-01
-1.768070399989583708e+00
-4.711746051463384100e-01
1.448487512562783019e-01
5.049875729592641083e-01
7.551889998567750117e-01
9.605320717466071523e-01
8.201699733049833130e-01
1.053830168672293066e+00
8.929801909903709589e-01
-2.599047783495987307e+00
-1.133097034715815132e+00
-3.837333725797548722e-01
-6.181308875826760363e-02
1.818421706366539770e-01
7.341797266837170044e-01
1.177241027633728176e+00
1.378600782892171805e+00
1.407925783590358915e+00
-1.279686349481237384e+00
-2.523777662473233874e-01
2.963702701237205250e-01
6.832372602917752280e-01
8.453675657963437562e-01
4.897262150526601743e-01
6.588680355894269702e-01
7.648623529539692045e-01
7.370472125485960646e-01
-1.121284940825507226e+00
-1.524461048283215492e-01
3.930947332330601007e-01
7.778443469305192925e-01
8.844975413572360168e-01
4.420446823847997142e-01
6.681055444086674289e-01
7.248493198710103114e-01
6.860690850813998543e-01
-1.752624454436419787e+00
-5.183834227230540437e-01
8.881876844982021513e-02
4.199651499677670152e-01
7.079886758629772014e-01
6.470435391427381555e-01
7.018177454712153374e-01
8.347189564625211444e-01
7.911398189145975035e-01
-1.237349851661326827e+00
-2.561745724410677827e-01
2.919349386935747304e-01
6.918672849994792484e-01
8.032725484221614476e-01
4.026824111468372269e-01
7.197053189685829189e-01
6.585981097878759183e-01
6.298925350115315291e-01
-2.092645044788805198e+00
-7.574326449644933623e-01
-1.295620032497607488e-01
2.444817403549524315e-01
4.565487177837608823e-01
9.292807558646891675e-01
8.629926255581942263e-01
1.206139450914922140e+00
1.002082293115712064e+00
-2.475440152423035389e+00
-1.452347962471757237e+00
-1.062637503602407607e+00
-5.666929280527605028e-01
-2.801576918495920498e-01
-5.547849725515670016e-01
1.373153473804839819e-01
5.424881895835157453e-01
6.078344297224645976e-01
-2.078963108496663548e+00
-9.799900596002411035e-01
-3.272806119205282083e-01
-2.387695932577402463e-03
2.601571146408948598e-01
8.358913514617092311e-01
1.251396350021362514e+00
1.425204446232623656e+00
1.429787408171924845e+00
-1.793128341471710963e+00
-6.631724489067138961e-01
-2.745945649780843698e-02
2.414041764598916506e-01
5.527814903985794892e-01
9.979446133531816310e-01
1.312330679508105780e+00
1.478746503126340928e+00
1.443297437582931497e+00
-2.505769715210340198e+00
-1.311223413906815294e+00
-5.502753996343225928e-01
-2.133548591242487302e-01
1.260299072640422569e-01
5.832966496875103823e-01
5.616847389646920652e-01
9.446178980771740008e-01
9.467346050440058614e-01
-1.368308201242516065e+00
-4.347547826972050222e-01
1.040620908171462355e-01
5.296492269521292373e-01
5.962404901023783399e-01
8.171336713793453388e-02
4.376560112366088551e-01
6.351749225385640019e-01
6.649564697159817683e-01
-2.247872991681340693e+00
-9.671346573240219291e-01
-2.430061562736494096e-01
8.587502922933060168e-02
3.531152143088278628e-01
8.277422854563161181e-01
1.230313054433332720e+00
1.410230154286828963e+00
1.421019761895391698e+00
-1.336212908653259923e+00
-1.836818416898618744e-01
3.981162251184808820e-01
6.996379179585295871e-01
9.713556695119552886e-01
1.036133157587917797e+00
1.250430635433205540e+00
1.390194282495237577e+00
1.398427779444349373e+00
-1.645821608039934381e+00
-7.231815024288787974e-01
-2.252835992187990632e-01
2.553421506053397128e-01
3.334067029692758255e-01
-1.275101605811350680e-01
3.576567984661980781e-01
5.660208065801027866e-01
6.114630284383124614e-01
-1.639447875917536601e+00
-4.188381579620165662e-01
1.915688933530556859e-01
5.153682354390549669e-01
8.038158932536423329e-01
8.181204202374995349e-01
8.584406167480390648e-01
8.550481198079729062e-01
6.961125253734505858e-01
-2.942855168653881304e+00
-1.930596194230931983e+00
-1.601504627003863312e+00
-1.147893676819303543e+00
-7.034814370550317442e-01
-7.738580727678465720e-01
1.353208060931883894e-01
5.600120280399697448e-01
6.296423619831111873e-01
-2.752213366106106118e+00
-1.404379806238374995e+00
-6.764689837976265441e-01
-2.405267982979955865e-01
6.818166557378074755e-03
3.075110269478537051e-01
1.665426046378566671e-01
5.320633034150166196e-01
6.280645564361712063e-01
-1.734370679693687745e+00
-7.386158036267199689e-01
-7.553995750339417836e-02
2.090248827821890032e-01
5.203556379526239617e-01
9.680106746827078501e-01
1.185279279739521296e+00
1.363330323678578537e+00
1.015107668412275732e+00
-1.661974687816069052e+00
-3.899119888033063530e-01
2.206673549147989966e-01
5.494271440592201072e-01
8.211441820816002268e-01
9.659204958303134747e-01
8.297377565842640745e-01
1.056623408179014456e+00
8.936621016125937400e-01
-2.442479901077743598e+00
-1.402832373939714161e+00
-1.006195594619694322e+00
-5.172285448707042432e-01
-2.269344242037882875e-01
-4.276934183440575521e-01
4.022971039503547841e-01
8.009808861655995926e-01
9.084676955436250534e-01
-2.685872524803278427e+00
-1.389111534210919707e+00
-6.562492467959052389e-01
-3.270793015585770069e-01
-8.166179334092879549e-02
5.141256303112421433e-01
1.018882566616502450e+00
1.276222200856912847e+00
1.346155712198937371e+00
