-3.612263952778216325e+00
-2.356612940188131056e+00
-1.578114944581342938e+00
-1.199958812128182561e+00
-8.799552199487751247e-01
-4.286789498275996868e-01
-6.833331279213994414e-01
-4.397111635235921856e-01
-8.019104548064268645e-01
-2.806101312709067042e+00
-1.708028881552732914e+00
-9.858945887835323107e-01
-7.126514398847028087e-01
-3.564109849935229724e-01
9.035773823105250346e-02
1.136312651668358320e-01
4.001639234302148407e-01
-3.915447931690573813e-01
-7.190256373085750496e-01
3.774593408131523414e-02
5.483010707155777652e-01
6.347901660622100595e-01
8.863678054505985671e-01
1.045714700981108303e+00
8.414417460220661171e-01
9.028486483384536854e-01
1.262460677433363265e-01
-3.462957192878345136e+00
-2.334917644740650111e+00
-1.563097326775608753e+00
-1.174554411445133173e+00
-8.500686217939583678e-01
-3.530946527719668326e-01
-5.018909156752157652e-02
2.988802139432018001e-01
2.692583271237858344e-01
-2.787459160550664450e+00
-1.693956050456462359e+00
-9.688163087107264371e-01
-6.932108208411491557e-01
-3.369161605685512262e-01
1.233556017787052067e-01
3.049775317537444796e-01
6.005244635700337508e-01
3.904840186506229327e-01
-7.201317958906094940e-01
3.850609454250485120e-02
5.477186976352065306e-01
6.332758687314622437e-01
8.835784381021237754e-01
1.037486755360852886e+00
9.449824834256999040e-01
1.003292943618174782e+00
6.171978719275290626e-01
-1.464633311067459864e+00
-6.874181915236662332e-01
2.407264503819239732e-02
2.761848107840607081e-01
5.074612396165808503e-01
9.785556792702113649e-01
1.369165874958933715e+00
1.362322584832594385e+00
1.287286256221098490e+00
-1.390933817637456826e+00
-6.209949421262304092e-01
5.373777119783051254e-02
2.921764185649844414e-01
5.182973413120965933e-01
9.773473066607590853e-01
1.387221943900611487e+00
1.366335244894510748e+00
1.291736405722609948e+00
-5.263598070576377408e-01
1.863817117008019220e-01
6.835588318496557125e-01
8.021825843079499752e-01
1.018915017458964289e+00
1.236330239398176323e+00
1.459078367625421091e+00
1.426797197481381341e+00
1.306952382873690865e+00
-2.004084153195493823e+00
-7.580861692234323046e-01
-1.625909936143052348e-01
1.950791958884856014e-01
4.591862128291927525e-01
7.599830624051262529e-01
6.877765616164333018e-01
8.535235388060766759e-01
-3.186605319975648887e-01
-1.302610973501892699e+00
-4.048239721870749430e-01
1.796934371652362528e-01
4.937827514230389014e-01
5.155936202470837726e-01
-8.219574126690881721e-02
3.747456210560999312e-01
-9.168706459781346407e-02
-7.134019412829415430e-01
-1.492244225555561243e+00
-4.024156844153349843e-01
1.924163189593192935e-01
4.558060346059356061e-01
7.665231239941099339e-01
8.246111874850355905e-01
7.769049572301673923e-01
9.357969732191477874e-01
-7.594581136972600177e-02
-1.285913292189081458e+00
-4.794454915047502985e-01
4.934665314777535172e-02
1.913234828453335146e-01
5.060364311665991321e-01
8.705106842589306337e-01
9.043322380917599990e-01
1.018961487793480947e+00
2.275930014589921113e-01
-1.834131361245123548e+00
-6.121645262538789600e-01
-5.212214647782686949e-02
2.968507058553384592e-01
5.569130550800212021e-01
9.213765396853382805e-01
9.534007717284149752e-01
1.124314604284755825e+00
6.486383740090179151e-02
-1.855106065873544763e+00
-9.200174292576307478e-01
-3.496714298870753357e-01
9.525677142952707066e-02
1.425663125082563820e-01
-2.687958545664593246e-01
7.632980140999873209e-02
-6.587028724680886738e-01
-1.141982679668908540e+00
-1.772771573472365025e+00
-6.002461974346396945e-01
1.536513648855892221e-02
2.946833563671132361e-01
6.204299724278288242e-01
6.460410054158272075e-01
6.595991260550808644e-01
6.103101996903865789e-01
-5.459489910607561169e-01
-1.199591165206373100e+00
-2.125523379250383038e-01
3.265965212140821694e-01
7.066532592145653435e-01
9.014267975340147787e-01
5.102964449408513570e-01
7.626270893990226840e-01
5.098134735480186475e-01
-3.370249861652935275e-01
-1.424252101709696516e+00
-3.783438617579758523e-01
1.927109631406961621e-01
5.111978338607494621e-01
7.861016309151911408e-01
6.758303533372509442e-01
7.797276330329200311e-01
7.428278983882434794e-01
-2.895257034016744946e-01
-2.348375177764993715e+00
-1.041669135407138125e+00
-4.010850940689947297e-01
-2.181800866779034370e-02
2.619830573008409824e-01
4.273266072891066525e-01
3.019014549285389259e-01
2.432068808202783872e-01
-8.376436734736736334e-01
-1.221036888270804255e+00
-2.307761827803708754e-01
3.117110351308526872e-01
6.785947494784360101e-01
9.188033338356127455e-01
6.848306174357012832e-01
8.533855326290682441e-01
7.834430474257286781e-01
-1.563165153591263845e-01
-1.365292327007205486e+00
-4.682571312187588930e-01
1.206950305519246675e-01
4.463596787918949205e-01
4.682970320324959523e-01
-6.200006847726125675e-02
3.531046970300978360e-01
-1.997834426941041686e-01
-7.959100445998681383e-01
-1.587739892653912799e+00
-5.960698824314007993e-01
-3.009572248987564536e-02
3.643286441116141416e-01
5.365291834691751083e-01
9.058362719660227602e-02
3.334839634601151626e-01
-4.390021817234436574e-02
-6.646268515746375227e-01
-2.119602824885214787e+00
-7.932146983937635731e-01
-2.335525243598639555e-01
1.847339998983238696e-01
3.329004021200728247e-01
8.213220515324961557e-01
7.192606508838360613e-01
1.029155607825517516e+00
1.282415002631926149e-01
-1.744189951697584284e+00
-9.091216555245497100e-01
-3.036810806844398858e-01
-1.068861876137604527e-01
2.232238119418876454e-01
6.614538971835248748e-01
8.347487428354968264e-01
9.336089058378880257e-01
2.475305512731904023e-01
-2.662963362007438217e+00
-2.164039030386081919e+00
-1.577909502082646354e+00
-1.211459724721164699e+00
-1.317418665104886699e+00
-1.702192454852339498e+00
-1.119896092561885714e+00
-1.173339647246819384e+00
-1.397994253189998703e+00
-9.691792157026647425e-01
-1.486714662192093472e-01
3.553314776179513079e-01
5.122480952137239418e-01
7.906116910400328157e-01
1.056937922359542759e+00
9.223876251445684016e-01
1.035210768908927159e+00
1.303682951990596250e-01
-1.703468223054062536e+00
-5.609827330991469241e-01
5.047730144226264537e-02
3.324511141092657551e-01
6.516675852167724825e-01
6.409286315008849710e-01
6.799239221440220859e-01
6.102646489446483802e-01
-5.275880032947375398e-01
-3.519358724144209916e+00
-2.260944448322378175e+00
-1.477815340743811046e+00
-1.089604620781908562e+00
-7.702043599170088628e-01
-2.976384671760896605e-01
-7.569206391903932074e-01
-4.464687320481907085e-01
-1.065528855240283734e+00
-2.509604705512405332e+00
-1.514767193377941190e+00
-8.237403238617957424e-01
-5.428996269949760700e-01
-1.870907126864020942e-01
2.735614667058746674e-01
2.382035270006587768e-01
5.512106304599323492e-01
-4.080029786156046945e-01
-2.930125386572122181e+00
-1.861443609123359488e+00
-1.414177492305384254e+00
-9.644204119601768044e-01
-6.235683249057708544e-01
-8.232763050298014251e-01
-9.515246360193448938e-01
-1.312657872585304197e+00
-1.474882366734504791e+00
-2.037063543533117027e+00
-7.739584250063938908e-01
-1.861304064720734064e-01
1.751094774978251278e-01
4.393759747608967925e-01
7.035139207896937696e-01
4.696884469822824593e-01
7.749535274423000608e-01
-2.563119060682263473e-01
-1.712300622290994889e+00
-5.666271902462928223e-01
4.118208294137907372e-02
3.040678742871322782e-01
6.340573291318898352e-01
7.477820375858481583e-01
7.368460683678152989e-01
8.244580371904808302e-01
-2.991489863743397870e-01
-2.105599182160825311e+00
-9.773040269411173986e-01
-3.898243353916328036e-01
-1.327903252405847612e-01
1.504496997674137637e-01
6.657010337657548460e-01
7.585100914117282045e-01
9.307095583563748109e-01
2.272780284610187995e-01
-1.413311139049349796e+00
-5.196319664633600732e-01
7.255803931586060629e-02
4.006181111173828246e-01
4.109835121645566969e-01
-2.777998161975823721e-01
2.372700081596041399e-01
-2.287466242789890358e-01
-7.720712774835809533e-01
-2.467787105345012222e+00
-1.893746091526858466e+00
-1.302817711418599922e+00
-9.429572171850478801e-01
-1.047434273143929229e+00
-1.421088965678667382e+00
-9.369099495437708258e-01
-1.285958949060287404e+00
-1.467320363639339043e+00
-2.707304435633443696e+00
-1.846970782207560724e+00
-1.430993402917720703e+00
-8.643969609842913071e-01
-7.525794362351115874e-01
-1.041329384287146498e+00
-8.827729985190051476e-01
-9.667754352105121241e-01
-1.279651049396749229e+00
-2.008621670623854882e+00
-8.449286673484136534e-01
-2.326125703527629485e-01
8.488424472823016820e-02
3.891146456122890895e-01
2.302202194547039171e-01
3.352201247049359512e-01
1.370655556046873058e-01
-7.265854253946756325e-01
-3.143868536426540850e+00
-1.945830232533420912e+00
-1.481588724037012916e+00
-1.088080348963267552e+00
-6.418460358256454779e-01
-7.822115032112274546e-01
-1.000854915486531604e+00
-1.202259324095937831e+00
-1.408724792008726023e+00
-1.676670963589918406e+00
-7.783804701361580758e-01
-2.004501280506971184e-01
1.450717495702141986e-02
3.377794391273687413e-01
7.431100165312924943e-01
7.992900015236727995e-01
9.370326259458852114e-01
1.451746725691625828e-01
-1.305103789346911514e+00
-4.379887901816136853e-01
1.285634569098624558e-01
2.341899315906766088e-01
5.636182545491853491e-01
8.305979415716323588e-01
7.327202404341183195e-01
9.022374757283743163e-01
1.340938964172991577e-01
-1.268619871649414588e+00
-4.133752913602964929e-01
1.056871161789703084e-01
2.918711203873106674e-01
5.965803091230981181e-01
9.509339022426821497e-01
9.098958403799297656e-01
1.056237787817561280e+00
1.934272414368015114e-01
-1.631973886293364151e+00
-4.880666797652986055e-01
1.090762371363914046e-01
3.652321078469685789e-01
6.920357849087389601e-01
8.903674873213304197e-01
9.110325854270928669e-01
1.045318930015260328e+00
-4.938439382969734420e-02
-3.509331075605652828e+00
-2.288344221890934893e+00
-1.513589801280093017e+00
-1.150395533121841840e+00
-8.216270370261543610e-01
-3.665978073703020090e-01
-6.038098558477942301e-01
-3.491230731025410927e-01
-7.344618388294975597e-01
-2.769760522473271980e+00
-1.990625336040797277e+00
-1.592556831302532672e+00
-1.002268296882943277e+00
-9.320709972002642063e-01
-1.265662565231191694e+00
-8.175167852608452579e-01
-6.842213847479666766e-01
-8.427055925018079874e-01
-2.095429861159118889e+00
-7.902759668507505220e-01
-2.270246259068083305e-01
1.865448819452890927e-01
3.763923313108549773e-01
7.999292751973561266e-01
8.027599763970026947e-01
9.923466301304374459e-01
-6.227729984734800550e-02
-2.569806702415383892e+00
-1.285406931661904784e+00
-6.317660072448743058e-01
-2.221332803372198517e-01
-7.984322197777829477e-02
3.834737205968398732e-01
5.802666417686463268e-02
4.392629034401254184e-01
-4.346386428673914559e-01
-1.768100852478690532e+00
-6.429928402719230496e-01
-4.352654646437779246e-02
2.656717557839479715e-01
5.576945374770646557e-01
3.925151993176891341e-01
3.908937067285403466e-01
3.180499677993904872e-01
-5.267016485469743214e-01
-1.065247254795282483e+00
-1.399217463325642397e-01
4.093394079648036699e-01
7.369748142066293584e-01
8.360904869532067574e-01
2.195768977468402494e-01
6.186255483165206126e-01
3.253298578371010552e-01
-3.546047107871782567e-01
-1.452331401215789519e+00
-4.329011176315967213e-01
1.219275339674134179e-01
4.958692694325674277e-01
7.157260273266606854e-01
3.747218663201739020e-01
5.243869257604095724e-01
3.290846224339679660e-01
-4.638295081629809635e-01
-1.143334455453103971e+00
-2.137649055347802807e-01
3.447267868175040162e-01
6.706550495466210293e-01
7.549298912086753743e-01
9.591520871925296454e-02
5.247785062532125400e-01
2.143094575411985114e-01
-4.408742763520758223e-01
-1.008590478656156586e+00
-6.781151739951471469e-02
4.727353490350764686e-01
8.077086467275093051e-01
9.353845831471441219e-01
3.895871649263079051e-01
7.335078604039810823e-01
4.386864516166488204e-01
-2.519415110048756068e-01
-2.065712433205161069e+00
-7.952950400647784690e-01
-2.279046567286985014e-01
1.670410412927503252e-01
2.792472295252548808e-01
8.686323840292228260e-01
8.642629149419641665e-01
1.093322306193056592e+00
2.859179503458162963e-01
-3.296045627581300597e+00
-1.997505637989821059e+00
-1.516381891800233639e+00
-1.127451707925841262e+00
-6.506022963378872426e-01
-7.411756647206438897e-01
-1.050786153508902032e+00
-1.254065240136187587e+00
-1.406788972565933049e+00
-1.483571711713085106e+00
-6.173861502522445255e-01
-1.682628538266884438e-02
3.073384271664137968e-01
2.828647601276553236e-01
-2.263139354374366086e-01
2.114726701794278907e-01
-3.593299811437010161e-01
-8.931254443480196592e-01
-2.351353928692284434e+00
-1.124453301739667177e+00
-5.072809102347808352e-01
-1.389283861786468899e-01
7.301889582251606947e-02
5.994324945419765571e-01
6.175907308883087365e-01
8.672545703308456311e-01
-8.872714731666991872e-02
-1.376739783484395518e+00
-4.892573830379474686e-01
1.034085874083529727e-01
4.211762815955523154e-01
4.270763178376544844e-01
-1.747430540582578518e-01
2.354117188571412944e-01
-2.826528673158528182e-01
-6.696767014091685732e-01
-2.689868788131375865e+00
-2.202344226669369576e+00
-1.616027670759335955e+00
-1.250424313004138810e+00
-1.357667564804084570e+00
-1.704552244071454892e+00
-1.044545418545168136e+00
-9.455123189888199331e-01
-1.208851987708126297e+00
-9.845163014265879697e-01
-4.320990888287867815e-02
4.915469687589645864e-01
8.381924978417324423e-01
9.854109037258484971e-01
4.090954012339887425e-01
7.472372299605478663e-01
5.557396470564732738e-01
-1.474095176014572905e-01
-2.914785386621459029e+00
-1.769749586915607242e+00
-1.288728599097687999e+00
-8.817937646163851451e-01
-5.091111773867958989e-01
-8.946580027400090618e-01
-6.801501968844314572e-01
-5.748461155820125956e-01
-7.541048314566093369e-01
-1.461724986114115277e+00
-6.049809557705062568e-01
-2.039026053599219453e-03
3.132008606832419884e-01
2.820939162634882869e-01
-2.073393474704718353e-01
2.160032826299283781e-01
-3.930185669129385162e-01
-9.093997198219400113e-01
-2.358086082161264141e+00
-1.017131355718334795e+00
-3.996973924708891457e-01
2.788990554159742966e-02
1.797050995611043089e-01
5.955032045107272465e-01
3.138451427369725599e-01
6.837101856815623879e-01
-2.550449456163859652e-01
-1.084317863873274002e+00
-2.574947806710532472e-01
2.598958591771663995e-01
4.279328753845096367e-01
7.093090844200864442e-01
9.892071288202989310e-01
8.854766760464294340e-01
1.010263415320411529e+00
1.348675799757172999e-01
-2.582462456451227073e+00
-1.459387337174356869e+00
-7.672283587723852660e-01
-4.765975776640941630e-01
-1.387772666057034143e-01
3.244520842351759082e-01
4.418796355134285148e-01
6.320664375241925592e-01
-1.258527650546972243e-01
-3.447931785849453590e+00
-2.196050313102646090e+00
-1.491787693677483873e+00
-1.036821010310476021e+00
-8.008147597160422126e-01
-4.764340830778749925e-01
-9.760272690214227831e-01
-7.752026569502830089e-01
-1.154003265200321593e+00
-2.635026732618979572e+00
-1.260803609189076413e+00
-5.884409078203928223e-01
-1.658986734771022153e-01
1.393301292652028740e-02
3.698670121858792514e-01
1.530861592393408521e-01
2.603380274789558468e-01
-6.986646088863720516e-01
-2.784830230464812484e+00
-2.042172868311097123e+00
-1.649371400435919233e+00
-1.048238266877426383e+00
-9.865880513783233940e-01
-1.257958227208592517e+00
-1.125092496578600665e+00
-1.387120349886267645e+00
-1.462859468957859566e+00
-2.692923730192278597e+00
-1.308959319171385749e+00
-6.112242710505816357e-01
-1.854180643607924728e-01
3.604038759758328245e-03
3.534648584278280437e-01
8.464318969693375438e-02
1.567204967328706122e-01
-8.469052186213829048e-01
-1.904412114332829420e+00
-7.985346860526146839e-01
-1.908911993740874669e-01
1.408357215498647619e-01
4.175083425508606672e-01
1.728678686009436638e-01
2.120009920395601044e-01
5.208077607651112606e-02
-5.720776621256395966e-01
-2.503687526164652066e+00
-1.943665831967162916e+00
-1.349374784215085388e+00
-9.981336418168365032e-01
-1.104190181883590638e+00
-1.402151684684248556e+00
-7.711349183247768746e-01
-6.825303132366721259e-01
-8.121206478100913007e-01
-2.262272152625228738e+00
-1.223026817062357940e+00
-5.484208884990243726e-01
-3.340750943375053739e-01
1.775817936523596541e-02
4.527906751431068910e-01
6.241556574459502515e-01
7.680119568468023461e-01
1.299665759283175626e-01
-1.836504746948369959e+00
-6.867565988184869408e-01
-1.456006142005182580e-01
1.959155032211618019e-01
3.593414477045830946e-01
9.505139508965171347e-01
1.039418074291774685e+00
1.173741125977400435e+00
3.249679572654886051e-01
-1.819582052802242167e+00
-7.304859956540074029e-01
-1.339002855972040440e-01
2.183013139298457805e-01
4.760884080032832255e-01
2.539384658936936212e-01
4.356160948894265972e-01
7.098994139223659128e-02
-7.904019495061768152e-01
-1.632112224951297152e+00
-7.954911772589432495e-01
-1.913088632709455672e-01
1.429658080413254151e-01
8.860671189093780042e-02
-5.575214937877635002e-01
-5.089059091069648294e-03
-4.566065803119725430e-01
-8.890001477458320256e-01
-1.742363262808978019e+00
-8.388055906277077645e-01
-2.519868521215585799e-01
-3.643661610786690097e-02
2.838526451320815824e-01
6.934125030980299309e-01
7.712279958596871543e-01
9.055740900393659532e-01
1.433834456482831199e-01
-1.754304240809355431e+00
-5.861869185190204945e-01
8.569785650860410608e-03
2.923142390979768246e-01
6.093110396661316486e-01
8.080166507451217450e-01
6.414545555592304771e-01
9.236870723938667149e-01
-6.907206666641761694e-02
-2.546053103918229699e+00
-1.994632807158572163e+00
-1.405400712483908077e+00
-1.042642330528775307e+00
-1.144778574108992197e+00
-1.494991186304444275e+00
-1.026731373801847758e+00
-1.443147653378178408e+00
-1.478084793752955095e+00
-3.508160947392198636e+00
-2.278623725474533401e+00
-1.523222370654153224e+00
-1.122054147196965168e+00
-8.137349961621599403e-01
-3.451055128448839437e-01
-7.824179609262936763e-01
-4.931496666298428311e-01
-9.908740433744106513e-01
-1.062540186199208536e+00
-1.118451455190321436e-01
4.298821658181878891e-01
7.707778295205225394e-01
8.993803100001565021e-01
3.590328230415017474e-01
7.058117950967289778e-01
4.073689795549265136e-01
-2.973812392793273029e-01
-1.034479590610233979e+00
-8.241941944555095101e-02
4.537547444291886167e-01
7.979778984446063150e-01
9.345126197329238771e-01
3.597799183206183971e-01
6.576981591136529248e-01
4.018567172734067161e-01
-2.158936320462125635e-01
-1.508055527237915028e+00
-5.788582171993349457e-01
-6.230279781359899550e-03
1.371643338854825478e-01
4.759787339236038473e-01
8.213012738483952413e-01
7.918552712252737713e-01
9.740052286068423548e-01
2.290903300288736899e-01
-9.708285789530916032e-01
-2.904186497926541238e-02
5.044760989887111524e-01
8.425464758157755751e-01
9.781144606925229468e-01
4.126949327367702702e-01
7.613466478939362458e-01
5.431207194915108616e-01
-1.478369333016824883e-01
-3.414347122075926944e+00
-2.139075491039167609e+00
-1.444640497763744369e+00
-1.006877369410364320e+00
-7.514921443141457935e-01
-6.089677381939418987e-01
-6.498828265029925610e-01
-4.285020879675143224e-01
-6.173279271168850002e-01
-1.671747439487458076e+00
-5.005241176836784378e-01
1.077377246775179376e-01
3.732447497562869088e-01
7.011378281695472836e-01
8.597148917229533449e-01
8.581296557512416712e-01
9.594200312446286016e-01
-1.619694670342761988e-01
-1.257822821231813881e+00
-3.409291008165781789e-01
2.346052082545525830e-01
5.545814088850373746e-01
6.020385477758023463e-01
-2.855102217849677174e-02
3.547227718423789367e-01
-5.696844597026633206e-02
-5.125850455209330914e-01
-2.908728520325185585e+00
-1.980242504402401460e+00
-1.575475071878722488e+00
-1.059523463952546152e+00
-8.227095424177653937e-01
-1.058815034081403539e+00
-8.892327937201980337e-01
-7.568788773541599291e-01
-1.090027175743066845e+00
-1.262875095143608961e+00
-3.927706914296152374e-01
1.653737571337063339e-01
2.852722979305314932e-01
6.051710640169378763e-01
8.754897900221388918e-01
7.782495137635282445e-01
9.442545389685881307e-01
1.834486522446155399e-01
-8.911865925438068325e-01
-9.623584882404098706e-02
4.195608388917223541e-01
5.383264397361984255e-01
8.077182762776506930e-01
1.021640466649582413e+00
8.310665007850928099e-01
9.594456777398482350e-01
1.783661889562641323e-01
-3.130973571922585297e+00
-1.834908178687787439e+00
-1.294911935959016436e+00
-9.116549517794962920e-01
-4.793718948574666738e-01
-7.516916979970423851e-01
-5.920255863794899875e-01
-4.756090638405195969e-01
-7.189433579244960404e-01
-1.411500184406912828e+00
-3.439689810870202313e-01
2.288555742375526225e-01
5.397551365920235655e-01
8.236063934693037547e-01
7.855402084155805875e-01
8.722380946741321583e-01
8.616290352312109269e-01
-1.733599815970986446e-01
-1.046255278129542221e+00
-2.257511482067134367e-01
2.736712489663870040e-01
4.554171929179250400e-01
7.432392387905352171e-01
1.069814312188287708e+00
9.907464289664738022e-01
1.130036759040093042e+00
2.419770056431312932e-01
-1.218491079407494349e+00
-2.830698228387299453e-01
2.805051930423518858e-01
6.161220018625465089e-01
7.009355210060204122e-01
8.863979608118276177e-02
4.410494600054433723e-01
5.536436048659781201e-02
-4.388622733856371583e-01
-3.451287299887195736e+00
-2.161900220654781712e+00
-1.394916073054840666e+00
-1.017324246173000990e+00
-6.901825514596193756e-01
-2.220603333245327327e-01
-5.680312653062810080e-01
-2.707590270330719195e-01
-8.404887616193815747e-01
-1.810940406673944514e+00
-8.645353162667805957e-01
-2.384282245712765202e-01
-7.497434503122199501e-02
2.728344705661173708e-01
6.400223509874862771e-01
6.993693171917720885e-01
8.637021896360379536e-01
1.803874528611396355e-01
-1.440329288989197432e+00
-3.722840387476057389e-01
2.135342858138698230e-01
4.910818699179660962e-01
7.921458502156101256e-01
8.086245816571588918e-01
7.660937493739911064e-01
9.148624756040711903e-01
-2.550544103663568776e-02
-1.154597808139549153e+00
-1.793209582230886889e-01
3.638121928959471285e-01
7.263866433944977663e-01
8.824253473429263250e-01
3.479823286679289418e-01
6.151928740086672898e-01
3.598841833129714507e-01
-2.732050973799878268e-01
-2.822961666685935178e+00
-1.814062748691330551e+00
-1.375423889584975745e+00
-8.929625609562096278e-01
-6.282167298514939047e-01
-1.030479461875991376e+00
-6.565081353057614644e-01
-4.839744551195928057e-01
-6.475698785360083365e-01
-1.836574449638080253e+00
-6.695923462322972419e-01
-5.701473034680697161e-02
2.266904132064266053e-01
5.461566243902323814e-01
5.158534137672922126e-01
5.581440391304139936e-01
5.034077243833303683e-01
-4.638815187538009033e-01
-2.065312615351979630e+00
-8.312176386865631761e-01
-2.118675924169166058e-01
1.477273128639120525e-01
4.338267197330037406e-01
6.594649872074354047e-01
5.505037585790917287e-01
6.361369742175626563e-01
-4.909701320010799730e-01
-1.028253356626544379e+00
-1.839888582970420627e-01
3.448029389671586342e-01
4.288668405023287611e-01
7.527216017342324150e-01
9.829885135360836301e-01
8.377823997926220345e-01
9.825209681384499127e-01
2.684582502657631431e-01
-3.582230116649470109e+00
-2.378765541133887051e+00
-1.584139960498421207e+00
-1.167904961387743246e+00
-8.654475258566235452e-01
-3.905424976651079572e-01
-1.083598967828439230e+00
-7.341001492559550146e-01
-1.161049030416985817e+00
-1.048127050929721582e+00
-1.077593989830286092e-01
4.343016069338523355e-01
7.793127559894958978e-01
9.166040023299671935e-01
3.460908082211037740e-01
6.410919682476090564e-01
3.784347514274064572e-01
-2.166473621157675167e-01
-2.409486350441232716e+00
-1.427314598261588241e+00
-7.389862381346582465e-01
-4.804534124401485529e-01
-1.296272956467527937e-01
3.346303748469229289e-01
4.602150677442796711e-01
6.678852463847587684e-01
-8.362935206084573525e-02
-2.090421401643210775e+00
-8.398642043183260908e-01
-2.384149363944272904e-01
1.237655803497324791e-01
3.950688306458888799e-01
6.225661146554873904e-01
3.396893327481012581e-01
6.475786650187033144e-01
-2.287612814307732056e-01
-1.776506103915505230e+00
-5.975893058645465050e-01
-9.854411413086558436e-03
3.130837818495455505e-01
6.047939114809378625e-01
9.005399419404396255e-01
8.987953001068889058e-01
1.065129072933217680e+00
-5.678336297199612116e-03
-1.285511788360812702e+00
-3.832190201155729059e-01
1.981724313646822389e-01
5.124077631112313735e-01
5.405099030177349384e-01
-6.887276786220339819e-04
4.151081382173212875e-01
-5.722723959375475289e-02
-6.279980632680324248e-01
-1.015643968468944003e+00
-7.304081612497700937e-02
4.659324791429468315e-01
8.056437467457410184e-01
9.375171805700931449e-01
3.999196826829934381e-01
7.415228552548324137e-01
4.665713682621892011e-01
-2.176214500946933028e-01
-1.484729159781617458e+00
-6.255765238796547889e-01
-2.135033893803915325e-02
2.962834665972416404e-01
2.637612816950103412e-01
-3.029191139536066002e-01
1.152527098116130633e-01
-3.270864823205118510e-01
-5.457278921277987083e-01
-2.556635259527322734e+00
-1.570650791425745929e+00
-1.097233078949043872e+00
-5.826466050658182239e-01
-4.297889751970095373e-01
-8.446596234320320473e-01
-5.206475688374461175e-01
-3.915128498384735645e-01
-5.189576145853799227e-01
-2.541716801353766986e+00
-1.425365585675586244e+00
-7.355660908143958343e-01
-4.496624118110146284e-01
-1.062805555406528824e-01
3.590107671915770959e-01
4.872387090554881617e-01
6.760117205416511510e-01
-6.290387203477240674e-02
-1.159445296869404674e+00
-2.177104062305269816e-01
3.374444850224003756e-01
6.767455476312905782e-01
7.815697819005641422e-01
2.374485596124157327e-01
6.072230982476117811e-01
2.510172525161966095e-01
-4.136860484809969929e-01
-1.692000687360323052e+00
-8.587304829830576525e-01
-2.799123889224252593e-01
-9.539771565210641846e-02
2.375531339941930054e-01
6.729386786189230918e-01
8.349524612799030798e-01
9.419287352017086112e-01
2.573403256595481747e-01
-2.070955377276738396e+00
-8.202227620657239759e-01
-2.310246465968290863e-01
1.858573803613938757e-01
3.169885755818814266e-01
8.713052869135383682e-01
9.600048707908398482e-01
1.126277736976703192e+00
2.334340328554344035e-01
-1.208032068677183046e+00
-2.861700920551162874e-01
2.845855607494001127e-01
6.041928891754695385e-01
6.632530547420885103e-01
-3.338395026840600827e-02
3.600782756919000405e-01
7.240504784804274729e-02
-4.054326347580679557e-01
-1.882062777666084319e+00
-8.620538981577040571e-01
-2.930721401656716796e-01
5.811880621665883005e-03
2.721221357967030796e-01
7.998725566242411711e-01
9.694032537121846094e-01
1.078776805068984768e+00
3.525162576086970367e-01
-9.874783603139520860e-01
-4.940227684351908288e-02
4.894323934126751374e-01
8.255581986395661431e-01
9.535774683868120105e-01
3.331559691015737457e-01
6.888389794821657697e-01
5.144763310341934348e-01
-1.367881698970418447e-01
-1.334846535230932663e+00
-5.132899362112350872e-01
2.765845880630470738e-02
1.843400607865911534e-01
4.880594539144142985e-01
8.698990426512477336e-01
9.291449681775663105e-01
1.048786870227152557e+00
2.854491684528568385e-01
-2.214363069914722537e+00
-1.108684957638591984e+00
-4.687761692975627170e-01
-1.956222470012529968e-01
1.274009583273683355e-01
5.870152315811568711e-01
7.407159982115085750e-01
8.718886057867860639e-01
1.562910308041599583e-01
-9.727507275549990284e-01
-1.399980102138235205e-01
3.687549598047716315e-01
5.415838567381208168e-01
8.172824403677786398e-01
1.104691606767758350e+00
1.000535947728250052e+00
1.125134245802877686e+00
2.618524338903029380e-01
-1.757631293857640609e+00
-6.451273876124417050e-01
-4.655579355860008789e-02
2.633507954306039123e-01
5.561338671231417230e-01
4.139515522901058286e-01
5.358262875240289436e-01
4.041246133023561615e-01
-4.444685793362145865e-01
-1.815000988831241724e+00
-6.162584809448946599e-01
-7.555284373362542273e-04
2.927026487297336721e-01
6.133327360628832992e-01
8.087229930003941858e-01
7.718469653154059751e-01
8.842694727276824151e-01
-2.115021320676255812e-01
-2.176173389637085176e+00
-1.231173789713063016e+00
-5.834323425108868255e-01
-3.346059038071733105e-01
1.527114811149176722e-02
4.835495203341201864e-01
6.727304117491519353e-01
8.167912015547537097e-01
1.447611898150382437e-01
-1.240205291747918936e+00
-3.265400827036282760e-01
2.490976775632276485e-01
5.668961209774715515e-01
6.152120401955959439e-01
6.592051365807523322e-02
4.733623507002892028e-01
5.928449555749308597e-02
-5.257093957824111596e-01
-1.072285149147248928e+00
-1.426462166569651135e-01
4.079064314434900362e-01
7.347339502742789019e-01
8.350255030598758843e-01
2.054975061973427775e-01
5.314960472190012331e-01
2.647730537589026989e-01
-2.278257244978779683e-01
-1.703084580831405903e+00
-5.306418300617784523e-01
5.881821515224409935e-02
3.339836212902725365e-01
6.510487640750687310e-01
8.738071372905693579e-01
7.248987241303092022e-01
1.028628200515360414e+00
1.326103235496823296e-01
-1.532418991234403727e+00
-4.231434359507804666e-01
1.760644862266569077e-01
4.513644367766186383e-01
7.630058185989839759e-01
8.072219826374140705e-01
8.566049848291807933e-01
8.897921682994347492e-01
-1.406896624426743625e-01
-2.225414088892120112e+00
-1.387220132513178994e+00
-6.937137885714991237e-01
-4.371109674434628944e-01
-7.499004379726958991e-02
3.957914625739918368e-01
5.409646595990004192e-01
7.326899091640459716e-01
1.798582368657250172e-02
-1.956964302911621267e+00
-7.059330823341308792e-01
-1.115745077115241346e-01
2.466085953135005726e-01
5.176473456934481687e-01
8.192051427959509136e-01
7.619154325528221250e-01
9.322699247423580360e-01
-1.450710027191264850e-01
-1.140075710719955282e+00
-2.140281331633183404e-01
3.475802710940776308e-01
6.676069989343318412e-01
7.446280629471578871e-01
9.428069384088655358e-02
5.211533682315515614e-01
2.699050480030203425e-01
-3.365245267802676743e-01
-1.875432718112416408e+00
-8.334073385704654502e-01
-2.532134621538353891e-01
-1.816892556188310498e-02
2.671424514695359131e-01
7.624998257035864313e-01
8.262433426033735095e-01
1.000436241971932816e+00
3.732438319111390235e-01
-2.159811346016760059e+00
-8.884897180124573524e-01
-2.631316644751420797e-01
9.928784031436349578e-02
3.901243545525140410e-01
5.876569414061334484e-01
4.854786121520766606e-01
5.280908555134142812e-01
-4.798594661470020339e-01
-8.696110817229504297e-01
-8.384951813628385708e-02
4.376795188637119804e-01
5.213645542811490285e-01
8.012875565674739686e-01
9.827232325703187943e-01
8.452683767232558321e-01
9.429636016973241830e-01
3.551044385992179753e-01
-1.082775828565451182e+00
-1.493226458481295149e-01
4.010767189004259548e-01
7.348936651781444729e-01
8.469473816217680806e-01
3.002737076307967490e-01
6.621056234194853118e-01
3.597435611836244940e-01
-2.868845844976354864e-01
-1.296114177763190378e+00
-3.216368966077627900e-01
2.295979097292146776e-01
6.055634845677311251e-01
7.644530760996000041e-01
3.089200306528733786e-01
6.258323207614462369e-01
3.125021803061462933e-01
-3.750204748637245844e-01
-1.464232428176123646e+00
-4.228384206710589788e-01
1.431765584525364621e-01
4.863744287828692392e-01
7.432862159529655122e-01
5.241673188782129955e-01
5.639239673233127359e-01
5.458239964756790297e-01
-1.090008545497590242e-01
-1.027619531594122781e+00
-7.899825324740246402e-02
4.585827152153662545e-01
8.016286937362661069e-01
9.368062527058387268e-01
3.324698468626747228e-01
6.704879316557442737e-01
5.262627922311979844e-01
-9.650842583536969888e-02
-9.674132216668556161e-01
-2.546782576326142924e-02
5.072244078728342931e-01
8.458511302450992808e-01
9.805549799764960994e-01
3.886624447550696693e-01
6.734312758184211045e-01
4.872076968863722768e-01
-5.672438227261256821e-03
-2.555933660750895342e+00
-1.428901661186537275e+00
-7.571563960085676559e-01
-4.679740348318091603e-01
-1.225829238135539151e-01
3.484998027995951930e-01
4.694012216601236576e-01
6.891589357283730566e-01
-1.430591167359913408e-02
-1.111032257255562872e+00
-1.851421759286461799e-01
3.711203481976755869e-01
6.954171952013754598e-01
7.837360671604107765e-01
2.254743637242352383e-01
6.116750796134974300e-01
3.341845115296596114e-01
-2.460812699573695916e-01
-1.703336071247787187e+00
-5.458244097618536461e-01
5.443692932076857338e-02
3.208038122721212915e-01
6.445370204849557583e-01
8.246408948463554989e-01
6.458710249993335761e-01
9.574907467208179090e-01
2.631408479953991630e-01
-1.186332237202832429e+00
-3.822317174625834424e-01
1.419998295000273469e-01
3.048302540299384078e-01
6.091606338078014993e-01
9.677929048930511424e-01
9.953574833787508513e-01
1.133797722252197548e+00
3.761186106322594314e-01
-1.614721080184023716e+00
-8.019114827939051171e-01
-2.000752845328798712e-01
7.829465741544475860e-03
3.278086461247705641e-01
7.578847858922911351e-01
8.996869280279907732e-01
1.025874981084468507e+00
3.431637320448544526e-01
-2.064792581492096435e+00
-9.479307640541425606e-01
-3.558875611154265761e-01
-3.668311222686329587e-02
2.305850572441404678e-01
7.601754243295415492e-01
9.308578606308055559e-01
1.073893615780729505e+00
3.769163940260705781e-01
-2.116250550660391916e+00
-1.083661807717044789e+00
-4.439391759610170074e-01
-2.199183049777757859e-01
1.174720819933926796e-01
5.699549988069178008e-01
7.582045992804093970e-01
9.197457461403077961e-01
5.264288852918704853e-01
-1.091872721380265476e+00
-1.593848505621051626e-01
3.920244038771216744e-01
7.241366284419171739e-01
8.311650587142829227e-01
2.791699776798710619e-01
6.570876749729069877e-01
4.485228682473736961e-01
-1.059719369377635639e-01
-1.079035351076475635e+00
-1.528705836528412576e-01
3.991824665425818819e-01
7.251875416338610103e-01
8.211303846753021940e-01
2.104149556981629865e-01
5.341381342485267414e-01
4.004383692951414275e-01
2.038282586710938316e-01
-1.975833771996406973e+00
-9.911869658311148745e-01
-3.545623818123596616e-01
-1.548284030621664975e-01
1.821085869161287729e-01
5.879801634647910946e-01
7.603843841781297019e-01
9.351586831368146058e-01
6.482639349156963382e-01
-1.360481492031987649e+00
-3.689513666775540712e-01
1.854926261028186918e-01
5.655959470291497260e-01
7.500556973004370853e-01
3.430499260606691414e-01
6.461946640061946301e-01
5.265302175875387070e-01
4.719833111307829808e-03
-9.591925716322263762e-01
-2.916231399329657567e-02
5.058132007488228554e-01
8.463836912185429551e-01
9.833993411692735220e-01
4.509102689326430768e-01
7.981738127153370499e-01
6.853950009459384152e-01
1.542793099581588612e-01
-1.010774649395710600e+00
-6.876282745716963407e-02
4.722445119851022555e-01
8.094301964455510312e-01
9.376172317418797197e-01
3.753754008746127968e-01
6.773266689413020014e-01
6.064400014330673105e-01
4.649818145005036873e-01
-2.044668193324401528e+00
-8.430189104903211827e-01
-2.478759544214801658e-01
1.316883281188134802e-01
3.115479126908516361e-01
8.886984963197980258e-01
1.047094960454805657e+00
1.200707214961256319e+00
5.170938832503254590e-01
-1.400934856119349758e+00
-5.155343686530616809e-01
4.757694328901913849e-02
2.635850549403329079e-01
5.497042186052563117e-01
9.094597344442511000e-01
9.398442453210674730e-01
1.104029356542072682e+00
5.670942097085771572e-01
-2.217288435219582521e+00
-9.146777775285691581e-01
-3.087638210480013190e-01
8.133296092630766527e-02
3.281452489429301234e-01
6.261643426804571755e-01
7.039039420685069270e-01
9.251758729814645310e-01
8.369342453559640571e-01
-2.345717671435758600e+00
-1.291537565302109281e+00
-6.023556031665701083e-01
-3.205740523991365554e-01
6.829334637239859243e-03
4.686618641637629312e-01
6.772485985103546824e-01
8.641779574868546643e-01
4.552061974480400841e-01
-2.748316549407527454e+00
-2.033773054787393342e+00
-1.626751965687725177e+00
-1.034084218135440159e+00
-1.005050224365699352e+00
-8.909926664313384537e-01
-1.323559376634835492e-02
3.838043994642631462e-01
3.035813760575549747e-01
-1.319855910984874203e+00
-4.155464408340373006e-01
1.708059379984482595e-01
4.868456691781970491e-01
5.126109719224738459e-01
-1.505802100034433957e-03
4.355926143984945043e-01
5.901293017492623694e-01
6.193346734737128489e-01
-6.406031805770749932e-01
1.069215366511344356e-01
5.815769971890910606e-01
7.361865686661601682e-01
9.662144212617428396e-01
1.178795600569296997e+00
1.025601938826209203e+00
1.160846897156699198e+00
7.081841409091990114e-01
-2.346390985289168896e+00
-1.046162190327547536e+00
-3.918169228764489254e-01
3.129458481704047723e-02
1.727963982800024556e-01
6.719259995235677962e-01
6.017054188825866623e-01
8.803340167692979001e-01
2.305124074133632073e-01
-3.320006225822412116e+00
-2.001194114491470000e+00
-1.500930424896062432e+00
-1.114550778006158760e+00
-6.439856711500945297e-01
-6.267111196163601683e-01
4.383872532521253251e-02
4.367124827223096140e-01
3.315485811140022054e-01
-1.243540399059743340e+00
-3.377098693735376411e-01
2.363603836796779323e-01
5.561678292091815079e-01
6.004246407517197515e-01
-1.016314653939548590e-01
3.432966230458862067e-01
4.309919109574958385e-01
2.410391192412301986e-01
-2.436255558021219514e+00
-1.552692982356776552e+00
-8.538649907333969447e-01
-5.635492409031553906e-01
-2.048968016534052639e-01
2.748801379864574956e-01
3.501704997195130842e-01
6.867885798812241038e-01
1.803874528611396355e-01
-3.104562343960564519e+00
-1.985069696295314490e+00
-1.213797190657202041e+00
-7.840159899467340487e-01
-4.821906020963023787e-01
2.021379456389368612e-01
7.324168001333996036e-01
9.479702678161521234e-01
8.974943314626161461e-01
-1.880533127408668737e+00
-6.508238273406795615e-01
-5.603449847038789733e-02
2.835297341231912127e-01
5.685388201643976069e-01
8.686782771018985994e-01
8.691109492053694652e-01
1.066228576145057394e+00
3.532716507727873267e-01
-2.114130379089690592e+00
-8.182236851710608105e-01
-2.445173262270323444e-01
1.673700119613008575e-01
3.043789417585607837e-01
8.343963625505482762e-01
9.659158431686964974e-01
1.118319667878442170e+00
9.349033407001982043e-01
-8.154531436653066345e-01
-4.204571186914487363e-02
4.509875728725309951e-01
6.141876785247317727e-01
8.635745247550130621e-01
1.106943357687941720e+00
1.003999920707163040e+00
1.152941108093070932e+00
6.815915292919511037e-01
-1.605198043347970227e+00
-7.889849036569713814e-01
-1.781364278166093218e-01
1.377582690647352059e-01
7.232852506820058869e-02
-4.738093502130817924e-01
1.633178428101244306e-01
3.346148678426982825e-01
1.586016483930426657e-01
-1.627920719724254672e+00
-4.810216664940745734e-01
1.163379668393133420e-01
3.678705923173421488e-01
6.955995076600026694e-01
9.134906524004153816e-01
1.007630259491361757e+00
1.166462702582058863e+00
9.484840342203434416e-01
-1.249031727776649392e+00
-4.209157564691484166e-01
1.194076821238072017e-01
3.254362224478466459e-01
6.170601722754067708e-01
1.004854922867519429e+00
1.060124189075732914e+00
1.209769690403522446e+00
5.800991172831542197e-01
-1.672263308683967109e+00
-6.312531130941810842e-01
-9.552642870401878428e-02
1.922320304537074864e-01
3.953484733921083238e-01
9.640843819468455367e-01
1.140092426604135678e+00
1.227967815554491082e+00
9.970171467891562056e-01
-1.561117967885771618e+00
-7.071336041771136838e-01
-1.377577164340159366e-01
8.607350455081240470e-02
3.989798834070736877e-01
8.266364762812183908e-01
9.586300327558386902e-01
1.107592049592059036e+00
5.437423360717914544e-01
-2.546576871388183338e+00
-2.024120749008834430e+00
-1.429450564904648946e+00
-1.076978001716065059e+00
-1.180753496879305198e+00
-1.209690829016775160e+00
-1.894746286022075399e-01
2.792472295252548808e-01
6.119335412100048582e-02
-1.007564240330702798e+00
-5.445004936702285692e-02
4.785868060637283317e-01
8.302679752049393347e-01
9.870541828677399376e-01
4.124387941101481658e-01
6.798043514200826642e-01
7.371902743781331147e-01
4.207436392325466512e-01
-2.319300738126135020e+00
-1.681870698751193549e+00
-1.094130647815087620e+00
-7.375666320105690454e-01
-8.415393366698117328e-01
-9.871217011975347289e-01
-5.096832418415063459e-02
3.224361739960204254e-01
1.617087697099675592e-01
-1.032644902173365908e+00
-9.321543487655971350e-02
4.508033135084059673e-01
7.851223748044540152e-01
9.047163634749452177e-01
3.562612613664299932e-01
7.322710479834695363e-01
6.720028006241800522e-01
2.645883967144316840e-01
-2.709326726041207500e+00
-1.715082758310861433e+00
-9.134613055664869696e-01
-5.596006285321272200e-01
-3.172283299888805086e-01
2.890985453187213672e-01
7.692257737426889674e-01
9.868102312376292318e-01
9.459180420457844463e-01
-2.025830309799135254e+00
-8.534209377910846328e-01
-2.321536835886277295e-01
9.153589444115148299e-02
3.997962247247542344e-01
3.074486037307636033e-01
4.707369452677599431e-01
5.260209462907620148e-01
2.084828261134377969e-01
-1.083124389224330963e+00
-1.240353304768906928e-01
4.161713687156430308e-01
7.660061638131089312e-01
9.057165277206212783e-01
2.881205541666205794e-01
5.413646472251968378e-01
6.715885909514709429e-01
5.250333555780853922e-01
-2.154438373854159483e+00
-9.676512162769257408e-01
-3.423011362274093750e-01
-5.825822882366956008e-03
3.083544550805225049e-01
2.441781489805102678e-01
3.901714035011766279e-01
4.805165048584405518e-01
1.949536432407571740e-01
-2.339370559523108017e+00
-1.076597639146984031e+00
-4.409768390712405783e-01
-8.263129028588683811e-02
2.167146190136366724e-01
5.031113198166342615e-01
9.126605855597230699e-01
1.067862778340956442e+00
9.804093479089203145e-01
-1.499558067472614553e+00
-4.002070191991486392e-01
1.935310345847395808e-01
4.568924619665741260e-01
7.713680400626991007e-01
8.569464885869455539e-01
9.334618552767944832e-01
1.087322535826588554e+00
5.416111792192281893e-01
-1.232160099565378752e+00
-2.886981754487636387e-01
2.745606123751829220e-01
6.138965333811716718e-01
7.041507796489115956e-01
3.550607590400465252e-01
7.604623613877752319e-01
9.221947966410394271e-01
9.189178668213967560e-01
-3.019346679801089284e+00
-1.962411208307724086e+00
-1.541831196212313682e+00
-1.082696070576197434e+00
-7.361224265847450265e-01
-8.232671558420396885e-01
-1.270429201750601367e-01
3.438175945826346114e-01
1.630198178038895218e-01
-1.091464479250184638e+00
-1.491739517785061475e-01
3.977489561754786185e-01
7.333777319885987911e-01
8.478612961130428394e-01
4.333084222369724126e-01
8.068794350225430012e-01
9.338505775804144537e-01
9.200388381908715107e-01
-2.011749676675840703e+00
-7.629941746445331185e-01
-1.787062922259741171e-01
1.900301226518014697e-01
4.433613749598040998e-01
8.029896689304476531e-01
1.029761129610301307e+00
1.143851320781986036e+00
1.010103419814574188e+00
-2.010729197462418849e+00
-7.574102497622688945e-01
-1.489129840065075983e-01
2.109465134735021008e-01
4.871921896907925320e-01
7.718657850232807371e-01
7.390070108061221887e-01
9.358780906926060794e-01
3.584790556501847303e-01
-2.040759535437007610e+00
-7.233654402843756603e-01
-1.473967403263777565e-01
2.573678694744833684e-01
4.746295242492533095e-01
8.947919732311327978e-01
9.368903526229002132e-01
1.151737789980657567e+00
4.963501797632084434e-01
-1.324443100110581195e+00
-4.258014856183305330e-01
1.583971224920218968e-01
4.816411056820303349e-01
5.125870716044939046e-01
-2.564967330726615133e-02
4.510229675980728103e-01
4.677562171621956755e-01
1.954634982837720469e-01
-1.066859921722127291e+00
-1.161304706634095490e-01
4.228696002308489077e-01
7.793784364106398632e-01
9.332983876047229455e-01
4.626848941673354365e-01
7.741883447227796422e-01
8.896893253847372174e-01
8.830730332798167881e-01
-1.055592190741158287e+00
-1.156099578835909220e-01
4.301233692531206687e-01
7.624693856878679288e-01
8.744585101214490397e-01
3.194980527596272268e-01
7.073545114401027512e-01
6.663562047784825637e-01
2.950093826676362108e-01
-3.430236627114303882e+00
-2.307853222958363926e+00
-1.532163500028365322e+00
-1.124780152878756212e+00
-8.095533606784045544e-01
-2.761761827041893658e-01
1.166294547952910210e-01
5.516766102337981037e-01
5.142689369293170776e-01
-8.339541479588081785e-01
-6.137698709636179445e-02
4.486545888891494416e-01
5.626128354720422164e-01
8.330364501373986874e-01
1.067047247029217827e+00
1.187424863123627050e+00
1.277873551940386321e+00
1.067075402929803740e+00
-1.109282337157577070e+00
-1.833184017539914168e-01
3.724572030863262939e-01
6.978157848583043110e-01
7.872933624869784541e-01
2.106558546664801801e-01
6.299250849690342102e-01
6.144244239045539846e-01
2.957338808106275141e-01
-2.715704236522044290e+00
-1.995361492432079276e+00
-1.580597238827371909e+00
-9.925039275560795238e-01
-9.706573872111652346e-01
-9.984724776857051287e-01
-7.767361063152695977e-02
3.931192345830277213e-01
2.085422838752850616e-01
-1.979314988824478538e+00
-7.009815000990257117e-01
-1.357286122179238164e-01
2.486762953291740685e-01
4.823567648317886869e-01
8.715881791613464546e-01
9.440821830890365751e-01
1.161672466635435441e+00
6.529792581789288786e-01
-1.564759594214109484e+00
-6.023908145342026232e-01
-2.729090134656758648e-02
3.677987306937125500e-01
4.761993818523853061e-01
5.351475085029762102e-01
9.659335881553909875e-01
1.110410907209516740e+00
1.036415030026165196e+00
-1.213733827040211821e+00
-2.160790813708799996e-01
3.265361139663059964e-01
7.018020467057189959e-01
9.311361564297695459e-01
6.767451872582632699e-01
8.942853024915068394e-01
9.065485382989650898e-01
4.285473024757061600e-01
-2.048716994383159129e+00
-1.204166668372823379e+00
-4.594435613514761263e-01
-1.531677319004471349e-01
1.518704558853320730e-01
6.740543307491099201e-01
1.140232487848770848e+00
1.210309976992730574e+00
1.104333618788013283e+00
-1.995069281131095718e+00
-1.091563982777355779e+00
-4.434776491070066551e-01
-1.903761249570558034e-01
1.497726105396522678e-01
6.207521476302545471e-01
8.329674138648488491e-01
1.003913112607333291e+00
5.390547922893101918e-01
-1.487421493542347761e+00
-6.590866608529463155e-01
-8.116783452912630648e-02
1.285673574567458566e-01
4.375289621705959475e-01
8.465033437263377314e-01
9.673264964435803748e-01
1.123180563527255593e+00
6.001824770893067207e-01
-1.142158551889885576e+00
-2.104625167486688098e-01
3.471737366100334787e-01
6.727614231638548992e-01
7.603621015347571399e-01
5.294353238663057626e-01
9.553040250671278599e-01
1.087398831743539240e+00
1.036660104063278354e+00
-2.983517947785667701e+00
-1.582998703285924957e+00
-6.604600995205135439e-01
-3.543594521770300765e-01
-1.467120667802547518e-01
6.989172655467884576e-01
1.117064208786125779e+00
1.199701191080223106e+00
1.098531806281195067e+00
-2.022007032309844909e+00
-7.788461122599042996e-01
-1.953534214244494471e-01
1.761992434698402554e-01
4.331993219384004945e-01
7.400317031998893125e-01
7.592767585575542766e-01
1.023654478930312361e+00
6.840574329462180136e-01
-1.457848541655462071e+00
-3.890875824097474456e-01
1.939490646794173878e-01
4.838094851968169352e-01
7.788315702326136236e-01
8.740525365134512725e-01
1.153424509123399444e+00
1.233693909500876984e+00
1.088422512699826372e+00
-2.448834885268226458e+00
-1.011454142439698778e+00
-3.833473637513294396e-01
4.759946843193085808e-02
2.377538224274391432e-01
6.320292163402785324e-01
5.460536917120585310e-01
7.984885159049759373e-01
3.760521917595516239e-01
-1.504942191048753264e+00
-6.520050067668767824e-01
-4.602707857245194600e-02
2.695388994719160047e-01
2.553048104248890615e-01
4.404388647941637203e-01
8.875521856015733402e-01
1.077148474892960950e+00
1.037158009770352329e+00
-1.494750765812714821e+00
-4.118630498647127269e-01
1.769175656964040999e-01
4.618867570600817540e-01
7.602785279978609978e-01
7.480685638844009056e-01
8.324302112211453553e-01
9.907957415776187382e-01
5.931550474354717606e-01
-1.754823160933139059e+00
-5.646841722118399742e-01
4.128672562723453149e-02
3.054540269611076830e-01
6.334447477578432073e-01
8.470007106978050260e-01
1.099172005077251102e+00
1.212989713986868612e+00
1.078108659553886461e+00
-3.693380081330501774e+00
-2.212109683358614021e+00
-1.462400482257235845e+00
-1.046125108091493505e+00
-7.725561232915328924e-01
-2.867674961650955034e-01
-7.875992805635424754e-02
4.074722459668695951e-01
2.994175902120452815e-01
-2.524930664193856700e+00
-1.537359793981881273e+00
-8.392539168014044870e-01
-5.489549473858833517e-01
-1.875241662582115554e-01
2.938885381042379841e-01
3.818349206950933383e-01
7.451597498737850822e-01
3.758300902824221468e-01
-1.523937538527889712e+00
-6.448843574520096711e-01
-4.174567402479695266e-02
1.650845855630840575e-01
4.698554802104275563e-01
8.994928307232367137e-01
1.240345368687337579e+00
1.285529640703171994e+00
1.143055375289246278e+00
-1.331773592029779740e+00
-3.126639022887259811e-01
2.519121188909230757e-01
5.669143178410072093e-01
8.427561662531328768e-01
7.841142678368110408e-01
8.751379184706195025e-01
1.046364015402182712e+00
6.521946784832368671e-01
-1.009698598643160361e+00
-6.367230783202018629e-02
4.721315008767318355e-01
8.149671271249143700e-01
9.517304707279160558e-01
4.190248180218849039e-01
7.774339345782954602e-01
7.646208160233376461e-01
4.120595005581847436e-01
-1.758198584987090030e+00
-6.085273733468289370e-01
2.489158520453036539e-05
2.827252941383762708e-01
5.973898252781932872e-01
6.135701055100286627e-01
8.436905588320552374e-01
1.082311008427258470e+00
1.049321437674393787e+00
-8.343386371193580731e-01
-4.551622671102168588e-02
4.715326302136464975e-01
5.755006503242262594e-01
8.625412280326711922e-01
1.116469531993018904e+00
1.314175095510574653e+00
1.331099715889532131e+00
1.164286784139846542e+00
-8.590694701811469880e-01
-5.856283511396655206e-02
4.277350505942534298e-01
6.030896991968052179e-01
8.642608924037733509e-01
1.136946796845708541e+00
1.071029694841666657e+00
1.231116363520712076e+00
8.045467968453983154e-01
-3.184233949249181794e+00
-2.007393184741211645e+00
-1.264755934325679121e+00
-8.928709466077149326e-01
-5.549459657981011818e-01
-5.638355209240443477e-02
2.000352939399077934e-01
6.354018535885234131e-01
5.962373727679451951e-01
-3.492400484224693624e+00
-2.178527614624909958e+00
-1.435429944202938346e+00
-1.009908581244680859e+00
-7.231933109447260533e-01
-2.427349420263699986e-01
-6.231767605985424896e-02
4.261036445525577254e-01
3.243944772879089333e-01
-2.116211271227989688e+00
-1.200709403057886426e+00
-4.286539880201151731e-01
-1.102137051265646844e-01
1.816501780986134740e-01
7.126497437027249360e-01
1.157983726268231317e+00
1.237889409262003193e+00
1.143723929541989204e+00
-1.389511075423102593e+00
-4.880510416903651727e-01
7.596307649039850396e-02
2.704106636862126933e-01
5.567409909415641511e-01
9.987432249208276769e-01
1.286662501045973350e+00
1.311530956731683739e+00
1.160384991831225676e+00
-1.058665371814053735e+00
-2.570089608755313781e-01
2.728332200297465815e-01
4.283273890825287089e-01
7.031443614159784694e-01
9.927321762104270864e-01
1.128723807709402172e+00
1.298866116453327724e+00
1.114106103515148272e+00
-2.625463976072578198e+00
-1.687151933084463318e+00
-9.156817814862651117e-01
-5.431805751121659975e-01
-2.816100556043060199e-01
3.161065311143649859e-01
8.211696509586183801e-01
1.064484607712080422e+00
1.051242945274219576e+00
-1.116509071548512644e+00
-1.920698696071101719e-01
3.635995199548434642e-01
6.903540702836681309e-01
7.796121509099167568e-01
1.383662581566125482e-01
5.451344745692816574e-01
6.430852029790616875e-01
4.651007999371416513e-01
-1.531530514659259712e+00
-7.021386161150930949e-01
-7.870268217603630656e-02
1.366168760520630743e-01
4.378706252723128522e-01
8.918366408444308169e-01
1.272977568044716179e+00
1.277991758962993663e+00
1.167522966316059563e+00
-2.749380826267603606e+00
-1.531767333902240846e+00
-9.472030152649955070e-01
-5.597566141763966607e-01
-2.081053613425485893e-01
5.110924383311721275e-02
6.574764367448298064e-01
9.970587985615876336e-01
1.039726870059790809e+00
-1.018651642483090036e+00
-5.968166948872483807e-02
4.747107828747930691e-01
8.256424969834982308e-01
9.804461155663182215e-01
6.959838649337500849e-01
1.088292700251873191e+00
1.184083109133246436e+00
1.104545950400511289e+00
-1.552343573380092767e+00
-6.070030023126187224e-01
-7.236686493975470758e-02
2.210250343840892973e-01
4.195783461893961008e-01
9.965276741738434696e-01
1.305196856206277456e+00
1.279529048784762146e+00
1.174032572447399447e+00
-1.649152821988643325e+00
-5.426158384805944701e-01
5.133446303473359479e-02
3.650504865684275901e-01
6.553109051079537561e-01
5.576570942364222905e-01
7.185073699499219257e-01
7.731992033629743188e-01
4.232254626586643420e-01
-2.548620162744593909e+00
-1.986894769348795720e+00
-1.408318509420722453e+00
-1.031107099342307709e+00
-1.110365183471992090e+00
-8.342076477421481728e-01
1.062808922558581420e-01
5.400479198119477742e-01
5.005430694642694078e-01
-1.231530112112546371e+00
-3.300245238505578049e-01
2.457832505069516282e-01
5.593269138271644847e-01
6.007768464438960621e-01
4.504418539623717549e-02
5.201391595261749545e-01
5.755346145429618421e-01
3.514392548458326604e-01
-2.071766127570183080e+00
-8.503473592161644445e-01
-2.316640900844326723e-01
7.961861897875707750e-02
3.991163654397384963e-01
4.606269606992242638e-01
5.744795741004355971e-01
8.389040048304780006e-01
6.998298025784605025e-01
-3.469311444082555873e+00
-2.137383648562605654e+00
-1.540653021325812055e+00
-1.099010620544095707e+00
-7.301259593934142922e-01
-5.647501828397127888e-01
-4.749704271524352039e-02
4.452528033585069211e-01
3.738655361190582060e-01
-1.736721898591992552e+00
-1.007573279304465386e+00
-3.135061998137183559e-01
-2.843396289234895527e-02
2.644241688958473557e-01
7.745191676212243026e-01
1.252121341878343674e+00
1.266168599018319130e+00
1.180714991467192387e+00
-1.776812474193246061e+00
-9.413789872625751842e-01
-3.456530025001169903e-01
2.348551701478461193e-02
-2.741700887893511879e-02
-4.265305934292269452e-01
1.932627012316831538e-01
4.864748188916072080e-01
3.385862110482703025e-01
-1.790435338418828959e+00
-8.702008945132209128e-01
-2.076193868205619131e-01
5.686124746396887392e-02
3.491183007996988552e-01
8.299331768913854601e-01
1.234617511079901808e+00
1.313087745212231150e+00
1.183892749551850532e+00
-9.819268721394532884e-01
-3.283199099981978092e-02
5.006038349968011669e-01
8.422565773931598443e-01
9.804249039644897801e-01
4.170154426848001750e-01
7.597598913057977965e-01
7.982580938712567908e-01
5.188692709489283184e-01
-1.382032800328526045e+00
-4.905719579569291500e-01
9.991046841092371400e-02
4.225023066578781905e-01
4.285256274920033470e-01
-9.934207986953884351e-02
4.239760597901187644e-01
5.435120855098898307e-01
3.613242014073133612e-01
-2.012447950156738941e+00
-8.659091842930023430e-01
-2.742461699808390052e-01
1.068485628345476335e-01
2.928590582882358295e-01
8.621913142145372078e-01
1.030541291070534937e+00
1.205020598329025860e+00
7.052164850899571569e-01
-2.566535334723360151e+00
-1.307996836575495259e+00
-5.228275724591491258e-01
-2.453190244263412922e-01
2.890684565790153579e-02
5.972936368077949032e-01
1.035677503063992644e+00
1.201705124019249116e+00
1.141536820391418239e+00
-1.097510631552402804e+00
-2.843099976213147029e-01
2.759062099987481531e-01
4.262486790288952943e-01
7.067009109011619383e-01
1.034712258171133437e+00
1.307532701571925360e+00
1.345109470563923937e+00
1.205235053406568113e+00
-1.821828848929930800e+00
-6.387446645852031812e-01
-1.565031110558780594e-02
2.669922436209004601e-01
5.965323290638451237e-01
6.728062932608050994e-01
7.346284350731361323e-01
8.627262044107385508e-01
4.889366186949813953e-01
-2.058256330100365794e+00
-9.154512709213354915e-01
-3.308882587394392782e-01
1.235787776265311576e-02
2.502526609107828537e-01
7.868469756606049081e-01
1.003686776307011197e+00
1.204447315297612064e+00
9.156558647860848499e-01
-1.614369719486923316e+00
-6.805531395571343678e-01
-9.786887808802131883e-02
1.280598929888836501e-01
4.190941602978909275e-01
8.046853334340993147e-01
9.192612235336982129e-01
1.123215179888964466e+00
8.247345694906358382e-01
-1.344794350205532618e+00
-5.006107970534643403e-01
4.760447380700483233e-02
2.719278191064146699e-01
5.648943165274664668e-01
9.742950208133704937e-01
1.071897181739021931e+00
1.226861614570448289e+00
7.138027501797818974e-01
-2.495189322314568248e+00
-1.133521482244549627e+00
-4.803681327921149880e-01
-6.515620909184711984e-02
7.957779876594495150e-02
7.242674005404089455e-01
1.258920634851814491e+00
1.253025192220848405e+00
1.190576419411269349e+00
-2.130026143262203853e+00
-1.195198915400018880e+00
-5.466553359124118883e-01
-2.880901724801297470e-01
5.835852751062785282e-02
5.379464527789394879e-01
7.636902795745704742e-01
9.743353693568673757e-01
5.971992615698586970e-01
-1.628873905466843297e+00
-7.360608752326910365e-01
-1.117621313880791389e-01
1.423215187019701844e-01
4.210178714504428377e-01
8.717542387680842220e-01
1.233173672868657311e+00
1.347330813711579589e+00
1.201887467707831503e+00
-1.111465880088530866e+00
-1.323243128333847773e-01
4.051495045518547222e-01
7.785551576880365143e-01
9.743209597384357989e-01
7.561653081089360073e-01
1.124356361716848385e+00
1.241812098083876492e+00
1.151758646594462032e+00
-1.248292264199638124e+00
-3.380101659406303805e-01
2.390580572059166631e-01
5.532456242318488648e-01
5.935603932391396720e-01
-7.163070828173109805e-02
4.272457895557421614e-01
6.493557984770540470e-01
5.688921884595945500e-01
-2.530760021709371088e+00
-1.990306705385886277e+00
-1.399128906480050283e+00
-1.038363468195334649e+00
-1.135583632347047400e+00
-1.044486817753801811e+00
8.538737446192176325e-03
4.889854591452497123e-01
3.716142426640887120e-01
-1.294594485306432396e+00
-2.960368314215712782e-01
2.498757286007344258e-01
6.284384742759926423e-01
8.440997219849483146e-01
5.449057505279694125e-01
8.035119806281800781e-01
8.378328676089658034e-01
5.440055122222942074e-01
-2.604766851265168270e+00
-1.095709919804298771e+00
-3.644116323493247211e-01
-1.048096188746316798e-01
1.432436714498260266e-01
7.186974375482665378e-01
1.137043705590108589e+00
1.259108884679024598e+00
1.206302388050608521e+00
-2.075173141454941028e+00
-1.201296352526286748e+00
-5.497923593318628788e-01
-2.918942304796333653e-01
5.572336462406689284e-02
5.307770720161563149e-01
7.680935632966663373e-01
9.761860021315453828e-01
6.442666928262243964e-01
-1.820456636203138023e+00
-7.154748113534959986e-01
-1.197787567500610828e-01
2.192260215178755967e-01
4.868307915483149340e-01
8.029114939714385724e-01
1.271477526838745264e+00
1.309515406519971670e+00
1.222149652541949516e+00
-1.111153044759434882e+00
-1.738536842468781096e-01
3.759693765980568481e-01
7.117612649752012022e-01
8.242567747355437069e-01
7.613299855184079146e-01
1.193545146482013486e+00
1.270363271675964967e+00
1.215738631516325885e+00
-1.413683116963341035e+00
-5.707720065121746345e-01
-1.194623182852777750e-02
2.023120354424775835e-01
5.024190659356542188e-01
9.138033344286699000e-01
1.029340545502758220e+00
1.190340944368224685e+00
7.303947302461157864e-01
-2.098837102625267903e+00
-7.689202821995347881e-01
-1.859982971460560075e-01
2.354931016126932120e-01
3.963031034202145753e-01
9.188648789701309161e-01
1.027740760621545180e+00
1.231214346926167824e+00
7.271064529632901285e-01
-1.039059901305329436e+00
-1.023170327074527236e-01
4.401805633471884693e-01
7.737796867946951096e-01
8.907461181747706735e-01
2.470990065302673955e-01
5.892481387780161839e-01
8.185352378425470032e-01
7.419859653067857330e-01
-1.544955641717391748e+00
-6.831833402509726039e-01
-8.050578103716531098e-02
2.486170156151732424e-01
2.131046708947206270e-01
-2.578517676611137843e-01
3.238189136731459694e-01
5.508034775032027985e-01
4.219561157095879089e-01
-3.515560137709820676e+00
-2.237598709619434079e+00
-1.457424970784246154e+00
-1.058785549692801586e+00
-7.350971614637724638e-01
-2.343281616805888978e-01
3.233765832918260308e-02
5.262404490943869417e-01
4.852095794560551956e-01
-2.687473892373182682e+00
-1.649741781631789195e+00
-9.280507131814063060e-01
-6.357917614067634116e-01
-2.701610349385106802e-01
2.079899748606487409e-01
2.841474592180250891e-01
7.128045746784212877e-01
5.105124052855836148e-01
-2.274034583286493660e+00
-1.164563073826605510e+00
-3.890971898312802213e-01
-1.147645077547157499e-01
1.391845807756666720e-01
7.323803682302670870e-01
1.150900751876570371e+00
1.274626732223016257e+00
1.211026646468791990e+00
-2.519051953051553383e+00
-1.363832289855686275e+00
-6.842977024048724211e-01
-4.035558116633102266e-01
-4.476758575247384575e-02
4.353319426431323524e-01
6.447824692649438694e-01
9.221372642046309354e-01
6.544424071040932933e-01
-2.288610975220175092e+00
-9.971192509805845150e-01
-3.781050800254713851e-01
4.059187952595628979e-02
1.820953567456160549e-01
7.965359086060902483e-01
1.306201028319993851e+00
1.262258117421313885e+00
1.226130008892577283e+00
-2.057603163187088580e+00
-1.109848965492343575e+00
-3.390576321965673712e-01
-1.763915819153627149e-02
2.751832100669616699e-01
8.080455111453246353e-01
1.242299118161838578e+00
1.325303356387306453e+00
1.240460285125329687e+00
-1.462864718272532283e+00
-5.817444822408520677e-01
1.665610135100747263e-02
3.444300238461588393e-01
3.672840354013887643e-01
7.001401188650097085e-01
1.131371072075038287e+00
1.277361767857724928e+00
1.203870176041327955e+00
-2.789507419472377681e+00
-2.062685762495567232e+00
-1.666997377735929931e+00
-1.069186304064528636e+00
-1.033367607203860006e+00
-8.973337203127003114e-01
9.029630434066998612e-02
5.650631308694824551e-01
4.869291006424353863e-01
-1.050637197471609108e+00
-1.050406283881300529e-01
4.378841639784187834e-01
7.760674122470446745e-01
9.021223026840698989e-01
7.453873494021124868e-01
1.169012775194478326e+00
1.285710258627398517e+00
1.204573538633889385e+00
-2.203891930553470324e+00
-1.008041713332354483e+00
-3.850584177239265715e-01
-5.265850435044538286e-02
2.643843824710089829e-01
2.168424347603887803e-01
5.194483853375215787e-01
8.328694016838513736e-01
7.772647555869613978e-01
-1.998011485178838864e+00
-7.974885013593817629e-01
-1.802582728402248868e-01
1.297490131513764633e-01
4.489084187966292383e-01
5.563391529413758141e-01
6.791961795546205272e-01
9.631834037524338310e-01
8.450173848873629989e-01
-2.192252772091801472e+00
-8.298464085919226019e-01
-2.354520080301017171e-01
1.891509864615884828e-01
3.565532060653398561e-01
8.380763194411567918e-01
8.959203850809706049e-01
1.139053049983141275e+00
6.939915648988871366e-01
-3.186486101130277859e+00
-1.969178580364697728e+00
-1.204914019433941830e+00
-8.206639181915703629e-01
-4.520014834565423412e-01
1.183185662379607761e-01
6.220248647806004838e-01
1.056285928453433165e+00
1.122810484452011481e+00
-1.468261040693653818e+00
-3.812792952247053280e-01
2.090114655361106077e-01
4.983435302256432053e-01
7.988598200635010915e-01
8.229570035812854290e-01
9.380880263414772546e-01
1.062342486430644328e+00
6.559708423195607097e-01
-2.735806187424132396e+00
-1.238839973273239359e+00
-2.688117729385213761e-01
-4.074469848811568262e-02
1.653128086496696014e-01
8.896631419854419409e-01
1.272697197007293557e+00
1.312664183577546329e+00
1.242736875457302714e+00
-2.384996348773729569e+00
-1.091627547211033056e+00
-4.519863234817033670e-01
-9.284761436778048160e-02
2.242755272070173778e-01
2.945640821768291118e-01
4.145057082103045243e-01
6.489073220478501769e-01
5.398820600533723590e-01
-1.008250626614277667e+00
-6.778294970689405230e-02
4.722648092141003562e-01
8.064737000951870405e-01
9.309336334167488403e-01
3.545546184333993600e-01
7.269150714399887914e-01
8.009337698219904933e-01
5.949890387791730850e-01
-1.547181440710542866e+00
-6.928090069687881103e-01
-8.782420217530535755e-02
2.410253268411656491e-01
2.026863231227598316e-01
-3.275566934281872733e-01
3.285067871523509320e-01
6.138855994231614543e-01
5.571496246835611066e-01
-1.410096136522911880e+00
-3.844895896756896359e-01
1.736852539678266916e-01
5.259068379135627413e-01
7.746684610782113012e-01
5.647900349020855693e-01
7.536869116662796575e-01
9.505697690906871333e-01
7.838267718655527183e-01
-1.927063970867950671e+00
-6.427870817689949057e-01
-9.123766807825511860e-02
2.909487687706124315e-01
5.151575996450709072e-01
9.835702493160912718e-01
1.210959221736327640e+00
1.365135089600181928e+00
1.221697338719263559e+00
-2.401283146195257956e+00
-1.773987467770483217e+00
-1.198967701501901129e+00
-8.104389971613009669e-01
-8.980134811683323504e-01
-8.200857484151425902e-01
1.529794466725438729e-01
5.891480911156311562e-01
5.447861875580825020e-01
-1.280256162524063379e+00
-3.669682422697513324e-01
2.145863910179049150e-01
5.331228073316631733e-01
5.728305065741110536e-01
-6.401555689248726588e-02
4.706098081071780626e-01
8.124572963216157850e-01
8.018224178052898443e-01
-1.571145760102824251e+00
-1.036878950074460182e+00
-2.466693095442865358e-01
2.506672261663115547e-02
3.110569413715403853e-01
8.536468583199969817e-01
1.299528800686555963e+00
1.313591844906562667e+00
1.235945549948679334e+00
-1.568679156256294505e+00
-4.424376432870322229e-01
1.646119500647741096e-01
4.252860296791581285e-01
7.460750136974763080e-01
8.572731679430110052e-01
9.479577648846454485e-01
1.110359735263322545e+00
7.208595251220100142e-01
-1.076548927403320421e+00
-2.683617167280554772e-01
2.876059568304432101e-01
4.464065715576105431e-01
7.319337452930675392e-01
1.093136482135162124e+00
1.395825474286386259e+00
1.384387029690426374e+00
1.269146987974268503e+00
-1.116656307936824355e+00
-2.877742916173564036e-01
2.306178155747239944e-01
4.187776158642877999e-01
6.940072840107761598e-01
1.009140492896846597e+00
1.034510005653897169e+00
1.235439227005171503e+00
9.561219625794176169e-01
-1.626363024648995070e+00
-7.329094246851797223e-01
-1.316545845040869855e-01
1.051195055871665396e-01
3.990002321943140751e-01
7.982729647453333799e-01
9.761903003203231677e-01
1.233282070190361512e+00
1.103552588835125414e+00
-1.057119879979783406e+00
-1.168909990101393293e-01
4.250850201346312862e-01
7.663645676618016100e-01
8.932788306531325162e-01
3.599281750067588326e-01
7.475590088301499181e-01
7.959697950375197451e-01
5.913336097966485072e-01
-1.970995324823461292e+00
-7.831707071313322999e-01
-2.044199545950931007e-01
1.520301520065862888e-01
3.694753949121775682e-01
9.239598015752582549e-01
1.102267734554086775e+00
1.263631677677538478e+00
8.441621278653020921e-01
-1.073302569801226403e+00
-1.038161917724653993e-01
4.300085695204485803e-01
7.990873433472929221e-01
9.806072784634238815e-01
5.472239050423820528e-01
8.578492242534012657e-01
9.006665257399657509e-01
6.498647332573899149e-01
-2.512635202298555193e+00
-1.940786213861813936e+00
-1.359199236385502552e+00
-9.853008522816818493e-01
-1.078852750874317534e+00
-9.567387684037140794e-01
9.206881944056356792e-02
5.739205922865677767e-01
5.084607075201489357e-01
-2.916987804547752638e+00
-1.889005610013915204e+00
-1.440508090493654469e+00
-9.776424015358760045e-01
-6.450512890413846456e-01
-6.659901629916200605e-01
1.428127884051582641e-01
6.139048429429747600e-01
5.883574804444282602e-01
-7.579424933533095432e-01
1.198663726294283208e-02
5.034943808053571335e-01
6.654235192565719492e-01
9.088344486114645626e-01
1.164641364798829404e+00
1.182571513462040480e+00
1.406703821285894218e+00
1.288257453444711764e+00
-9.765068584769267535e-01
-3.683564433180707559e-02
4.967594920840777140e-01
8.414243869446431656e-01
9.866007856193476089e-01
4.808553485711794528e-01
8.470838865674423790e-01
1.102671678231808006e+00
1.132712308608963658e+00
-1.667513142871538179e+00
-5.224999270157665299e-01
8.213950011827217401e-02
3.425226754462020740e-01
6.685145908789196234e-01
9.538538441394054379e-01
1.364288735250458462e+00
1.358710715582984951e+00
1.284103266391743992e+00
-9.894433569827969510e-01
-4.177302862407615558e-02
4.913818041845136042e-01
8.372750918004665532e-01
9.836192637374048253e-01
8.752904429712886625e-01
1.309928231524284836e+00
1.346940990763896950e+00
1.288325383340970465e+00
-1.749972031785421489e+00
-5.887748506820510430e-01
2.225395166457041357e-02
2.873776491149169221e-01
6.147940477904293433e-01
9.328811720939950147e-01
1.353182787624591432e+00
1.329125616746069882e+00
1.275363537783664070e+00
-2.275029225882863049e+00
-9.963424448507622877e-01
-3.759823650345227586e-01
3.783879483594177612e-02
1.815690203073845321e-01
7.237564676105081585e-01
9.012102743462281351e-01
1.198390127097004987e+00
1.019423317495651959e+00
-1.388444965253639918e+00
-5.430771208765745595e-01
9.260545364163820861e-03
2.173205542444857363e-01
5.206886244521579110e-01
9.216054527897853399e-01
1.030236972087618330e+00
1.202393917067088758e+00
8.217880455761354952e-01
-8.928772952832485510e-01
-9.872167223163060001e-02
4.018802479614616563e-01
5.822844982522207280e-01
8.440459141820493283e-01
1.132921018008701042e+00
1.111188863673783001e+00
1.287014129518130545e+00
9.751714719970346890e-01
-1.740767892541369433e+00
-5.777517409371529800e-01
-8.953515256851665369e-03
3.143704329097977146e-01
5.982257858776932613e-01
1.016547553616100386e+00
1.392261875450991004e+00
1.352418874113858305e+00
1.304136878409781986e+00
-1.552226035112806768e+00
-7.188690589813573339e-01
-1.373513221318343747e-01
7.083620896853351501e-02
3.832842285205881883e-01
8.012679118598067252e-01
9.574163723954168814e-01
1.137043705590108589e+00
8.076484555668413945e-01
-1.037728034139835387e+00
-7.781095102081650450e-02
4.598595919187468684e-01
8.157618710331275835e-01
9.740167675694537675e-01
4.426432164346727482e-01
7.627432431314804528e-01
9.365084933238421172e-01
8.184071472497405075e-01
-2.219327166299176923e+00
-1.419358157109469998e+00
-7.218650718782930742e-01
-4.314836040662367034e-01
-8.325125502028853097e-02
4.054812754391725060e-01
6.595862085779263806e-01
9.605510750665455788e-01
8.117138641948635769e-01
-1.438714745391130645e+00
-4.820856731577415899e-01
9.169324200658288126e-02
4.625043688021233668e-01
5.703518446389009844e-01
8.926252633554461191e-01
1.322355787596993348e+00
1.402401368179767793e+00
1.319449898881078997e+00
-9.415696562026423244e-01
-1.432349491430948973e-01
4.004223311515168748e-01
5.511140640922425060e-01
8.180412285401166272e-01
1.141915405735372868e+00
1.430974047878667221e+00
1.425001219385668483e+00
1.313066935548800274e+00
-1.031244578642970922e+00
-7.270239677472874196e-02
4.586850221557078888e-01
8.189517649412005884e-01
9.877434635372288607e-01
4.765955030102812517e-01
7.791813552686471800e-01
9.991359378200488361e-01
9.136522423851743957e-01
-2.788536974345262376e+00
-1.119000285796734051e+00
-1.422794740692291393e-01
8.145925576227462661e-02
2.294235633768942628e-01
9.789962989985055986e-01
1.356504433394038145e+00
1.375429215426275942e+00
1.305298245087662456e+00
-1.862470203349331888e+00
-6.309494078445214704e-01
-8.249376401035925233e-02
2.996260739985731059e-01
5.281814195132240597e-01
9.760613298957323547e-01
1.133853264182832277e+00
1.400130375708462660e+00
1.224966253286975171e+00
-1.478236115418205099e+00
-3.743541684489374299e-01
2.124968318460154493e-01
4.815102781655041242e-01
7.878312890665479795e-01
9.344686341819732345e-01
1.217117370818418198e+00
1.394001495263865298e+00
1.288519781498811856e+00
-1.768607315901776111e+00
-5.993416242143403405e-01
2.160930053808232318e-02
3.000518401861963502e-01
6.301023726011878434e-01
7.758019156372534253e-01
8.403463072724441929e-01
1.029221321435131564e+00
7.662524379991664247e-01
-1.206623630071017361e+00
-2.490983364577279979e-01
3.046817757818126582e-01
6.605092728901225119e-01
7.896408749767953594e-01
5.275971509593833098e-01
9.882256429326234937e-01
1.245271047635291728e+00
1.258303561679834814e+00
-3.261961684105588510e+00
-2.076011858107970287e+00
-1.350232624469264842e+00
-9.069833383395611293e-01
-6.381937309257779134e-01
-3.126957907161350692e-01
1.747476632824621623e-01
6.654223997661006251e-01
7.183837663104549742e-01
-2.304678563446855843e+00
-9.493447622738567793e-01
-3.252384614409515318e-01
8.761925251721247587e-02
3.150914591115043240e-01
6.542756117303144547e-01
6.425883407181858242e-01
9.145594738839849525e-01
7.445169414192055468e-01
-3.465938587607034105e+00
-2.109952318056129705e+00
-1.348024994975174806e+00
-9.379091688821262762e-01
-5.884870709441828440e-01
1.042726474873639092e-02
5.971628852508841234e-01
1.070483657127438093e+00
1.149184017298047866e+00
-2.633792172170484225e+00
-2.130224979206704283e+00
-1.542000956954587165e+00
-1.177838726248475076e+00
-1.220397007366649245e+00
-6.760015311981822927e-01
2.901293296954692291e-01
7.587397218486614525e-01
7.658144879766849433e-01
-1.163748356303044185e+00
-2.285713760111912629e-01
3.277273448529129940e-01
6.600201822104296845e-01
7.497565309497701280e-01
2.037416310336035707e-01
6.537627199111401000e-01
7.668563864890852733e-01
6.566650958379011138e-01
-1.543045245005250310e+00
-7.812261878679860327e-01
-1.586281521250284543e-01
1.489054825673721272e-01
3.871860086421382574e-01
9.604112259715372746e-01
1.425990254585123740e+00
1.395438577762016852e+00
1.339185586812488005e+00
-3.005199299003216584e+00
-1.925429682197395964e+00
-1.490176310731514242e+00
-1.038472808791335744e+00
-6.773505196645100979e-01
-6.528937202518192429e-01
1.906943583114205643e-01
6.738576865778937997e-01
6.910607000845541137e-01
-1.188360905191133243e+00
-2.600181113328434712e-01
3.038667706626898557e-01
6.259360087362678682e-01
6.967817107463133430e-01
1.443806171970013763e-01
6.175691100500189101e-01
7.471879203356642796e-01
6.486606510807509940e-01
-1.350672613626056284e+00
-3.951356322019423661e-01
1.727095917317788831e-01
5.338455664653103394e-01
6.363835493630730644e-01
1.258765772724598497e-01
6.000437558962787854e-01
7.685121537757254595e-01
7.071311024899004094e-01
-2.153793907832352694e+00
-1.188328229330729124e+00
-5.412067450577945360e-01
-2.688396319679492996e-01
7.567857946559770899e-02
5.598242779770120636e-01
7.995764728024903345e-01
1.040117747061942044e+00
8.196973854568913032e-01
-1.122085382589041558e+00
-1.753353344237476297e-01
3.736960151437440092e-01
7.203494978060116516e-01
8.494190211682464131e-01
6.264059826225562011e-01
1.077858404720426044e+00
1.296292643889108032e+00
1.279746783005471178e+00
-1.988978231177128020e+00
-8.584970735658588037e-01
-2.490777384122563054e-01
1.070716026561142897e-01
3.711960966850684218e-01
1.800597694224946310e-01
5.184000695722714713e-01
7.418916270381769040e-01
6.997113009310411691e-01
-2.189642101364747351e+00
-1.196528503081401240e+00
-5.241764259105279322e-01
-2.510021090105352681e-01
7.856017186344686765e-02
5.501462850264704496e-01
8.512894244057457316e-01
1.146609995947402538e+00
1.073406542363263716e+00
-1.990565318918278370e+00
-7.336277777980559911e-01
-1.702195070201819593e-01
2.451982668801480358e-01
4.106164204617739899e-01
9.842613689092591933e-01
1.301456700648670806e+00
1.456215134836595260e+00
1.319377726271907303e+00
-9.082760497951452017e-01
-1.249917497463861465e-01
3.838106186884591153e-01
5.600597688517033879e-01
8.080190558764687170e-01
1.095127048367543932e+00
1.220464900414509613e+00
1.451221672022133813e+00
1.348790427310368134e+00
-1.743757566430543138e+00
-9.261801613295448377e-01
-3.108098987682706982e-01
-5.839176896052627325e-02
2.625295533747225574e-01
7.287071624444447782e-01
9.397288484588475210e-01
1.128685295399951993e+00
8.598338317569836908e-01
-1.085663529985901654e+00
-1.563582620713460103e-01
3.968335706580395916e-01
7.249018310618520200e-01
8.254374088100336904e-01
2.668062969863634892e-01
6.963348601302589147e-01
8.072340375881033037e-01
6.886427549065945453e-01
-1.962857840612648230e+00
-8.872184807622743863e-01
-2.754476131054779398e-01
3.678998929018535702e-02
3.061510972549640330e-01
8.322048118970105657e-01
1.032727377294916815e+00
1.212032183381370087e+00
8.901061050612539827e-01
-1.704550586315544347e+00
-7.542438598190627230e-01
-9.865412018982198938e-02
1.935262448621422882e-01
4.795719424162498967e-01
9.829969316049436134e-01
1.402426807902670713e+00
1.471473338512233164e+00
1.363814158529210063e+00
-1.383805519314878607e+00
-4.877293251969128662e-01
1.009972024074690944e-01
4.298837076232365773e-01
4.475124474256704787e-01
-7.259075589830989161e-02
4.904402295280589907e-01
7.149004141238565202e-01
6.677567116218950938e-01
-1.456986485989837821e+00
-3.988329578768846084e-01
1.786705162573718475e-01
4.975177405731953106e-01
7.771827778073873150e-01
7.053254045091041924e-01
8.722479617793815754e-01
1.000517338311508020e+00
7.785709590322353879e-01
-2.255439905242826892e+00
-9.156146539244345295e-01
-3.095178412982304561e-01
9.821891540081940930e-02
3.097325091065610270e-01
8.897211166736445076e-01
1.402463422186086994e+00
1.364907591706144618e+00
1.322218634623566924e+00
-1.682458153160730330e+00
-8.056567229044232503e-01
-1.497043302433446743e-01
1.567938070434443665e-01
4.226883699305278297e-01
9.728854426999681282e-01
1.421260266464414501e+00
1.451079696508676076e+00
1.363464071695794866e+00
-2.465032155098721312e+00
-1.295960318363877262e+00
-6.395998402692657514e-01
-3.009754766321459107e-01
1.110848676686764305e-02
5.381414725750287564e-01
8.985205996492517944e-01
1.272123635988105628e+00
1.289652092972054298e+00
-1.233602457725059720e+00
-2.964865159538882522e-01
2.662248453975933349e-01
6.063706295688782166e-01
6.961729878339170119e-01
1.176657587903626040e-01
6.098902716588552320e-01
9.297869161644316538e-01
9.204813826039345281e-01
-1.205745111462880104e+00
-2.566369268826737549e-01
3.009177580507775840e-01
6.460338751589186357e-01
7.576180338538369696e-01
9.255830106289599790e-01
1.368962122979310303e+00
1.388129084697021565e+00
1.355500324576747628e+00
-1.427037129341710120e+00
-5.572714062501721299e-01
4.237962728819597708e-02
3.600476875523000442e-01
3.457882982364192670e-01
-1.321666565759484491e-01
5.388465433389393322e-01
9.450108733353358437e-01
9.691617708142703513e-01
-1.033605369053576251e+00
-9.119314640378164971e-02
4.508567956252161890e-01
7.860424440593912765e-01
9.083262881201310535e-01
5.743141050733988617e-01
1.024877634205075605e+00
1.267540931299182105e+00
1.280198663764881895e+00
-1.897804344929262754e+00
-1.129711538086221490e+00
-4.108022880321952064e-01
-6.220674130650806488e-02
1.479221342687568330e-01
8.641900956274608525e-01
1.399928852212038333e+00
1.400849248979947781e+00
1.333462526251972813e+00
-7.080279365893492605e-01
5.116865747547349325e-02
5.406277625573582268e-01
6.999633588096533243e-01
9.385323971923363873e-01
1.198939572250075525e+00
1.309251025462214280e+00
1.493253971401257818e+00
1.351106014283794288e+00
-1.707992020249243792e+00
-7.325771350720015063e-01
-1.524179555866304603e-01
2.564708395059389634e-01
3.955284838778993506e-01
9.586043217409807582e-01
1.394196057066222849e+00
1.411619107186220079e+00
1.351615298842754775e+00
-1.564726186291229171e+00
-7.000362336595190582e-01
-9.765035245298493705e-02
2.351154817730643221e-01
2.034847060602984481e-01
-2.403854471564892056e-02
6.570474712658334049e-01
1.065308771552531564e+00
1.128290056391223040e+00
-1.571494374907852487e+00
-7.382052498797734286e-01
-1.953560718564825369e-02
2.398729734324383800e-01
4.887328233275234912e-01
9.707493345769101500e-01
1.375857426006586337e+00
1.383231865997124110e+00
1.307316301470826225e+00
-1.400351961522272370e+00
-5.839904972120244508e-01
7.211277286489801985e-02
3.132660089169663209e-01
5.552606061755750444e-01
1.012455394632672201e+00
1.414761234158866676e+00
1.407612442758292781e+00
1.325781532972826859e+00
-2.668141699553941759e+00
-1.446045522828584451e+00
-6.573587843367840744e-01
-2.839699712157534583e-01
8.747550004960866557e-03
6.819399849932495927e-01
1.167916896111505620e+00
1.379761758323875265e+00
1.310626018788790814e+00
-1.109653495163177572e+00
-1.554602513938410646e-01
3.888645697952156643e-01
7.433654745031035294e-01
8.906640878805024419e-01
4.161979049134107989e-01
8.353329836216617510e-01
1.158105643973665222e+00
1.202745609262979132e+00
-1.395386923608394669e+00
-5.014503456581794749e-01
9.307984326631878191e-02
4.201206046517597104e-01
4.712416031644422465e-01
9.420115186861589551e-01
1.345356783112415355e+00
1.398217665972403490e+00
1.352094082071275460e+00
-1.209440632321221898e+00
-2.972603039353041710e-01
2.733755006911315899e-01
5.918596780514644440e-01
6.571542872991975592e-01
8.469857794395500017e-01
1.276559066563545786e+00
1.408173741092398235e+00
1.330785069317876435e+00
-2.778642585833762446e+00
-1.266758178905081245e+00
-3.405119179079138525e-01
-8.835600446557541343e-02
1.031450537876082429e-01
9.586118840155560816e-01
1.390562060383090159e+00
1.409267017823810253e+00
1.334359792612112683e+00
-1.218654325014307593e+00
-2.574115188147312328e-01
2.952452262061541766e-01
6.534070465347028289e-01
7.865259161886455352e-01
8.611086713729956266e-01
1.299101998500531208e+00
1.416160471281601385e+00
1.333825539499560620e+00
-3.375246226773459757e+00
-2.219343355194525635e+00
-1.446594261343215226e+00
-1.027357975653426347e+00
-7.062953253843282653e-01
-2.074743951166551359e-01
1.737073169264863326e-01
6.765133845365297605e-01
7.354956562022353372e-01
-2.324158913773781698e+00
-1.051798947474652302e+00
-4.325900952848507619e-01
-4.994767553451026632e-02
1.573529237430569272e-01
7.037318730929109645e-01
8.505687167716996511e-01
1.123754899625824644e+00
8.549961280096782801e-01
-1.369657100875589562e+00
-4.457987374350786958e-01
1.342050832179376985e-01
4.803311118710506533e-01
5.553554233696244014e-01
9.036701191043701176e-01
1.328440864665644927e+00
1.427810370840506993e+00
1.346500334296549584e+00
-1.272913185193928154e+00
-3.669332436558972454e-01
1.682134226522498388e-01
4.153476688667127048e-01
6.631053843866642206e-01
1.085494219065868959e+00
1.201841712643315851e+00
1.444151827308121083e+00
1.320860261379932510e+00
-1.357045546199951991e+00
-3.211580301893384171e-01
2.464662102504870667e-01
5.579663914745482955e-01
8.390985766006961999e-01
8.163882990934905326e-01
9.691500579855742981e-01
1.189411447492807916e+00
1.003932843759309801e+00
-2.576518934860939414e+00
-1.300963386738503980e+00
-6.012105378966471347e-01
-1.751478939912208821e-01
4.402651103665066595e-03
4.096103116272969968e-01
4.099260804462849239e-01
7.727356768868101078e-01
7.472981315115021506e-01
-2.446083059238972623e+00
-1.829436830292590965e+00
-1.254241875165587050e+00
-8.590449532097353957e-01
-9.031428261013829673e-01
-4.688645989103180645e-01
4.165258097468234055e-01
8.838108508013691189e-01
9.055117538964840840e-01
-2.467708812722823719e+00
-1.827713016171580440e+00
-1.283605353139035676e+00
-8.447366379371710199e-01
-9.146394663935263347e-01
-8.179258365230397398e-01
1.919016518824672168e-01
6.775640028540592663e-01
6.739303970077447081e-01
-2.657029918311425210e+00
-2.154036535953349318e+00
-1.566488558736973902e+00
-1.194347293002648636e+00
-1.221449620275546488e+00
-6.170738083746306613e-01
3.307879236943853662e-01
8.016654856795150108e-01
8.187261154754617021e-01
-1.506553675744625398e+00
-4.218209340998879120e-01
1.631443203442655976e-01
4.701688616459544501e-01
7.567347853900099341e-01
6.987687988362892844e-01
8.637082676640017720e-01
9.994374965429365654e-01
7.971980302279405572e-01
-1.193667370880456824e+00
-3.704192615961330315e-01
1.619129803773719511e-01
3.477659743720549201e-01
6.302849691806770016e-01
9.877586721043168927e-01
1.052787847110688402e+00
1.233682890685184219e+00
9.071055747178791151e-01
-2.492107196542989733e+00
-1.415746864517151149e+00
-7.254381427293822293e-01
-4.482840784286892810e-01
-9.068771640999083450e-02
4.015001868057797574e-01
6.357209646547264947e-01
9.671040912813599899e-01
8.461463924355963062e-01
-1.158579561810425096e+00
-3.277594437374481973e-01
2.470042333910750232e-01
4.550257445842462167e-01
7.221968965907327176e-01
1.119291970876176157e+00
1.441303734567643824e+00
1.495113404025512294e+00
1.374377012837849410e+00
-3.662477348983234293e+00
-2.241824761030966950e+00
-1.455415391700115135e+00
-1.009017578083145406e+00
-6.375900211860372480e-01
2.548493667317075495e-02
6.775909616414745873e-01
1.149045242408868628e+00
1.241566732227509462e+00
-1.691539560430558753e+00
-5.686721017327939220e-01
3.500232862187720173e-02
3.186000020511068898e-01
6.289390826507081922e-01
6.239912023370850491e-01
8.840545149027775329e-01
1.222602678405191545e+00
1.228574162307940254e+00
-2.092724103308085670e+00
-8.627507861348671092e-01
-2.423801256314161434e-01
8.004918625814094746e-02
3.939177033615311463e-01
8.887172546182655619e-01
1.391646854869253547e+00
1.368045581468059879e+00
1.314685086661572244e+00
-2.579974937024142267e+00
-2.027816548183043910e+00
-1.448778431621474905e+00
-1.067430057319785242e+00
-1.134136846075779692e+00
-7.431053878411593150e-01
2.569584063236324267e-01
7.234289231794521768e-01
7.318638098906355971e-01
-1.347687962561051833e+00
-6.252243899366481950e-01
3.569884442976012373e-02
2.714371221918233656e-01
5.210986585336186971e-01
9.858311965901711549e-01
1.412675840963405705e+00
1.375941076673454333e+00
1.308339185812365857e+00
-1.765815811080729603e+00
-8.329360912260383998e-01
-2.155877876295974049e-01
4.854910672325005866e-02
3.558790164713219184e-01
8.051127228194154828e-01
1.002049040089220577e+00
1.212673847382000680e+00
1.012308013082533709e+00
-1.940081127099336555e+00
-6.788364538710911500e-01
-9.287461743727826180e-02
2.838876985335775927e-01
5.361759809557604672e-01
9.105366260962924896e-01
9.740715720415717982e-01
1.210744342327716661e+00
8.693081519997823969e-01
-3.200024526395588431e+00
-1.884850042531516667e+00
-1.195189709156439628e+00
-7.466207775979591954e-01
-4.083901895364105417e-01
5.711167926400412265e-02
7.253458164042535516e-01
1.170132560194551363e+00
1.222876201139177832e+00
-1.917872620830867403e+00
-8.670103028428740588e-01
-2.841312481362058828e-01
1.220409761261555537e-01
3.129556094376240716e-01
2.503989563941523555e-02
4.876357905501058632e-01
7.584512574825108544e-01
7.435532693622349809e-01
-1.044144106511790904e+00
-8.766775440201141079e-02
4.499326295746118309e-01
7.993814034426981463e-01
9.441233038118141963e-01
4.082823662334679748e-01
7.679248873501046679e-01
9.201512335332195924e-01
8.159755085418820553e-01
-1.050056037995736880e+00
-9.380257199737013218e-02
4.424934616945199184e-01
7.929530517105924936e-01
9.403518247604824021e-01
4.355600418733578394e-01
8.000870486608784304e-01
8.900892947144104506e-01
7.482970248047073891e-01
-1.269616964162664008e+00
-4.172561526387594255e-01
1.322692204138245509e-01
3.470663026332162504e-01
6.157751949524260526e-01
9.733121392139933992e-01
1.184155597718268504e+00
1.440737339430247621e+00
1.368035297422250052e+00
-1.888312879529091770e+00
-6.792448132421298190e-01
-8.328908236936598264e-02
2.277122949753144499e-01
5.327091587330904376e-01
9.450156047455744446e-01
1.395647236424731430e+00
1.344972402191261462e+00
1.308460706583331357e+00
-1.497708987773795464e+00
-3.993362705900215248e-01
1.957189187609299219e-01
4.813668990398127789e-01
7.844118557360009181e-01
8.127726809156824439e-01
9.421006465291087428e-01
1.093220415848939586e+00
8.248875894156243449e-01
-1.880184584103608669e+00
-7.034187554271358334e-01
-1.276894497646306748e-01
2.565523706532165105e-01
4.091241657707677670e-01
1.003532724758018135e+00
1.226378038277552873e+00
1.449670845274429576e+00
1.297096581814963789e+00
-1.302926742559807005e+00
-2.951623456052415162e-01
2.651343698343521238e-01
5.944494477685244860e-01
8.634184216906652942e-01
9.878347042542965362e-01
1.401483048251602970e+00
1.393984880926369296e+00
1.336361943507641037e+00
-2.005731658125434969e+00
-7.243893422168469209e-01
-1.593389254616358330e-01
2.276519350602558001e-01
4.569988485369154696e-01
9.601343576532961333e-01
1.405723216468182990e+00
1.329738057478340174e+00
1.320590581435383770e+00
-1.038402514180772895e+00
-1.926883558558288578e-01
3.203417761482578729e-01
5.090417588578914909e-01
7.776109494253872212e-01
1.085284406668988622e+00
1.119466178968912207e+00
1.371037219409989349e+00
1.246794809207484533e+00
-1.518907984944168232e+00
-4.127546681052534083e-01
1.733864077910510781e-01
4.590523557588654380e-01
7.574185285847861993e-01
9.698126322713859215e-01
1.376002128052531415e+00
1.362163799796823893e+00
1.323757538118913502e+00
-2.154199860594399052e+00
-9.506744446957663408e-01
-3.180509195595100924e-01
1.063206194699975460e-02
3.312907006365146123e-01
5.425360536470428263e-01
1.010464588051991797e+00
1.311807755776092543e+00
1.316301745178316107e+00
-1.157411755138914700e+00
-2.170186641670754368e-01
3.396292775379339823e-01
6.715834649070678841e-01
7.702378854189869672e-01
9.271364922338125591e-01
1.366246065621418149e+00
1.395276282479544827e+00
1.365469127323585941e+00
-1.100030500349158169e+00
-1.215522236719649152e-01
4.164527028022214084e-01
7.869214161026014676e-01
9.700872113447790435e-01
5.237051406355998084e-01
8.392952160529778549e-01
1.118904506759734518e+00
1.094971073602931888e+00
-1.119443779377315096e+00
-3.016235312807937774e-01
2.788104535308143506e-01
4.679249329277005431e-01
7.349207787741621756e-01
1.122194269901667152e+00
1.452244513374512325e+00
1.455192297820111724e+00
1.351439462689862259e+00
-1.610790753843602374e+00
-6.967480700266512894e-01
-1.244415388329432604e-01
1.248800033733118431e-01
4.284698851735823100e-01
8.751007542101982839e-01
1.048626442813179516e+00
1.222143607924289999e+00
9.153207690820439613e-01
-2.094660784255633512e+00
-1.076612813150295889e+00
-4.601363686288112431e-01
-1.447372655474193082e-01
1.495807248381784971e-01
6.694745689331899063e-01
8.774920912689915253e-01
1.114231614413000448e+00
8.634508648698152600e-01
-2.072445019111726960e+00
-7.096460330699774222e-01
-1.686211275389916664e-01
2.485145978790149202e-01
4.032320757094352559e-01
9.980005817729032946e-01
1.424011325666505678e+00
1.343514429457589809e+00
1.340991595137229542e+00
-2.004360940341339603e+00
-8.091739899014436244e-01
-1.766279864645621533e-01
1.325852829683534517e-01
4.526052802776717732e-01
4.267386655758028668e-01
6.118454518764437911e-01
8.120679787185793863e-01
7.485368802985461478e-01
-7.898913775270284265e-01
-2.161661129198439238e-02
5.061906510391569469e-01
6.295264586411015717e-01
8.974760735415778790e-01
1.181005583203020626e+00
1.446836011496665853e+00
1.419863160242745170e+00
1.307656072852694473e+00
-2.109398001944303935e+00
-8.274083376333219997e-01
-2.188599605167126927e-01
1.531458306360608257e-01
4.266397930430516627e-01
6.981934806579630504e-01
7.172183134258632853e-01
9.693930126309839856e-01
8.063117475939041157e-01
-2.475141433591362627e+00
-1.196274388245657905e+00
-5.434354911257347487e-01
-1.308821328381638005e-01
3.560796633675552408e-02
5.572022301706277547e-01
5.627326672480967851e-01
9.345973158579186091e-01
7.985727154093064106e-01
-1.329193396070555977e+00
-3.915893254808811563e-01
1.775135580386485445e-01
5.322308699158446732e-01
6.232620194605156261e-01
1.158373737361027278e-01
5.968090395918088653e-01
7.616602963493181999e-01
7.056417236928745895e-01
-3.478349147246257989e+00
-2.120236491093217879e+00
-1.346917602428530758e+00
-9.155548345337489735e-01
-5.502150330663658773e-01
8.425444637403931014e-02
7.044358174048596100e-01
1.168712826159311158e+00
1.263487428003094770e+00
-2.886372882981504961e+00
-1.712871585913102734e+00
-1.212414534178369419e+00
-7.999294149164687395e-01
-4.224399864577938479e-01
-2.951184673080492482e-01
4.980705831976107167e-01
9.633980783167690465e-01
9.901925175689579861e-01
-1.766106240773200220e+00
-6.283933755297163026e-01
-2.133486470312499772e-02
2.733842397347490127e-01
5.801665721372830653e-01
9.223825521773834080e-01
1.397240815708865602e+00
1.392820950274069824e+00
1.338661099462096438e+00
-1.107236231345327671e+00
-1.335717090660886175e-01
4.018785672545917564e-01
7.712953323439331044e-01
9.519219742511840776e-01
6.798443322047472703e-01
1.087768866781608113e+00
1.316187146618619686e+00
1.301166191094043967e+00
-2.086105976505841841e+00
-1.155950231432061326e+00
-5.110273436091273824e-01
-2.285766496619551502e-01
1.057498903305755800e-01
5.782925283618398637e-01
8.455148891397905597e-01
1.106069691776680353e+00
9.830376158608257198e-01
-1.470720172091474431e+00
-5.719240805112145720e-01
-9.147205720325166101e-03
2.409798077630043167e-01
5.262375844784507040e-01
9.463471183546194876e-01
1.079384156461219213e+00
1.286080018464887065e+00
1.061890575443753315e+00
-1.804213772370263591e+00
-6.207673554711543584e-01
-2.859849067312714502e-02
2.695932165446812689e-01
5.849313906382056505e-01
8.250451017474486060e-01
9.601674739051362373e-01
1.265533433752872750e+00
1.150311359722074434e+00
-2.493555737276345941e+00
-7.329842367442603868e-01
4.576481533889222020e-02
2.552572899715395693e-01
4.498340510601095965e-01
1.002489308783482747e+00
1.373938007357105917e+00
1.376533959979456156e+00
1.352011257599825322e+00
-1.293304424501818373e+00
-3.073984324910838395e-01
2.420086344359166364e-01
6.195745726611694426e-01
7.908171721730472559e-01
3.467597214265860095e-01
7.157547899217245879e-01
9.394401767163479411e-01
8.887772738906308811e-01
-1.093689252508871723e+00
-1.453248182167267977e-01
4.031542384705095738e-01
7.395776734787384843e-01
8.541647066258637455e-01
2.810311608620484347e-01
6.935788368369695256e-01
8.707070388666371397e-01
7.948571401746716836e-01
-1.786689613959585143e+00
-6.467827104027822349e-01
-3.890121974958612311e-02
2.525903052180702990e-01
5.626579056030286408e-01
5.178337795152657685e-01
7.512352894602581932e-01
1.026002813825450444e+00
9.778608445524185067e-01
-1.205554959904011403e+00
-2.615711552242048765e-01
2.964916469344739403e-01
6.446917901973421294e-01
7.575056515989342376e-01
2.382522192108700865e-01
6.739296699840506832e-01
8.000131018970000341e-01
7.169891769638073731e-01
-2.084486560777191855e+00
-9.084563180463316456e-01
-3.036146232586568461e-01
7.577496928563058620e-02
2.635464523690916328e-01
8.288297211568592671e-01
1.107232463157602487e+00
1.382828837472581451e+00
1.297289529429828780e+00
-2.487553907268635456e+00
-1.554229300838124272e+00
-1.085412330950844328e+00
-5.426173801392062401e-01
-4.382278976229129763e-01
-5.558648298339269322e-01
2.426762450907255231e-01
7.062481017602645350e-01
7.157324192346822267e-01
-2.619782335213090896e+00
-1.172146561791719277e+00
-2.283815816165582491e-01
-3.906002732241715264e-02
1.343373075905228420e-01
9.829127410918947483e-01
1.388394817265773407e+00
1.391479463191009902e+00
1.322524928900388419e+00
-1.077226756838484345e+00
-2.525509966428584052e-01
3.080505414438701184e-01
5.009669509225875839e-01
7.698485688439757890e-01
1.166330324615691749e+00
1.473857567351017694e+00
1.491313486703262914e+00
1.374412729499991492e+00
-2.765319780072233335e+00
-1.472726951032495846e+00
-7.802310327188787253e-01
-4.438720660271814888e-01
-1.020486638058269585e-01
4.269339865456878158e-01
8.347753220574301025e-01
1.243936103134003934e+00
1.291821494713637497e+00
-1.301524959819341243e+00
-4.070369670724859334e-01
1.788275846391091661e-01
4.932904104452600080e-01
5.196729605183079137e-01
-6.167050638559944814e-02
5.149797057195854011e-01
8.016262407917862376e-01
7.872267000004364856e-01
-2.265326119499621704e+00
-1.160110835132088347e+00
-4.175035306999574924e-01
-9.698276382110979088e-02
1.253924590242752601e-01
9.607224208440584556e-01
1.349617797453307011e+00
1.368972804980355784e+00
1.326451455156075321e+00
-1.324626502563537311e+00
-3.091548818727158365e-01
2.516225590290762093e-01
5.765994837226652292e-01
8.484967487395036478e-01
9.933578835220265857e-01
1.407446254834467281e+00
1.409854473618333381e+00
1.348980881982960511e+00
-1.621247405381327500e+00
-7.284082400154613390e-01
-1.358311979203222220e-01
2.271801664179535218e-01
2.156350975180479079e-01
-2.306865228317193650e-01
4.082971968370424642e-01
7.205699782999337444e-01
7.088119123523662912e-01
-1.669083702156571425e+00
-5.469098717768566820e-01
6.044126088712540451e-02
3.440185183922168100e-01
6.611485285154349301e-01
6.706546823488653830e-01
8.089101322568228447e-01
9.750809142845441313e-01
8.080382962858037033e-01
-2.962645258618553878e+00
-2.022045234076948805e+00
-1.618784420620678732e+00
-1.099429326288988928e+00
-8.385208582668629562e-01
-6.907538309741013682e-01
2.381089041086719427e-01
7.222000294877047866e-01
7.475648037234765564e-01
-2.973274209609005680e+00
-1.629541181865876709e+00
-8.888451430008983412e-01
-4.696775595217858035e-01
-2.551918353097128445e-01
1.164918403187630430e-01
2.626831301047906631e-01
7.068868498853163596e-01
7.507737212866397725e-01
-9.937111622357173157e-01
-1.740141260427821301e-01
3.387444670102808253e-01
5.329769399030375165e-01
8.022633831223339174e-01
1.118898045104887773e+00
1.130659646195984580e+00
1.339910691559565992e+00
1.107679972889702213e+00
-1.695756496727450102e+00
-5.340112842143297511e-01
7.307674613834905242e-02
3.293967936710034961e-01
6.600061431520624078e-01
8.369210441028250846e-01
9.722378183598723300e-01
1.270831285397840738e+00
1.153004273501676336e+00
-2.449359453411088960e+00
-1.488359883095078606e+00
-9.849309197953270978e-01
-4.640448619855465084e-01
-3.016668298840928242e-01
1.187429922940833327e-01
8.045030361637265370e-01
1.202169005359682519e+00
1.265021227208238175e+00
-2.395979970701707540e+00
-5.439768856047790813e-01
5.279336012918920545e-02
2.460644834831635930e-01
4.398338477325194895e-01
9.627655741722661586e-01
1.343078811902068459e+00
1.389158191274045384e+00
1.367239868616595633e+00
