4.031650332683196503e-01
-1.083032097525238102e+00
-9.358021751009717448e-01
-1.951026603002632698e-01
4.188389966007735055e-01
3.135963856799892646e-01
-4.392338411285902078e-01
2.119292056175904257e-02
-7.136913533481062388e-02
1.658950557618052435e-01
2.273687209954045330e-01
2.584653270469292052e-01
7.592663845104140330e-02
8.954883545965186542e-02
5.926648181359244205e-01
4.189529055528000701e-01
5.838238960745187889e-01
1.680019358001930141e-01
-3.195912193490574316e-01
1.615900738776987478e-01
2.864152196873838707e-01
6.082271442286744760e-03
-4.567315645664850321e-02
2.663670709931793557e-01
9.476488244255987237e-02
1.852181207597922152e-01
-1.341362746792371385e-01
-1.034645345742045031e+01
8.666238758264848130e+00
8.141305761980356381e-01
-2.634415377300380001e+00
-2.088737559058501780e+00
1.135595214708399192e+00
2.802168454333980874e-02
-1.449858626195802414e-01
-2.599137942197100593e-01
-1.295126779976145670e-01
-7.920112806282282314e-01
-3.947215285391203476e-01
2.511277407459029387e-01
7.155828241258309630e-01
6.450679689997990129e-01
-2.559077088282405432e-01
-8.943681039118786535e-03
-1.270211129945449935e-01
2.990765412129126055e-01
9.824572350451331593e-01
9.950494907692079005e-01
5.346242622169258274e-01
2.979147125929220707e-01
7.613343309469721154e-01
1.091917272011018403e+00
7.020098810612611651e-01
-1.540270203691156692e-01
-1.083638763185860304e-01
-8.889609620354588237e-02
1.447009865671560203e-01
1.577223544194072402e-01
1.679311919622477334e-01
-1.644100971867643035e-01
-4.598249274491668093e-01
-3.835729525281370705e-02
-1.915645510016628361e-01
-1.312918941534441108e-01
2.327683077930393640e-01
1.708165501037615941e-01
-3.454685636931361103e-01
-5.500971686813206363e-01
-4.665857343688795122e-01
-2.914328547465749528e-02
-3.804879235412019778e-01
-3.795126278218319271e-01
-1.592843447229040088e-01
3.242533999627335035e-03
2.397506748173318381e-02
-3.206893714803787931e-01
-5.555614076369884691e-01
-8.820387144692157788e-01
-1.507528211702230392e-01
-2.696916695040617595e-01
-1.519770039712327048e-01
7.569262737440672906e-01
-3.987757005795261045e-01
-3.597554360177006583e-01
1.020383129241718978e-01
8.195027228473489300e-01
1.277881157574926707e+00
7.250096460804495990e-01
8.018602434455791572e-01
3.183748089153800032e-01
-3.742374881575328827e-01
2.460538775878198456e-02
5.775745620071541520e-02
-2.582857012678930198e-01
-3.908361055247431270e-01
-3.964874871710533655e-01
1.590060937524686857e-01
-1.833134597882008776e-01
-1.488635225799149753e-01
-6.723238246035488641e-02
3.369201058607315113e-01
3.320270628215745701e-01
5.314603632001883848e-02
2.024756503854062764e-02
5.719459706196851068e-01
4.195371706804955081e-01
4.178542706734199585e-01
-1.132441037337738737e-01
4.890682779326140095e-02
2.764277316125600126e-01
3.449854042999087600e-01
1.183661550770689491e-01
2.965411486677899111e-01
9.398745733230139399e-01
2.606615553017151976e-01
-6.281719404141053453e-02
-2.319725864470809917e-01
-8.476757730360658105e-02
-2.594086862685302322e-02
3.093116373451206269e-01
1.923492273101229666e-01
2.833752511501494518e-03
-2.523765779706166335e-01
-1.031145463797818324e-01
2.093226079249730157e-02
-1.293874100225596568e-01
1.794058808023916640e+01
7.617909012930904389e+00
2.523671033395758490e-01
-2.987094739809530886e+00
-2.529271973641946669e+00
6.203605929188297230e-01
-4.890987191177103947e-03
-5.424285218031311279e-02
-2.840772100729251348e-01
-8.568298865703487532e-01
-6.337177743193099511e-02
-4.228127977201065479e-01
-7.853689732202291385e-01
-1.033969913906734206e+00
-2.019730762250709910e-01
-9.933958137525478183e-01
-1.321402130956303544e+00
-8.876603566094485309e-01
1.092171350242571748e+01
2.866532457505804654e+00
-1.168554231214312678e+00
-2.175177969485221574e+00
-5.563824647481433461e-01
1.330842094509920637e+00
-2.315573379241377128e-01
-1.570497934929738215e-01
-6.944876154647063038e-02
-2.113999484169460097e-01
2.815001982895579472e-02
2.675122823225261626e-01
1.769284410686769449e-01
8.596194051130744140e-02
-3.140618083752456102e-01
-4.251797608977432308e-01
-7.720381919506669188e-02
-1.795096087132725393e-01
2.554404230515815222e+00
1.610529039389291817e-01
-1.475118087280754553e+00
-1.700176508425041533e+00
-2.732394714427654470e-01
6.490410760547423719e-01
-6.342852136717320732e-01
-7.883261780996914103e-01
-6.235605347469711512e-01
1.473242648399874533e+01
7.695088620976548555e+00
1.817597505045821071e+00
-9.867479161259924414e-01
-1.039557002118340900e+00
1.025619918054982982e+00
4.867763079852615027e-01
1.006339117856204890e+00
-4.945452778415387191e-03
-9.467948716891453342e-01
2.548508264977245724e-02
9.867403011642821020e-02
-1.520728279439928221e-01
-1.320945674055545860e-01
5.589949797832594741e-02
-9.705789159060710380e-01
-5.418202050779272749e-01
-6.633971003460056304e-01
-9.616371684349281357e-02
9.567212032336624983e-02
2.195467027802666948e-01
-1.029596953130727383e-01
-3.081900932016423122e-01
-3.351446553427395170e-01
-3.612664417857873109e-03
1.510994828842985305e-01
-1.012679647544498518e-01
3.170002082229712581e-01
-1.204985600044882754e-01
1.543385964547089040e-01
1.759400029311308511e-01
7.365206299457581485e-02
-5.014198211741951461e-01
-3.313745798381106389e-01
-2.064648092825039916e-01
-1.246739048692631496e-01
-1.057298186753363178e-01
-6.030814409667784037e-01
-4.395465004851899921e-02
1.487047712345371253e-01
1.787567094556200831e-01
-8.924100111584379325e-02
-1.888175724641943665e-01
9.903191353244947259e-02
-1.206273490760350897e-01
1.997150590576350637e-01
4.711157791235058845e-01
5.016759391092810993e-01
2.997431957807963343e-01
2.841830061778495287e-01
8.308181528245954794e-01
5.464652831297452940e-01
5.651592683354107471e-01
1.512317466021310952e-01
-6.315098319776847324e-01
1.865354894784032602e-01
-1.364998211245333770e-01
-4.252122967100708806e-01
-6.345939671514086999e-01
2.104614501485032596e-01
-4.611195418765379750e-01
-1.119518230614984455e+00
-2.959173171339457564e-01
-3.089844717221216230e-01
4.806495616660062531e-01
2.524947725685187661e-01
-1.585084180403398268e-01
-4.384704148454106054e-01
-1.802579727233301343e-01
-6.110171116304042860e-01
-7.922416935160498941e-01
-5.760432220331704878e-01
4.462860631444318660e-01
6.738990979530117276e-01
1.022961560355294397e+00
8.736325553836100655e-01
8.526405408372181860e-01
5.552239217892589451e-01
7.520383046317481446e-01
6.679745372703610462e-01
2.447697248868944131e-01
-9.784732746324730224e-01
-4.153941094229675057e-01
-3.699996220193181862e-01
-4.286833834462616677e-01
-3.960441238148080384e-02
2.417725598716234103e-01
-1.218745122148505500e+00
-6.007688540018838452e-01
-5.753707688083495864e-01
1.177305222694556086e+01
3.909064550656083270e+00
-4.671678367892330708e-01
-1.887855173447613666e+00
-4.588004357183508852e-01
1.160425605897188017e+00
-3.406678565928443758e-01
7.856937325603399747e-03
-7.199431467021898644e-03
2.623460607515721854e-01
-3.369604683870844331e-01
1.069980958427533962e-01
1.567522433613518507e-01
2.082422654231553816e-01
-1.108599409765554863e-02
-1.136342684478271470e-01
1.330321376784334431e-01
-3.423475138322435579e-02
-1.545033326875507385e+01
5.352691564980348815e+00
-1.648814004283773449e-01
-2.184234971616316301e+00
-7.765447710625449362e-01
1.420608824570414042e+00
-4.188783494570417765e-01
-2.352419377004537626e-01
-1.072884399720925863e-01
1.349459550691344545e-01
-3.029576078540712203e-01
9.413563588810901217e-02
3.924304867700895150e-01
5.152807025532502028e-01
1.557084924200270726e-01
-1.514816130099604918e-01
5.440414940888769341e-02
-7.877926899480276746e-02
-2.023313437133132275e+00
-1.325340940228581177e+00
-3.162278545866558099e-01
4.177391164624630338e-02
3.053112415959975956e-01
7.062919231436694256e-02
-9.094038072804542239e-01
-9.285221033617150344e-01
-5.720131903123719663e-01
-7.224991141321431831e-01
2.179387086518703651e-02
-4.361084891612523329e-01
-8.799286098134778689e-01
-9.863917500610274169e-01
-1.315337478598953835e-01
-5.332137104711629494e-01
-3.031654073557618068e-01
-2.501703935523734712e-01
-1.500089009966096565e-01
-1.613517192360863994e+00
-1.350756946124018976e+00
-4.672534332731025919e-01
2.484223110370623044e-01
3.413581177045031945e-01
-5.409372142184906140e-01
-2.873316354418509744e-01
-1.266435777839978738e-01
-1.213823203025620329e-01
3.243932463822041257e-01
9.932358355200926470e-01
1.111972497251515479e+00
1.002964109788213376e+00
6.966183706483400906e-01
4.413442222805842863e-01
4.725339550313312209e-01
7.187498652293550401e-03
-1.621185106164836076e-01
1.495292679420605064e-01
1.269937246293954825e-01
-2.072592076104544101e-01
-1.097904391990729006e-01
3.441269984177663943e-01
7.093058951089604991e-02
1.083782360586257355e-02
-9.233830406980421401e-02
-1.720610017591472640e-01
-7.339157117557509880e-02
-8.541379531151696569e-02
-3.533791904267963302e-01
-3.502522749215090658e-01
-5.245192467655547530e-02
-2.153816485831347716e-01
-3.809897202291187557e-02
-3.894512212424947745e-02
-3.828826853261940721e-01
-2.046560466105687426e-01
-2.460036431829492609e-01
-5.108830695239455766e-01
-3.617066338329445463e-01
2.218304190902655459e-01
-2.953427228300204484e-03
-1.764125497592848590e-01
-1.885404239508020330e-01
-1.109883253763303268e-01
-8.164422415310773617e-02
-1.191765202778073129e-01
-3.947976178840809092e-01
-4.026004229058006145e-01
-3.992941404572655090e-02
-6.373710171784771616e-02
2.326160125466672501e-01
4.075561345010966091e-02
-4.697537629085264954e-01
2.291494737493639799e-01
2.975166185493178794e-01
-8.003289670588508570e-03
-4.033450504261621578e-02
2.942579027576858741e-01
-6.226088115388693500e-02
-3.167017384741167563e-01
-3.729902855341065138e-01
-6.469179311469253069e-01
-3.848237500266098454e-01
1.132592664925153453e-01
2.610911472816054291e-01
2.770444380290447151e-01
6.498652730497833652e-02
-9.720606780118022650e-02
-1.453698103196467313e-02
-9.583957809827860219e-02
-6.730149174703385917e-01
-6.474837858463974305e-01
-9.071436358955990986e-01
-1.058067969092578720e+00
-4.571398363881153948e-01
1.745822412766705745e-01
-1.685746369910047227e+00
-8.990206696647717877e-01
-7.158790852537887384e-01
5.372443348612194330e-02
5.328875019779809596e-01
5.626443693100278143e-01
3.939018872724862064e-01
3.668955657489999522e-01
9.823332577166453694e-01
6.958727322970328366e-01
6.818905549456267812e-01
1.413154516250277049e-01
1.124686136917544310e+01
2.895374842234410107e+00
-1.805111664683622053e+00
-2.990708040555886793e+00
-1.884725408690971493e+00
9.108128290012571515e-01
-2.114069390643027180e-01
1.241962971287903228e-01
-1.700244953640181467e-01
-3.315383816660825989e-02
5.079569737283294861e-01
5.504585972050604070e-01
2.575873635927363736e-01
1.714109538784070186e-01
7.008850236174540838e-01
2.001822000515485478e-01
-8.012942770164578621e-02
-2.429134561702039341e-01
-1.055741534076015009e+00
-8.485454620901679290e-02
-4.480672579787159382e-01
-8.438843319977032964e-01
-1.120365579511050980e+00
-3.199517376728407969e-01
-1.137269744557279472e+00
-7.371489254181721185e-01
-5.643881443188087932e-01
-1.570928070950192434e-01
1.925434892345656013e-01
3.146704305919444944e-01
8.538830773547276265e-02
8.896764549253730059e-02
3.164548082088353143e-01
4.782339062020047465e-02
-1.347396831864570120e-02
-1.200372658026182399e-01
-5.160985920177888486e-01
4.337271675601933607e-01
2.910398405361783181e-01
-4.074143400620487410e-01
-5.101096969641596424e-01
-2.032166256001493310e-01
-3.795095983480100132e-01
-3.932012433595636902e-01
-2.964423217025979884e-01
4.291411753883268843e-02
6.594983994564971308e-01
7.060489944395755835e-01
4.631301410689256381e-01
3.824379629885538701e-01
1.026136131002522989e+00
5.252408890051014634e-01
3.582311648517814695e-01
-2.508899994919973619e-01
4.142746795166322993e-02
2.127180003388276508e-01
5.911010464009809340e-01
4.804698743662760285e-01
2.956393659888079117e-01
6.858128469261892679e-02
2.167908817807884803e-01
3.513157964555197466e-01
2.886983747452233698e-02
-2.052698074253174454e+01
2.799785202265373307e+00
-1.115361004718310900e+00
-2.173646540605726152e+00
-5.832937558213778795e-01
1.062153765458204502e+00
-3.386823289149958338e-01
-2.638326882390306660e-01
-5.977369380090705869e-02
5.123358243183395722e+00
4.243703865017728893e-01
-1.360583152530261186e+00
-1.305107030446026384e+00
2.640001929033317443e-02
1.230868833938877582e+00
4.964147650646603127e-01
8.838765326064460526e-01
2.362365011945162796e-01
4.272739318496311611e+00
5.957870136353413670e-01
-1.135752622428478853e+00
-1.789308407646111876e+00
-4.632023947733968638e-01
5.194720396198129198e-01
-1.216751942109583373e+00
-9.762578003068598242e-01
-3.239752667520330309e-01
-5.734972924027625929e-01
-1.574851740852465376e+00
-1.000056313803092678e+00
1.539316767177627276e-01
1.224144420777808273e+00
1.560928792938172549e+00
9.729678700802515401e-01
8.763196568604730841e-01
3.765562067289401904e-01
-8.612794359661705146e-01
2.783661489753305185e-01
-1.431428283678154167e-01
-7.811681539672815644e-01
-1.242883525418476465e+00
-7.988808690635648135e-01
-7.240336428148491654e-01
-1.033139598219802835e+00
-3.522603989833011928e-01
3.053912549100775475e+00
2.449722583965754652e-01
-8.232635845299012267e-01
-6.071658915842811366e-01
3.958212733362944102e-01
1.639000395677738808e+00
1.029682840988544346e+00
8.335036402145962198e-01
4.202411892753716294e-01
1.341961864706436303e-01
5.672626156621867199e-01
6.251075254288321892e-01
2.965457556199141420e-01
4.122217886800280673e-01
8.528886428379911511e-01
2.118439103570568804e-01
1.144588803566576191e-01
1.705829817628368508e-02
-9.731091998191402359e-01
8.184102336700231628e-02
-2.196058120257180779e-01
-6.703146422564548734e-01
-1.017920698490649700e+00
-2.913079651960266969e-01
-8.954363592940808303e-01
7.600664683816284184e-02
2.706685142782562850e-02
-3.378193307016912061e-02
-2.941592897838129494e-01
3.397216368890165761e-01
5.576275246116566553e-01
6.172479880261675378e-01
4.378811453096639883e-01
2.957214142465506845e-01
7.322856379777185065e-01
1.572715811239322192e-01
1.030760017676793372e-01
-1.668492615423084802e+00
-1.491855963516070860e+00
-7.084792869072672472e-01
1.597172593669076157e-01
7.450344351172523139e-01
-1.440448148681459650e-01
-5.389435417896128871e-02
-9.564613900833573990e-02
1.289858790962761514e-01
8.106473880329535531e-01
1.104178457320862616e+00
7.771976741517053755e-01
5.997805037478883827e-01
3.390360061114354728e-01
8.383482787901481714e-01
8.474410414197485197e-01
4.862224116354126879e-01
2.789691949930811488e-01
8.401313855302674494e-01
8.808396264948813448e-01
7.637685213672685824e-01
7.077627886502272370e-01
1.323536547697344190e+00
7.273001026882419673e-01
4.672513083011927137e-01
1.307028574057772785e-01
-1.547764678960111517e+01
5.488102818461350729e+00
4.455487792695712046e-01
-1.674519493787611557e+00
-3.900866166838403704e-01
1.154555925474760159e+00
-1.905110806304975424e-01
1.824676346660423221e-01
1.624754311883011837e-01
-7.746166863401231228e-02
5.676061463679562408e-02
1.341525162636086344e-01
-2.154829145135870871e-01
-3.879987371886369218e-01
-2.914409062160436825e-01
-8.837925523924128335e-02
6.000166631837541148e-02
-4.371395741274421154e-02
-1.116573744992513939e+00
-7.495725768787075971e-02
-4.766184026244316141e-01
-9.380733679412864845e-01
-1.236129863151576913e+00
-3.280402145413088277e-01
-1.045840628557640262e+00
-1.598505436929019918e+00
-5.024682775733324558e-01
5.113647551762518617e+00
1.239125067743154451e+00
-8.860275620549806774e-01
-1.715064460853112260e+00
-2.798541939925173749e-01
5.256454976602948914e-01
-8.266367694676860500e-01
-9.021623749637431855e-01
-4.455968747955436626e-01
-8.170224607973845810e-02
1.843113891310655533e-02
-2.268133681733006807e-02
-3.454122870338086626e-01
-3.738974276010342268e-01
-7.194610842654210192e-02
-2.251914242641622765e-01
-3.038540414738132855e-01
-1.669649887765340956e-01
-2.485677400216078914e-01
2.208177168327580264e-01
2.729501428830592435e-01
-9.483399643451916050e-02
-1.603789979525651055e-01
1.505794932884196580e-01
-1.498254426748185479e-02
-1.482774973232335591e-01
-2.975608682822957207e-01
2.058660074021248509e-01
-6.034777083020147481e-01
-1.963428157437203114e-01
-6.101506859248331804e-02
1.014147952216115367e-01
-3.987312203309133912e-02
-2.409987551904999581e-01
-2.562602436866071032e-02
-8.002829065442028378e-02
-3.879422372449976564e-01
2.016952506866042105e-01
3.183724758762709883e-01
1.058771680103636759e-01
1.387809582881764370e-01
3.916599162238317833e-01
2.331109113310427926e-03
-1.297896766613477193e-01
-7.406845562668781802e-03
-1.617183565230288167e+00
-4.949835672544253273e-01
1.399857377641542389e-01
-3.427137607012979426e-01
-1.780200684815339274e-01
-5.710722314953402545e-01
-7.471038343620444167e-01
-7.763162122846836155e-01
-3.298482182959187603e-01
-4.629341581212796652e-02
-3.425253553895625802e-01
-5.523654977419877043e-02
2.812279199553796571e-01
5.470152491583784027e-01
5.941536331920250769e-01
-3.205411524999352557e-01
1.691803984392838411e-01
-1.276264925405730388e-01
-4.503075283891216918e-02
2.447075010589427890e-01
2.384707154028384568e-01
-1.071301831027796636e-01
-1.770943992613156215e-01
3.013138934421246695e-01
5.323646560515549186e-02
-4.235693529041612004e-02
-1.026181887630812223e-01
-6.007384232235681853e-01
3.033106884583022800e-01
2.050337702786900473e-01
-1.404304101220036072e-01
-3.684284929786819096e-01
-4.147330502700904975e-01
-1.005379659980600193e+00
-6.466424284171327086e-01
-2.040510899956340107e-01
4.889389554915343217e-01
-6.507892580818328554e-01
-3.874651399272599495e-01
-2.229238123974118246e-01
2.301863507728179117e-02
2.919925430423823617e-02
-1.839152469422113689e-01
-1.218711786590923746e-02
-1.807284667235200051e-02
9.238217320366449714e-01
-7.449519511483946310e-01
-6.963366552626502060e-01
-4.846200225925541005e-01
-4.292999881793043565e-02
2.406105086015164762e-01
-1.037878590103453735e-01
-8.287785222826818399e-02
1.237871795347455714e-02
-1.091828320071057234e+00
-1.265303361465486276e-01
1.683098908317243181e-01
-3.070183700031852148e-01
-2.213638989300781568e-01
-2.677061686562032805e-01
-6.226005588944238944e-01
-5.546952482552818253e-01
-3.488129289734210325e-01
-4.633364676184663078e-01
1.901408362906098215e-01
4.844049699304336931e-01
3.336328620852549998e-01
1.486463312337577281e-01
-1.429767549159841056e-01
-2.432636729459974195e-02
6.502053740494923018e-02
-6.753090164290839748e-02
9.902752228788758160e+00
4.302915078069190713e+00
-7.849660085901088991e-01
-2.514360669787146563e+00
-7.914374207281670293e-01
1.588442155742815443e+00
-8.229115347896495680e-02
1.359995566921418098e-01
3.104925321130522914e-02
-2.455966339194176062e-01
1.258479492795935295e-01
9.234051180586194674e-02
-2.659291126261201232e-01
-3.079300423072167670e-01
1.466944723008549445e-01
-3.629978265316505248e-02
-9.611226607951445233e-02
-1.543165395447335664e-01
1.080544010343550410e+00
-7.794764098690593057e-01
-1.893673683605232139e+00
-1.699942108012064468e+00
-3.372260178690751342e-01
5.743530699818999441e-01
-3.516628515286036594e-01
-4.858674069362803882e-01
-3.455653105726166907e-01
1.631483318615008504e-01
-4.247581271342849574e-01
8.627724828670228774e-02
2.246793057475809097e-01
3.227992908563179220e-01
1.593615057300475923e-01
6.320652421794356601e-02
4.297917896393844694e-01
1.098093945081727307e-01
-3.828791695814641183e-01
1.409234391766428784e-01
2.578351452533975685e-01
-8.296775296761453242e-03
-4.382311796291212674e-02
2.820666974487114897e-01
9.697344073787488028e-02
1.540244760251599232e-01
4.623467712539629931e-02
-3.086269674050493017e-01
2.057907906826264913e-02
-4.465083338159737091e-03
-3.523337954165281505e-01
-3.549767243818304774e-01
2.451115569091287527e-02
-1.139675245862521724e-01
-2.045674047356736414e-01
-1.801898920666228088e-01
-5.379642198746845683e-01
3.459476232382303063e-01
3.658384537521860991e-02
-5.787920645186589441e-01
-6.849027048909589466e-01
-1.830072478237186606e-01
-1.697581256128438132e-01
-1.233438277461376825e-01
-3.477556915490020994e-02
3.442050339923888314e-01
2.995452096482432713e-01
5.727445764983339904e-01
5.014920697809928107e-01
3.914064599218838314e-01
-1.842560210339019844e-01
4.580249627668565582e-01
5.150848164377977989e-01
3.957258717990561059e-01
8.431914239530863275e-01
-8.848825392098280673e-01
-1.022572212655330937e+00
-5.167834491065596003e-01
1.160550588824212775e-01
5.880484553782964197e-01
-8.087001146929699569e-02
2.674055836163729549e-01
2.475166984732906084e-01
-1.302946784911933609e-01
-4.154266386732313188e-01
1.973671480269581849e-02
1.299817723607756825e-01
2.985982151790322892e-01
2.264330126508861951e-01
-1.359774572024173046e-03
1.385509688781254023e-01
5.437706083672573520e-02
-1.392363269868239151e+01
7.552564372835250950e+00
2.623571326619399624e+00
-6.232209528485807004e-01
-1.069723779167772948e+00
-2.814597494839425965e-02
-1.825227153893989929e+00
-1.848886118104222875e+00
-6.058215132624306110e-01
-5.955565815453203043e-02
1.370548259665557156e-01
1.911232411324095548e-01
-1.724741651813152810e-01
-2.285350565108745513e-01
1.036275657009531753e-01
-3.778408009987586219e-02
-1.666849131537742335e-01
-2.400347802665508401e-01
-1.245993547702796889e+01
8.222581784275742933e+00
1.965683180373942296e+00
-1.149343393091851073e+00
-1.439823059478847478e+00
7.578546783859315683e-01
4.452926822224013703e-01
8.194536947615197464e-01
1.934858399871477730e-01
1.035930305639335899e-02
1.871243787824227733e-01
3.554796940087735502e-01
7.577603928655475551e-02
-6.804888826557362047e-02
-1.237204526474771360e-01
8.891556224605753900e-02
1.844379739881527591e-01
1.164215141215922261e-01
9.430088800115175030e-01
-9.233067755582194946e-01
-9.958446780650037633e-01
-3.511982230812747408e-01
3.491240533646167155e-01
7.794760209796228745e-01
-2.683972874825040211e-01
2.113466455325074267e-01
2.437581838426575512e-02
-1.734777434027353071e-01
3.608518809064433785e-01
4.045638479164640477e-01
1.044910351810295485e-01
5.144001981039750260e-02
5.951967328143915603e-01
2.347122727740374448e-01
2.885354633371996491e-01
3.272991555226195670e-02
-2.876462804882454760e-01
2.239834023168358335e-01
2.743392066118274242e-01
-4.427884779655895386e-02
-7.370647886195971776e-02
2.595137200082036633e-01
-2.153208129283784578e-02
-1.606015144887318613e-01
-9.375041005809300887e-02
1.770699544354765662e-02
7.029322505226811568e-01
7.633319472343881307e-01
5.059774903207300278e-01
3.872915831981862955e-01
9.460792075255290978e-01
2.232700847011647449e-01
1.416933673593246679e-01
1.856021910240165385e-01
-1.644182161810217868e-01
5.459444910810606899e-01
3.529630598811868136e-01
-8.871260814721027010e-02
-1.188607352387568289e-01
5.648433623161519535e-01
7.792929119713298824e-02
1.971199920018908425e-01
2.908610195064214587e-01
6.351047711892498171e+00
1.394149787273737617e+00
-1.076564656228748085e+00
-1.407689580795538520e+00
-4.064262004320659538e-02
1.135626361096500725e+00
4.707871229691992787e-01
8.599016449648467786e-01
3.333734747868919990e-01
-3.105114181760881276e-01
4.062917963108630265e-03
-5.268003298790348982e-02
-4.309106232707561879e-01
-4.838772911248955255e-01
-1.076120903201381734e-01
-1.302874177138003686e-01
5.156781819053455956e-04
5.752945171857959394e-02
-1.072798707161180154e+01
8.259111300556371660e+00
9.118325216397821231e-01
-2.426049853408516643e+00
-2.354288529647136308e+00
5.793894780632485864e-01
1.309351248973290860e-02
-2.004101339646348345e-02
7.102656471637891662e-03
7.390711867452847805e+00
1.047555968921005221e+00
-2.040601153309085092e+00
-2.109844470780618764e+00
-6.931414205911879955e-01
1.755177729027192379e+00
-2.705445437033267564e-01
8.656429976548433991e-02
-8.961488540792417190e-02
-1.274269239000106746e-01
1.373482198201328996e-01
6.829472188586813153e-02
-2.656933843210865231e-01
-3.252214191856629411e-01
8.728926204693956969e-02
-1.441512943986309261e-02
2.076085402328731455e-01
1.852352810782594839e-01
-1.530584423823342277e+01
5.172132035839534403e+00
-9.064473689361929321e-01
-2.852543269477210153e+00
-1.877539017017671563e+00
1.462472284994912108e+00
-1.512370883414482226e-01
-1.711894023427255607e-01
-1.357266917018771502e-01
5.108704138984310889e-02
1.744670353757134251e-01
2.423140037274102432e-01
3.153968947379909814e-03
-4.430914774555130310e-03
2.223264055621759772e-01
-7.819658918392413671e-02
6.537859106549107069e-02
4.783137953782239798e-02
-9.634999745766615220e+00
8.556014053820600651e+00
9.632381374467543500e-01
-2.450377774895223126e+00
-2.197384052449519842e+00
1.047369045332562143e+00
1.108524386825223418e-01
-1.312690920096493130e-01
-3.581664171657282601e-03
7.177347763008474324e+00
1.062828810764154586e+00
-1.534964069214323379e+00
-1.808192710858547159e+00
-4.768531709302268884e-01
8.277309406365713773e-01
-6.502465696009447627e-02
2.677889633333170871e-01
1.779973052265843292e-01
8.719985908423005583e+00
2.323517243824412493e+00
-1.505332036640737003e+00
-2.408138682297448874e+00
-7.758467108019218017e-01
1.215300985121128274e+00
-5.205956374114827784e-02
8.134194293828841960e-02
4.005398042774112322e-02
1.995240330301044640e-01
5.298466547640700020e-01
7.156950756962574545e-01
4.918821374130583624e-01
3.303079772025759309e-01
-1.731549980053156135e-01
7.542337977772969326e-01
7.939002614381774903e-01
6.514497653217228290e-01
4.106117248137414188e-01
-6.403768367337792089e-01
-5.716734876670430676e-01
-1.610009614484685103e-01
2.093614925478526900e-01
3.584603885236195553e-01
-4.679099339101597255e-01
-7.074856679037094809e-02
7.762543572096214373e-02
-1.165611237276506706e+01
7.902201049580249936e+00
1.301489737131385382e+00
-1.731241883201059872e+00
-1.883101962458136880e+00
6.257597938273816718e-01
1.640175424830084550e-01
3.710565797423770462e-01
1.959506281625612578e-01
-1.903335631118576732e-01
2.446155750394173323e-01
2.541947678296577195e-01
-6.906568599157668353e-02
-1.171074923134884371e-01
3.827366236273381794e-01
9.750179657979997361e-02
2.727433286356191755e-01
1.800425079159448383e-01
-4.112258327431108640e-01
6.231835247836395308e-02
4.660834536947890822e-02
-3.617765941143433750e-01
-4.458214782593321046e-01
-1.055810837914171463e-01
-1.595943284045120703e-01
-6.849522178511696646e-02
-4.476986878189583713e-02
1.595833027128827908e-01
2.782402615706387472e-01
4.779094992820022147e-01
1.865984290358347064e-01
2.349117408055956258e-02
9.660857920732339454e-02
6.090811490304503389e-02
1.665826223680425267e-01
1.745158861352835433e-01
-2.085400932525700579e-01
-1.238222740158202717e-03
3.333784197512651981e-01
3.937896310024840973e-01
3.232286104863254517e-01
6.133673511420221353e-02
-1.484094232377069222e-01
7.224340677795625110e-02
1.499666634792833075e-01
-1.195320715540085210e+01
8.097272722977425730e+00
1.796796544495926629e+00
-1.228213404655183805e+00
-1.590414577546972463e+00
7.062139974978010049e-01
3.521681274430432107e-01
6.382144110109769786e-01
2.899275123363804774e-01
1.608516364339395599e+00
-9.046656885032010598e-01
-1.352599083188999796e+00
-7.683004870458737257e-01
-3.350608482125396609e-02
6.647450557088465661e-01
-4.768683974996180686e-01
-8.882590878908235010e-02
7.137657624328901107e-02
-2.314906243392937657e-01
-1.102173835419377329e-01
-1.233667789981962581e-01
-3.699696676561942676e-01
-3.554393786835410851e-01
-3.807548869309161556e-04
-1.101131076554365956e-01
3.003528480518389832e-01
3.441289739318778018e-01
2.181558629904428170e-01
-6.663551836470628098e-01
-2.973572981011453620e-01
-1.138060892130789425e-01
2.346385424068138034e-02
-1.484336732343145837e-01
-3.330635113328775931e-01
-1.117699178857462644e-01
-7.746328448418150076e-03
-2.287584116708847592e-02
-6.095545302932301457e-01
-6.693955483449826049e-01
-1.854468642902289688e-01
3.620050934056867065e-01
7.391545112211346247e-01
4.610955518462030445e-01
5.560618510266540637e-01
6.087270423822885856e-01
3.789214721455205770e-01
-2.092062843585690557e-01
1.497298580743847418e-01
1.292559908236854682e-01
2.165996343482649578e-01
8.517194136937976390e-02
-1.437110320343279284e-02
9.362963816188964172e-02
2.184911656133926572e-01
-3.307663786427892938e-01
1.200201058475385829e-01
1.025956274598239237e-01
-2.401737891403670777e-01
-2.943082415140657049e-01
8.045017284550691483e-02
-1.165404590305946092e-01
-1.376090935547649718e-02
1.229974747843759625e-01
-2.380495080136648539e-02
1.401511619616521431e-01
-1.509665885995872640e-02
-5.113883498308137154e-01
-6.909819134945063279e-01
-4.888930646501491450e-01
1.269617460105458284e-01
2.291381032367833526e-01
3.860858157511996569e-01
-5.557302428394063076e-01
-3.211191202400918154e-01
-4.027422468561576707e-01
-6.937042993018942560e-01
-5.939453098336365811e-01
-8.882630563627501308e-02
-1.365152679341943287e-01
-1.476918470110061832e-01
2.508172162197468968e-01
-1.038795139578796989e-01
2.561548090683884657e-02
3.425696917638802741e-02
-2.114851128379590661e-01
-2.073678816959696747e-01
3.220347926106112424e-02
-1.288575211571895696e-01
6.570646893830192625e-02
1.782775821544796413e-01
-2.174906974814979632e-01
4.275562269706234542e-01
5.221770604878736011e-01
1.886885551170210396e-01
1.179616121389030076e-01
3.661713829616370930e-01
1.053208666528718251e-01
3.764580675384845976e-02
1.004837252631537031e-01
-1.555798547505304263e+01
5.313909508013271221e+00
1.126029460505950652e+00
-1.006752422747580367e+00
3.554351952110515467e-01
1.172777662070724647e+00
5.003668227842446026e-01
9.435007870084830550e-01
5.800096684852482642e-01
-1.518069501029920831e-01
9.561597811054066420e-02
8.104728799923198446e-02
-2.484547331572985740e-01
-2.913616243450662391e-01
1.186523370669711475e-01
-1.357760149045571241e-01
1.192806385620878845e-01
2.847875934123610397e-01
2.853398055080456075e-01
1.507519871736862915e-01
1.998348385483895984e-01
-1.355968040841963596e-01
-2.976071325559714875e-01
-2.369074804846371951e-01
-1.224903417431694730e-01
-3.535254516064636338e-02
2.749481777102762425e-01
-5.858241249023227404e+00
9.081363251773902689e+00
2.077294758219146331e+00
-1.094371288836256007e+00
-1.775847961105463835e+00
1.303626155408341702e+00
1.641505249120865928e-01
-3.407480960409675630e-02
2.243941468569526365e-01
-6.312076729900269356e+00
9.644034052810875224e+00
2.404457318572073898e+00
-9.373372994541703251e-01
-1.930091311085075478e+00
7.257566983756160717e-01
-1.234212798575364117e-01
-2.042087877450437794e-01
1.722490973956826987e-01
-1.096492223615137362e+01
6.955175274158214904e+00
8.749665561226567245e-01
-1.407745316126712387e+00
-1.661340152249316970e+00
9.891944978733260285e-01
-3.795596402666684965e-01
-3.508766179900910109e-01
8.346686317353831097e-02
7.958363500711412852e-01
-4.205400463318793580e-01
-2.905413800286749115e-01
-1.863951119495022013e-01
1.091932395571248125e-02
3.505892747582493862e-02
-1.239134182190190087e-01
2.046617953951728741e-01
2.842268178983273774e-01
-1.664902191833152467e-01
7.741360728609740505e-02
1.259821077310367687e-02
-3.287122601243748221e-01
-3.730598830902345231e-01
-7.216710241966620663e-03
-1.700140267019803475e-01
8.867428584853653817e-02
2.900326983184093321e-01
-1.651363732515824245e-01
2.381983021496322794e-02
1.604006795863973170e-02
-3.553234989954795475e-01
-4.178288891975882047e-01
-8.134069547067590555e-02
-2.108314947064381384e-01
9.242270587649531466e-02
4.214799324516206314e-01
1.014585261409500339e+00
7.331062024419561507e-02
1.985081358834704102e-01
8.334906974378043787e-02
1.122363513548401553e-01
2.547771212302087085e-02
-7.963857569075304121e-02
2.849249158966946638e-01
3.553029750428554623e-01
1.635468496846649855e-01
1.538433592216788270e-01
-8.372276579895525372e-02
-5.858810359121249256e-01
-8.115490303041709153e-01
-9.035973152924957619e-01
3.402578572592830641e-02
1.285323567143982215e-01
3.457856836299715297e-01
-6.866833098051470241e-01
2.979033305372441043e-01
3.769594640367232019e-01
1.362697548404525894e-01
1.311276200480281928e-01
4.827883826202254980e-01
2.199525475603673064e-01
2.457031101678439078e-01
3.320114802155323397e-01
-3.796384339930392593e-01
2.682406710337049138e-01
2.956163797260158432e-01
-2.782802420015852499e-02
-7.418943032061982301e-02
2.054341432950753943e-01
-2.314512255081525166e-02
1.763816861089586852e-01
3.920434299596537442e-01
-1.290719614154645178e+01
7.911506070905101495e+00
2.079608927011444397e+00
-3.319397383491672349e-01
-1.099248387290828299e+00
1.228461757980992886e+00
-9.745138647511311647e-02
4.967220671645902058e-02
1.116462832464437394e-01
-1.470574982163769739e+01
8.252320498984662578e+00
2.963022376972988869e+00
-5.408543033559368857e-02
-3.052237288112213398e-01
-5.584494897512166933e-02
-4.119953206322295447e-01
-3.784282706781614269e-01
-1.230764653576739837e-01
6.380165449975843117e-01
4.379077559131212549e-01
4.769802918937762204e-01
1.744743455261874576e-01
4.345478508744310409e-02
-6.146905457115450083e-02
-8.083171832484051245e-02
-2.325828205303450205e-02
3.028513019853706911e-01
-8.789921188104724337e+00
9.324967561679940786e+00
4.349753317300413258e+00
3.614517975089003299e-01
5.196018068294928627e-01
2.291965841372943166e-02
6.933727332102199159e-02
4.544858946708293379e-01
1.920748163083182414e-01
4.622628061286016554e-01
7.903245042695047351e-01
1.776357230796274944e-01
-3.125461828202329428e-01
-6.944122475941489903e-01
-5.261077364720869731e-01
7.270784216026886515e-01
6.535514474512978955e-01
4.468979248719636699e-01
2.458303730390976605e-01
3.109973171618327092e-01
3.393948980845743479e-01
1.330891388133164377e-01
1.102715787436007178e-01
5.089526261840260357e-01
-2.000450289560229689e-01
3.251113242274889514e-01
4.191249751816715774e-01
-1.423235489725271918e+01
8.101724598423562185e+00
2.644625691170419124e+00
-5.591455123210917755e-01
-7.956710466766870882e-01
-2.691528506056107273e-01
1.748441761273098749e-01
4.518804222833969902e-02
7.371469674367242542e-02
-2.002435574584687217e+01
5.319927667301801222e+00
1.827655463273076153e+00
1.921263211246428404e-01
-5.795511727861611950e-01
4.676881647644436923e-01
-1.186064635820456709e-01
-3.678302165562406800e-02
3.937203848879786833e-02
-5.406930347621337063e-01
-6.483489908066343288e-01
-6.629450508374846729e-01
-8.248612877418586287e-01
-4.228857426781628681e-01
-5.410766314580306435e-01
4.432022744632742040e-01
5.900211557120177419e-01
2.949908620688261318e-01
3.838228274791708611e-02
-7.442470353110126891e-02
-7.817849877691562810e-02
-2.006106871188551855e-01
-1.419913100171018572e-01
2.041465305341090830e-01
-1.921535388856723536e-01
8.193037514807947896e-02
4.358852118602086351e-02
3.551567400798147478e+00
-8.259219793868197712e+00
-1.906485538882163056e+01
6.731476820411010031e+00
1.378322477151325165e+00
1.341844842727540010e+00
1.586105963166586086e-01
6.738123192788673110e-01
3.099507524004894710e-01
-1.009207742455120016e+00
-5.487383205779862161e-01
-2.069525527814607135e-01
-7.488977867201407346e-01
-5.052215376108615263e-01
-8.013554713900176152e-01
3.748737525409828186e-01
3.217852866876583784e-01
5.062892424344678233e-01
4.532380806392258266e-01
-6.497104233846082710e-01
-1.100962715912317869e+00
-7.838367819842463335e-01
-4.053096034307559492e-01
3.849701502474414117e-01
-1.982169505018234468e-01
-1.104521068550414348e-01
4.381789983501012398e-02
3.690318994553166698e-01
-8.779688257839179943e-02
7.225358698021121240e-02
-6.742074119579921643e-02
-2.044883467226921714e-01
-3.654694395316461231e-01
-2.197544581856163692e-01
-1.521254885194731343e-01
1.477977769506847762e-02
-8.427045721860805472e+00
1.120791186920019200e+01
3.638236573908319560e+00
-4.130476148360308075e-01
-5.422152112397029544e-01
-3.653074437382727302e-01
-3.434533923533783506e-02
-1.905339105047294535e-01
-5.653351854459498504e-02
4.087213292604157111e-01
6.090204333227324796e-01
6.441131584654328224e-01
6.634374120305177591e-01
6.549070280396536159e-01
1.071815482336833991e+00
1.075000898964992152e-01
4.344095214477458611e-01
5.679176767181288721e-01
2.335367152107472033e-01
3.906588964908735417e-01
4.403928792626649602e-01
1.277046726028440160e-01
-2.519376813940143837e-03
1.395347130865772500e-01
1.740004216360846456e-01
1.301273960886892567e-01
1.974303217393299226e-01
2.865710007451006902e+00
-1.178234566225832403e+01
4.090739318631816168e+00
2.627495032658228702e+00
-1.585478428520123328e+00
8.915358071291512587e-01
9.293477474602432342e-02
1.335450474714335034e-01
1.638156176070369174e-01
3.237314358711508300e-01
-1.200132382075373288e-01
3.373991194799666471e-02
-3.185639142441168328e-03
6.663119080002008476e-02
6.600556441218465020e-02
-8.448514912996343829e-02
2.985381324647763679e-02
6.516183612792610103e-02
6.501582965399227199e+00
-8.173095559775699570e+00
1.090694999038655055e+01
4.101120420880228323e+00
-7.720154952879281218e-01
4.869727292801065421e-01
-4.740722317613473291e-01
-3.138928441347617615e-01
-7.966041936080116292e-02
-1.135860760573264683e+00
-7.905251566643461958e-02
-4.653614585918762203e-01
-8.394013974228344832e-01
-1.074621505352705952e+00
-3.673896580859726813e-01
-3.719008934560248947e-01
4.728437431559566195e-01
5.740076875357910113e-01
-1.686186128115617078e-01
1.188230460359003260e-01
1.638641323597316013e-01
6.413678838369398991e-03
6.284499871727691755e-02
2.578782740308712129e-01
9.697307804241410423e-02
-2.510807328645162616e-03
-6.503506986885869423e-02
-1.091885442335922829e-01
4.003731020917972172e-01
8.777951962751842641e-02
-6.351834461057676018e-02
-2.388670015192860818e-01
2.664741994787833690e-01
3.022977204538084828e-01
7.148007576787795969e-01
6.784193153989794833e-01
3.596063144074485018e-03
7.496240880546212182e-02
4.135095160504028561e-02
-2.382084413816278334e-01
-2.570262863918406637e-01
1.011909400183609031e-01
-5.479247053325084216e-02
7.966081837872158664e-03
2.913575776412212492e-02
-7.914677431383817519e-01
-1.035366991894919909e-02
-4.082579345300813012e-01
-6.385872533226878422e-01
-7.906059839685991575e-01
-1.841910003755349856e-01
5.033814645631566886e-01
4.174364305758869187e-01
4.049061200662247284e-01
-3.452823905585041264e-01
3.082273150564083242e-01
8.688039837578641622e-01
1.001965929322363058e+00
1.021183888953668406e+00
6.233042631377865295e-01
3.509188831255801166e-01
2.981187685767537898e-01
2.166858537731881085e-01
1.732071778136840545e-01
-4.144650613868413463e-02
-9.888629338264373625e-02
-3.558390027777596498e-01
-3.228864238856972713e-01
-8.366779690372005973e-02
-2.027584608038715541e-01
-1.891040495853291981e-01
-1.028843834217258862e-01
2.526752921991436418e-01
3.597141591452139853e-01
8.581364554961992130e-01
1.012396951177207516e+00
1.103678560590669155e+00
8.730582485157981631e-01
4.430679426588362002e-01
3.697226108795224064e-01
2.999403448867295485e-01
8.746509398922601708e-01
8.669406518036337772e-01
1.018743354127911616e+00
7.155676231320727831e-01
7.580960703906626241e-01
6.003709699933796884e-01
2.031163436223726027e-01
1.187345074188741051e-01
2.357240545500214335e-01
-7.817086720579244710e-03
-2.716747806332115572e-02
3.420542551893064331e-01
4.120229322501492986e-01
3.116994500169178450e-01
-1.530155407004745727e-01
1.707112088578592035e-01
1.245615917496618180e-01
1.677463862382848614e-01
4.128862396914243296e-03
-7.584483683384088404e-02
-8.260396616282128512e-02
-3.036576165476243538e-01
-2.481783265015763684e-01
1.557510453283494911e-01
-3.169289085868353117e-01
2.837320386198712713e-02
5.201998916120369187e-02
-6.129268068567468308e-01
2.713179438276169253e-01
1.851766620623275794e-01
-1.267395057278779547e-01
-2.597648324255660279e-01
-3.321108724599689532e-01
1.334002157622064810e-01
4.377812612002321413e-01
5.528209611402182810e-01
-2.380320977187091736e-01
-3.655319562587519555e-02
-7.840711683629944528e-02
-3.637729838524871862e-01
-3.475165874192805981e-01
6.777736314707313945e-04
-2.223344339727426622e-01
6.559557255147710486e-02
5.497911532411179497e-02
1.469163612914873018e-01
-2.076612236807566167e-02
2.623399764189244740e-02
-2.040367871160633784e-01
-3.210852770359063357e-01
-3.433641068238041938e-01
-2.045400617585256264e-01
-1.532917344889490885e-01
-2.355161824209011517e-02
8.512288367561735569e-01
-6.943786624400067886e-01
-1.153685445495167272e+00
-9.790148591611673723e-01
-7.060976397973864893e-01
6.079570162573844083e-02
-3.108109260791693806e-01
-2.644594572431071544e-01
-1.113888970881114632e-01
4.315564991902035352e+00
8.552725090970764166e-01
-7.518061170548634431e-01
-1.185937851030256729e+00
-9.214599069869667813e-01
4.420790835235423599e-01
-1.065045142302473019e-01
-3.701290487689251271e-03
1.396982741585468335e-03
-1.392535853773933796e-01
3.019360900776335010e-01
2.515436494340189677e-01
2.747196157238302600e-02
-1.931897672178477937e-02
4.425393942518352497e-01
-6.423002777532009488e-02
-5.413731388835382047e-02
4.379960821894231943e-03
-7.076899062420409503e-02
3.024111088095611521e-02
1.959581089695522013e-02
-2.340717517856812091e-01
-1.879009830816877336e-01
1.206724439360777057e-01
-6.687042609594942566e-02
-8.042649553450559319e-02
6.698415730554029696e-03
-1.557573634703817433e-01
-1.382681635395298890e-02
-7.024624283622840637e-02
-3.556937295116372466e-01
-3.668394948642668685e-01
-3.618760058800708605e-03
-1.354114776288434241e-01
-5.567895974772060080e-02
-7.272224917566351421e-02
-7.398022630838931413e+00
7.741542363975738361e+00
5.128941762464236831e+00
-4.355378902905308880e-02
-4.088028965275613547e-01
-1.204048090909534352e+00
-7.029793597437315744e-02
-1.071063027051459560e-02
2.053491441005494689e-01
1.853974833962927171e+00
3.610315955452284009e-01
1.078525827480259075e-01
-2.684302917654033394e-01
-1.802468794057123791e-01
6.976603793574885637e-02
3.911216405339416197e-02
-1.351906067579869419e-01
3.631872317293156210e-02
4.455641151986280100e-03
-2.178620479254480269e-01
-2.791204019795254232e-01
-5.368614677838496885e-01
-5.130957995122532589e-01
-1.487653405366890780e-01
-3.300281900460372841e-01
-2.167239431422826601e-01
-1.930997602084616183e-01
-3.969973625874089196e-01
6.514036011618512534e-01
3.154026045412081647e-01
-1.499022911751293208e-01
-6.388368860266817606e-01
-6.093601521442700841e-01
9.471670769041301563e-02
3.046887061669399377e-01
3.324956994804427191e-01
1.351416603513882597e+00
-7.280307473161782283e-01
-1.097163513011724767e+00
-8.110671884297624423e-01
-2.286949322716418376e-01
2.865288258457021620e-01
-1.084252676011554506e-01
-1.425197231342064524e-02
5.275575301547494322e-02
-4.248266595475046203e-02
2.093977498738938403e-01
3.237197737373858630e-01
2.667675110624040946e-01
4.532130563185273187e-01
8.997886346029192461e-01
-2.033042683158513553e-01
-7.756928729490868146e-02
-2.800061224015308603e-02
4.185123914713798632e-01
6.627670369858830179e-01
7.765222964733572431e-01
4.457495761998095385e-01
1.474445057470773757e-01
-9.145866108501773950e-02
2.161683774648538170e-01
5.669630916256704345e-02
5.443885986880596384e-02
5.355501896427417030e-01
3.228226893693673105e-01
5.608585060084257945e-01
5.466137816927696402e-01
5.530213737816759290e-01
6.509543744660206688e-01
3.359912071338812950e-02
1.093309529927617429e-01
2.086477701410400787e-01
7.017112810704513315e+00
-5.529698045373249826e+00
-1.783630768899725894e+01
5.843676311695007897e+00
-8.245201862709705676e-01
1.958795567774938573e-01
-4.010016672338586607e-01
-4.297197979605018453e-02
-1.190805138575253552e-01
8.299019018079475174e+00
-5.178257474710274089e+00
-1.814206675546580882e+01
4.887186118150657066e+00
-1.276632575824109939e+00
1.616757743288596838e-01
-3.519991452096083995e-01
-2.226404049768712368e-01
-9.172556741242689216e-02
-1.301390136473261627e-01
-7.487694779753638341e-02
-9.213954413721724135e-02
-3.468023412817003992e-01
-3.397193359079655472e-01
3.365188060398859038e-02
-2.947607607937913210e-01
7.280759072239512131e-02
-4.549608945202811283e-02
-2.023207244797077531e-01
4.905731150032035526e-01
3.948436638627813577e-01
-2.857518024932895750e-01
-2.883165922502399781e-01
-3.869037481443485249e-01
5.881718982008531382e-01
3.516095642183202918e-01
1.925633055944478700e-01
-8.266990334512186456e-01
-1.665178718392938517e+00
-1.408681080976770028e+00
-7.562016251523940857e-01
-1.458148019590645439e-01
1.784715521393003546e-01
-2.743889487835534102e-01
-1.622325373798346460e-01
-1.515298520141204752e-01
-9.429781990593433250e-02
-1.504842268200086153e-01
-1.901604260723669115e-01
-4.514357365800804045e-01
-4.209433409993251773e-01
-4.377468138536658171e-02
1.064349355109999729e-01
-6.139303472252398419e-02
-3.313308981530887348e-02
4.500808082356223316e+00
2.867395585407809033e+00
7.797104715152866072e-01
-3.731562635249045523e-01
-8.008807870612376645e-01
2.669825196581857574e-01
9.924187919358117005e-02
-3.857691675408456491e-03
-1.228422168628748312e-01
2.601945529267837842e-01
6.908178847006275491e-01
8.244257450359203654e-01
7.290180732011846132e-01
6.480509744470505096e-01
9.696694302757726813e-01
-1.962858009166728868e-01
1.750824532382330989e-01
1.011810760310589141e-01
1.400733226412513299e-01
2.398361869791948153e-01
5.391255868352349268e-01
4.457466839595802255e-01
2.175402829101863722e-01
-4.493270467922592659e-01
-1.158538974653747222e-01
-1.516982670251533494e-01
-7.219060386068773538e-02
7.969221945972812526e-02
-5.244002617222918300e-02
-9.191377271094026968e-02
-3.707917085573147475e-01
-4.249056393206663840e-01
-2.768922885838764336e-01
-1.167330346170160765e-01
-1.420845998617568384e-01
-9.136287898308112498e-02
2.166324291010652381e+00
-7.070329092098930346e+00
-1.688193911722376939e+01
6.412452894514224511e+00
7.010778654233394969e-01
-1.775462834729379935e-01
-6.590900200870807302e-01
-2.629845914561346754e-01
1.677177363447494296e-01
6.009990835531264786e+00
-4.391181633653989280e+00
1.360686939769799508e+01
7.428304650565507927e+00
5.407840486929271773e-01
7.677533305461375912e-01
4.023280887075615653e-02
5.137632868591931468e-01
4.329853234408478913e-02
7.033853977518258471e-01
-2.358135503367626562e-01
-1.239485127658182945e-01
-2.540850337249653257e-01
-1.531099511757542664e-01
1.738666019827673007e-02
-1.913093020478543460e-01
-1.242734813551726047e-01
-1.185471385867633148e-01
1.280535445854567023e-01
6.517801468063932901e-01
8.359197318148637867e-01
6.108073421253843449e-01
3.434010247348062705e-01
-1.639805005835574536e-01
2.197817049119052957e-01
4.504544934618377738e-02
2.123786963087971689e-03
6.728497214668772985e-02
1.267674515526916179e-01
1.057647263310221297e-01
-1.768253237943227529e-01
-1.919584753605038108e-01
9.143355246440790229e-02
3.065899553571096656e-02
-4.620980531108451715e-03
-5.205308382985440740e-02
1.846887148085634978e-01
3.310506762357300070e-02
7.829901934530598961e-03
-1.977286166906567222e-01
-1.416979615044733076e-01
-9.717649941493881893e-02
-3.738951924775614777e-01
-4.153755670494220786e-01
-1.857084878816746554e-01
7.073371601712257206e-01
5.194981760636208784e-02
2.456864507437444833e-01
2.988482075420405629e-02
1.028775583228435792e-01
2.700818958287125038e-01
1.700467457180959707e-01
1.195682028118580792e-01
1.401259709412351062e-01
-1.241983080372648374e+00
-1.416816360085706883e+01
5.840461105473300663e+00
6.918938647552972387e-01
-3.947361146037294821e-01
-3.850155765830020616e-01
2.271901262094997986e-01
1.501150646102360486e-01
7.457324157494164829e-02
-4.879327431418039929e+00
-1.478877995203913009e+01
6.131872165485528825e+00
1.421018198241259078e+00
5.028081939124851019e-01
-4.718623720624654516e-01
8.922569136602850892e-02
8.635078432155550432e-02
1.731605864091331770e-01
2.556265934356198422e+00
-6.515427569323616552e+00
-1.644410801610115413e+01
6.300367393250985160e+00
5.875290891372813018e-01
-1.518804650191332428e-01
-6.231691247808154310e-01
-2.954669936957289855e-01
1.314349784144925037e-01
2.070275286504535406e-01
-1.109543488511623155e-01
9.613118881495377743e-02
4.986057739675874706e-02
9.695472147590114553e-02
2.432282737248979698e-01
5.061358496176645433e-02
8.416423920974382827e-03
2.085562362627841615e-01
3.174792016415171059e-01
-3.813098059403245421e-01
-1.942774511690115724e-01
-2.168866362715791141e-01
-7.229778078067375380e-02
9.740669380042571435e-02
-1.098375095109354188e-01
-1.187968156411681186e-01
-1.043530881021509371e-01
2.254214624293942038e+00
1.982826574066053615e-01
-4.240112527392624897e-01
-8.530456008858198214e-01
-6.126914394771174610e-01
7.390174760114258390e-02
5.250884946859144670e-02
-2.164059089866535446e-01
-1.336421477616178133e-01
-1.681706829764658406e-01
8.240871543016325962e-02
-1.941272264961006744e-01
-5.007602341743506713e-01
-7.844025906102027879e-01
-3.205319491466962489e-01
1.611216353937303947e-01
1.081279282773343203e-01
1.312312908374131115e-01
-8.911137251934823922e-02
-4.072019936754519009e-01
-4.629696394292719952e-01
-5.836430506458188949e-01
-4.846357717990052993e-01
-1.622080926399253886e-01
-3.103140042041517832e-01
-2.544949279941871034e-01
-1.611440873356032311e-01
2.780497801886964715e-01
-1.965947912512891471e-01
1.056590090455560536e-02
-7.904481104610137920e-02
-1.195617536459253442e-02
9.307540476803595475e-02
-2.054609753426799579e-01
-9.380703575041143827e-02
-1.477210017836568245e-01
-6.295066266310859193e-01
5.327008487034584627e-02
3.176379817391519755e-01
1.484708364231981936e-01
3.715414496982779036e-01
2.628932949132355423e-01
9.516071475990404982e-02
-1.116107904475365786e-01
-6.233839748189963503e-02
-1.817736358237944383e-01
2.416473169721721215e-01
3.189100193112515136e-01
7.648517553518452416e-02
1.064273351118233263e-01
4.050842600184406117e-01
1.270400854597378282e-01
1.111449978830256063e-01
5.275685590903705924e-02
-3.958679953125069928e-01
-2.696354482752215675e-01
2.026664343760360421e-01
2.070853795401543795e-01
2.524458211106808680e-01
2.481845504519762102e-01
-1.568360412313742416e-02
1.202323115489153521e-01
2.344341359360703958e-04
-1.435981584832646929e+00
-6.881752821203693804e-01
-1.246065517940503492e-01
1.321641520229813183e-01
1.808108540192188973e-01
-5.656443382250855856e-02
-2.875713241864891745e-01
-2.918487500483255004e-01
-2.680950733173170786e-01
-5.303899663554969557e-01
2.309887514639919759e-01
-1.257670447806183145e-01
-3.480579698012193912e-01
-6.094965729094096174e-01
-2.080913282657650965e-01
3.240237797822153598e-01
1.791904904837176016e-01
-1.432869402447350116e-01
5.193536063836315386e-02
7.926121604854551028e-02
5.296107777344411655e-02
-1.493303157069274800e-01
-1.511026512304240177e-01
3.291833304728940535e-01
-1.300615290296941173e-01
-1.477121230709345645e-01
-1.787261301021336735e-01
-5.805676497643071921e-01
-6.821976683775166084e-01
-8.895337483396577316e-02
4.097462368996323545e-01
8.315136953312454171e-01
6.103162559706388768e-01
-2.984641002972266977e-01
-1.399124763390969528e-01
-1.992172215784905054e-01
6.886672016048586364e+00
6.431072319328588804e+00
2.845069715695803136e+00
-2.479953632168040434e-01
-1.496624496721564501e+00
-9.870534801054307028e-01
-7.407829719964474646e-02
1.251250304885221931e-01
7.104237950085742770e-02
1.129498818006643146e-01
-1.862166110885148385e-01
1.123784123012080555e-01
1.911266794558046378e-01
3.427409823273661060e-01
6.308811255106595572e-01
-4.693874610952471910e-02
4.172065445610006335e-02
-5.501811240349274018e-02
5.072303829069974013e-01
9.019942193727973345e-01
8.933011179749509312e-01
7.268638204208320852e-01
5.462082387661676419e-01
9.127192257484032512e-01
-1.333742299384002294e-01
-5.905349673506898184e-02
-9.055161821270539535e-02
7.241949059600404359e-01
-3.039734903255553178e-01
-2.766561075414551429e-01
-3.390434274328621433e-01
-9.907032458511973172e-02
4.299056085330334454e-01
1.582829357822580427e-02
8.142304097849831224e-02
-7.764035203562835719e-02
-1.251085589555794853e-01
7.765690929421201032e-03
7.680434214831750872e-02
-7.737295367350373321e-02
-3.131418009607911217e-03
2.701508790400171667e-01
1.150114037357158336e-01
8.029189058755339947e-03
8.427903214046221503e-02
2.771065586245465284e-01
3.243228033644574571e-01
3.480374372900615909e-01
1.764127479252599329e-01
1.507772084392916268e-01
5.748619698630866859e-01
-1.496598682831724314e-01
-1.881270152690150688e-01
-2.204881743122276416e-01
-9.312052276724781308e+00
1.277051378621661470e+01
6.064995297984822287e+00
1.335933631366433172e+00
-1.347279884458455701e+00
-1.580830985170876557e-02
-7.694338544366681465e-02
-1.079447839705124923e-01
-1.295715363133656539e-01
7.237411170620711154e-02
1.341769573448399200e-01
-1.209987788959644289e-01
-4.185530393748931322e-01
-6.905847295347058434e-01
-2.510123871690480013e-01
1.335139360471471193e-01
5.799866643125783927e-02
5.512712368587632111e-02
4.402974203567435740e-01
-1.857144342549575111e-01
-3.641788707613146520e-02
-2.220003044617899768e-01
-9.758168083701973528e-02
2.032038878285420680e-01
-1.376044646915475407e-02
-8.337021396036931042e-02
-9.787788387986934291e-02
-2.453983716489653411e+00
-1.911355741281276943e+00
-1.396005681024470313e+00
-7.741182371467812962e-01
-3.266478452996902648e-01
1.291368296309741148e-01
-2.651521335132719370e-01
-2.673737051427467759e-01
-2.504154064331168827e-01
1.080484566180354200e+01
5.330921603053075053e+00
1.401525217760440256e+00
-1.071601528625524713e+00
-1.272419868278495958e+00
-3.408750808339681276e-02
6.934645451545068395e-02
-1.644792824243323792e-01
-2.315047915627626851e-01
-5.726534582515159233e-01
-1.220672921515250309e+01
-2.271445278598715234e+01
1.588504507156693668e+00
-3.018417343370637280e-03
-5.649202693637501715e-01
-1.357383628923402273e-02
-4.903184867779283168e-02
-1.294672814380485315e-01
4.566382802740895919e+00
-7.595646425646513045e+00
1.004704530563253151e+01
3.577765892175948537e+00
-2.443681962421064391e+00
-1.078816568382746643e-01
1.332577423346020806e-01
1.091744813545465764e-01
4.773031574540511496e-02
-3.915787368094289511e-01
-2.225399808206419139e-01
2.124222144150176850e-01
3.883788311783368252e-01
5.538504019869175954e-01
6.475138772276096688e-01
-8.767741518258535816e-02
-1.643230578670263342e-01
-1.562667692109221962e-01
6.429131429188061908e+00
-4.393541568371081674e+00
1.424900410480275426e+01
5.393875561733273649e+00
-1.466215662686524146e+00
-3.437780724278690636e-01
-1.831624240580037588e-01
1.222167542855431971e-01
-1.678601221747174910e-01
1.187216166655888472e+00
-3.093618645413758750e-01
-4.734680152151856114e-01
-6.499036489409883988e-01
-3.528488012496676096e-01
3.818081352092271286e-01
6.875542825879651931e-02
6.815782588231437955e-02
-1.061593133537257344e-01
-4.923406965014121006e-02
1.486754098209546945e-02
4.752390221481757326e-02
-1.612852439726780718e-01
-7.989046727135019899e-02
2.856885637619300811e-01
1.773325046743118860e-01
-7.216069249644595229e-02
-6.437078592661150955e-02
1.698323915087300018e-01
-1.490050115615002280e-01
-1.522189483221810524e-01
-2.409030508723600250e-01
-1.513992000990844189e-01
1.695248772745755195e-01
-2.979818819055388146e-01
-2.265886390934543915e-01
-2.963117915078454234e-01
-6.892740048858188029e-01
-2.847822409206429706e-02
-3.550253454366166239e-01
-6.924878636617155525e-01
-8.838590485064686808e-01
-2.577029186288783968e-01
-7.109630160429082635e-02
1.331735034369846415e-01
3.623716004301684446e-02
2.089463015649928868e-01
4.964983193321301225e-01
5.281351434067824702e-01
2.145593471137578478e-01
-5.778524288564482886e-02
-3.489488250498528621e-01
-1.559950241670203797e-01
-1.596280647660175134e-01
-2.892010373774992482e-01
-1.181133470338662894e+00
5.776833292597855635e-02
-1.861330708921441479e-01
-5.330946400740996793e-01
-8.271396930928849311e-01
-3.588476303596941919e-01
1.132991541373555427e-01
-1.332177755046431988e-02
-9.285781666649542757e-03
8.717710583819476611e+00
-2.170384515709862239e+00
-1.474239179717718073e+01
5.218958703300364377e+00
-1.040608302658966977e+00
-4.107358838838056081e-01
-1.499114283956909655e-01
1.458604355970483935e-01
-1.693465797382862903e-01
3.081347460670593730e-01
2.477890339667070674e-01
2.979656876498046336e-01
1.107588282645690231e-01
2.862514701200910561e-01
5.112304030639245322e-01
-1.857297929529144187e-01
-2.271526606062485854e-01
-2.301560752796837084e-01
-2.954893302344019923e-01
-1.321346051250715803e-01
-1.565791246360757893e-01
-4.316780990655058603e-01
-3.958399495951278602e-01
-1.718269195807865931e-03
-2.227614444662363857e-01
1.233826981278613854e-03
-1.928720257848827169e-01
6.285205496306439876e+00
-5.346423626659845496e+00
-1.799482500617811098e+01
3.868121453735616999e+00
-2.418366614219786825e+00
-4.668946200757758680e-01
-1.620903804002380848e-05
-9.346455832228474370e-02
-7.493384735626788806e-02
6.711188706293452988e+00
4.591292993776809439e+00
1.361882797307505832e+00
-8.766327915725469211e-01
-1.499881077695662590e+00
3.116213963360141004e-01
1.852030721812345238e-01
1.385928688062566805e-01
4.392563190491766134e-02
-8.567567480478886777e-02
-1.384557012522857622e-01
-1.655864998195894500e-01
-3.666957035056420677e-01
-3.099355452587340132e-01
-1.207672427212190015e-02
-5.450094341041756413e-02
-7.129384071779865106e-02
-2.194617595960279555e-01
3.184565518990697952e-01
6.386643342346245422e-01
6.923154615079504248e-01
5.653978104526888870e-01
4.762265428074008433e-01
9.232143089549205150e-01
-1.170057906277458121e-01
-1.391267446261094387e-01
-1.541614255256441579e-01
6.920013286725261281e+00
-1.947709194799544186e+00
-1.306566136742074313e+01
6.621412366122632953e+00
6.599449578261471494e-01
-6.397142656824168494e-01
-5.592390227222232557e-01
-3.669897218266505723e-01
7.724004119120338185e-02
5.825913519248624439e+00
-3.424280222105712923e+00
-1.474037103337487231e+01
6.171836703600261487e+00
-4.980266414927492780e-01
6.496418599368795899e-02
1.097413601774866049e-01
3.290830342346749982e-01
-2.290128001767468419e-02
-3.232937549723077786e-01
6.760222864424076938e-01
5.323715828698787345e-01
3.501321636286238159e-01
8.773773914745112978e-02
3.661950131372018746e-01
3.771973857390297641e-02
-1.050687024363699540e-01
-6.678466075326479345e-02
8.227230876259888248e+00
-2.781388114994522986e+00
1.289261541436349923e+01
5.993841364302959995e+00
-4.222128764886903113e-02
-1.157517761294057923e-01
-1.084289295034439847e-02
2.524390520921306891e-01
-1.389314664963445245e-01
-7.309366073209930814e-01
-4.568191550137734591e-01
-1.609943851152612418e-02
1.576039182054058130e-01
2.959068212764320305e-01
4.311212590052588278e-01
-2.104389815008759490e-01
-1.501159410515529868e-01
-2.184665167214225046e-01
-8.428234508158725102e-01
-1.093360648977983463e+00
-1.000147978332655230e+00
-1.239065549039316316e+00
-8.515184926600630755e-01
-3.993346210177837197e-01
8.324150131653712537e-02
-7.623309188218349575e-02
1.810921879239216908e-02
1.193456996687908694e-01
6.378633392961451376e-01
7.472220136250158351e-01
6.270173561716918531e-01
5.706911978252913187e-01
8.510369901843278795e-01
-3.263736306407967747e-01
-1.639528167041115758e-01
-1.806538443241289538e-01
-6.285415510132930095e-01
3.981444502319093637e-01
8.669155566708051930e-02
-2.059047794534894227e-01
-5.008726818957343063e-01
-4.001948139806160709e-01
1.172218281080964451e-02
-5.534623277507096789e-02
-1.730579397686992649e-01
-1.132020326522927833e-01
2.728320621693513040e-02
-6.557919048313459731e-03
-3.060816248205828760e-01
-2.937325749789027607e-01
5.103564073631351727e-02
-9.937886819967399477e-02
2.288815691607212766e-02
-8.195500491793121511e-02
-5.177859197323654294e-01
-5.258080834876169840e-01
5.853750331725973005e-02
5.253314502177631740e-01
1.117206749778964836e+00
1.127880135394433880e+00
-1.967257884820708125e-01
-3.612474190878356417e-02
-5.033782816951094113e-02
-1.473321833512388546e+00
-1.688124557005271420e+00
-1.050365583356669852e+00
-3.306768296930334139e-01
3.575155490827202076e-01
6.534914499707623614e-01
-2.984578151757414366e-01
-6.727028790647772427e-02
-9.054305636117537803e-02
7.369311342590251890e+00
3.496963456661781766e+00
5.572515980621834952e-01
-1.356082329486644422e+00
-1.830256454897181362e+00
1.756730845521824180e-01
2.502502725320199933e-02
-1.488746757738134419e-01
-1.395865414311651120e-01
1.045848854564224339e+01
6.782772002939855049e+00
2.908295872173756624e+00
-3.983764719627330142e-01
-1.018123933386121394e+00
-7.084457538179431690e-01
1.981408139535694723e-01
-1.346569260420146241e-01
-1.578970120727155313e-01
-2.199737983981522760e+00
-1.034978341739426488e+00
-3.344677053329120908e-01
2.133590307758187476e-02
1.597803801058879924e-01
3.514192378300365349e-01
1.044391666608494168e-01
1.170194858782443587e-01
6.131476395452466199e-02
-2.074952432666260504e-01
3.694613534649828224e-01
5.074440612347073942e-02
-4.851249514575487476e-01
-5.586856937868042161e-01
-4.557231373779020434e-01
2.845219353018675901e-01
-4.451837463497076292e-02
-8.394850217651692037e-02
-2.669986041236117047e-01
-5.747316179062771369e-01
-9.471576954995355457e-01
-9.134409215010356187e-01
-2.399016710856922419e-01
1.118348712121122412e+00
1.307992784812166409e-01
-4.786568861029567856e-02
-1.421390464350939520e-01
2.367627568219224463e-03
-7.905175601893835169e-02
-9.598543362312725313e-02
-2.885463670108301959e-01
-2.316372277739322805e-01
8.059401130863168283e-02
2.201269964658562894e-02
-4.813947616478746194e-02
4.914627125205315271e-03
3.099457659961034062e-01
6.063453511781274896e-01
6.461964358340039905e-01
5.995086497061002939e-01
5.493609234240912631e-01
7.823159215886413831e-01
-1.830129940293700741e-01
-2.108091225811943026e-01
-1.130728738120574811e-01
2.637141473082762477e-01
4.832636069379288024e-01
5.284075029602914864e-01
1.879380974402687643e-01
-6.966124293251818589e-02
-6.288973863473774628e-01
-2.754812150698575102e-01
-1.266371587767832485e-01
-1.932816852613002956e-01
-1.653747927099317616e+00
-1.059835557550353746e+00
-3.255190517638416603e-01
3.903060241194429569e-02
2.813975886429702644e-01
5.666176887515266269e-01
2.116450462425810142e-01
1.478528194163510334e-01
4.391973109888819282e-02
-3.720184808951954025e-02
5.108312401915142686e-01
2.003538543761790025e-01
-6.915902559348713341e-02
-3.561673189075426627e-01
-4.198255083309648111e-02
1.453945771641834139e-01
-7.337409344500470110e-02
-6.557828913084161326e-02
9.280735873197273889e-02
5.827152095238875146e-02
2.800803050036107869e-02
-1.289641868928448065e-01
-1.102356094235772271e-01
1.889854014335194676e-01
-3.384167207998282634e-01
-1.909781651989603812e-01
-3.030719876008129421e-01
-1.493979605932485244e+00
-9.172807616994413937e-01
-6.450610756898383924e-01
-9.729437994594575256e-01
-5.726517171814531348e-01
-4.317995055168765695e-01
3.891687770671693747e-02
-2.355561715005779697e-02
-5.922628210242551067e-02
-2.467096965114001339e+00
-1.499980158219324844e+00
-7.944195126006674545e-01
-3.679096736826869551e-01
-6.825108531792335731e-02
3.544652117714716666e-01
3.698295278521475382e-02
1.268394148701057211e-01
4.002616713099850509e-02
-9.882246144894577533e-01
-7.487114159994372464e-01
-5.687412668582372127e-02
1.226965130336921811e-02
1.710599981268229042e-01
4.321435141720022521e-01
-4.692324366845204014e-02
3.923640419776560674e-03
-5.169338785599610075e-02
3.024011223527137915e+00
-7.842000980909168639e+00
8.424978112932340224e+00
2.906024398077459825e+00
-6.308054199485308988e-01
-7.028111688386482481e-01
5.816312252754781559e-02
-1.424331706523099816e-01
-2.587956793064551467e-02
-9.450198456064041963e+00
1.166887354337761273e+01
5.274514028564943224e+00
-4.299853222979283657e-02
-1.001950114651098511e+00
-7.828544165901860641e-01
2.102265868705430474e-01
-1.522861181386489168e-02
-1.886021467834185783e-01
6.354601227936020058e-02
1.799072080260406825e-01
1.190605941120721351e-01
-2.218959179191757891e-01
-3.067558964924919085e-01
1.783377585223558381e-02
5.449292059895636392e-02
2.365749241631332628e-02
-3.305226387658340148e-02
-6.694695871369394702e+00
-1.592120291470997628e+01
7.263825723660233713e+00
2.286027301987684446e+00
-1.687541174249288067e+00
2.435524912228537772e-04
2.481167210411218960e-01
5.091497590365028081e-02
2.301075548100908058e-02
2.934741443615929701e-01
7.508569221085628076e-01
6.712620437258265405e-01
2.400935716648547880e-01
1.990489577564015511e-02
6.927923911222128028e-02
2.035831769027930949e-01
1.059299738429411997e-01
6.645884368269132370e-02
-9.613981690738137020e-01
6.912745211161279435e-02
-2.189775616559694604e-01
-5.391940332311283557e-01
-7.593887904850346038e-01
-1.942434347113268511e-01
5.891101331673509120e-03
3.906756644078423352e-02
-1.114509515563599090e-02
-6.928295855638485490e-01
-7.088501847126968958e-01
-1.175550548233369463e+00
-1.293629263288667453e+00
-8.185707236390018515e-01
2.514835702090060243e-01
4.267983618276488533e-02
-2.561302699847672545e-02
-6.922576236089686419e-02
3.604950674468530014e+00
1.407958337140706284e+00
-2.818909926119052556e-01
-1.627856844183074303e+00
-1.508337014892579209e+00
-5.697268156806067387e-03
4.725469612444316292e-01
5.242710612919955493e-03
2.569314384622828004e-02
1.375341615650931826e-01
3.238956799358924665e-01
3.731366231345972229e-01
1.112723932561322238e-01
1.037735640907645335e-01
3.628833934165789921e-01
1.136300769744430922e-01
4.028878784783683498e-02
8.222057385706443844e-02
4.153684386528890271e-01
1.673903329575870957e-01
1.255829149223364471e-01
-2.860472002615135345e-01
-4.191482501640041991e-01
-2.577117942685964724e-01
-3.609847510475210769e-02
2.179374626408843094e-02
-8.773534650462774809e-02
-4.778243845066782458e-01
2.765286143393059781e-01
4.021863958518034909e-01
1.292038130876835000e-01
1.271293300985164854e-01
4.515163910684047432e-01
1.121173736420446321e-01
1.388280111918853699e-01
1.332814719653815372e-01
3.164125526224079166e-02
2.249171911601330620e-01
1.531648197213696105e-01
-2.611679986784307683e-01
-3.767391403264188643e-01
-2.416127393313410865e-01
-1.021322746568029544e-01
8.624397710141652740e-03
-1.143649582152568844e-01
5.224534449054829999e+00
1.754288153018856988e+00
-7.310974869252522268e-01
-2.173436364305806112e+00
-1.775084707231839642e+00
3.657224175286660217e-01
5.974275730260458772e-02
-5.357356263769962740e-02
-2.028811085601264080e-02
5.249223604857930603e+00
-4.959667563407839097e+00
1.494483535498695304e+01
3.572416329607206897e+00
-2.841309869122242038e+00
-8.485717864939389399e-01
2.247137944297284140e-01
-3.279259280444666441e-02
7.444980485260324458e-03
3.649777564841055977e+00
-6.737045115045339649e+00
1.106286723897466473e+01
3.925192296306755146e+00
-1.335191288069849103e+00
-9.053246693044346705e-01
1.213687662757639146e-01
7.973369413744334222e-02
1.332220938567616197e-01
4.442123592736859639e-01
8.671578361262766155e-01
1.099860443826699674e+00
6.839983233223257963e-01
3.641603222685902974e-01
1.881942166824976115e-01
-9.441884807463243184e-03
1.687761167375996241e-01
6.804937156373795648e-02
5.637569326650171853e+00
-4.296059597028367705e+00
-1.680272864098295926e+01
2.908667290385341442e+00
-2.812174100327528681e+00
-1.112549719857985453e+00
1.811737452451397945e-01
2.715331066526009175e-03
-2.718427209048341134e-02
-1.969635879451767935e-01
1.895110493238343075e-01
1.755688091116369975e-01
-1.049591718921151356e-01
-1.253962610693412916e-01
8.786702691414183253e-02
1.752218443275637416e-01
3.613687741534624132e-02
1.083941954963549559e-01
7.681134683606215319e+00
-2.531393938842197322e+00
1.532439607057792408e+01
5.106889907741037682e+00
-1.158045134632559980e+00
-2.860420793961109265e-01
2.433092119631383443e-01
1.980323183194396819e-01
-2.683257373909513424e-02
-2.246772101103316766e-01
1.173906671630320364e-01
1.729942953828977059e-01
-1.396366420753827019e-02
4.780728294071590750e-02
4.562515495288128609e-01
-2.607881597864409318e-01
-1.599989633537763911e-01
-1.722310832158872596e-01
-7.161901169653556165e-01
-5.294734548144518493e-01
1.191440182437912138e-01
7.036794169699234214e-02
1.743146017150865312e-01
4.828774856713747288e-01
-9.645998677383262054e-02
9.004781823844199007e-02
2.588611901439706250e-02
1.783669979023324581e-01
3.061613417520865910e-01
2.868226614019927512e-01
2.582801522226457844e-04
-3.302724226942364838e-02
1.617714114431930417e-01
2.229944332040110500e-01
3.947813795978154239e-02
-7.358969273087835258e-03
-3.291517235481040138e-01
2.968076286614367842e-01
-5.406049853189037052e-02
-7.128475903978015449e-01
-7.723275522995834974e-01
-6.487427059425572295e-01
2.423084597154112618e-01
3.365676299367255375e-02
2.726083069817038934e-02
-2.655819842756231175e+00
-2.266121301368485330e+00
-1.601242339167661788e+00
-1.024761714512157695e+00
-2.989122362524797016e-01
8.286051052608389700e-01
5.843497640523993841e-02
1.674246804849455206e-01
5.993231257023218933e-02
5.562843784722685259e-01
7.403430811309411608e-01
8.267211412601923604e-01
4.105250160862098929e-01
1.689002003905953342e-01
1.247444649927495486e-01
8.175077090826080028e-02
-3.310389146095066987e-03
4.945117056700034514e-02
-6.536306660040979155e-01
-1.095187864742034112e+00
-1.108982334427005778e+00
-9.552191719203798614e-01
-5.280586166456280317e-01
6.044133641548720126e-01
-2.451332545688740538e-01
-2.312881441728974891e-02
-3.607846811298686535e-02
-1.295334701231156405e-01
-1.228437809983601720e-01
-2.521453903332923074e-01
-5.789450547628977040e-01
-5.648161594122920182e-01
-1.661465857643665001e-01
-2.303474887178634245e-01
-8.134051755517295035e-02
-9.894085239543445875e-02
-1.164953322509374445e+01
1.000299771394557524e+01
3.550214060072581113e+00
-1.436772274385907044e+00
-3.277173140304829424e+00
-1.029287961990504430e+00
2.905937291451454185e-01
-1.493833496623281631e-01
-2.328401474463281245e-02
4.581192320313932420e+00
2.707771547205469087e+00
6.262021241995648774e-03
-1.560700774352773434e+00
-1.565147552135542686e+00
9.061511334126799433e-01
1.498504125912691887e-01
-1.311488202227414357e-01
-8.713879768696039529e-02
-9.148716623947761306e+00
1.286759915236363483e+01
6.017919304697982419e+00
2.523077559304412465e-01
-8.788542517306066060e-01
-4.855483764219153398e-01
3.005717026994031982e-01
-2.009564488917411906e-01
2.494540392777703109e-03
-9.274300753769157968e-01
3.863833390801101053e-02
-2.611931272364557133e-01
-6.254425565085245386e-01
-8.203063879516869772e-01
-2.372219658386825192e-01
2.478072341401113543e-01
-2.087432276211970833e-02
7.785488330294060288e-02
-4.121357557140543637e-01
3.816788246743905294e-02
7.928198770318008182e-02
-2.365170841492563181e-01
-3.028572993103677002e-01
1.264439182474154932e-01
2.649117645137556969e-03
3.165675250966225318e-02
2.547511426443021740e-02
-1.854555739528203295e+00
-1.585736092663529329e+00
-9.466347610116303546e-01
-6.158568102767475461e-01
-2.395298959918497339e-01
3.963515387707067794e-01
-3.839268270109962300e-01
-5.375562065941136974e-02
-1.388036589472137483e-01
8.611261125129195948e-01
-2.839196722221169061e-02
-1.193105967860100591e+00
-1.754796638812972320e+00
-1.267746997688167010e+00
2.870986980314965686e-01
-3.137405216032625177e-03
6.299047957889169352e-03
4.861745460137554403e-02
-5.838899631572044280e-01
5.737005073921967041e-02
9.487858589342301752e-02
-1.715969876711089526e-01
-2.159276055739638434e-01
2.610153924105228507e-01
6.065711902969979710e-03
2.642912046918164878e-02
4.959378629757935086e-02
2.037963066460377337e-01
3.221793392217208729e-01
3.137481113347347916e-01
-4.202181862004170099e-02
-1.655372488180059110e-01
2.806405956658718052e-03
-2.393993390370394714e-01
-6.164844630200691511e-02
-2.021174742992166984e-01
3.914618097314054523e+00
-5.982465371593733039e+00
1.271571399437826599e+01
2.215878936192305471e+00
-3.533162893507210356e+00
-7.509703217049673585e-01
3.187862171149110635e-01
9.467891347409176928e-02
-3.412231167205261734e-02
-2.844704603854691372e-01
-7.036162161551307026e-02
-1.208021709108453579e-01
-4.444739951542183154e-01
-4.375609059421236013e-01
-3.089892103601163051e-02
-1.325493271730893707e-01
-2.050220746461503193e-02
1.051492461142195488e-02
3.667134453743817191e-01
1.303532959026569571e-01
1.461546728504308779e-01
2.276857341611772390e-01
6.689399897423136121e-01
1.311058523564471168e+00
-3.492278242848496084e-01
-2.770285613342001255e-02
-4.922756875185534814e-02
1.838863419526735710e+00
-7.778697283096954074e+00
-1.856320634766923305e+01
3.465226039704243366e+00
-5.690713788429737630e-01
7.185665076910568994e-02
1.612054672852008541e-01
1.245237482185157923e-01
7.304506584475591036e-02
-3.963886871651182364e+00
-3.064148691652259782e+00
-2.076801808828228957e+00
-1.305186754466473698e+00
-5.937233091465443646e-01
4.296173952292926534e-01
-1.376033522973281742e-01
-2.342586315133267719e-02
-1.094307085567725914e-02
3.358083913387607922e+00
1.490241573189145408e+00
2.436620101029619567e-01
-1.075957745026508094e+00
-1.079969764333409410e+00
1.623533635561160426e-01
8.704620776648311353e-02
-7.036911649713088746e-02
-3.715999790305002208e-03
4.133080875336751170e+00
-5.667133383320533291e+00
1.309835795670828773e+01
3.241275992324460731e+00
-2.969033464364636554e+00
-7.493517871613171177e-01
2.876200195724673558e-01
-2.376109989496057520e-03
1.663306511366806784e-03
-6.295309507780668667e-01
-4.668934558853958354e-03
1.043970191273648103e-02
-2.853071086198029072e-01
-3.178762739137495075e-01
1.112010264648909397e-01
4.269723217425923367e-02
2.833425000424000945e-02
5.986975991528310781e-02
-1.294459930454220808e+00
-1.055409624264941471e+01
-2.148920905371618417e+01
2.834437950583328814e+00
-2.697197102477190800e+00
1.545799008175632039e-01
3.030589897695663004e-01
-1.198831536139066817e-01
-4.243787777592450232e-03
-1.081709923789193617e+00
-1.496701109479686265e+00
-1.369757401353942861e+00
-1.215454418083825372e+00
-6.695293916575206783e-01
5.500705012505683333e-01
-2.539331820338565082e-01
-1.002772859909805032e-02
-9.616362858182972428e-02
6.328237828101240803e-02
3.881066105887135964e-01
4.996773502674616840e-01
2.850329861550331967e-01
2.019020066491735432e-01
5.979128554479404833e-01
-1.092260255513913536e-01
-3.003326307389301078e-02
-1.446522363395732341e-02
-7.844041564190555871e-01
-2.735115325948427323e-01
-4.479245156353184321e-02
-1.318982917773880714e-01
-1.478407223993701280e-01
3.825784041822350573e-02
-3.005630724097815287e-01
1.064523593272651281e-01
-1.511186850153097960e-03
-1.290389216438312114e-01
3.745576763839155721e-01
6.206472127084960988e-01
4.741222551006697983e-01
4.612106355784319489e-01
5.245007823177632034e-01
-2.970149528687405782e-01
-3.773620631055032981e-02
-1.680151556911083088e-02
-1.882420860629678172e+00
-2.013065802214072608e+00
-1.546456240489087586e+00
-1.151117446348330908e+00
-5.814105750786828786e-01
4.888214703939536276e-01
-3.562639440607127672e-01
-6.438517017520122010e-02
-1.098238213328973506e-01
1.249238887763151418e+01
8.719342901981228522e+00
4.357134250879266979e+00
7.619296985484658169e-01
-1.759449783312953264e-01
9.040017549802201735e-01
1.159322705044380231e-01
3.730748920420694833e-03
-1.202831392578214975e-01
-2.772708732860802994e-01
-4.064381953380347828e-02
-7.399566715602116929e-02
-3.435618986576605138e-01
-3.490742211345121970e-01
-3.183939976349298151e-02
-1.267224494483441266e-01
1.289830732826216173e-02
-1.358495500084416774e-01
-4.804126214344033863e-01
-1.458204325026903926e-02
4.953797151085046618e-02
-2.142180467474845140e-01
-1.842500258528042278e-01
2.907065337810302852e-01
-1.391332555013629346e-01
9.808437329603347798e-02
8.629739883521892136e-04
2.458674999387322133e-02
5.735035375591081008e-01
6.662344465538767579e-01
5.310168593255675251e-01
4.666987202789543154e-01
7.297275380473855488e-01
-1.569440006319688108e-01
9.054611290115763614e-03
-1.408203916471112427e-01
-3.083673830848409625e-01
1.330221784364550852e-01
1.645026061248898441e-01
-1.382490490332451416e-01
-1.521047652102889836e-01
2.188688947076505853e-01
-1.979882862193307544e-02
6.913456414652167925e-02
1.560674948617160329e-01
-1.358778942934338874e-01
-3.354553073851133937e-02
3.133191224322002255e-01
3.347310345947938082e-01
6.330417577014579855e-01
9.501208069644077048e-01
-2.027223585267236283e-01
-8.364408150643726225e-02
-7.791546006556051597e-03
1.611166678163142574e-01
-3.410762114566101566e-01
-7.426064939018496291e-01
-1.453431885199809370e+00
-1.222022069988845105e+00
1.086572564108654465e-01
1.811348977827270390e-01
5.304786289095107799e-02
1.204940696778453307e-01
-2.758561545490917921e-01
2.850915791983243408e-01
4.451772467767708408e-01
2.727161911498678371e-01
3.597582286559787290e-01
7.566419245765859669e-01
-3.617982584485755770e-02
-6.082809829206138608e-02
-6.035935301898020383e-02
4.309472979857223995e-01
8.133021262163624421e-01
9.090348548954324537e-01
7.637057567256962942e-01
6.216996718113166898e-01
8.295912676925286666e-01
-2.096161708377103916e-01
7.017876720909666313e-03
-3.747073792094308270e-02
8.346259478430964052e-01
7.216688128889121590e-01
6.854015901318120108e-01
1.397957810445459303e-01
5.718358586815185801e-02
1.693144186271975382e-01
-2.049722740361434314e-01
1.138797527140473081e-01
2.258374814780019779e-01
1.029065659914875974e+00
7.907530653514092123e-01
9.138361987521833596e-01
5.623944599238017705e-01
5.224768258002990828e-01
8.614991520356763965e-01
-3.001852100271214518e-01
2.152389234182106870e-01
1.094185809719524921e-01
-8.221366184689711254e-01
-1.240159222555461266e-01
-3.314360564894766603e-01
-7.228397973163884771e-01
-6.775163415351371787e-01
-4.970873267347567515e-01
-2.286108852760613663e-03
-5.289150162271867572e-02
5.748788913887228902e-02
-3.684142860062374347e-01
-3.570975352769906880e-02
-1.222660416203835976e-01
-4.548615723826596735e-01
-4.657944823974630721e-01
-1.157805383555766121e-01
-2.144328563079914759e-03
5.307635041834059264e-02
-2.624825621981043480e-02
-7.032699590929544775e-02
6.656254150151977855e-01
8.444696310539814288e-01
6.621691307548198679e-01
5.804498062076458575e-01
9.108904737525403972e-01
-1.628714103530204960e-01
7.831805288002013921e-02
7.569250373863520287e-02
-1.843179478204794441e-01
3.121422705823648225e-01
3.757286374744759905e-01
1.043622956797587570e-01
6.106341083954563986e-02
4.315495247076124863e-01
-2.169396698296867931e-01
9.004755688876807385e-02
1.122140200892669665e-01
-7.447186993459617987e-01
1.147585426955413657e-01
1.558126559408607448e-01
-4.557028736036403682e-01
-1.904067128664339026e-01
-9.308143616876993209e-02
1.211348567726917569e-01
8.581607798100120144e-02
9.170823951504990246e-02
-2.284217626640229482e-01
-1.695644222737880957e-01
-1.657215412607706828e-01
-4.536953369892740007e-01
-4.126672441742016417e-01
5.666122734674391981e-02
-1.534824710483963794e-01
-5.218827905017850259e-03
-5.352082471379365422e-03
1.456292495873905413e+00
-8.067706561947328936e+00
1.119665805033644368e+01
1.808067895555335758e+00
-2.636079380746258582e+00
-1.547501899382646595e+00
1.341168211758631823e-01
-3.535370268881309341e-01
1.974338333838117077e-01
-5.646448184945811022e+00
-1.494349895098017100e+01
6.907770716797622335e+00
1.960089589743109650e+00
-2.178363944343115755e+00
3.737489305137238760e-01
3.076975447193938118e-01
-1.785746751346765360e-01
-8.871437485592797989e-02
-9.559536862433996862e-02
3.352142957517057487e-01
4.624090590882768415e-01
2.510956459717814671e-01
2.379761108800610980e-01
6.194522197232940064e-01
-2.056838208705905613e-01
-7.386391897280283024e-03
2.033125884168118791e-02
1.032699145096590776e+01
7.301273307984250671e+00
3.873950962570092749e+00
3.914427600902130044e-01
-6.821954556763559774e-01
1.058614410289741847e-01
6.985562129336900239e-02
5.251618865160042129e-03
-5.895859538291187835e-02
1.603054131242137581e-01
6.523426551399217344e-01
8.997350471684603113e-01
5.207339013184201226e-01
2.066680840727646573e-01
-1.550094135576066956e-01
-1.824737768891416811e-01
1.394584245789762533e-01
9.297138575822522233e-02
-1.665156907256313801e+01
7.905490227555508120e+00
2.780768325409157526e+00
-7.935475280372935591e-01
-2.012569423381726619e+00
8.812685114048282031e-01
5.087059132266164019e-01
-1.191821187164200102e-01
2.028606794442899819e-02
-3.225932950977650204e-01
4.863519178079399596e-01
1.736750378502425196e-01
-1.387569743201884642e-01
-4.589560355896432076e-01
-1.630773916340258201e-01
1.589572857008422213e-01
-1.697458096856761106e-02
-6.136878957290557712e-02
-7.310390334945638946e-01
1.199279350286879126e-01
-1.484628633532475983e-01
-5.064154421514226456e-01
-7.954864781532771101e-01
-2.682883461865735453e-01
7.742503982071546019e-03
1.213773948053885193e-01
1.578849728817581510e-01
-1.052996309195725289e+00
3.161457937059677925e-02
-2.843208183027447489e-01
-6.368275286061821916e-01
-8.944546309849653598e-01
-2.497904279817836637e-01
2.760111528192741859e-01
3.784747892865728686e-02
1.372103807266679409e-01
-5.520059878867699110e-01
-2.496762125271790589e-01
-1.056383681001408503e-01
-2.006812416321069048e-01
-1.846571344730717490e-01
3.794949203876491622e-02
-3.551113056115491329e-01
1.080938889136097564e-01
-1.331576998727335842e-02
4.986305054172510687e+00
-4.449433132835209470e+00
1.454548002912281390e+01
3.636037332470058114e+00
-2.437675150030665705e+00
-6.442704884768513107e-01
3.901270335883360030e-01
1.197346056148839294e-01
2.108890211423857242e-01
5.489626120143174859e+00
-4.566823946524383615e+00
-1.683650895348532472e+01
3.179270016924393261e+00
-2.069815565806872204e+00
-2.071179513669549610e-01
4.082046591995940332e-01
1.847339727444571311e-01
6.787307570497140563e-02
-9.527045015031028186e-01
-7.367939898738267157e-01
-4.666875946113031026e-01
-6.396297453347057349e-01
-3.762848651053087856e-01
4.347975488780534969e-01
-1.863475387212011058e-01
9.691840308223310940e-02
9.182361978355932722e-03
-7.069818101422068679e+00
-1.530147708005639551e+01
-2.355591264638842830e+01
8.580034105295877289e-01
-1.148766209345695399e+00
-4.120333425447526565e-01
3.344386587206054084e-01
-1.988711666542669343e-01
7.388277601203746547e-02
-4.845117821409190562e-01
-1.899084177878807289e-01
1.069706443102733662e-01
9.247788154749539413e-02
1.718729579387665851e-01
8.605901684555287978e-02
-4.066044743925235627e-01
9.925837885784033476e-02
-1.078110470460983128e-01
6.237938459985924444e-01
9.292793276907559408e-01
1.001101818049553893e+00
5.925226606200644230e-01
5.617956674641870762e-01
5.319586322222555896e-01
-1.051589437987117959e-01
7.487459813686320187e-02
5.203864263589447897e-02
-7.158541022875386517e-01
1.282694237237047563e-01
-1.961906261775436533e-01
-5.148850914810688684e-01
-7.488600096278678064e-01
-1.681753241066615556e-01
2.656767511072102295e-01
3.693713723449116443e-02
1.694693332113930140e-01
2.676259617419589065e-01
5.802279290961104286e-01
8.664742811092368546e-01
5.894540024463174044e-01
5.236887081998210514e-01
7.282374275817156128e-01
-3.940484761117156731e-01
1.947354267717683884e-01
6.042166930604355585e-02
3.582568837508243398e+00
-6.230616533445187954e+00
-1.788712770271917663e+01
3.847267806315024075e+00
-5.960473081197786849e-01
1.607968750546967251e-01
1.392830717259122518e-02
-1.915845475022292799e-01
-1.681097375140470224e-02
3.632986072292939461e+00
3.553599151056885397e+00
1.770213019573936508e+00
2.722152800325905453e-01
-1.651535848276545759e-01
1.240864612840536729e+00
-3.077375213133072898e-02
8.476692996615071973e-02
2.134072515376523316e-01
1.400517610440991989e+00
-1.696440352301721022e-01
-1.729794416377379296e+00
-2.731046212694744568e+00
-1.654513872666374175e+00
4.102020478865623931e-01
2.234799453545936454e-01
1.723275602930901887e-02
-2.274079665852157817e-02
7.475877941292988771e-01
7.077488932142987910e-01
8.251380450523118082e-01
7.123067613481381954e-01
8.660300936891719426e-01
1.085293084630106319e+00
-4.097926767337737863e-01
1.600219732598870057e-02
-5.897807020886788876e-02
-2.070316604791501147e-01
1.013325750935295949e-01
1.246525975994166313e-01
-1.703831411734941792e-01
-2.027856055205853603e-01
8.826524775447812388e-02
1.307109300234106097e-01
2.589221306716420548e-02
1.672900943794305983e-01
-1.934929726551306295e-01
2.517325273525374274e-01
2.897009919406113299e-01
-8.266104394915571585e-02
-1.985817184197555263e-01
9.216100089068689216e-02
1.464166306483451752e-01
7.868164523384425790e-02
1.694026169483517086e-01
5.482147206167721443e+00
3.312738931467702930e+00
1.345603883830220227e+00
-4.869693439454116923e-01
-7.628710592356059417e-01
3.059581595752285943e-01
-3.871500275304799038e-02
-2.354567242724691853e-02
-2.483281600008550860e-02
3.411334122355086373e-01
7.290286397072280877e-01
6.902637670030404848e-01
1.595640377245838015e-01
-1.032709336365551234e-01
-1.126324543583736432e-01
-2.216059616747299565e-01
1.026190694133595066e-01
2.764792546711310889e-02
-7.212940325966930022e-01
-1.394610541931357584e-01
9.302652420361928742e-02
-6.706469813357961336e-03
-3.046888802023402232e-02
2.819518736256321767e-01
-2.193872412465132649e-01
1.753406185486857949e-01
1.503977125359322597e-01
2.425239295845502241e+00
1.598722058593191608e+00
3.510088069362861662e-01
-8.209874241016223984e-01
-6.980429968853228972e-01
7.135033568853815789e-01
-7.422976083158128180e-02
5.723226136430611261e-03
-1.964527252430299173e-02
-3.812818501786837122e-01
1.285737816585845739e-01
5.418172500762884203e-02
-3.627926810272079083e-01
-4.207397595955997827e-01
2.183788626553965356e-02
2.082657453069697850e-01
1.972224733306534097e-02
9.300186716645510165e-02
2.703451734843896337e-01
7.457247872494469076e-01
9.614854260764245097e-01
5.225477123442610061e-01
2.033277471844089357e-01
3.826582916634756193e-02
-3.122688140020142833e-01
1.035976003697473835e-01
3.285192126523252265e-02
-8.982419495912481011e+00
-1.660072895287568784e+01
7.484564643953804719e+00
5.471191884845314490e-01
-6.746294771601913931e-01
-4.196884412566438960e-01
1.453814603807634075e-02
-6.836701601365660630e-02
6.154586889616253144e-03
-1.706225568137745008e-01
1.167098041746164744e-01
-6.161846736625331555e-02
-5.751114840124912364e-01
-7.085600927636794832e-01
-3.394349178882802853e-01
4.176827594142274586e-02
7.755012814194785220e-02
3.542490393435581558e-02
-9.639834320144360369e-01
-6.656859350833461697e-01
-1.876771192128870724e-01
1.127241482142992274e-01
6.689372389007358644e-01
1.022125761839985936e+00
-3.169216184586779450e-01
-2.521164890649327944e-02
8.585684210756984458e-03
-3.100402551669297346e-01
1.257556776360175266e-01
2.144493304000550660e-01
-7.730497098371698350e-02
-7.908252834181832280e-02
3.540351910043753603e-01
-1.089773277870775409e-01
1.676657260228849033e-01
1.166613303742868868e-01
-1.304632118228383521e-02
3.404733403572059447e-01
2.969851849914647568e-01
-8.139559138454710574e-02
-1.670567462702679806e-01
1.726849704753789794e-02
1.748329251816637120e-01
2.242788055539469277e-02
-6.624128414226095052e-02
-4.400319264258874541e-01
-3.940606107283300408e-01
1.650330238906623503e-01
-1.410751267142211149e-02
6.193431560749063786e-02
4.537854275177680141e-01
-2.745164017063930761e-01
1.478245894722126919e-01
5.229926082598335829e-02
2.919273369375070093e+00
-6.535465018126210168e+00
1.375934609687658750e+01
2.799518538813934754e+00
-2.867715717749935500e+00
-1.827505018116506452e-01
3.388233348383442034e-01
-7.944510266757045386e-03
1.022197396658337115e-01
3.239879840016126611e-01
-9.431126313436223541e+00
9.510476169929924950e+00
2.091708006853079116e+00
-3.576356968211396481e+00
-1.343579282817390363e-01
3.570563980561529682e-01
-7.244652257922210015e-02
-3.245945566460558401e-02
-7.431574090437277347e-01
3.916119644004989464e-01
9.214650611786794343e-01
6.886492958365406647e-01
4.258427367875340930e-01
2.295292779647389314e-01
-3.468698524208752576e-01
1.205043368948158222e-01
7.765234290710937293e-02
1.016826664975285066e+00
8.330613419093822747e-02
-3.803449175085223399e-01
-4.736018392219032980e-01
7.213862087966878278e-02
1.247883865973312245e+00
-2.580920985696588676e-01
2.092093447157093375e-02
1.975661733566498948e-02
-9.645787250357981124e-01
5.188590134123866743e-02
8.889311480452137815e-01
6.900350882425263510e-01
5.589124762248586231e-01
5.046041391615859739e-01
-1.170391125788271119e-01
2.977183120538611782e-01
2.908777440418916505e-01
4.787319645835705906e+00
2.247612310498589228e+00
1.978549325437882200e-01
-9.596140643027594175e-01
-8.260111550236138855e-01
1.172285198358340885e+00
-6.872063977663524226e-02
-7.693042826702876924e-02
1.017297831837933597e-02
-9.095296389211446453e+00
1.224459205666055972e+01
5.310497232865436068e+00
5.965362992499019246e-01
-2.566754030598194181e+00
5.107853408624382086e-01
5.438875755608464369e-01
-9.204185550786221637e-02
-4.443873769863568302e-02
-3.501827909871075284e-01
2.409090404392969786e-01
3.142274740685820356e-01
8.464301300695567000e-04
-1.153889504659970089e-01
2.129186975415709171e-01
-1.249670867552017395e-01
6.027106771574688299e-02
1.219890832120431798e-02
-9.511642806555123286e+00
1.242427525464715465e+01
4.817133125332158983e+00
1.107997193810477121e-01
-8.365061394818431584e-01
-2.547207780270615007e-01
2.901561951096902625e-01
-2.016228382581171374e-01
4.011156450031609644e-02
1.101703951224635603e+00
4.389509524601231116e-01
-2.679167215323648987e-01
-6.923096780423876329e-01
-1.607184671604344472e-01
7.399505304703795083e-01
8.121109999389276857e-02
1.556837114847347270e-01
1.870017028477140020e-01
9.848810812121748526e-02
1.563498132197876644e-01
1.005580037382380332e-01
-2.928616815666197915e-01
-2.702653581243959491e-01
-2.864877936556691190e-03
-1.118000384031032912e-01
4.601454225797366876e-02
5.652498992930550872e-03
-9.313999275320723747e-02
9.141615639008650318e-02
7.378860539535882224e-02
-2.542974285633040621e-01
-2.648106128775957746e-01
9.977365149857285453e-02
9.745706208866432296e-02
-3.772621548948786735e-02
7.119192334167390168e-02
6.045813845652030949e+00
-4.074899469455232293e+00
1.424896403004317058e+01
4.549128740364793977e+00
-8.723328225012951798e-01
2.105852728581798505e-01
1.726764388437024289e-01
3.753380300144881776e-02
5.772752129210097227e-02
1.215330285624889983e+00
-8.019306738380405974e+00
-1.902103247921815665e+01
3.978530681718121187e+00
-1.132203450226090535e-01
1.523450170582636987e-01
-4.860070898742542556e-02
-1.904490081994709705e-01
2.504761479461411339e-02
-7.959817379365735635e-01
-7.916424896138564149e-01
-5.073267229640010534e-01
-2.674935677553659796e-01
1.582847379609987615e-01
7.688666554206956549e-01
-3.391017013225049448e-01
1.344789163650572383e-01
8.876971645929958299e-02
-2.008527428507886070e-01
-2.405460429040575110e-01
-5.707535522779924042e-01
-8.850424847088057545e-01
-1.070882763356453493e+00
-4.031941719697152982e-01
2.612191288298909564e-01
-1.773847336831601770e-02
6.437882018179083565e-02
3.383351999007519484e-01
2.397324267819639643e-01
4.596869254912373803e-02
-4.283674195749413438e-01
-6.005823886928145505e-01
-6.064132499604913962e-01
-2.203744253637988926e-01
3.934191821303453102e-02
-5.799572775446898421e-02
-6.580778423807695510e-02
-1.126212774375384140e-01
-8.080910031430230123e-02
-3.500254621929630439e-01
-3.378183399241589946e-01
3.619219036814533969e-02
3.759178300689607066e-02
2.231914394017073602e-02
1.192784316980925324e-01
2.516514440454560853e-01
2.283765587498020333e-01
3.110936761149888374e-01
3.005950954897681493e-01
5.482272302493751415e-01
6.117825917294650306e-01
-4.919797357622469058e-01
1.473452630904059368e-01
3.117121110148476232e-02
-2.880772666891620037e-01
8.880354230425417661e-02
8.958449437430837659e-02
-2.498212509953335048e-01
-3.482521421751745283e-01
1.218248986964363609e-02
-3.283538092407164988e-02
8.658920201232821190e-02
5.627367646825719161e-02
5.545593918925241894e+00
2.867093206740567446e+00
5.922399841178112023e-01
-1.054443897351053039e+00
-9.349414494894717764e-01
8.940289373721385102e-01
-7.230529104633003079e-02
-1.157812204914254878e-01
-1.033465622655216215e-01
-2.815017408899490037e-01
5.213357374002483002e-01
2.958986305697344776e-01
5.942997497023239789e-02
2.090264171935255627e-02
5.019359037184937256e-01
-2.070604148056048310e-01
6.053964160067500794e-02
8.265790731915757805e-02
-7.286076661371623242e-01
2.661507033398572419e-01
1.155698414871837720e-01
-6.929779848565491562e-01
-5.744864221843201113e-01
-5.201683342660788911e-01
1.414123122276886024e-01
1.561047067174877456e-01
1.338004422506142155e-01
-1.904375466171696729e+00
-1.295967428522097231e+00
-4.974757249324497921e-01
-4.480777562865950747e-01
-2.183551567468228483e-01
3.525738419297660964e-01
-2.194697251362039414e-01
1.027963973999680980e-01
7.869354595449004619e-02
-1.253876038662668613e+01
1.172765729271605117e+01
6.722615359085924780e+00
1.807904157886119689e+00
5.025091645244547101e-01
7.459725411979067911e-01
1.765191273854012644e-01
1.685405908061637925e-02
-3.420837504391145700e-02
-1.679723340438881163e-01
2.232903274400019900e-01
3.435823954266339353e-01
1.954312009130556027e-01
1.974551749192533789e-01
5.593088279714277800e-01
-6.353953075232998682e-02
1.089487326518647110e-02
1.242606472865131206e-01
-1.560995148565258450e-02
6.464704627372903634e-01
6.697749832052278807e-01
2.736482847317835421e-01
2.471604211413237495e-01
4.678104427323532821e-01
2.029316019221527601e-01
6.574319331352669604e-02
9.156077608142486335e-02
-1.130167629147301768e-02
1.573912573226179112e-01
8.496609391631269881e-02
-3.693181026775246845e-01
-4.510450551263830987e-01
-4.690313019273546075e-02
1.706566113495617820e-01
-4.050004197581134023e-03
8.842179939914900089e-02
2.680475275259895929e-01
7.003117495457927832e-01
8.275719088923435551e-01
6.146781996171934992e-01
4.456758941747734903e-01
7.203017599043355368e-01
-1.501292972399387859e-01
-1.206267251482442265e-02
-5.561714906410289427e-03
-1.315929187700651606e-02
-3.395902396592342942e-01
-3.822798019102526812e-01
-4.350602327329084473e-01
-1.967060349193067714e-01
3.952740402718456503e-01
-4.220928676980226224e-01
7.709622503109238301e-02
-3.052559383731887066e-02
3.357754334912835259e-01
1.857512918801355328e-01
-8.459565344160432376e-01
-1.367623665032664082e+00
-1.074746067717198716e+00
1.144771065831450413e-01
-4.660857812303628722e-02
9.281817499235436864e-02
1.051545202246157718e-01
-1.317991525215022541e+01
9.374236002155596381e+00
3.342212865205176353e+00
-8.915048645778825831e-01
-2.625269156744728605e+00
3.235746849228274269e-01
3.925159227488454472e-01
-1.774555218358846442e-01
8.423428607844719862e-02
-4.194117984871710281e-01
-9.094068175896371287e+00
1.132533670307964258e+01
2.966032652919190493e+00
-6.362447509481573560e-01
-4.385155271320536063e-01
-5.896523123242738973e-02
3.249262513127315621e-02
1.600641832791232511e-01
-8.934412209088696821e-01
-4.038386509517044032e-01
9.920967939680868861e-03
1.365480550610411736e-01
2.974815696276409960e-01
4.716504430253263824e-01
-3.303517595092215209e-01
1.581944047409025722e-01
5.918608180669267249e-02
3.227531421099390507e-01
8.850797348343476534e-01
7.457535073031037465e-01
3.688742748197637589e-01
1.349915410083989686e-01
-1.260410622153269010e-03
-1.747750787624280100e-01
-3.281887264165034290e-02
-7.231150297647499781e-02
-2.501615771019020246e-02
-5.644533995062134268e-01
-8.464417719136718699e-01
-1.303242449042178119e+00
-1.342996489319003395e+00
-4.414443383059103443e-01
2.480912280378733126e-01
1.494990600659023006e-01
2.570809130467137105e-01
