-1.961763895763511290e+00
-5.679452725342694075e-01
9.179975345960236788e-02
4.828765426904627622e-01
7.009213177779453074e-01
9.823770200510156814e-01
7.991179261156862168e-01
8.058255603415771517e-01
-2.189381218831491227e-01
-1.345609298866547787e+00
-4.292197049107618345e-01
1.057455987857903179e-01
5.385962844332125021e-01
6.017335434956021523e-01
1.897953183038400826e-01
5.534855855012265069e-01
-1.836764863369652612e-01
-6.034546621154467383e-01
-1.449428028058222129e+00
-2.277965670521534536e-01
3.736522423432819262e-01
6.769639158472129381e-01
9.630495435050362429e-01
1.032942209256076715e+00
9.795700691074210598e-01
8.713043722382388667e-01
-7.894829834489140719e-02
-1.854234417798014567e+00
-8.750346470273229205e-01
-1.544936057378899497e-01
1.197513277964608047e-01
4.339845571949115244e-01
8.703753082478783432e-01
9.414506480075809369e-01
1.202166653276878439e+00
4.477830025407203429e-01
-1.782084763273574790e+00
-4.270686445096532613e-01
1.982149172705409690e-01
5.895324707150511045e-01
7.891859200635802374e-01
1.118050218962790998e+00
9.479425518196090694e-01
1.086026849894353496e+00
1.106583504681247533e-02
-1.843759448117547439e+00
-8.392893887436555511e-01
-3.722596707664388993e-01
1.272372679523153249e-01
2.825582595881731551e-01
3.045065642844227427e-02
1.661750800175873233e-01
-7.141987173696513480e-01
-9.537904279367503957e-01
-1.722242305800634421e+00
-4.377980070721719241e-01
1.842240721636058953e-01
5.218289303623758757e-01
8.133366615897419383e-01
8.536083989188663068e-01
8.155709535280648570e-01
4.875670048046115146e-01
-4.291482176140474225e-01
-1.146563338029031431e+00
-1.235978848427310983e-01
4.258443234508331732e-01
8.021278256806465556e-01
9.746404231252753236e-01
7.349918791628432535e-01
9.194342906538395255e-01
3.307642458328858281e-01
-3.093603452225667239e-01
-1.391606740277361531e+00
-2.255002292569141253e-01
3.594310426894228860e-01
6.765015391150668300e-01
9.426658326967780610e-01
8.637464884647333418e-01
9.364078890814242495e-01
6.456945668778635294e-01
-2.018917544063451863e-01
-2.322000336699395540e+00
-8.393035664911453475e-01
-1.687856241226813325e-01
2.190225292202953311e-01
5.071298540028408297e-01
6.520673480325854809e-01
4.302224264348130656e-01
1.231450370204762307e-01
-6.040922264286773258e-01
-1.187542340038005184e+00
-9.390505493620993072e-02
4.655772817210887538e-01
8.012277296310841290e-01
1.029765955346566120e+00
8.707008925569156288e-01
1.000287559756075861e+00
6.680994249162742760e-01
-1.383419594283375187e-01
-1.400821495454907861e+00
-4.794413417269512423e-01
4.581411425448217445e-02
4.929091249429116695e-01
5.624751532296404788e-01
2.238743482359977499e-01
5.163802430001065424e-01
-3.137788565484776471e-01
-6.804983331364953258e-01
-1.579666397911752673e+00
-4.956734139006481743e-01
4.964662288189924944e-02
4.648639423268136062e-01
6.596735080706783716e-01
3.912294755577197525e-01
5.701176490240612571e-01
-2.012640662880930964e-01
-5.309563983622132000e-01
-1.949627600244792536e+00
-5.915074680231645621e-01
7.111566579230341190e-02
4.796742674719975952e-01
6.242809600372261070e-01
1.053408217674915992e+00
7.852854542093189449e-01
1.061632274443158330e+00
7.456361420329148115e-02
-1.805782160386279145e+00
-9.744473485501004006e-01
-2.348167949014898781e-01
6.436740004511865010e-02
3.852229905630988327e-01
8.252966398033897422e-01
7.393009702409553130e-01
1.102369729499284690e+00
1.757287754966339044e-01
-2.623208773825528528e+00
-2.122870717789750561e+00
-1.754819024987817500e+00
-1.163009626503571425e+00
-1.109120167437379401e+00
-1.619729428771221391e+00
-1.077537532261242603e+00
-1.566550537707853019e+00
-1.375912059012591282e+00
-1.816550626943430835e+00
-7.946966068668841476e-01
-8.667481646468074008e-02
1.871000030502269207e-01
4.965491389289820590e-01
9.329256534520230515e-01
1.102827605400293898e+00
1.271795655672065761e+00
6.547328367894857948e-01
-1.630838199010506528e+00
-3.966919891009863530e-01
2.157867936142249254e-01
5.468344417212792630e-01
8.353874669412729714e-01
8.477223375741440581e-01
8.369915657890562022e-01
4.815400201204291797e-01
-3.936597554699006185e-01
-3.428287456484087503e+00
-1.993019621818910458e+00
-1.142569292777914969e+00
-6.914712097095409016e-01
-4.117314157795424201e-01
6.039969606592306139e-02
-6.473004237997891375e-01
-4.025042611936165415e-01
-8.022961592894902738e-01
-2.463791107357009569e+00
-1.251533712335116455e+00
-4.777002924277181095e-01
-1.127016473788391426e-01
2.125134565277034815e-01
6.649796020100230409e-01
1.576431177272887285e-01
6.810671323873070948e-01
-4.323524480839111561e-01
-2.914073466135428614e+00
-1.747359782173405263e+00
-1.366833805329012330e+00
-9.585051648852097594e-01
-4.789541444191882658e-01
-5.645811214946047096e-01
-9.172116604075295498e-01
-1.605594094434560803e+00
-1.468175342032113750e+00
-1.952833925075086130e+00
-5.812034059643380601e-01
7.306195275759731766e-02
4.633607370779799783e-01
6.856436535981071945e-01
9.332085408565914397e-01
7.178366646098295334e-01
7.485230683528776296e-01
-1.367500763361896299e-01
-1.638248483798273591e+00
-3.959574186500917081e-01
2.286300176773276294e-01
5.613018843771540034e-01
8.396553428949937725e-01
9.415456197122390458e-01
8.752212242665875497e-01
7.610660054126239249e-01
-1.692958622065443286e-01
-2.155437336853442076e+00
-8.362904934421285796e-01
-1.918234358774971449e-01
1.118154245046733414e-01
4.172505138832549032e-01
8.548103138641898191e-01
6.660069543737593412e-01
1.102646895426503848e+00
1.940641915795311423e-01
-1.460915591542587988e+00
-5.277217848673929623e-01
-9.817447845750599741e-03
4.437496733022169848e-01
5.117811382968657785e-01
9.122822150830152410e-02
4.497968964705997275e-01
-2.775242972900531790e-01
-6.325344869741920117e-01
-2.428554372768024550e+00
-1.852671460695943351e+00
-1.465124309002477254e+00
-8.936964718414891484e-01
-8.421749585153229800e-01
-1.276566401181923771e+00
-8.277477825653575261e-01
-1.692533534921860428e+00
-1.491809926090721161e+00
-2.652637465752048396e+00
-1.741835617705439487e+00
-1.408270694346202445e+00
-8.972393813836602172e-01
-5.777143899757742895e-01
-8.985328248036708043e-01
-8.676081977500611497e-01
-1.220917621305495304e+00
-1.181763370339688590e+00
-1.945397460589768368e+00
-6.809940515013815920e-01
-8.684786102025884857e-02
2.695787257952748095e-01
5.788733288626387585e-01
4.224813884176677470e-01
4.642527554457845373e-01
7.236328701966954213e-02
-4.908819953516478374e-01
-3.119735425765769676e+00
-1.825595621416282732e+00
-1.403519287964814399e+00
-1.017044302280670331e+00
-5.102334508009829239e-01
-5.227104320159617901e-01
-1.002130273008005723e+00
-1.480801240474394653e+00
-1.360350502532100325e+00
-2.064421816815967148e+00
-9.861108765941926091e-01
-2.443775669294266095e-01
5.168346746159475924e-02
3.769231196285444674e-01
8.194862051147239201e-01
7.851590257271960915e-01
1.099734301254517321e+00
2.311238542728315526e-01
-2.134938322079981798e+00
-9.457159524347568125e-01
-2.122287274226281328e-01
3.552623566090330753e-02
3.630135694752179010e-01
7.923345215492687554e-01
9.332522377534187008e-01
1.174329636857853298e+00
5.448090049298961457e-01
-2.023525804142021212e+00
-8.373190412456161802e-01
-1.361594211113985597e-01
1.458868680427838072e-01
4.712613801848568040e-01
9.100151306568298182e-01
9.852743214650068193e-01
1.229863634419163132e+00
4.856861786371790002e-01
-1.561213856938818756e+00
-3.120375430553419815e-01
3.022288787217289885e-01
6.334782572767448938e-01
9.030630075571942639e-01
1.085364632177164834e+00
9.916314295074389884e-01
9.764412209982104018e-01
-5.472696570277420930e-02
-3.464848832538604650e+00
-2.046451588629564000e+00
-1.223377432023310396e+00
-7.941251988563472475e-01
-5.161770984346206737e-01
-4.842059744195303939e-02
-4.855146363046531910e-01
-2.678849383420167651e-01
-5.481111150552803180e-01
-2.706080275314701300e+00
-1.884642480989250135e+00
-1.570649342556844186e+00
-1.029431713585218677e+00
-7.416028573334936258e-01
-9.594970941843731227e-01
-7.370813056873928293e-01
-6.564471604473295363e-01
-6.899638595672079600e-01
-1.976555561333081856e+00
-5.913513776121593901e-01
6.980044239294429242e-02
4.765799058948835820e-01
6.387495923621965277e-01
1.025604285559203133e+00
8.060185210705909098e-01
9.690124231205221594e-01
-7.230204020921188190e-02
-2.439610076530490446e+00
-1.040458940142366950e+00
-3.295061826490537915e-01
7.388251664455734724e-02
2.806877951247568892e-01
6.742874435832916236e-01
2.020875881040306299e-01
4.741043371128372264e-01
-2.608869219993503741e-01
-1.690998903363836403e+00
-4.902300917934878655e-01
1.069425142386191963e-01
4.519791651956127643e-01
7.339153167376536446e-01
6.198043288241954496e-01
6.611385488388783482e-01
2.075665502522380523e-01
-3.650482028647167865e-01
-1.097527224090792064e+00
-1.507420469684103426e-01
3.989774656450853496e-01
7.912284610247811711e-01
8.804401488872304338e-01
4.650053411100857903e-01
8.028783618236445818e-01
1.772346862565321313e-01
-2.956849788195349271e-01
-1.406497108061514956e+00
-3.202284094339610254e-01
2.492747730174194043e-01
6.212914833008849058e-01
8.358381043930204202e-01
6.182068861539610216e-01
7.717999375385915517e-01
1.794633783068731725e-01
-3.510837240593420727e-01
-1.186653953773102010e+00
-2.257212526323143786e-01
3.209165751853457760e-01
7.256030520125635874e-01
8.090382840091466798e-01
3.782698460403819962e-01
7.324664295085743237e-01
8.609600227001247552e-02
-3.664297220974004898e-01
-1.031907914847453700e+00
-6.476622551572940034e-02
4.845190865920975809e-01
8.656437742305982397e-01
9.705384394075889931e-01
6.324803979094595352e-01
8.893231143355336821e-01
2.392261120180677048e-01
-2.432957782079718245e-01
-1.876007307925569467e+00
-5.971378564071148087e-01
4.601370523950071290e-02
4.347121184608132571e-01
5.865286475032432945e-01
1.058987477022516499e+00
8.148797178551272502e-01
1.183887071087968534e+00
2.145006267564543156e-01
-3.254214077955162043e+00
-1.878159295482724644e+00
-1.408991606252941065e+00
-1.013070953241346661e+00
-5.282652039019026802e-01
-4.790392699138928956e-01
-1.071987141243369912e+00
-1.549363752459159027e+00
-1.380863819680451465e+00
-1.526676275218297407e+00
-6.272426039975409484e-01
-1.210909469209828920e-01
3.443386328909388561e-01
4.015507573841377020e-01
3.375531052006718047e-02
3.620964884590892052e-01
-4.244197601269177889e-01
-7.458369476202150183e-01
-2.177334250480477795e+00
-8.641802977898539462e-01
-1.907224567841918350e-01
1.922440426594587970e-01
4.455249833204453780e-01
9.067509988792123998e-01
5.141494617030785141e-01
9.207741855004953901e-01
-1.964268697836319411e-01
-1.422052294733449518e+00
-5.040572412997238461e-01
1.854611566002815903e-02
4.636212995402432813e-01
5.269944195921406616e-01
1.830965766671317496e-01
4.708509129632230672e-01
-3.422056423327310415e-01
-5.825936584881201696e-01
-2.649477418256001471e+00
-2.161072714217519675e+00
-1.795822713549825034e+00
-1.201432938531743044e+00
-1.147628913404421747e+00
-1.648076201641022198e+00
-1.087039865823949070e+00
-1.243121006808698414e+00
-1.141770766517325786e+00
-1.001741157189647513e+00
-2.142616381031276634e-02
5.238392686361551531e-01
8.983628953641928927e-01
1.018314411643187700e+00
6.320275319725990881e-01
9.215194518463265538e-01
4.016884803866329068e-01
-1.265210876399602002e-01
-2.895902821542775563e+00
-1.639739266638140958e+00
-1.230558013572286669e+00
-8.449643015266221635e-01
-3.562171025515682432e-01
-4.962750309591518194e-01
-5.893419584120970223e-01
-5.317906492067547841e-01
-6.016921569387193580e-01
-1.507093568175738252e+00
-6.214699510445692576e-01
-1.104107532873360720e-01
3.496903407505116412e-01
4.034332480102233998e-01
7.544923030094767558e-02
3.683720424230355062e-01
-4.932507386061793508e-01
-7.884249472283172411e-01
-2.200717268927488757e+00
-8.004545657457202701e-01
-8.896015687558238294e-02
3.167050807003720103e-01
4.872602108488608974e-01
8.565979191180798091e-01
5.206347309634904441e-01
6.948059514939016745e-01
-1.306633896473545497e-01
-1.950723591589218708e+00
-8.633923258360209907e-01
-1.416163983210630972e-01
1.371640944317187860e-01
4.482559490278870684e-01
8.872203599580540390e-01
1.037500869556124306e+00
1.225753044617123866e+00
5.844685154313785658e-01
-2.429985794978929192e+00
-1.214904945932013369e+00
-4.464549125010210395e-01
-1.096715146415855047e-01
2.161023379067757710e-01
6.683879512034718307e-01
3.775296981528840634e-01
7.906422246214603877e-01
-1.813240094311014128e-01
-3.397501795233719424e+00
-1.938312048994056846e+00
-1.221759479538908177e+00
-7.752945067077362529e-01
-5.398189358005280880e-01
-2.102874217485312114e-01
-1.048487755089827056e+00
-9.041325766379285644e-01
-9.767083611182720837e-01
-2.496739719655656220e+00
-1.035885010577362486e+00
-3.178416546032482581e-01
8.932633295281182384e-02
3.140761968405709204e-01
6.043068308814742995e-01
2.728802594534995851e-01
2.589675340807249260e-01
-4.205593835293620630e-01
-2.732138145281319375e+00
-1.946905045856274663e+00
-1.635173110322938994e+00
-1.080952193233187586e+00
-8.041489844592556446e-01
-1.023847251247995027e+00
-1.061937944931325095e+00
-1.891409885320159301e+00
-1.545953422349567674e+00
-2.530236536489810284e+00
-1.079418478283903804e+00
-3.429164760563135905e-01
7.146812968730537063e-02
3.103132650966989314e-01
6.020561415797953675e-01
1.705004947016566519e-01
7.956655947650440042e-02
-5.826542883740533085e-01
-1.880971836540052955e+00
-6.374311352343891013e-01
-5.948524798318433754e-02
3.052665945057997932e-01
5.990442892400204000e-01
4.302437475479732876e-01
4.757805650900450711e-01
-5.457490229800990994e-02
-4.161554752060540041e-01
-2.464864938394917715e+00
-1.905489473496202235e+00
-1.512097813158686632e+00
-9.441788112463523897e-01
-8.920378094455898577e-01
-1.187652310050521853e+00
-7.006820149385559748e-01
-6.917424626820343203e-01
-6.753566371999372153e-01
-2.321131019327753453e+00
-1.140601394838206994e+00
-3.849642976063911148e-01
-1.103318351917370460e-01
2.256830941231674770e-01
6.590683558530370245e-01
5.537898153705291815e-01
9.508044426713172514e-01
1.229382619017275191e-01
-1.886467648657600860e+00
-6.087909396237334292e-01
-5.702082244018636704e-03
3.501844294884940978e-01
5.677006134726831910e-01
1.041837421150971554e+00
9.635706438256460560e-01
1.294602359405622627e+00
3.680202697495641440e-01
-1.780302289070716748e+00
-5.920164405341415970e-01
-8.983499605281089831e-03
3.639007405358457015e-01
6.407505041663061895e-01
4.957137942147725185e-01
5.628596097035696300e-01
-1.024640513011006449e-01
-5.713217694270482649e-01
-1.666748554660582471e+00
-7.907692172123920171e-01
-3.085930268198610049e-01
1.767335944812723492e-01
2.316879051774728138e-01
-2.194316518561212626e-01
1.760916714877540090e-01
-5.113289290400189202e-01
-7.348463305046023519e-01
-2.118580000761602911e+00
-1.022597740207360495e+00
-2.718315822277193594e-01
2.541737170907053256e-02
3.411196025995490988e-01
7.845320145100290743e-01
7.454093008866687908e-01
1.068344399827987568e+00
1.987045082869073054e-01
-1.709316217346712241e+00
-4.036628231281748636e-01
2.230090540935296406e-01
5.760157685856341914e-01
8.338894076485382501e-01
1.024264629987664543e+00
8.662740504601982305e-01
8.845546096500823685e-01
-1.198350647230945684e-02
-2.502963870738113439e+00
-1.954961552310233719e+00
-1.570691852769476871e+00
-9.919854223062618548e-01
-9.355528036275944093e-01
-1.281963340189642864e+00
-9.195185004766123216e-01
-1.938380102073580025e+00
-1.595607209632640799e+00
-3.456265253929285741e+00
-2.021570622552693042e+00
-1.178487453515651096e+00
-7.352471509619854517e-01
-4.646501009785251046e-01
-1.415831388220340631e-02
-7.387637094623473732e-01
-5.074596562230820895e-01
-7.792148741014228719e-01
-1.070675090275630126e+00
-1.025715998976294563e-01
4.453583112902225194e-01
8.323484766840327786e-01
9.410470752104226344e-01
5.948908241467129043e-01
8.675408346160519146e-01
2.231063095426842058e-01
-2.426998690825033778e-01
-1.042116067884184316e+00
-7.397960656466567864e-02
4.790473507272340892e-01
8.598614278030033420e-01
9.729853160250180322e-01
6.258892592397984345e-01
8.725825917989235014e-01
2.190494291724646714e-01
-1.881183745895362580e-01
-2.016710790439826262e+00
-8.903114809257022255e-01
-1.933475631523509375e-01
7.267971521715548000e-02
4.079252081300501209e-01
8.358549189168076321e-01
8.959112447297877813e-01
1.194921593304673291e+00
5.027734546177140551e-01
-9.932144669102972445e-01
-2.224491750497313222e-02
5.242098379402774233e-01
8.985717104344933537e-01
1.009124267824397236e+00
6.252752585004736074e-01
9.181640015299026292e-01
3.827869031661847998e-01
-1.285111650843159814e-01
-3.320985376939750378e+00
-1.883743606216559785e+00
-1.216180193460149273e+00
-7.825842937080477180e-01
-5.196581179429687891e-01
-3.555370469398675404e-01
-5.760642129760861208e-01
-3.797059370658052435e-01
-4.709737511908117513e-01
-1.619342850507679898e+00
-3.317377301088916819e-01
2.929170485444987371e-01
6.278023184182849326e-01
9.072323150273875481e-01
1.058772350125150252e+00
9.752475050020404934e-01
8.669980055061119462e-01
-1.440743962874426187e-01
-1.299184900445697233e+00
-3.585408903754307430e-01
1.784784310761114712e-01
6.049285806396812459e-01
6.781341178035320549e-01
3.167472514042086740e-01
6.086627843187062403e-01
-1.602991180544617866e-01
-4.289799277638875474e-01
-2.862398252436211266e+00
-1.868643089014467629e+00
-1.542240975926998603e+00
-1.094683542608348770e+00
-6.634622352361226882e-01
-9.333014373311369072e-01
-9.797582715476521598e-01
-1.007237968303652753e+00
-9.869211648570658246e-01
-2.045107449736621952e+00
-9.067717245640471990e-01
-1.903071958608671677e-01
6.329770641658090391e-02
3.914077828869387266e-01
8.216635853619662644e-01
9.760700521974812194e-01
1.203243539895347158e+00
5.806129937006199171e-01
-1.959035679666042196e+00
-7.995539338183742517e-01
-9.649210505008017080e-02
1.513702529012886100e-01
4.702919009614479617e-01
8.989358886863677567e-01
1.123815266185733241e+00
1.279228575168274151e+00
7.181437137497250767e-01
-3.073080575174942375e+00
-1.664409945632583598e+00
-1.185754356254545838e+00
-7.963997210173368035e-01
-3.240188624853575505e-01
-4.657956123157891981e-01
-5.777220587378975036e-01
-4.589058575867147050e-01
-5.640531192975701824e-01
-1.386718232436804588e+00
-1.942294086547992349e-01
4.015475125648892418e-01
7.121360108379327647e-01
9.884599404763702024e-01
9.805587987881819734e-01
1.011929827621236955e+00
7.451725146982735026e-01
-1.484492635570642816e-01
-1.826532455167299895e+00
-7.397061635263053603e-01
-6.520140625216160057e-02
2.198580472749509795e-01
5.332853244915445323e-01
9.734101264403224318e-01
1.101107162357507052e+00
1.305502528427718634e+00
6.324492787911754066e-01
-1.238740043422204451e+00
-2.848560770180634805e-01
2.581174059167616885e-01
6.756921920638007117e-01
7.653503387968561000e-01
4.104698771197262674e-01
6.871937750431941216e-01
-8.960778670533671442e-02
-3.662201765654328200e-01
-3.360015063273996905e+00
-1.930477256870001712e+00
-1.074018643673953610e+00
-6.264768396613138446e-01
-3.417135470989841606e-01
1.340617463749257943e-01
-4.858246436497472565e-01
-2.305046940800972166e-01
-6.092591059652148200e-01
-2.312013041339198605e+00
-1.062921164700810106e+00
-3.123111069258350803e-01
-5.006956929332104234e-02
2.832352729133040259e-01
7.172856044448272517e-01
7.362089762312327146e-01
1.065382266095109998e+00
3.232636510384706563e-01
-1.404300991725086600e+00
-2.033559832477206397e-01
3.915966722025384095e-01
6.950877555464184399e-01
9.804323231497977797e-01
1.013970831691521468e+00
9.780856140834396362e-01
8.449900245723754866e-01
2.647527862344035803e-03
-1.133134905101182976e+00
-1.369325002764684995e-01
4.117617004906864997e-01
8.033131325142828238e-01
9.366004629088653388e-01
6.119991427103304016e-01
8.465902599143938501e-01
1.853288657664762251e-01
-2.145658639721901850e-01
-2.787427620057781663e+00
-1.698670476095977655e+00
-1.329729194765035594e+00
-9.055814131721081628e-01
-4.640455016056437842e-01
-6.538660233399209432e-01
-5.732236850802077122e-01
-4.598731800825557881e-01
-5.132200213716758830e-01
-1.750685289812693890e+00
-5.074913232513637018e-01
1.094792009370393060e-01
4.449513190094014359e-01
7.372206417868487627e-01
7.000845143167883089e-01
7.113460386168463101e-01
4.394593037081247489e-01
-2.571259926833211473e-01
-2.036195828418117859e+00
-6.417510938261139497e-01
2.641441770557421617e-02
4.131892262849171105e-01
6.678037460614276721e-01
8.768680016344979622e-01
6.984462826268075242e-01
5.508888174481416655e-01
-3.102988165758321926e-01
-1.861736011523376977e+00
-7.722303480729156844e-01
-8.794999342461282121e-02
1.542140940911740921e-01
4.848179016980998512e-01
9.133597834159201678e-01
1.082062032869215207e+00
1.289102132474201579e+00
7.448931234815786562e-01
-3.603873090418564740e+00
-2.088236380238507994e+00
-1.226716431095789206e+00
-7.828869622071878975e-01
-5.049070550845059513e-01
-5.347806109223635779e-02
-1.156460135772357400e+00
-8.392266095108623647e-01
-1.032404868448505209e+00
-1.062300834458133947e+00
-8.533920848502717094e-02
4.593942748329469805e-01
8.442540695335347678e-01
9.585858301936649450e-01
6.147177743596961008e-01
8.615877107473807195e-01
1.990574816562966920e-01
-1.747230724737966479e-01
-2.299233960424118095e+00
-1.190859753230770535e+00
-4.157244477018613438e-01
-8.169915835344934707e-02
2.474637543957789454e-01
6.976676505798888872e-01
3.439766961929037747e-01
8.265638799090716526e-01
-2.252845668825713410e-01
-1.985856977683998714e+00
-6.412579635950782508e-01
1.735549877890504508e-02
4.039274424013863385e-01
6.375400811746776419e-01
8.482788978789931322e-01
6.239402720453688378e-01
6.217135861455519441e-01
-9.102059455525708664e-02
-1.780373104119384431e+00
-4.168767387358807142e-01
2.186927992678635024e-01
5.960144094320107833e-01
8.308115703649827655e-01
1.105121750183589713e+00
9.580950475062839367e-01
9.960900031316434200e-01
-2.319461322697796354e-02
-1.332467883670061859e+00
-4.067510846168171379e-01
1.280897170877751401e-01
5.594073033000316331e-01
6.242101845973142549e-01
2.797560919583697570e-01
5.802318506533773457e-01
-1.927890355328953087e-01
-5.173447755459744668e-01
-1.029208684208990476e+00
-6.322582674132475045e-02
4.839623572152122466e-01
8.655286166452037522e-01
9.738090356928271740e-01
6.323636833150070302e-01
8.953971120692229002e-01
2.774673098484680689e-01
-1.824125987207008970e-01
-1.529518409165353310e+00
-6.356494727011237078e-01
-1.296274421478785799e-01
3.327291222931392789e-01
3.881812471524156982e-01
5.198730791674340684e-02
3.422684386573575654e-01
-3.441107122284962627e-01
-4.349877383569648592e-01
-2.493345096793053717e+00
-1.449057137999238298e+00
-1.060593615749805707e+00
-5.937255698305643481e-01
-2.550750661376580131e-01
-4.689821504433605570e-01
-4.014591812669600635e-01
-3.590188852883470227e-01
-3.883798774135651666e-01
-2.415863290468116098e+00
-1.188759832145359852e+00
-4.268732560998341197e-01
-9.023067282906044317e-02
2.393383603045543817e-01
6.917395133639460125e-01
4.144912536282612803e-01
8.195126366692031539e-01
-1.133263516996434184e-01
-1.184457720501589151e+00
-2.112168529698368602e-01
3.334821047994579457e-01
7.385759132702284235e-01
8.359265248476532850e-01
4.905327774939693963e-01
7.744143588004278600e-01
7.765373671938133326e-02
-3.054821501674303552e-01
-1.955346570048733801e+00
-9.964207916421816691e-01
-2.495506912743772621e-01
5.013221792882663341e-02
3.689657461638768399e-01
8.140128946585069025e-01
7.452174677793406143e-01
1.093752986027429097e+00
2.046148272058023188e-01
-1.970440314445170982e+00
-6.250828063820078606e-01
5.517186107948122975e-02
4.586578640106692695e-01
6.200850450430760441e-01
1.093301398111477418e+00
8.525307885387272133e-01
1.134639659625756858e+00
6.907965365455451257e-02
-1.243940767986804863e+00
-3.057671129111707020e-01
2.392156680738294627e-01
6.553032707523797074e-01
7.313527392741543398e-01
3.243133889608079690e-01
6.450371792577479502e-01
-9.940326432777767812e-03
-3.213626406454522244e-01
-2.020621022823505530e+00
-7.657939941291518338e-01
-1.025169670794816856e-01
2.342956016412254261e-01
5.188776340050372804e-01
9.821954855636116921e-01
8.128849174040123637e-01
1.186472634649148539e+00
1.843942692736363909e-01
-1.020775985564228439e+00
-4.467850388727107741e-02
5.028990998930268352e-01
8.796838589313586976e-01
9.851326598311790361e-01
5.621635396977262555e-01
8.781740876931469764e-01
3.819209819897992908e-01
-9.522068069574288196e-02
-1.770430485108115848e+00
-8.732793033763426305e-01
-1.629536686086505426e-01
1.285472696140430859e-01
4.321534379331335440e-01
8.693874154883034500e-01
9.390027031722747441e-01
1.201932543192134384e+00
4.503086804837771462e-01
-2.293820982266407960e+00
-1.010213560790729437e+00
-2.897293597048304914e-01
2.787906020708528707e-02
3.570445664807882502e-01
8.037870936916604592e-01
6.450297422854364138e-01
1.010516820468020827e+00
8.693096058375351931e-02
-1.868046838317278135e+00
-7.332054967067046514e-01
-5.432308655435319489e-02
2.280951852994760887e-01
5.449384620328974194e-01
9.852443329111315595e-01
1.146153922516352841e+00
1.324643969731249760e+00
6.903241714740238066e-01
-1.707896202607820380e+00
-4.955484453656083255e-01
1.031806834864010120e-01
4.463619039146393130e-01
7.274874286582739824e-01
5.960897456255900284e-01
6.817100272082274870e-01
3.335762279980440947e-01
-2.471961206860515958e-01
-1.734346979207831430e+00
-4.351039737194815626e-01
2.009340840742513123e-01
5.603285050808054502e-01
8.288045326624651210e-01
1.012415672640021969e+00
8.993950059777003903e-01
7.966619104267185225e-01
-1.098780324907190215e-01
-2.176352465855190488e+00
-1.073420393215973601e+00
-3.233712278064068690e-01
2.500093906562636699e-03
3.299683221653422760e-01
7.759774230366924819e-01
5.350613267255537320e-01
9.656203305776107637e-01
-3.411339009170880759e-02
-1.291059676701907355e+00
-3.453343852350308496e-01
1.942219200370394749e-01
6.175976178727493604e-01
6.893047057790810950e-01
3.324973805763849488e-01
6.403171813731056705e-01
-7.784986030418432346e-02
-3.971027311720842223e-01
-1.121907498465395614e+00
-1.533596197953021878e-01
3.971839416819755164e-01
7.904895992689082718e-01
8.810633447926847772e-01
5.062114554086563079e-01
7.835696334647784811e-01
1.236964930189890233e-01
-1.645833767641369516e-01
-1.603428709044897538e+00
-3.476537742010343268e-01
2.675933842143899399e-01
6.189182916159020609e-01
8.753367123040085573e-01
1.085154384190747168e+00
9.175294205442636741e-01
9.930414580658009083e-01
1.525381741430853477e-01
-1.472217553153577274e+00
-2.643759564861322686e-01
3.452040348944003245e-01
6.600343250229896430e-01
9.473414169008674834e-01
1.000808555880796202e+00
9.899719933489889989e-01
7.800607526303365846e-01
-8.383352977775999915e-02
-2.140994818347269568e+00
-1.130808481667794130e+00
-3.767731707898478999e-01
-4.103513607654672019e-02
2.861741680360394557e-01
7.361339571717814279e-01
4.157676750758380613e-01
8.800543084830553253e-01
-1.362571419202772416e-01
-1.942711985531038854e+00
-5.227636137426769913e-01
1.328652667933876430e-01
5.279359759837444210e-01
7.530530403613631130e-01
1.034291301541380603e+00
8.573673262535762563e-01
8.616682411803092689e-01
-8.402091379426120110e-02
-1.181126342400528495e+00
-2.273724811154565761e-01
3.154873928363517988e-01
7.201142639999502659e-01
7.993916849738246233e-01
3.353448811782212546e-01
7.137557237465618210e-01
1.568539333405934988e-01
-2.374228604362806916e-01
-2.050823494498739574e+00
-8.166111152824879760e-01
-1.590326130159911422e-01
1.319836089082140063e-01
4.412566003039781193e-01
8.770959427581848100e-01
7.612406483729147189e-01
1.171021586747454712e+00
4.212707682571480428e-01
1.884885307910074026e+00
1.850672223671014027e+00
1.778036612729486432e+00
1.735979583360404144e+00
1.656031046059645018e+00
1.567967723516542122e+00
1.487147090959720863e+00
1.406474990423290494e+00
1.131472978731412171e+00
-1.893249880563645071e+00
-7.835741305173160587e-01
-8.591592984091551977e-02
1.466699499859109579e-01
4.647342644183997118e-01
8.873608731064854815e-01
1.101095356978746720e+00
1.268738286878053234e+00
7.948999292626803825e-01
-1.106897025923907707e+00
-1.490513074156462059e-01
4.004548443693911053e-01
7.941063638093971422e-01
8.918324756072066872e-01
5.408468761159873628e-01
8.247473964544387304e-01
1.819008300797204103e-01
-2.006496599117425228e-01
-1.287631753730920536e+00
-2.598888416880466012e-01
2.872749351637342019e-01
6.936612983161390966e-01
8.371081347051706478e-01
5.384275765873629549e-01
7.869564974429020809e-01
1.603618168511264097e-01
-2.275844475184455040e-01
-1.418682424150998989e+00
-2.840245766877761979e-01
2.973720315002987280e-01
6.369205924842229471e-01
8.863006030815201441e-01
7.420853597578094263e-01
8.282046199565064049e-01
4.406818879614433082e-01
-8.703988927400416187e-03
-1.035066740814451158e+00
-6.614151581029562021e-02
4.805473827796444830e-01
8.618088293951393641e-01
9.726510457474164539e-01
5.464167667584838295e-01
8.542394321252557710e-01
4.066747971609836476e-01
-2.895636467481517082e-02
-9.873557062045402732e-01
-1.889787903556684051e-02
5.284836058039079631e-01
9.014108616471719904e-01
1.012627222639577607e+00
6.510017375658858629e-01
8.964748819994629025e-01
3.496549145280344328e-01
2.627313182671936476e-02
-2.419597596727551814e+00
-1.191679386476525382e+00
-4.287377576995347050e-01
-8.874514268926089744e-02
2.412383062653812582e-01
6.935873883787498917e-01
3.951265181842009144e-01
8.064940998875452793e-01
-2.553406886973843409e-02
1.989704878378989239e+00
1.916078738679989790e+00
1.816380676764354218e+00
1.769976390602238769e+00
1.757358727129914255e+00
1.661431672057694264e+00
1.581359883385223375e+00
1.491810647744427065e+00
1.193604652731479421e+00
-1.677990229550319068e+00
-3.630838859833128152e-01
2.539766567324236446e-01
5.990033654919632022e-01
8.639670047991533375e-01
1.033298439856934481e+00
8.664106338827447518e-01
9.204401683092587882e-01
2.915611940540723257e-01
-1.612989791094678438e+00
-8.459791409068914136e-01
-1.225756993685222090e-01
1.507677931332408461e-01
4.664482584336028803e-01
9.092603187367745976e-01
1.013665913437594712e+00
1.252119623691672734e+00
5.715901645707844869e-01
-1.784560340926705235e+00
-9.388657712212695738e-01
-2.168409969754819533e-01
8.026709265085688050e-02
4.000025933476352713e-01
8.434258840573654048e-01
8.186715336148189248e-01
1.143178464360175006e+00
3.362410659711206895e-01
-1.977198484361855968e+00
-7.886254707073310222e-01
-1.323792679823905805e-01
2.167651490776822676e-01
4.999783121523347362e-01
9.634184489124971718e-01
7.750879857685960550e-01
1.147390740692264099e+00
2.488514951795144370e-01
-2.271860836656045546e+00
-1.030346239116662233e+00
-3.150551463669866714e-01
-2.900674147149822149e-02
3.112731748576086366e-01
7.397483208698539814e-01
6.455015968029741424e-01
1.039821872915330347e+00
4.877387503754339604e-01
-1.115925972531527366e+00
-1.634096612215392430e-01
3.862972058486919824e-01
7.825344027570707572e-01
8.774029622329609923e-01
4.959840760669464999e-01
8.110786866288653973e-01
2.849735136106114064e-01
-4.307055881428097782e-03
-1.117921891104598942e+00
-1.633507835049993473e-01
3.858669486075245736e-01
7.805367128155868972e-01
8.698485066634054075e-01
4.992824645772456771e-01
7.739363094747899741e-01
2.973251843783001891e-01
2.445884463988365620e-01
-2.303854466868267892e+00
-1.088381499068972413e+00
-3.462755453918514026e-01
-7.590674098705207928e-02
2.620056436881581519e-01
6.933728341798911510e-01
6.858299965237950602e-01
1.042234114297184933e+00
5.902120539059717563e-01
-1.312348698408663417e+00
-2.811873217896228017e-01
2.698856091944396018e-01
6.661563646615580314e-01
8.388212082540715819e-01
5.289475957769288472e-01
7.813124836607477919e-01
4.123642405936176480e-01
1.079636700162288077e-01
-9.828873711696981541e-01
-1.919636935646398465e-02
5.270870169700720975e-01
9.011781667201476109e-01
1.014277683571422450e+00
6.412598046756604608e-01
9.262580143741685479e-01
5.229183711733328410e-01
2.024839246211688482e-01
-1.035404700595353500e+00
-6.176625774366222010e-02
4.866739796009948993e-01
8.666501879324021163e-01
9.745664155747305601e-01
6.186118735464831708e-01
8.689918150946319697e-01
4.472365009377426981e-01
4.097056971400337977e-01
-1.990582945865443598e+00
-6.723183199167309665e-01
-1.617319156728716859e-02
3.619859270520550676e-01
5.808002508611654902e-01
1.064942971780013181e+00
8.899152561595020661e-01
1.226359831672339196e+00
4.186728645126453485e-01
-2.078294850295662854e+00
-8.961685265747577622e-01
-1.893290479466242793e-01
1.015505275513780420e-01
4.308081712441731992e-01
8.791341650944538566e-01
9.712459778447509740e-01
1.225837898530157677e+00
6.498638261321029175e-01
-2.134070174619633331e+00
-7.132294425860968845e-01
-4.088040318800569006e-02
3.550072965555117754e-01
5.800880061219176875e-01
8.103228162319182637e-01
5.855319222406137891e-01
7.296381164604768266e-01
6.082770381447555330e-01
-2.412150572397239845e+00
-1.172200692527441968e+00
-3.963240127037929161e-01
-7.660089698591468488e-02
2.512181126777276452e-01
7.084754923614878797e-01
5.866600542178976863e-01
9.490146802875623067e-01
4.064899173481225647e-01
-2.700384836201000116e+00
-1.945755613340587331e+00
-1.645184338031953075e+00
-1.062432518853774432e+00
-8.276210601980696913e-01
-1.014847167291693442e+00
-5.270596672523293613e-02
2.792069517297249281e-01
3.042790974319270481e-01
-1.368570500551309133e+00
-4.364354641591404182e-01
9.715463939444278496e-02
5.332834763178202486e-01
6.009101728606576209e-01
2.458060448240396711e-01
5.632684516417778564e-01
3.966015767237580647e-01
4.710008720144286953e-01
-1.696021450925025320e+00
-6.909778560420460902e-01
-5.864845211820386359e-03
2.555231103745841392e-01
5.633929799884965783e-01
9.966069328066660127e-01
1.238838901478785282e+00
1.370282449830106053e+00
9.162507241048347684e-01
-2.210190775893451143e+00
-8.221102956342487555e-01
-1.042067792545754851e-01
3.115561011467320451e-01
4.935485257705135576e-01
9.260782169050258972e-01
6.295438551218621726e-01
8.226988410041722322e-01
2.587340256604916400e-01
-3.255262675034741093e+00
-1.862435272042326062e+00
-1.393349110425381454e+00
-1.015070096703885705e+00
-5.219753673056202192e-01
-6.237627469410531589e-01
2.612410449867719198e-02
3.516633128560013866e-01
3.283674620024090718e-01
-1.304954726826872857e+00
-3.568946653673970015e-01
1.798665644956797816e-01
6.049157012464650984e-01
6.734414023885844092e-01
1.497825234899188285e-01
4.637325573591175032e-01
3.408251784526789008e-01
2.673251951998106835e-01
-2.333599870835951773e+00
-1.283444326589407547e+00
-4.944518767613062527e-01
-1.367001696386141996e-01
1.940079263037957358e-01
6.509896049123057304e-01
2.714981113275135027e-01
7.243486626402766415e-01
1.824496592359633462e-01
-3.288428347197495327e+00
-1.871675152929531905e+00
-1.174231003049411859e+00
-7.377574939491174932e-01
-5.092998851964118945e-01
-2.366982815008082108e-01
2.209990861011320307e-01
5.857327777247804956e-01
6.400939590587895189e-01
-1.863552686524841739e+00
-4.697897813714343451e-01
1.726178921564567592e-01
5.574981304146205963e-01
7.896972359667600028e-01
1.061249767740593875e+00
9.323033237555516939e-01
9.673694716987886189e-01
3.608469444747646748e-01
-1.978395322768810471e+00
-6.157432100500423999e-01
5.275500961711873660e-02
4.567355999260669930e-01
5.989331965549897774e-01
1.035269128010848583e+00
7.519373860093623296e-01
1.099679716778077632e+00
7.532630382618772380e-01
-1.883490542235663368e+00
-7.981354361114953999e-01
-7.876415048631740801e-02
1.925571192439979595e-01
5.059447205732050534e-01
9.471404680966251100e-01
1.166501160743733223e+00
1.324932286523181180e+00
8.570203787405277218e-01
-1.653344053988255791e+00
-7.915419864410316864e-01
-3.051783794423657548e-01
1.714344469945749960e-01
2.157057269455267823e-01
-3.509082352451654563e-01
1.233720051230342563e-01
2.033306123950305855e-01
1.839948739933466304e-01
-1.562154004978973720e+00
-3.096089519364859655e-01
3.057342507661928721e-01
6.389244862071181696e-01
9.097529676437922097e-01
1.078511029470637039e+00
9.433686997242965999e-01
1.033986841765161646e+00
7.242134939236857250e-01
-1.724930294994271751e+00
-8.073194817772154641e-01
-1.095018594434062492e-01
1.713457561869458079e-01
5.037442001925448443e-01
9.457797756720820459e-01
1.030660109544659919e+00
1.292402535263291297e+00
6.597605229952165917e-01
-1.833117386802038506e+00
-6.350641106628378552e-01
-2.481182281958742991e-02
3.046471125087891751e-01
5.497635322404778035e-01
1.012590940556286068e+00
9.235979314868464352e-01
1.294963988417302536e+00
9.552361817204000349e-01
-1.782847056358458415e+00
-9.314086488950380494e-01
-1.938441496755567706e-01
9.873651394251721503e-02
4.269088253151239187e-01
8.747122836580298877e-01
8.717070512002272897e-01
1.189137723730477436e+00
5.339775330113800678e-01
-2.517784236474635673e+00
-1.983552795429883053e+00
-1.598363862909957023e+00
-1.025326390710625590e+00
-9.783391450701350855e-01
-1.342897535054303093e+00
-4.601236936288366497e-01
-3.197714529181001214e-02
6.717659334072965949e-02
-1.007439658452691011e+00
-2.586832326913710359e-02
5.197536776363378408e-01
8.949538654944458882e-01
1.021533139863619599e+00
5.980780608466713666e-01
7.629105043298420874e-01
6.376979199585117719e-01
4.232282284686371687e-01
-2.297419144611601904e+00
-1.650256955290013261e+00
-1.251229071254527314e+00
-6.921959245577976594e-01
-6.415518477894407434e-01
-1.116673996922727952e+00
-2.329446168028264652e-01
1.615924248460294255e-01
1.813714036754691117e-01
-1.062632669316380341e+00
-9.295525851256669636e-02
4.582261942613523042e-01
8.413887188646905768e-01
9.413768526154944194e-01
5.460655796812751150e-01
8.567832578612847305e-01
5.064087983963760919e-01
3.011605957695550617e-01
-2.649262486989605314e+00
-1.989547441415103091e+00
-1.674189136544588452e+00
-1.065969947061134349e+00
-8.862917887529512262e-01
-6.510054373550538953e-01
1.581786647918054234e-01
5.336860905901431584e-01
6.192610811308204566e-01
-1.981804215168633920e+00
-6.898648738575188233e-01
-8.983324515138295385e-02
2.709220626428799905e-01
5.880315505571593881e-01
4.837706580106982401e-01
5.386379922370105877e-01
3.705973123028169502e-01
2.456631272497512841e-01
-1.079904603624397996e+00
-1.050166298433598266e-01
4.430679901555931721e-01
8.314172359179854421e-01
9.469214985815784802e-01
5.358004654588773841e-01
7.654299045650900801e-01
5.395937573712448199e-01
4.901322468663719678e-01
-2.140376573525330173e+00
-7.922056813757445415e-01
-1.943205439239068522e-01
1.721284642643362839e-01
5.094711532570682655e-01
4.296274516069845117e-01
4.368185338074086488e-01
3.039617905309652812e-01
2.263333738316235522e-01
-2.299330068629961144e+00
-8.812997889632584458e-01
-2.427522385730454257e-01
1.363060177974052545e-01
4.470783695920260148e-01
4.789509504624329117e-01
4.516112712257659978e-01
6.724479102267912900e-01
7.168368816692323175e-01
-1.429673203408917015e+00
-2.337963154727518700e-01
3.725873801337874491e-01
6.751854303401390034e-01
9.611158350010451379e-01
1.025163563482013318e+00
9.694962709576581128e-01
1.003014724582478090e+00
5.140208298373502016e-01
-1.246218043419552446e+00
-2.866854871872358546e-01
2.578054152100709984e-01
6.742729361565796831e-01
7.683300434799340550e-01
4.208743375624695582e-01
7.106967761195384092e-01
5.239902295963430046e-01
6.011655612091041379e-01
-2.976867018982896074e+00
-1.865821032430580617e+00
-1.504311959537847798e+00
-1.097488690936509137e+00
-6.019682529558889605e-01
-7.338544664405115547e-01
-3.731293526938631033e-01
7.355159490968092573e-02
1.575875634306236062e-01
-1.107639536444796624e+00
-1.497830283078898095e-01
3.987955262127787504e-01
7.939563649127678868e-01
8.929303672739244968e-01
5.398321907711590706e-01
8.104054623786199896e-01
5.492175264272407542e-01
6.042107230998977618e-01
-1.958058783378793688e+00
-5.724691727682245102e-01
8.273357032421815860e-02
4.774604001218219484e-01
6.872715340489022884e-01
9.624665840101268577e-01
7.509942120038592961e-01
9.485051780982953762e-01
7.839945157867740377e-01
-1.941005659952787177e+00
-5.741762410607786915e-01
9.048721451874541799e-02
4.800117762232895546e-01
7.150742144109774046e-01
9.677175764009781078e-01
8.328041049931643736e-01
8.376494097743010236e-01
3.698249413263978713e-01
-1.948566271514378112e+00
-5.441613143730763547e-01
1.257141543378648973e-01
5.326414240917546339e-01
7.140160539968972708e-01
1.093184737249018657e+00
9.239516327215419045e-01
1.069781658040379169e+00
4.545043917011744594e-01
-1.356795234888167112e+00
-4.401036599959747830e-01
8.766787301688494516e-02
5.283632564823821376e-01
5.975599011336749644e-01
1.691648854026659154e-01
5.498837548406324549e-01
2.621656657333247264e-01
2.148079236615290655e-01
-1.075359009647433473e+00
-8.091507069422688991e-02
4.639596709815463904e-01
8.490267532805151340e-01
9.771589760981784778e-01
6.364007419310870883e-01
8.688404869035073474e-01
5.987957313493231792e-01
6.267058314701168253e-01
-1.077928066422205955e+00
-1.209799854041210820e-01
4.308241290942635970e-01
8.181733405817717131e-01
9.150725099265185625e-01
5.080675022407074026e-01
8.276553689187182705e-01
5.018572262233824688e-01
3.246645049801040739e-01
-3.629916035399331609e+00
-2.055291865241319016e+00
-1.205064887605042268e+00
-7.633392417775478611e-01
-4.851418021373995471e-01
-1.832607560611772919e-03
4.673415510187927530e-02
4.242345658136674191e-01
4.571647113464353818e-01
-1.819851427152937129e+00
-7.720630956841578740e-01
-8.184064591874418149e-02
1.647297220837536103e-01
4.837486152515108051e-01
9.067269349686490898e-01
1.140880357572844117e+00
1.314838901773362601e+00
1.105154317079246162e+00
-1.146515440100513983e+00
-1.961045458382899009e-01
3.519670926139950584e-01
7.523664973195455241e-01
8.354810207716749648e-01
4.015430877513767594e-01
7.436945189135973910e-01
4.637088891609582042e-01
3.207201077835550307e-01
-2.660554879050955002e+00
-1.907734831643564721e+00
-1.599460210241581137e+00
-1.015797537639513193e+00
-7.897384670851355093e-01
-1.056221505726766985e+00
-3.020468098205629781e-01
1.382678285892684766e-01
2.026531066017371319e-01
-1.873177890248635125e+00
-5.155465074689457028e-01
1.315094439848744912e-01
5.322057691946976421e-01
7.155123235792336667e-01
1.059964436722728331e+00
8.864959918050647758e-01
1.089089445462479100e+00
5.869089465540886508e-01
-1.545894435126111910e+00
-5.389762407142075773e-01
-1.966843138971611019e-02
4.345258102739601447e-01
5.771812592915763762e-01
2.858936548800902200e-01
5.674520323011905676e-01
6.112446885107480909e-01
6.907094543852428936e-01
-1.150495729034844539e+00
-9.459534982247572166e-02
4.646399157165941318e-01
8.147224382300921608e-01
1.026986695676595618e+00
8.399763895303785644e-01
1.000660045209422311e+00
7.735705972919847406e-01
4.338530284397014714e-01
-2.720447348813086030e+00
-1.415664550015647061e+00
-6.399521282958730017e-01
-2.993230523321563363e-01
3.975090113586560864e-02
4.837596368468738972e-01
6.125789655626743269e-01
9.479102484693319175e-01
9.928271665561437809e-01
-2.009709357155718301e+00
-1.018541953430604607e+00
-2.762757557613961246e-01
4.119857494462222242e-02
3.662768800481680520e-01
8.158663812944019211e-01
6.899995301430470462e-01
1.071314132889756854e+00
4.598913464564252651e-01
-1.641409500283825595e+00
-9.303205909098151150e-01
-1.963138984190388181e-01
9.731570219721674686e-02
4.192553228230669893e-01
8.656739531998717263e-01
8.953695241570513996e-01
1.199187782432277638e+00
5.949353204360223746e-01
-1.175855059775143152e+00
-2.240378742529401113e-01
3.251754991728195709e-01
7.284239207890088608e-01
8.143692408258903503e-01
4.600736264200376291e-01
7.558638534633458361e-01
5.901351173838936814e-01
6.711542063133362213e-01
-3.034012008630721180e+00
-1.643793618138315704e+00
-1.157133337061391654e+00
-7.601868657787096417e-01
-2.905028847420665361e-01
-1.252356986296744579e-01
4.448273351685245180e-01
8.025939883988650880e-01
8.844878161585820742e-01
-1.995218697107596695e+00
-5.935296959935147942e-01
6.395711419808904064e-02
4.547586069779594453e-01
6.661218924793348428e-01
9.296284877313224504e-01
7.197098995873036920e-01
9.246482014606025590e-01
5.989361206123500203e-01
-1.427004793042701225e+00
-2.301664598139561424e-01
3.698665131421656205e-01
6.766719778338494695e-01
9.587725827060680217e-01
9.631196816568518004e-01
9.566920102460793052e-01
9.338493127910750813e-01
8.255921824489632632e-01
-2.216113736377483434e+00
-8.203048532862080577e-01
-9.864376784493776584e-02
3.110622157135976562e-01
5.113158612995788443e-01
8.543489282932268392e-01
6.206199294097748398e-01
7.018071635631633054e-01
3.794373804809708650e-01
-1.552198844064645478e+00
-6.684817273346915778e-01
-1.630754772262812402e-01
3.007703676251922698e-01
3.540035588979190129e-01
4.106953845480288551e-02
4.366231893360239535e-01
5.635290676678488264e-01
6.654062060517202948e-01
-1.432286119346222852e+00
-2.514326880440665990e-01
3.466614196676436888e-01
6.547783230013648481e-01
9.353606158070700838e-01
9.108062851078886357e-01
8.652360338673870110e-01
8.988997401938833010e-01
5.544641306684362503e-01
-1.633325449318071110e+00
-3.921487855743054363e-01
2.331841307200025748e-01
5.667590935476948255e-01
8.449653235538476803e-01
9.580559384104547771e-01
8.570751586566984770e-01
9.457893758107728255e-01
8.372203167301638382e-01
-3.364240619945488842e+00
-1.930142050982441404e+00
-1.137276577575725867e+00
-6.917910153082537095e-01
-4.382708481883223484e-01
-7.538149885491548206e-03
-2.849305119007932707e-01
1.672602144367165700e-01
2.733157043629062533e-01
-2.501045284613087727e+00
-1.257289516378321759e+00
-4.855265296295516175e-01
-1.199415418419195606e-01
2.035560917352398635e-01
6.655881785657469241e-01
3.016849624323481582e-01
7.439108590625668205e-01
3.444761345030528110e-01
-2.082846447209468987e+00
-9.346574661041173737e-01
-2.313811572224300506e-01
3.535960990848135282e-02
3.768198043795976115e-01
8.067025139698540404e-01
9.291840503931225737e-01
1.215374582558155447e+00
1.110390601114104481e+00
-1.312836503257629905e+00
-1.603261689271499313e-01
4.246371864701281584e-01
7.296710318844481513e-01
1.000668241007876214e+00
9.441898668209783851e-01
8.693350324964040921e-01
9.396962421391282794e-01
5.917103521048319159e-01
-1.028153747119229688e+00
-5.162044349057402781e-02
4.949013869091912765e-01
8.738885296373521960e-01
9.866250845347032117e-01
5.941808931134850980e-01
8.781345679703310703e-01
6.187916795792831604e-01
4.158041398269025080e-01
-1.659777807936596572e+00
-4.439826011443066545e-01
1.599508977278729926e-01
4.923602134826551291e-01
7.814224805408445107e-01
7.219308793726640916e-01
7.028916363273621792e-01
7.618616149605461629e-01
7.646735077060544672e-01
-1.798803855069087021e+00
-7.079861429768081749e-01
-4.022921897865035235e-02
2.055933111303486216e-01
5.310400850571066478e-01
9.590860721094652819e-01
1.195433579722675388e+00
1.351920798645268595e+00
1.216179559325487158e+00
-1.828883172592958406e+00
-7.409766298190850753e-01
-5.852675265988254577e-02
2.182520050954780411e-01
5.355384132121534524e-01
9.817705816526802742e-01
1.186508802023920950e+00
1.362451153016310812e+00
9.037576820748701723e-01
-3.158323699808719187e+00
-1.783534253225511401e+00
-9.699228257090203309e-01
-5.293332666161840727e-01
-2.312035349815284579e-01
2.522172768550216548e-01
1.336853622446027012e-01
5.028517320387891898e-01
5.173619146694016235e-01
-3.485440328537841470e+00
-1.916334611319974623e+00
-1.108189686655711492e+00
-6.513471020156361702e-01
-3.918119768601417974e-01
4.810671382394445666e-02
-2.687307425304173991e-01
1.845359176461017214e-01
2.915398963857790404e-01
-3.092442455736287510e+00
-1.796802595906946687e+00
-9.663415525048306698e-01
-5.606766098196781511e-01
-2.465084877248566175e-01
2.544820180114907848e-01
6.347376248784307728e-01
9.692324252501959281e-01
1.060085280655151285e+00
-1.917952156299965738e+00
-7.427899328828988512e-01
-1.000808804451704115e-01
1.777349036074863387e-01
4.932268756687510081e-01
9.322770155220301280e-01
1.039868310684199937e+00
1.303867596349697067e+00
1.161639631721466559e+00
-1.944881732107255567e+00
-8.804826238036080888e-01
-1.747318161693458272e-01
9.125183931453484387e-02
4.092123202565849938e-01
8.441513621930476496e-01
1.048963605543591582e+00
1.284311959831718308e+00
1.052579904533794464e+00
-2.580442600606360326e+00
-2.043515376144914963e+00
-1.680457637693109740e+00
-1.083882095539504320e+00
-9.948452728220182895e-01
-6.675554361554167926e-01
1.959585130552829180e-01
5.830902288546500056e-01
6.901429249972002022e-01
-1.156187401682329252e+00
-2.052178364747325734e-01
3.449898224821305592e-01
7.455414329419752795e-01
8.301804163417255689e-01
3.324492027169160813e-01
5.837516658375827561e-01
5.356190707401690121e-01
4.487355920260249209e-01
-2.120516707840568227e+00
-9.221137369050729227e-01
-2.316491193181093033e-01
4.015735723537906116e-02
3.810317901881694613e-01
8.131778238890395860e-01
9.608145413249239430e-01
1.232468424344711488e+00
1.177180850250423072e+00
-2.717216560959454519e+00
-1.376735023474542796e+00
-8.915470103786731215e-01
-5.142975775758543699e-01
-5.703649745141451538e-02
-2.660958211455590749e-01
2.711467387201004775e-01
6.421917393673383101e-01
7.258015232466940025e-01
-1.013139932230615825e+00
-3.192758948970133431e-02
5.140841636535967707e-01
8.910911398310946696e-01
1.017113319953925954e+00
6.886844458146220704e-01
9.208016208861342644e-01
7.067670151580582871e-01
7.438413705965989386e-01
-1.881639449746632664e+00
-6.253782733659534188e-01
-1.264188105416262989e-02
3.198022470741359591e-01
5.627564740373585117e-01
1.030532815070114960e+00
1.038328098885852979e+00
1.345347387424574936e+00
1.190317021552821597e+00
-1.597483944604627393e+00
-3.947016479296125979e-01
1.998436417077856520e-01
5.404868396643459638e-01
8.160812218584178046e-01
7.217917058034268862e-01
8.267995133209632419e-01
6.392461058480141123e-01
4.287955897273196815e-01
-2.501397905428389024e+00
-1.946318539463437913e+00
-1.577049034384748083e+00
-9.869241188447606117e-01
-9.277525252740786987e-01
-1.094588100592932323e+00
-1.716738758090721913e-03
3.785812968524047695e-01
4.468221593282485360e-01
-1.284320699804272881e+00
-3.558034619074598726e-01
1.857345915823629956e-01
6.072315782199448897e-01
6.746175620615710855e-01
2.339724009410583672e-01
6.151416462987073785e-01
3.840248276806385030e-01
3.466463815205331200e-01
-2.018919696884557968e+00
-6.725109701449688560e-01
-4.394197721900422460e-02
3.123773421804020844e-01
6.076995438567576180e-01
6.074869293550724247e-01
5.251055866074312295e-01
6.956029664132906687e-01
5.977625821639416248e-01
-3.419559359897887063e+00
-1.988554916809567752e+00
-1.364438592114793014e+00
-9.397425575047997359e-01
-5.791313236308089918e-01
-3.776488241148615588e-01
-2.834577210035356121e-01
1.997255554721519555e-01
3.294282218437487586e-01
-2.419221422451742320e+00
-1.152550098685714897e+00
-4.290006352181746085e-01
-1.148681665681865749e-01
2.242972120629857513e-01
6.620169209011341760e-01
8.192733388226870472e-01
1.122103180305406900e+00
1.166590163639789068e+00
-1.789446353539523749e+00
-9.144294306874658496e-01
-4.584996829591134193e-01
5.276800393775160636e-02
1.212865672767611536e-01
-3.280043549379806911e-01
1.389489385601971605e-01
2.525294537781558879e-01
3.118383414960758659e-01
-2.436389257118115825e+00
-1.140761847784065086e+00
-3.892027175043060727e-01
-1.019098666935602804e-01
2.409571293460375796e-01
6.807467624835175091e-01
8.092735894081926062e-01
1.138494708180108672e+00
1.104105562310263355e+00
-9.801371950957159518e-01
-2.001912669183354698e-02
5.242747327434801319e-01
8.985518773472814802e-01
1.010518796754033888e+00
5.885069550362173052e-01
8.130872116694836116e-01
6.857796748209423754e-01
5.048425232215897340e-01
-1.437896304606408604e+00
-5.029701579065857242e-01
1.604762797665574420e-02
4.636923202394580557e-01
5.260743474228735117e-01
7.276273178747658110e-02
4.767878604864905778e-01
3.457943517504475928e-01
3.472447855513450810e-01
-1.990331588516078831e+00
-6.756055144016235303e-01
-4.090112156160506662e-02
3.406098290731017775e-01
5.614189310741527494e-01
1.043047988533483350e+00
8.756618689157719126e-01
1.211014608040283269e+00
6.078086231604981071e-01
-2.548262364127297008e+00
-2.013152263170071787e+00
-1.627619511003194797e+00
-1.052386003743232656e+00
-9.619411194616874772e-01
-5.861183441101696090e-01
2.547130958416954361e-01
6.446241269783268280e-01
7.512531439018856894e-01
-1.975015762988544976e+00
-9.019708749878271314e-01
-1.759233986423373586e-01
7.776558322940131662e-02
4.013412426774991548e-01
8.361356321950391690e-01
1.088301041410672187e+00
1.301816822176061539e+00
1.233808397293175263e+00
-1.767331176356030875e+00
-4.659122230758261929e-01
1.567863868611821809e-01
4.980301932095965167e-01
7.898319067873814658e-01
8.418948545589882704e-01
8.394101626475077849e-01
7.421212011019971966e-01
4.753039579725308328e-01
-2.112046180436268017e+00
-7.810370023902595271e-01
-1.366464335003991504e-01
2.090716942364707065e-01
4.721930857617927524e-01
9.373750030544069078e-01
8.362500761792063253e-01
1.175922929942259332e+00
7.576837196964280041e-01
-2.147683436890207798e+00
-1.002255142572997526e+00
-2.608019094074290334e-01
3.783002095161562550e-02
3.599559591315037999e-01
8.144937524420465813e-01
8.794814400143329269e-01
1.170802645525997221e+00
7.446905401461900720e-01
-1.846695692073585082e+00
-8.164645204465875716e-01
-1.159476593817583973e-01
1.744193190261829896e-01
5.048363878165700314e-01
9.562090672531907698e-01
1.005748430076083944e+00
1.293039688934728204e+00
7.094428529904648340e-01
-2.263525679309938088e+00
-9.389836540450700042e-01
-2.143931224553130843e-01
1.894176826073001307e-01
3.760083882278425493e-01
7.651734440566965167e-01
8.025967984573455505e-01
1.094177182337539911e+00
1.159531775949785848e+00
-2.087559089415299773e+00
-1.065276566532411540e+00
-3.179412669596695107e-01
9.649118463266078208e-03
3.374401031732973122e-01
7.890789693764814761e-01
6.175073440787187673e-01
1.018806279939722614e+00
5.039966203470238604e-01
-2.408417511983061310e+00
-1.113100546981403927e+00
-3.629011357749348798e-01
-7.747210183579325560e-02
2.518408142957294649e-01
6.942248655722706996e-01
8.546463283673568778e-01
1.176968629801182553e+00
1.108857608902296343e+00
-1.070408096468841608e+00
-5.060750654075570759e-02
4.949776498455311646e-01
8.656337138386115404e-01
1.032717316872950652e+00
7.591351614276677928e-01
9.464984375160655494e-01
7.981794009929563671e-01
8.171895744350210489e-01
-1.290709590168872101e+00
-3.616229716098097735e-01
1.765899858086425189e-01
6.004219644128360178e-01
6.670362572031844905e-01
1.272743164511784819e-01
4.223964574424032836e-01
5.086168902552055116e-01
5.114437394637609824e-01
-2.499393052433226625e+00
-1.957978688797345379e+00
-1.569014891753509167e+00
-9.917326006386011361e-01
-9.402523587415015927e-01
-1.205208497519850042e+00
-2.175940341736047612e-01
2.378016932483796864e-01
3.328810061362652561e-01
-1.254081947741475522e+00
-1.856869732000158146e-01
3.727944691748990014e-01
7.400945878338657247e-01
9.391699455571009825e-01
7.055031638510851355e-01
9.067885343678636634e-01
7.070419118652577772e-01
5.159244918892471610e-01
-2.598402011444000959e+00
-2.091622640353307361e+00
-1.694141272002202436e+00
-1.115585516483199369e+00
-9.857807533836157043e-01
-4.379692317231903553e-01
3.565695541548895564e-01
7.410184903605077089e-01
8.422723261679754270e-01
-2.195313346781913921e+00
-1.081684411365901877e+00
-3.322993813624136039e-01
-6.027699650455005907e-03
3.140954711766653085e-01
7.681192343111845622e-01
6.246425693564870985e-01
1.019406320737651583e+00
5.504388974776103227e-01
-1.761046049989994700e+00
-5.731053525922992220e-01
1.006536134703973906e-02
3.746041262701440000e-01
6.502533785550621559e-01
5.296767816232118564e-01
7.756926185470313095e-01
9.796180230503055419e-01
1.067797791367757210e+00
-1.135961150365521366e+00
-1.730947495402093694e-01
3.753043764013320183e-01
7.725112849511359681e-01
8.706097897424748266e-01
5.375115201737488135e-01
8.341019454950562295e-01
7.908600100327742854e-01
8.742641555203466419e-01
-1.648805993331375230e+00
-8.579780399155551018e-01
-1.537805338146316370e-01
1.403240346973728125e-01
4.716758520591186055e-01
9.175386748022964500e-01
9.510178731534368879e-01
1.253879591910505686e+00
6.984810652394707331e-01
-1.885924523896161054e+00
-5.865585657869019087e-01
8.897918225544604320e-02
4.984447499238871537e-01
6.509629112151323893e-01
1.105879081036351907e+00
9.341120846882059459e-01
1.171715551739237027e+00
6.318157694378468969e-01
-1.062848070487046881e+00
-1.070208135752580697e-01
4.438715920938781645e-01
8.309662809479471113e-01
9.286962459745096155e-01
4.613558434938904718e-01
6.729977967094183944e-01
6.329610066072383079e-01
6.271660878952384222e-01
-1.577003497613688188e+00
-6.892827528674251303e-01
-1.905862786264367892e-01
2.818697407571374991e-01
3.374663622830529341e-01
-1.231981100980448218e-01
3.253685254997257803e-01
3.302666282076525683e-01
3.830115529315267775e-01
-3.457238159851232950e+00
-1.996188713907116608e+00
-1.129387315457182739e+00
-6.691670566230737416e-01
-3.846743378102259192e-01
9.503186721158281280e-02
-1.439681223012920785e-01
3.104959096437859278e-01
4.224211174527578438e-01
-2.536695866938780686e+00
-1.381613357214118265e+00
-5.859081076412059330e-01
-1.999245498786168806e-01
1.209348893604650504e-01
5.869242088160580018e-01
2.110805281567897651e-01
6.459689480555783625e-01
4.483234481266027416e-01
-2.259102699175070228e+00
-1.592696493133767044e+00
-1.189084840675110888e+00
-6.306574867725098787e-01
-5.555274421928595441e-01
-4.019054068118816936e-01
3.527089997773285579e-01
7.351631324709227977e-01
8.364750936785532165e-01
-2.318598162620197023e+00
-1.141327065627544046e+00
-3.849741165953248223e-01
-4.131994953193363768e-02
2.888497061972765123e-01
7.425893353026897792e-01
5.246942782027288477e-01
9.321923735746830975e-01
5.618398947884679639e-01
-2.185237448937023430e+00
-7.875370392687007781e-01
-8.755404234737917957e-02
3.212660376292949538e-01
4.857715460473853719e-01
9.056206079786462970e-01
9.430859988858356635e-01
1.209190522028924963e+00
1.250155032000544120e+00
-3.517665334277515932e+00
-1.978550804956656917e+00
-1.160096104628133284e+00
-7.115114160748829963e-01
-3.952528481650904868e-01
2.056972585179477342e-01
7.716742618058577419e-01
1.104961184770296700e+00
1.207900233658950606e+00
-1.502081526314551274e+00
-5.940421133352361549e-01
-8.292554656735851015e-02
3.777707471664920047e-01
4.417892157637646755e-01
1.382173117084033731e-01
5.440167748271027559e-01
7.223263905489475389e-01
8.304275893433147315e-01
-2.707706314683678173e+00
-1.980351796079805382e+00
-1.678848377878724873e+00
-1.101476861295522136e+00
-8.611145223218710232e-01
-1.016727707086408472e+00
-8.031810580004705713e-02
3.662384541224408818e-01
4.281626983257834640e-01
-1.066949519168125526e+00
-9.835416466049230755e-02
4.483684385540070982e-01
8.358879222218641436e-01
9.400626000006752081e-01
5.898029915979111637e-01
8.641362099920436579e-01
7.589550721122927390e-01
8.398082396573054442e-01
-2.183473358615760862e+00
-8.308109698883062721e-01
-2.291093502321486508e-01
1.345467731657747634e-01
4.700790926452717566e-01
3.368269472946663345e-01
4.332999375426422883e-01
6.561144542014737402e-01
6.398692952686949598e-01
-1.912155757240052045e+00
-6.203443188411784659e-01
1.336133252261949289e-02
3.720719405830941184e-01
6.563490182861423383e-01
7.043797890900822534e-01
6.229036301041903645e-01
7.883764928460909038e-01
6.842808467249879012e-01
-2.009341582359025935e+00
-6.455695263672276418e-01
4.922497752802130339e-02
4.597473579143334099e-01
6.223489074762165174e-01
1.048270507233806104e+00
8.574761615146411220e-01
1.053940399494929459e+00
6.053404081344675447e-01
-2.969952781400626574e+00
-1.790627539618496522e+00
-9.737632866036652901e-01
-5.487679383173388326e-01
-2.438818292677388810e-01
2.396039258728411836e-01
3.131986351140091385e-01
6.916975875421322861e-01
7.752074667247994544e-01
-1.395418572211969854e+00
-2.261820360042300360e-01
3.770939416147898737e-01
6.859648566095355449e-01
9.701060854230676433e-01
9.825624478614806145e-01
1.019890178320361329e+00
9.375557155790447128e-01
5.952288185002111431e-01
-2.851021911308691870e+00
-1.638829745763053625e+00
-1.057781476429839440e+00
-6.585194193115491146e-01
-2.799306946205584734e-01
2.203973456975595602e-01
7.903669976961168464e-01
1.097872242134220411e+00
1.192942923749028550e+00
-2.339684936587878905e+00
-9.004672257718782102e-01
-2.649312841062227419e-01
1.150893836284206800e-01
4.469879690087436575e-01
4.653938223210304925e-01
4.209294306554171028e-01
4.823542147141599012e-01
4.831704790461846533e-01
-1.021756636487495706e+00
-6.590055819417089955e-02
4.823918724439354433e-01
8.627886823564291374e-01
9.652800399906601436e-01
5.254250771289473709e-01
7.725379151471892802e-01
6.733372857723783911e-01
5.588190431072362907e-01
-1.587544857766621798e+00
-6.959745702425936820e-01
-1.975495325406843306e-01
2.742635890505972784e-01
3.292695314507982918e-01
-2.174296162283211875e-01
2.435853137506734933e-01
4.638981791124814347e-01
5.009566653168170403e-01
-1.385841503434387612e+00
-2.542197007073888626e-01
3.236587764872161932e-01
6.649138237935836582e-01
9.048216122791894467e-01
7.097485155263484335e-01
7.351290695583282409e-01
7.978193935581653351e-01
6.650038321736216895e-01
-1.821784922433977050e+00
-4.649186871084898254e-01
1.712808753889899227e-01
5.690606266626077048e-01
7.455025771117116395e-01
1.105242693236654361e+00
8.619669053470490061e-01
1.221634692600993555e+00
1.037778183405034804e+00
-2.365784030025840146e+00
-1.736616661992931521e+00
-1.351068105920945950e+00
-7.724594548963524820e-01
-7.106196084701998927e-01
-1.021498325350323144e+00
7.736466789436296718e-03
4.275848863010457412e-01
4.868506312921703216e-01
-1.314517736116932012e+00
-3.863502021261381314e-01
1.525303990007700061e-01
5.810746682539192909e-01
6.504613226335483889e-01
1.424403138874620611e-01
4.631663427580136605e-01
5.777227627266370291e-01
6.440935803582755748e-01
-2.439421011496244684e+00
-1.703119759829446078e+00
-9.086803224688908553e-01
-4.603744181606161390e-01
-1.185205921589473910e-01
4.921078248967462043e-01
1.017378759575686242e+00
1.266426368398432922e+00
1.333517250209316440e+00
-1.541549821236121387e+00
-2.787716120223696636e-01
3.350481342636598692e-01
6.494285882181987102e-01
9.356046158116109179e-01
1.020230815976396865e+00
1.010437427808018374e+00
9.933169794526256480e-01
6.368746496548339797e-01
-1.822284797620418839e+00
-7.356902512152942997e-01
-7.109500493451234582e-02
1.896258164903691645e-01
5.174968466022153990e-01
9.567906618074406566e-01
1.238164380478366633e+00
1.413265698091799694e+00
1.372617457976116340e+00
-1.888180809310286978e+00
-8.772654901783716319e-01
-1.529048196836237661e-01
1.356838238479195768e-01
4.532396921835344372e-01
9.014496249707506514e-01
1.061836967683423394e+00
1.288817309112665566e+00
8.860459228532258091e-01
-2.182010693579055527e+00
-9.969401913817600436e-01
-2.755460507193647213e-01
2.541077911615078136e-02
3.556674344884411254e-01
8.047074861673521040e-01
8.753162086233419181e-01
1.178838976833413987e+00
8.707464326525334863e-01
-1.078040557800413302e+00
-1.062157569171537225e-01
4.392348027504691110e-01
8.269404108777222984e-01
9.329825167153045218e-01
5.308127056226804585e-01
8.337262881735383324e-01
6.383448885018025987e-01
5.456361459621635879e-01
-1.904046776705567989e+00
-6.647627874242668655e-01
-3.933759232929141814e-02
3.231279306351367842e-01
5.706939997601384595e-01
1.051773976575348435e+00
9.430956939092761671e-01
1.279713858795438641e+00
7.297670129023486885e-01
-1.038896165149302275e+00
-3.977343181301399438e-02
5.021154755007859460e-01
8.777101742124152617e-01
1.027648834272429701e+00
7.070607576297577301e-01
9.374322415834688282e-01
7.601026759873948935e-01
5.953443544213961047e-01
-2.474789013006865712e+00
-1.900222762929415721e+00
-1.519050226330252995e+00
-9.423653684113963980e-01
-8.832821241019866987e-01
-1.126379658932120442e+00
-1.042892089058342076e-01
3.475258464239192602e-01
4.447691198770525878e-01
-2.888732925181607847e+00
-1.761819934096511053e+00
-1.399399575111016647e+00
-9.923784091167062726e-01
-5.096872151943333540e-01
-6.636935387491873506e-01
-2.250927443703829023e-02
4.209955281894405821e-01
5.037339344155986609e-01
-1.796198742673248416e+00
-6.957638204957700134e-01
-3.229074838038691053e-02
2.371328422939254221e-01
5.546251771641015349e-01
9.845554973752970174e-01
1.220917127098613886e+00
1.416766920669475960e+00
1.153841466857901787e+00
-9.920458234347786508e-01
-2.145458097273027567e-02
5.254763899301991836e-01
8.998074575812732290e-01
1.018063658914484249e+00
6.196075236380961249e-01
8.410228690424886855e-01
7.533008209834232138e-01
8.014182843472502649e-01
-1.614771840415089477e+00
-3.502351018516272618e-01
2.644907685592510771e-01
5.917778571599986437e-01
8.742148601590914447e-01
9.907142678099885025e-01
1.056571065050908365e+00
1.230845760059276373e+00
1.270938613209815049e+00
-9.970901097389243128e-01
-2.441222059184839158e-02
5.227975306877342687e-01
8.970602990603968596e-01
1.016573932906424282e+00
7.127148707203960765e-01
9.884906493270588790e-01
1.008530680310076200e+00
1.089545623885983971e+00
-1.642558047761137674e+00
-4.156858344031551522e-01
2.112026612931336145e-01
5.503971694767587630e-01
8.277817230168380558e-01
9.817628965853953948e-01
1.106071561202544906e+00
1.282653074410461613e+00
1.320946726525420001e+00
-2.085521956574929003e+00
-7.765506377475469568e-01
-8.947226889752483980e-02
3.064969897076990080e-01
4.795601829875913436e-01
9.336975485999507995e-01
7.527781225984603308e-01
1.047859830866688435e+00
7.917528208703314974e-01
-1.772641003542688498e+00
-8.533361970157301579e-01
-1.582505389117732086e-01
1.426203587252522220e-01
4.567671388168396684e-01
9.049742350526256418e-01
9.636918696673609785e-01
1.255670751026849441e+00
7.602951190023418127e-01
-1.768813902276699102e+00
-7.692627794438822164e-01
-7.082235008945964028e-02
2.090716942364707065e-01
5.286659119460165313e-01
9.760887347024990168e-01
1.176440029466727877e+00
1.365789772122806056e+00
9.562275495793817193e-01
-1.740647432611830858e+00
-3.904953821934188385e-01
2.309959696125230555e-01
6.067884160556560325e-01
8.291875888918943671e-01
1.126507363309315668e+00
1.113917723481966160e+00
1.338662108085004743e+00
1.326774287059472535e+00
-1.745827300708927998e+00
-9.691133867169637872e-01
-2.310472102695609042e-01
6.848582136105565987e-02
3.858663250234454778e-01
8.425040323100780881e-01
8.596872887566642252e-01
1.181118438453716779e+00
7.122090428683468533e-01
-1.012395919071551464e+00
-4.074922113814623964e-02
5.027363682316192683e-01
8.814556879168754522e-01
1.010907517240231090e+00
5.950213265234729487e-01
7.187339715311145127e-01
7.628642777084601034e-01
6.922389921641981525e-01
-2.180133823513770164e+00
-1.187065206874651446e+00
-4.184564214218589595e-01
-8.199652081098969536e-02
2.500867767944135456e-01
7.071757882572825560e-01
5.279736479773192714e-01
9.370894926358384058e-01
6.672801155713565802e-01
-1.434494727392101820e+00
-4.468400163698317828e-01
8.043514926480976879e-02
5.275420009329553350e-01
6.460924550176346814e-01
3.767512285984509490e-01
7.643163177695104782e-01
9.688559376249111788e-01
1.074663278318581883e+00
-1.817338000008593912e+00
-7.296311997161425422e-01
-4.861911537899753916e-02
2.064267632894822013e-01
5.244159225535013347e-01
9.661652338457712430e-01
1.305044022412284344e+00
1.466769309913639407e+00
1.440642036175399099e+00
-1.012418384474175870e+00
-2.931980386437711694e-02
5.139673808235171171e-01
8.892138692626928576e-01
1.026806481659301440e+00
6.213630024807076380e-01
7.085692234717899662e-01
7.812047201596356016e-01
7.302728779068798914e-01
-2.899463587751984317e+00
-1.480386861730857317e+00
-7.326006649329676046e-01
-3.507308625966656379e-01
-5.480809873001195320e-02
5.131882475080516981e-01
1.019944594402453220e+00
1.282502414662387125e+00
1.356194211730768373e+00
-1.792082967517056868e+00
-4.658008851835163666e-01
1.718510588948128082e-01
5.700674049908766028e-01
7.466959838342225320e-01
1.112640023950501877e+00
9.130749327498896006e-01
1.225712841326184410e+00
9.321476299650587327e-01
-1.420478553333654803e+00
-2.131743091138910973e-01
3.832618290282536755e-01
6.863861405028190976e-01
9.721784379896547534e-01
1.006552368852031920e+00
9.215883050038177204e-01
1.102698539130183342e+00
1.056120638618735397e+00
-1.766025523322199753e+00
-4.259177058963856122e-01
2.035513590862516875e-01
5.474272816934528940e-01
8.292660497432096101e-01
9.416435248091865606e-01
9.131943616016082732e-01
9.006521588091778163e-01
6.590553907457340488e-01
-1.198830341086090767e+00
-2.225338736805407835e-01
3.235896594727026288e-01
7.307486806254338552e-01
8.453656889412681785e-01
4.584409059766029193e-01
7.458632950524828331e-01
7.803487112277398552e-01
8.896357357267772326e-01
-3.287881779183971176e+00
-1.826020303235727615e+00
-1.125129129779874004e+00
-6.788955364722375485e-01
-4.116830621473209217e-01
-1.353673658862194207e-01
-1.335953326221261429e-02
4.492418290968049344e-01
5.915032349477653550e-01
-2.260353779217567194e+00
-7.595973836539920976e-01
-5.458503738335679367e-02
3.451720033194289883e-01
5.649721692444700238e-01
8.522827277603586271e-01
6.915707234288320793e-01
7.855209507415212844e-01
6.367201752169358020e-01
-3.396591961953830285e+00
-1.905782043528694736e+00
-1.090833933921124377e+00
-6.488447602310866147e-01
-3.738231590610420763e-01
1.006003337686293825e-01
2.894287569321881137e-01
7.006859676730619046e-01
8.096552766846919491e-01
-2.610884603538895732e+00
-2.101976576885309811e+00
-1.724672700706791906e+00
-1.137213531567154545e+00
-1.080602750034625803e+00
-1.040198902264664493e+00
1.116027852294122075e-01
5.340144028864629577e-01
6.255146401950711921e-01
-1.197934492001849982e+00
-2.389481410137763440e-01
3.075816139066684940e-01
7.163634541379683141e-01
8.045282571945621131e-01
3.784494602010683439e-01
7.226369553330096451e-01
5.976054437278374154e-01
5.803334353917624089e-01
-2.060464726065255547e+00
-7.511202614353966744e-01
-1.288528869867883175e-01
2.240115171573290320e-01
4.712752057437704645e-01
9.416981838613084355e-01
1.123191368219482289e+00
1.381006894713156408e+00
1.407505942687159672e+00
-2.951122001646719895e+00
-1.810730316452813460e+00
-1.445191739907186079e+00
-1.048927478796545909e+00
-5.478086886663434685e-01
-6.732921722104383555e-01
2.081452800427677566e-02
4.725694941199716781e-01
5.754630000470797313e-01
-1.224561935100202392e+00
-2.784403036131995468e-01
2.662385090353165396e-01
6.793903728416164078e-01
7.581081526727566633e-01
3.171737785317206848e-01
6.816198287265082811e-01
5.717126596793247195e-01
5.741976973173984478e-01
-1.354897818906883211e+00
-3.648504746411405653e-01
1.691702215733065229e-01
6.013468033746712793e-01
7.105567511381468693e-01
2.894979363065589562e-01
6.290691321428891758e-01
6.087531386492386343e-01
6.107251672012573573e-01
-2.124203109040568638e+00
-1.043264944656741910e+00
-3.094294776621475673e-01
2.352131590513761167e-02
3.513585031415014659e-01
8.029723863829927311e-01
6.433825327078172007e-01
1.044951361456209149e+00
6.767460971687476734e-01
-1.142578533191741741e+00
-1.599663889848322584e-01
3.892868306110343068e-01
7.848947606651454079e-01
8.937429689157326829e-01
5.131088251376195730e-01
8.008730892210558228e-01
8.078801055426282351e-01
9.161098285313524769e-01
-1.926815323397732982e+00
-7.063668341818449825e-01
-1.393725423695262033e-01
2.381111566323783624e-01
5.408900494554114147e-01
3.373494720993913121e-01
5.098008806041819385e-01
5.726328811765578619e-01
5.980267281042518368e-01
-2.336854848391372919e+00
-1.158893506454613975e+00
-3.782686484152443240e-01
-5.944107600649953249e-02
2.720683441789968904e-01
7.305446047053022474e-01
6.802491312291745196e-01
1.048846017736423608e+00
8.210544925088636425e-01
-1.915758420439012344e+00
-5.698067227191689899e-01
8.551035651448013475e-02
4.852567601879271275e-01
6.248958171277091411e-01
1.056579687700067494e+00
8.954051371234309498e-01
1.265427405132598659e+00
1.175377921029028716e+00
-2.027173556489761275e+00
-8.108737025564032308e-01
-1.162123429858790968e-01
1.543075389041233814e-01
4.711668873669238589e-01
9.047363003705034545e-01
1.147386760030494113e+00
1.378912681051261746e+00
1.213119943737012152e+00
-1.812583965602672098e+00
-9.714014443496210571e-01
-2.389835171752815179e-01
7.766657376858675244e-02
4.048910935020217372e-01
8.559566437054839660e-01
7.962898568800221843e-01
1.156236787322163506e+00
7.229902573437539948e-01
-1.114249250686256909e+00
-1.641192278585694719e-01
3.859439506849449142e-01
7.801750577985494539e-01
8.699893791625872286e-01
4.348642226870749194e-01
7.580933002468354109e-01
6.448288690091350528e-01
6.118135124700913030e-01
-2.061404275188734925e+00
-7.875712073025977755e-01
-1.150142441438162938e-01
2.330603666093444548e-01
5.142997873963832678e-01
9.840097818955573228e-01
8.645248192165969625e-01
1.224665443963147915e+00
7.472628800860559029e-01
-2.239722941158527547e+00
-9.415150179296495336e-01
-2.575605104730173123e-01
5.311463641395260810e-02
3.758772862992094121e-01
8.239247268185664330e-01
1.016902004771548462e+00
1.327664071892475262e+00
1.367211699110852274e+00
-1.424707083540008634e+00
-4.981668602920077960e-01
2.288578651544295739e-02
4.740039475130414237e-01
5.415960693000178017e-01
7.706904559376175079e-02
4.910165295702233479e-01
5.317211202874856379e-01
5.796325322581098449e-01
-1.413443890603973685e+00
-2.542598300154373381e-01
3.391786768462268231e-01
6.621754800576458155e-01
9.303359723960654692e-01
8.589008650198101114e-01
9.520184880820069528e-01
8.608101183705998416e-01
6.760328481471515882e-01
-2.078882420168127521e+00
-7.151361364125520259e-01
-2.763247365350873785e-02
3.696117074517031309e-01
5.720717771300907195e-01
9.335570482165186368e-01
1.156335010203844771e+00
1.372934995636633460e+00
1.414760098743415462e+00
-2.101705783045168197e+00
-8.308720370302504765e-01
-1.946970693095174954e-01
1.568574146870730657e-01
4.197397892686455800e-01
8.799211527142347666e-01
1.036501992053733945e+00
1.336194813954563188e+00
1.383683555721790137e+00
-2.346588991988572737e+00
-1.095314666661040715e+00
-3.917681330482677970e-01
-4.767453327473111790e-02
2.716580220489800412e-01
7.228609841210976716e-01
6.160933563822835746e-01
9.857389039770927397e-01
9.191018573388768376e-01
-1.265918327599935278e+00
-2.946852423869637527e-01
2.473404447425493757e-01
6.660690268431828098e-01
7.582541591154731142e-01
2.519177448938745290e-01
4.903950248331107598e-01
6.735712137124993948e-01
7.162915068457822443e-01
-1.213059440078017248e+00
-2.469779165187819259e-01
3.018149599364720603e-01
7.119577320337386883e-01
8.156178679436248968e-01
6.323883271286837582e-01
1.015623228406543177e+00
1.203157741308456874e+00
1.294291014215667834e+00
-1.481347641785565772e+00
-5.749401339050579374e-01
-5.824363144897102412e-02
3.967231266689275060e-01
4.522997549498894432e-01
-9.792365968808597332e-02
3.447927483266969850e-01
6.287933697837543301e-01
7.232664004857082274e-01
-1.051757309008404695e+00
-9.062208822246277384e-02
4.571186798180500444e-01
8.421676600534775403e-01
9.439159976569679866e-01
5.436750348702861224e-01
8.196401333509503173e-01
7.972921081413598676e-01
9.035858820936712998e-01
-2.298224504741944063e+00
-1.074872121352711263e+00
-3.574777750476268445e-01
4.575574622009447034e-02
2.699826732254373973e-01
7.197136902789801338e-01
1.101376185735397861e+00
1.347686689552360262e+00
1.415933801746675824e+00
-1.835388508320601630e+00
-6.821398373322149489e-01
-1.479387698086601262e-02
2.551134513968669748e-01
5.654158499947841143e-01
9.933980035410939768e-01
1.249754938243550217e+00
1.455821360703533962e+00
1.293193817489843189e+00
-1.717059675402956120e+00
-6.488253260744186734e-01
-1.286455653154594814e-01
3.248319741930829063e-01
5.049999528111682734e-01
5.070040563973818859e-01
9.600279573986144621e-01
1.220889840074560917e+00
1.315710586024463558e+00
-1.588031592471283782e+00
-7.043418502186542529e-01
-2.073773504932453493e-01
2.670013295232284145e-01
3.244953885764071400e-01
-1.669131042230451722e-01
3.583755373226470975e-01
6.661667054840932911e-01
7.866552484347835161e-01
-2.406594140629592093e+00
-1.452349483409355990e+00
-6.026684026030240116e-01
-1.784031041398617956e-01
1.566832956114735387e-01
7.318012924808334763e-01
1.222520682519617985e+00
1.427859197167527627e+00
1.464248347102700576e+00
-2.072054950897113113e+00
-1.036970288654175176e+00
-2.865267907876646314e-01
2.790302691119244186e-02
3.592738917985992542e-01
8.418844972441753560e-01
1.244048499081328973e+00
1.441636750075530271e+00
1.462847559972031197e+00
-2.816692330112723130e+00
-1.714764165286168707e+00
-1.341979221741769424e+00
-9.209390532044863242e-01
-4.555659989972325463e-01
-2.114620608024324888e-01
5.638491109359105025e-01
9.573202055274002698e-01
1.066725384249169961e+00
-1.122457650345506375e+00
-1.238181782716303303e-01
4.233292967883593438e-01
8.131264355350074080e-01
9.356449004185871665e-01
5.161328147339028227e-01
7.213351405479148104e-01
7.708874926534861061e-01
8.438018705770912176e-01
-1.439309667750530597e+00
-5.129467782256258435e-01
7.693248488094316453e-03
4.594375332649923704e-01
5.327766176457807701e-01
3.793116855337253512e-01
8.431634188462778789e-01
1.098268582563992180e+00
1.204383846048864948e+00
-1.261301707091696311e+00
-3.202380914089597019e-01
2.214506731526261207e-01
6.404129734399851559e-01
7.145736356223971741e-01
3.713469085211540954e-01
7.491280086745075728e-01
8.889521199256730233e-01
9.980229464466632283e-01
-2.889653645023967155e+00
-1.445470774552400250e+00
-7.262018741234543828e-01
-3.157183206945967102e-01
4.284461663547114649e-03
5.544829813160051524e-01
1.063121646995100145e+00
1.323876359060965902e+00
1.401547089381118383e+00
-1.210398077136830786e+00
-2.290514641649346039e-01
3.161758239929666203e-01
7.246746609359164815e-01
8.414149631981221455e-01
5.159048308144920103e-01
8.387072107402206989e-01
9.433383791788054751e-01
1.046760790117067685e+00
-3.286711252363762270e+00
-1.966900713609927243e+00
-1.104144341705197263e+00
-6.488469196592746568e-01
-3.808076412750151518e-01
7.840100083230430728e-02
-1.417720934876664021e-02
4.506931493594453220e-01
6.018522102930484730e-01
-2.203601960902442425e+00
-8.088475800498441393e-01
-1.456573290749368366e-01
2.372974418770388283e-01
4.784145419775974184e-01
9.531316987192328671e-01
7.168186878389621874e-01
1.069612026927437176e+00
7.028584084325536496e-01
-1.393361244018538336e+00
-4.469098389206661026e-01
8.545324364902708025e-02
5.321204128712192505e-01
6.220973746831989226e-01
3.383864849320979973e-01
7.489344690800951998e-01
9.689725431629080399e-01
1.076690849579188258e+00
-1.987120212499154492e+00
-6.849541028559628097e-01
-4.260368880154248583e-02
2.577711634740299518e-01
5.555280631956893700e-01
1.010759467205867734e+00
1.128093631915646933e+00
1.396374382057078867e+00
1.075997681089095437e+00
-1.301567551439678949e+00
-1.662880450507436270e-01
4.201764808600488288e-01
7.242004396649110998e-01
9.996675611762882996e-01
9.607730529108493567e-01
9.320050158088086789e-01
1.013684472100511602e+00
8.058991512007169788e-01
-2.483934648635178100e+00
-1.082551312007273170e+00
-3.386509354998691879e-01
7.348182980453926705e-02
3.027721750805530965e-01
6.266012421800473131e-01
3.779615792148862674e-01
6.013569494620772948e-01
6.242315526588440022e-01
-2.394434790037016647e+00
-1.784804300104592789e+00
-1.411079565253601453e+00
-8.296432055453386578e-01
-7.637527804585121372e-01
-9.334530362992533581e-01
1.817878742059840791e-01
5.954687243575158551e-01
6.954023753059178636e-01
-2.420702720465827795e+00
-1.768062819567507438e+00
-1.418088607367651077e+00
-8.182642505789601284e-01
-7.309549238994702547e-01
-9.602755002579029808e-01
1.994692133795084379e-02
4.662395632487716934e-01
5.641588563150133906e-01
-2.609639465006102110e+00
-2.106982267218175497e+00
-1.745067460675805648e+00
-1.157351031419247889e+00
-1.099821058698856380e+00
-1.028690538905959295e+00
1.325373300523271514e-01
5.584627901877555756e-01
6.537086305763405436e-01
-1.466666810559975609e+00
-2.721122787714177482e-01
3.213247615541730551e-01
6.423657398481481540e-01
9.161395946808366109e-01
8.512629238241365970e-01
9.396010539482720914e-01
8.599852564150256562e-01
6.847605772534040014e-01
-1.661771363543647073e+00
-8.629104504939635323e-01
-1.334174521230059585e-01
1.515178331730860639e-01
4.556879619043104901e-01
9.039079797055390442e-01
1.031607439813942984e+00
1.284906466514541989e+00
8.438236511714627408e-01
-2.405088648928233930e+00
-1.170122973450479442e+00
-4.101588388729955903e-01
-6.396958322932200236e-02
2.601637607415189790e-01
7.181513379776510719e-01
5.028846844343152211e-01
9.219655504561860004e-01
6.861114160278035667e-01
-1.959661267865841605e+00
-8.545539224069472750e-01
-1.559557379092696705e-01
1.219516859969641820e-01
4.496401943909488219e-01
8.935057032542383926e-01
1.184769012895190210e+00
1.429640731935442055e+00
1.429228844755986882e+00
-3.422970237221128365e+00
-2.052255713746759191e+00
-1.217235959962466696e+00
-7.656779360521990263e-01
-4.801511935160416855e-01
2.565899641061633249e-02
3.184368794217628529e-01
7.385316410854999569e-01
8.604697636261495752e-01
-1.628767869329078133e+00
-4.133261182682322898e-01
1.895624603946297060e-01
5.180222675988469527e-01
8.031315937904704993e-01
7.162157021956823133e-01
6.379637527047300471e-01
8.837530610806643150e-01
8.755405867792275254e-01
-2.030848322800944850e+00
-6.797867884582246001e-01
-2.764566951252771243e-02
3.341451774373765393e-01
6.232509454721979480e-01
8.825621057843612283e-01
1.219977166469289553e+00
1.408187267096244311e+00
1.435133562241756922e+00
-2.512314464546112180e+00
-1.991916576344353373e+00
-1.618810833259907822e+00
-1.029024957060542977e+00
-9.649542764119608540e-01
-1.034557812979731262e+00
8.837463603744635798e-02
5.223174917279780338e-01
6.133395497326626922e-01
-1.882634185448967656e+00
-9.091536098467037919e-01
-2.035898785650565035e-01
1.039458645332394099e-01
4.348983037735203450e-01
9.098414935054727204e-01
1.304856628867362867e+00
1.467892670039429914e+00
1.475270660016321900e+00
-2.095763112913854531e+00
-8.949141992904925402e-01
-1.995460114325277312e-01
1.124426497277464243e-01
4.380551782024286744e-01
8.906806884969425964e-01
8.720616424635552200e-01
1.208331016219165832e+00
8.327449095767965881e-01
-1.948482973922266659e+00
-4.950238899384700741e-01
1.568692509492395637e-01
5.546371662872933150e-01
7.605365072298148066e-01
1.088709122385557171e+00
9.590379581097459027e-01
1.093949410722321325e+00
7.279901052872951306e-01
-3.167729972335914468e+00
-1.669724346136551851e+00
-1.036489827245658635e+00
-6.074397217454546860e-01
-2.776462462825977640e-01
-1.779496788863786649e-01
3.844801379976696132e-01
7.726303177144236978e-01
8.548672788726828786e-01
-1.909455812997516766e+00
-7.417996457506454977e-01
-2.096710749105502591e-01
2.060915627810152861e-01
4.647319060857927342e-01
1.737931911328514656e-01
4.461478684189078558e-01
5.845978152249737825e-01
6.260113666894291384e-01
-1.042316026423363962e+00
-6.572297977887703313e-02
4.807457448375758724e-01
8.619096912028961777e-01
9.800963638955225710e-01
5.607561361692440238e-01
7.613360841837407689e-01
7.574125349257230244e-01
6.939078695938282193e-01
-1.064806159066352009e+00
-7.031142794002610830e-02
4.756172477851514091e-01
8.578650829451889281e-01
9.777263295857110403e-01
5.924983951661546566e-01
8.586951665257455124e-01
7.360785729400227684e-01
6.565691145468439682e-01
-2.154212512238851129e+00
-9.287744522488126098e-01
-2.250431091458930388e-01
6.941385559618962198e-02
3.895820944118817408e-01
8.359022431815212872e-01
1.022666450446108266e+00
1.307380400222455386e+00
1.161696271319257345e+00
-1.880919291765798196e+00
-4.916650150247422468e-01
1.429245682435551501e-01
5.147858171733131760e-01
7.666038515366605521e-01
1.049244923410524999e+00
1.287620577568551417e+00
1.448902567005117437e+00
1.451071595598988573e+00
-1.423902547441428190e+00
-2.415775491819171783e-01
3.623649121624340497e-01
6.719385775900668101e-01
9.575490101267795096e-01
9.682183316000820827e-01
1.006733446805705645e+00
9.569822489966733903e-01
7.036487586110160564e-01
-1.839737506590749083e+00
-5.860955613738138004e-01
4.368889745464828167e-02
4.323122177803516153e-01
5.960646358163144143e-01
1.082345534908662588e+00
1.000436614934908430e+00
1.331311530004776866e+00
1.010721948438551010e+00
-1.278042132084851623e+00
-1.462893410619356405e-01
4.383039302593042530e-01
7.521086043949959388e-01
1.015182574233010726e+00
1.031428731437596946e+00
1.235700489396701407e+00
1.372645010076570360e+00
1.403782745992108616e+00
-1.910820445189287620e+00
-5.251644961948546131e-01
1.236589806092776161e-01
5.240666345884502642e-01
7.118485650220602867e-01
1.096564518622028972e+00
1.255394835082928706e+00
1.443305534561890813e+00
1.442265346828735861e+00
-1.914711440690152422e+00
-8.152231811149536211e-01
-1.094616463966235909e-01
1.761287821637013973e-01
4.981747293228924178e-01
9.461097438875005761e-01
1.128525031547153779e+00
1.351521358583827492e+00
1.034360120283498663e+00
-1.448348444258353629e+00
-2.508257374473149559e-01
3.474505194193402424e-01
6.600531170075526477e-01
9.416939471154208707e-01
1.041271898070723179e+00
1.262187072319240766e+00
1.408881134301706917e+00
1.428514184547889698e+00
-2.129012909152768085e+00
-7.684901055452038054e-01
-1.546119401174983199e-01
2.074020000656490170e-01
5.232192872765712988e-01
4.305314251208007259e-01
5.347985830209869285e-01
8.941166252205843268e-01
9.877175936989324168e-01
-1.182832738918236037e+00
-2.262966933429610694e-01
3.246946799337038225e-01
7.305300221070942790e-01
8.225727502971468263e-01
6.048398438888453743e-01
9.913234596073514648e-01
1.172004632927321488e+00
1.270258071545092182e+00
-1.065331183633067003e+00
-5.086326883931129028e-02
4.910337143416043659e-01
8.663102934863716742e-01
1.020532930645992042e+00
6.474707788525267960e-01
7.161043565789272369e-01
8.204888284595810433e-01
8.107958186783804644e-01
-1.940591559359787333e+00
-7.872621266096778703e-01
-1.076039186595443425e-01
1.738929386342560612e-01
4.957560428776460748e-01
9.434516429545096727e-01
1.282592820657594279e+00
1.473010871872183047e+00
1.465823869331404961e+00
-1.962354528627535455e+00
-8.270718904754547074e-01
-1.445649381485187568e-01
1.568246883628199861e-01
4.844223431580020334e-01
9.361434193319895236e-01
9.233824115084020567e-01
1.254106150428151878e+00
7.865435913734261097e-01
-2.150789936058991714e+00
-9.000047183126855810e-01
-2.064185795176206872e-01
1.368231123106294356e-01
4.430195992972944530e-01
9.031732205118623291e-01
7.175541083465577508e-01
1.103366672849859009e+00
7.086599645138750292e-01
-1.893552527850003164e+00
-5.328736057197455134e-01
1.231583469910832729e-01
5.247076170920987881e-01
6.686989508633808255e-01
1.127470950055921239e+00
1.225693482045700389e+00
1.450522640512626138e+00
1.437147840229064055e+00
-1.944352547939275144e+00
-6.388618036410972367e-01
-2.109182546469446848e-02
3.293825646274629038e-01
6.408348230542715296e-01
5.802740518679201376e-01
6.478747302941977315e-01
6.514611762255112515e-01
6.343038688176491080e-01
-1.484171557750300519e+00
-5.928478312411642470e-01
7.398283361173403627e-02
3.256794081404489338e-01
6.307688895663645656e-01
1.069341458381903420e+00
1.427161195255880033e+00
1.532118016781090386e+00
1.495263269504963910e+00
-2.031085914391008274e+00
-6.473197597576216822e-01
2.219108769219299560e-02
4.097630107076665196e-01
6.540196484137068555e-01
8.795861214201348144e-01
7.718242806123051247e-01
8.346960561637977172e-01
6.763055162373119433e-01
-2.357600351834815200e+00
-9.620107169635639943e-01
-2.556850991595817080e-01
1.595069674226277101e-01
3.781654189758727469e-01
8.273594610712859954e-01
5.209921726232420447e-01
8.210426649036839386e-01
6.589881982505940705e-01
-1.353719068495980782e+00
-3.721408285718352249e-01
1.617293662542810262e-01
5.950569075130337504e-01
6.974141247604668248e-01
2.833202898702750216e-01
6.415599190171566990e-01
5.883612299567260173e-01
6.091339996524519629e-01
-3.344460534977592658e+00
-1.942008811643144428e+00
-1.118736156320445208e+00
-6.777631750816445200e-01
-3.934075449280777792e-01
1.022905856093771493e-01
3.370407394993022443e-01
7.527697110266224900e-01
8.748155526489439504e-01
-2.889344550092307173e+00
-1.587692818140129747e+00
-1.164382808112893963e+00
-7.829222932049705319e-01
-2.927484764870167955e-01
-4.604728104603399985e-01
2.965335807994646244e-01
6.904916140667406443e-01
7.551892534413954250e-01
-1.696443573456676290e+00
-4.700987065264812803e-01
1.341197818135958231e-01
4.744987041956789664e-01
7.618127704342165796e-01
8.248997137970557336e-01
1.122341253936230743e+00
1.324979623177374943e+00
1.391827855938551517e+00
-1.068408694113504254e+00
-7.241131968128980412e-02
4.710354666155290304e-01
8.519751271764411937e-01
1.002218278163801823e+00
6.646956058362396558e-01
8.664206659102139385e-01
8.668594876699885488e-01
9.485291467715496472e-01
-2.124670076468069713e+00
-1.075188467676630344e+00
-3.323569129164413161e-01
-5.983609715303080633e-03
3.272149365602559645e-01
7.780849706222853213e-01
6.886685506785059641e-01
1.064700112198518900e+00
7.804408251397398910e-01
-1.968950355139567732e+00
-8.119825597462011491e-01
-1.357937373794981251e-01
1.654935136285151653e-01
4.910186777240424516e-01
9.430531175552659962e-01
9.911605048153793174e-01
1.290432787706181195e+00
8.955901499115173081e-01
-1.738527765507994927e+00
-4.464422855823556024e-01
1.815004976098297529e-01
5.421893314243955153e-01
7.954368419004889113e-01
9.775498549212761068e-01
8.369134122126810071e-01
1.040949223953361757e+00
8.708193908249981519e-01
-2.610577198591078840e+00
-1.409430565334560237e+00
-6.561405896739979093e-01
-2.798400012771445899e-01
-2.710117934440746390e-02
5.569551081509545032e-01
1.059158354049341000e+00
1.314498848848903334e+00
1.384903361453002191e+00
-1.260036798164491545e+00
-2.362854225729642821e-01
3.124900270974296790e-01
7.097485155263484335e-01
8.631972428170191503e-01
4.858175023917450375e-01
6.729260364501733482e-01
7.445649333900047351e-01
7.243095170955600182e-01
-1.116102079887798304e+00
-1.417276779863252401e-01
4.057910353792812952e-01
7.986686585235885927e-01
8.963034626268524541e-01
4.405071898783682882e-01
6.854336004409016248e-01
7.027103449694374060e-01
6.764040986724625393e-01
-1.710099141959378288e+00
-4.906195346781390687e-01
1.145534301380730785e-01
4.515593817900321327e-01
7.401254048953131992e-01
6.497419792588583487e-01
7.135377877817736803e-01
8.191112652610881284e-01
7.731043741550502890e-01
-1.227705633781172700e+00
-2.431328867497717372e-01
2.997709144824770577e-01
7.109414055599608817e-01
8.147432795706591735e-01
4.073634096496777102e-01
7.362080832665482966e-01
6.325439220008560737e-01
6.226767702891017331e-01
-2.002946104008608508e+00
-7.324211599891765623e-01
-9.760959079086541090e-02
2.840847489766970546e-01
4.965280748697311064e-01
9.662001017158130534e-01
8.501896756472868688e-01
1.195081797706790905e+00
9.667817391967055141e-01
-2.449349664563966744e+00
-1.439995515290656725e+00
-1.065593819395764363e+00
-5.646635020344324962e-01
-2.757458070291611829e-01
-5.654681063164471722e-01
8.686613567104067846e-02
5.062114554086563079e-01
5.963362927717074102e-01
-2.464996530305698652e+00
-1.192542684538444364e+00
-5.328075935216231018e-01
-1.699187858544426166e-01
1.148517530247885332e-01
7.072253557365737464e-01
1.167241957589152834e+00
1.388587259672932062e+00
1.435985504152498038e+00
-1.939878875825514770e+00
-7.038335072962774719e-01
-4.784566136340573372e-02
2.278458697725280480e-01
5.471442118230434026e-01
9.914061370024296327e-01
1.268078857534031600e+00
1.476352270251323651e+00
1.456053109710604199e+00
-2.484743345372840917e+00
-1.274365376566085395e+00
-5.212096529335054074e-01
-1.727384691773064529e-01
1.661663176611113957e-01
6.235188473109387619e-01
5.382950788958735799e-01
9.228837122014388328e-01
9.095239053740837853e-01
-1.356586841997924120e+00
-4.299095597010116343e-01
1.043423211866190831e-01
5.390782658721802179e-01
6.023552607672169046e-01
7.853541264452400250e-02
4.355816780115297493e-01
6.078978382015173265e-01
6.555420993729995649e-01
-2.262994018181323952e+00
-1.031796239199086473e+00
-3.918480615271727197e-01
-1.224742773243341944e-02
2.674893549335404241e-01
6.845606108307700222e-01
1.130982819404911854e+00
1.360333662681338263e+00
1.415057681597467809e+00
-1.302988067790059601e+00
-1.596506466273960867e-01
4.270112811905664163e-01
7.369224282089358313e-01
1.003878723747567481e+00
1.010524066780071228e+00
1.187227698785523700e+00
1.332097224574808836e+00
1.380644515959609686e+00
-1.628247922477349174e+00
-7.161722863553053875e-01
-2.273044749463326575e-01
2.625109494892828299e-01
3.383496192426104776e-01
-1.290640955435181647e-01
3.441465243732808044e-01
5.329469058643405699e-01
6.005470037402939054e-01
-1.638885033902468313e+00
-3.882015952323660812e-01
2.206476675260709841e-01
5.496450015414757750e-01
8.383377814544265005e-01
8.264118346027428119e-01
8.777080345495217317e-01
8.344708329506710376e-01
6.893554508041174200e-01
-2.905267962069926213e+00
-1.927862090017961938e+00
-1.601233484347712510e+00
-1.148656031864726534e+00
-7.016735392891254586e-01
-8.088457475835036936e-01
8.257406022453685213e-02
5.261293335167962493e-01
6.164286428109427840e-01
-2.738196279609899975e+00
-1.381261716020577124e+00
-6.524028332119713447e-01
-2.117843624986323336e-01
4.018241550549736529e-02
3.251492374600993274e-01
1.276761401890994241e-01
4.945473409508389095e-01
6.155373234844839780e-01
-1.810018130188354668e+00
-7.664769333341087121e-01
-7.851408488343303294e-02
2.168024289709598040e-01
5.319106229375910599e-01
9.835615168520671636e-01
1.155424601581643174e+00
1.373121555689761797e+00
9.914838450673507664e-01
-1.613543788114244926e+00
-3.623837486660148044e-01
2.543235696255766731e-01
5.865530999378847365e-01
8.610608464185997013e-01
9.804474003536792770e-01
8.466800874263417098e-01
1.041274840418164205e+00
8.697642788810485692e-01
-2.415616192253292827e+00
-1.394782895346032614e+00
-1.005700010593800986e+00
-5.151231652495977809e-01
-2.234823283807992056e-01
-4.938352548053442370e-01
3.631162980774206295e-01
7.646033961536236045e-01
8.769838729700204505e-01
-2.857097103994937548e+00
-1.774232393101834004e+00
-1.036842478376202026e+00
-6.542900985793016488e-01
-3.738725946588001281e-01
2.828237007594534558e-01
8.643945951829002938e-01
1.177417840674971572e+00
1.278109573151577028e+00
