-1.570008164382296068e+00
-6.503483933414122564e-01
2.988490200691675813e-01
-1.489993504941683478e-01
-4.704261279977815513e-01
9.829536670699715040e-02
-1.703253844012195817e+00
-1.506447208298963059e+00
-1.541151255042621182e+00
4.301855847823756185e-01
7.390288039563653877e-01
1.496776456888193163e+00
6.016278533317530597e-01
2.000320031439555835e-01
6.766895207897412057e-01
1.178575572025037044e+00
1.355479710634068580e+00
-3.398085821304736021e-01
1.963804996328794017e-01
7.767325955129550374e-02
5.024682636703754479e-01
-1.932982230459052708e-01
-6.069037003830529686e-01
1.968812271318448048e-01
4.199804548023255424e-01
2.693617020245282490e-01
-3.246077647392073828e-01
-1.290435217557551528e+00
-9.233491179642945301e-01
-7.268663314904898198e-02
-5.691898090247570208e-01
-8.702324740964320071e-01
-3.260104654566395310e-01
-5.349002294124696189e-01
-1.535248076335367362e-01
1.282112224064771544e+00
7.007881468887877663e-01
5.641614788375812761e-01
1.215033014845572357e+00
2.854275842094139981e-01
-1.142944397244808202e-01
3.008669928990305165e-01
6.452541411573651242e-01
9.429424543988785823e-01
1.172599275406432717e+00
5.456331271466512423e-01
8.459279632274854799e-02
3.725728140856354176e-01
-2.783191119362081745e-01
-6.296784634445139472e-01
2.994218150194535855e-01
3.332718305477962994e-01
-1.007954597114648354e-01
5.393473578254556200e-01
6.549279899362722146e-01
-9.986877806561333948e-02
3.691136312024366206e-01
-9.177151985544693136e-02
-7.977983401385603524e-02
-1.461042205241552261e-01
3.396879094577149715e-03
-8.706136857135368667e-02
5.335989478368010491e-02
1.132394267930708409e+00
2.751641667976813532e-01
7.143575573067791895e-01
3.191951164988158368e-02
-1.684823866422230088e-01
-3.298657845623831908e-01
-4.556322836077839056e-02
3.749866940853549546e-02
1.054652100715300009e-02
-3.842273754157643495e-01
-3.107628861422475075e-01
3.402547940180434827e-01
-1.697496569214617529e-02
-5.604965334236372554e-01
-1.235068739492087841e-01
2.887891191799739632e-01
6.070620072545823004e-02
1.197075419957027986e-01
-2.649433675805535238e+00
-1.254995480980721112e+00
6.542330381107153148e-01
5.321743904215775478e-01
1.597090337371802338e-01
-6.030991540402337314e-01
-1.023562131484243992e-01
-1.222229956368136722e-01
-5.249223076440245883e-02
5.341567278120334938e-02
-1.359668136089084156e-01
-5.132721991105515524e-02
2.637536905283037469e-02
2.083959748048971605e-01
1.510067690078120972e-01
6.441257890677007936e-01
2.331715231163551116e-01
-1.048474919145319373e-01
-2.312912838964174544e-01
-1.102018300286881775e-01
2.993410685968513896e-01
9.843438069104812338e-02
2.231309881131726125e-01
-2.679786928795657372e-02
-9.210728027525036388e-02
1.064539964957277179e-01
-2.435386726597019991e-01
2.266020034176598941e+01
-2.280805948457550691e+00
-6.647762928991808096e+00
-9.875216891439889677e-01
2.558377352842287511e+00
8.037354036731886309e-01
-3.583691135315697496e-01
-3.154894817604693147e-01
-4.608238066423965273e-01
8.750764282309936304e-01
1.357145306369716753e+00
1.384858665535942501e+00
-1.550340639593724423e-01
-7.203744490162969916e-01
-6.200678257350871192e-01
5.547101170369479473e-01
4.544897446093415679e-03
1.117784470907987882e-01
2.380123684608922152e-01
1.451859308856371378e-01
3.938946899298929605e-01
7.133623748794092334e-01
1.321510686379218757e+00
2.118348798360437879e+00
8.352356009738470810e-01
6.154737599958728378e-01
-4.046851058710453086e-02
6.210360620841253176e-01
1.460988344112281068e+00
1.315866455253819955e+00
-1.020697438246697814e-01
-8.531811611665702788e-01
-3.553363904094555825e-01
5.598412897296651137e-04
-4.408118427699816294e-02
-3.925993246524945302e-01
-5.225086378486659688e-01
-6.798385414784230418e-01
-4.474435929014912716e-01
-2.634678158734578557e-01
1.420269890748247776e-01
5.665706627473058310e-01
-3.117795048976633732e-01
-1.519642563467394070e-01
-6.441090618932946432e-01
-9.843807265034334453e-01
-1.286014371914022236e+00
-9.567009850835025420e-01
-7.631190985351612444e-01
-1.284639834799256863e-01
4.839604553844286672e-01
-5.343717536609849939e-01
-2.771747628814825171e-01
-2.533064449936170970e-01
-1.716276278275470357e+00
-1.519314103034353103e+00
5.872225435305221675e-01
1.568262305734430928e+00
1.239438435415372464e+00
5.213415633224457446e-01
6.990762198027836716e-01
1.472861226509800892e+00
8.715944535287152573e-02
-9.521028073788975199e-01
-4.042757198498638238e-01
1.882654549105512720e-01
4.281956049161588229e-01
7.421143234845323233e-01
5.279812775329750796e-01
-5.505538316941878119e-01
1.134035729093997719e-01
-1.042671186672511352e-01
2.418426844902674296e-03
-9.717140088450972046e-02
-2.921686244184503595e-02
-3.237590216847082564e-02
6.070779552804524137e-02
-6.026706404761336677e-02
2.989956947972502999e-01
1.796547820378068538e-01
-2.862787514912219500e-01
4.753396680706417077e-01
4.016881345451924212e-01
5.986192536165368949e-01
5.164019849050753841e-01
5.449466565889058423e-01
4.131874213824986986e-01
3.236391966195630299e-01
-6.892864435067340423e-02
-4.229843358220383154e-01
7.511674964275754096e-01
5.217279412091859747e-01
3.155133348591089848e-01
-7.818988065993074388e-01
-6.032131533431900339e-01
2.398364038693711897e-01
1.869533699298732699e-01
-1.366413682386051487e-01
7.405034631127754841e-02
2.812932480132157309e+01
6.526167789749750092e+00
-1.112909566084084423e+00
1.319127252609164413e+00
2.764254728850525034e+00
-2.523501067775799772e-02
-2.123122337506335722e-01
-2.018910515436464215e-01
-6.166138627132462802e-02
-6.816499234771966620e-01
5.068740446569763858e-02
-3.028704795409813411e-01
-6.256022464118428106e-01
-9.175054578879483502e-01
-3.733139103261660652e-01
-1.011016578687278455e+00
-6.046995752195398754e-01
-7.334475840413667846e-01
1.028789859497650783e+00
-4.087157440781337137e+00
-2.188032358876442540e+00
1.187346604691106977e+00
2.426283598028525557e+00
1.904408029870240937e-01
1.153856873202159239e-01
-2.010445307405168136e-01
-4.633985844520621122e-01
1.157284501798995890e+00
1.402787009720124489e+00
9.858116596739470161e-01
-4.250927128487308471e-01
-1.000955783554847711e+00
-2.447877194551759394e-01
-1.365523914438537129e-02
-1.240994251135713045e-01
-3.465500994954607838e-01
1.645223000463388985e+01
4.700093254954348154e+00
-1.483706500861505795e-01
-8.805434944312539036e-01
6.713792958400942590e-01
-1.914816075855310107e-01
-9.107400055336036804e-01
-1.029597069750860072e+00
-1.472348728960460873e+00
-7.065671734784055857e+00
1.688559764182392797e+01
4.156580086040932542e+00
2.350280050187601777e+00
1.598480554937875997e+00
-7.069984512702529589e-01
9.369666707483680357e-01
1.131684194951926514e+00
-3.337024877666493472e-01
8.366079436333491159e-01
2.493190367816008113e+00
2.365074110618293979e+00
4.237686862057537529e-01
-4.620885440162630919e-01
-5.181656111924578534e-01
-6.174148647279358304e-01
-1.118508007652408764e+00
-6.641264549551578744e-01
5.320957898641058836e-01
-1.584537557810256903e-01
-2.083757666274744791e-01
-8.038746787771320346e-01
-4.373793857152670772e-01
3.262736737418491795e-01
-9.144282035794648600e-02
2.399539755686542208e-01
-3.160974688770437080e-01
1.347462978439340375e+00
7.378696583017749777e-01
2.295652474626696249e-01
-9.078120888869884997e-01
-9.009572650131268956e-01
-4.953943719213075442e-02
-9.466586217879676898e-03
-3.312775641417632366e-01
-1.866731999684732024e-01
-4.395255068622439532e-01
8.563023611619065278e-02
7.697584975511154726e-01
-4.328362607661541683e-01
-7.567952493676606274e-01
-4.038136626424824738e-01
3.220456660217767553e-01
1.801943491078203674e-01
2.352344422026618753e-01
4.373660402463388497e-01
4.283880899419803545e-01
4.966851333888112063e-01
5.543381580285353660e-01
6.775755944643718776e-01
5.568517812192703698e-01
4.770008137513709334e-01
2.402437624242703129e-01
-3.861934134393173873e-02
-5.100630600905978751e-01
1.014513382928290131e-01
-4.054337619072166665e-02
-2.430461598493068587e-01
-4.535834074455489806e-01
1.560716634435131527e-02
-1.264494592828456998e+00
-1.093676866419340143e+00
-4.856791698304262495e-01
-7.913721837163782968e-01
-1.474302176001201226e-01
-6.080140032273894518e-02
-2.861800121960789145e-01
1.807342062461188559e-01
9.970228484660482726e-01
-6.830462157063968975e-01
-5.858679238032984404e-01
-7.582146453221825233e-01
2.004632218323752380e+00
1.049701621192270951e+00
6.125313881851297548e-01
-5.526095947190226565e-02
7.984833058807108697e-02
1.033266383799657406e+00
4.391552521608007575e-01
3.709819723604508845e-01
-2.120935239974711950e-01
-3.249955372819712363e+00
-4.214865803927049237e-01
1.045499752488399769e+00
6.012722974203686954e-01
2.888476516617481948e-01
-3.757226961657422204e-01
-3.370580680654919892e-01
-7.022947122092051409e-01
-1.955808450027892165e-01
1.240235184861167639e+01
-2.860882541835123583e-01
-2.557871445583282277e+00
-2.660136372366940227e-01
1.975616748951746660e+00
-1.616494065575796446e-01
2.539773149353457757e-02
-2.215047837533600517e-01
4.178934920290985899e-02
1.220370907246401515e+00
9.628507902667247098e-01
1.298015209478355469e+00
3.526174484284938515e-02
-4.190817476047220547e-01
-2.428420637860828346e-01
-4.982821645351314666e-01
-2.208091444837341211e-01
-4.000914019220048745e-01
1.094039418944640296e+01
-3.667549868574953909e+00
-4.257240369869810692e+00
-5.745108945983554705e-01
2.499992287604677621e+00
7.765978035763601572e-02
-2.849309142498990810e-01
-3.397298760818456831e-01
-2.386770163520411936e-01
8.583762159070331688e-01
7.337517307712437820e-01
5.102288902276091997e-01
-4.991280007599222523e-01
-4.136381321257496246e-01
5.210975597423976868e-01
2.632379420653230273e-01
-3.599959115673592031e-02
-2.792429173557092401e-02
-3.177655141717314002e+00
-1.959813393989280783e+00
-4.999366349442968538e-01
-3.546472693574375112e-01
-3.237480623980852346e-01
4.416517176640422093e-01
-1.342376762272180946e+00
-1.172582955184110931e+00
-1.191264975893247202e+00
-1.432543170273697486e+00
-4.547691458222893335e-01
-4.371989305458067188e-01
-9.370452661338998235e-01
-1.058316550621232865e+00
-9.358168888991452716e-01
-7.392961305238568981e-01
-7.736844050332967182e-01
-6.007500863790444789e-01
-3.058408362328757235e+00
-7.625445116765665610e-01
1.210612898547745120e+00
7.515966827195347255e-01
-3.010372370101895706e-02
-1.226951357124745901e+00
-4.415521331835354363e-02
-4.418459193177036171e-01
-5.511199018536020421e-03
7.672825229776095712e-01
1.267586408336154102e+00
1.689991796997919016e+00
6.820969936302491154e-01
4.022574269048060369e-01
1.000863996013804380e+00
3.080100289882133358e-01
8.494251440595979030e-01
-4.664777432930523049e-01
2.565535897689014133e-01
-2.483806299114671157e-01
1.051127508438645664e-01
5.256381965902557490e-02
2.390188700504844999e-01
3.138951218536898957e-01
1.297436882095191757e-01
5.026176898357005429e-01
-1.954206020091965590e-01
-2.626696789219061523e-02
-2.361772208858841648e-01
-1.474008510836098962e-01
-2.412957708888372466e-01
-2.090901423932786662e-01
-3.621524435199983682e-01
-2.652078684744962975e-03
-1.926071933687208693e-01
-2.560008716867010481e-01
4.560174573122869474e-02
-1.106213855702420645e-01
-1.557131693409091223e-02
-2.458872188314921159e-01
-2.964024111472256529e-01
-5.349793782769313166e-01
1.442508087680899886e-01
3.863443240706449650e-02
-1.044033475701795499e-01
-3.413079321014995116e-01
-3.963318552910227721e-01
-3.518180769417752485e-01
-3.911791934656568825e-01
-3.412974172019065389e-01
-4.736547981566870402e-01
3.094983269027440712e-02
6.840389996050393051e-02
-1.001594999286618826e-01
1.667738421927233705e-01
2.669186598114534070e-01
3.600745286752255470e-01
1.131399674902564267e-01
5.103867420666537147e-02
3.825143946434059194e-02
-5.948015208938847720e-02
-1.409196362040619765e-01
-6.921517262426043482e-01
6.783699896343778901e-01
1.061995341257592873e+00
1.147250630684960582e+00
-1.750098822710898228e-01
-2.858880381530967130e-01
2.571292589670590711e-01
2.059687753214719530e-01
-5.209794385115681242e-02
1.717464247928214283e-01
-2.327166257940317173e+00
-1.893519681680565503e+00
-1.761629253841933973e-01
3.114754974770332918e-01
2.832252230600608711e-01
-7.571445846595323825e-01
-1.271844217053554438e+00
-1.690204778526351426e+00
-5.829414532484827882e-01
7.155998445719564949e-02
2.692697862990878765e-01
3.687744062624664920e-01
4.291275854882214413e-01
6.200367936952217995e-01
5.419580172105228355e-01
6.748268199076110641e-01
3.254249524107055702e-01
1.069712905280644638e-01
1.960082816797336136e+01
3.292036929838019876e+00
-2.437438596315710804e+00
-2.528126393339771294e-01
8.493243597944039047e-01
-1.348491337489569064e+00
-9.060876259130921928e-02
-2.543985450075041399e-01
-3.724447424395976314e-01
2.053827285402162195e-01
6.198833217699259990e-01
5.906949077176372187e-01
4.248562723218363701e-01
5.532419963265235996e-01
7.721679038031179498e-01
4.156387456298280547e-01
-2.325414731486671327e-01
-5.188725599292298707e-01
-7.571579198805752364e-01
-5.276784140997680533e-02
-4.829418539940120714e-01
-8.966627292255163750e-01
-1.221476565774560541e+00
-6.319948353328070922e-01
-5.635770621047228035e-01
1.551031392940196638e-02
-2.618675581458073109e-01
-2.751165996116951007e-01
1.509586269569055672e-01
3.558824537667353294e-01
1.398731162708557185e-01
7.784605521778083237e-02
-1.141595018716391602e-01
-5.367409618424567180e-02
4.046723984706838279e-02
-2.486142318870936674e-01
-1.144394895709194504e+00
-3.816110533252670828e-02
3.525239289622783979e-03
-7.810192040561962923e-01
-4.799434384516154117e-01
-1.354895126195363730e-01
-5.759765921020596480e-01
-5.689688349358560382e-01
-4.074503138371117217e-01
2.307568902499095853e-01
7.329422676986319107e-01
9.088786191075562959e-01
8.410011545910369701e-01
9.303434627641032906e-01
1.003428905149694517e+00
9.516590150289664374e-01
3.315060146802353280e-01
-1.718239071081187896e-01
9.022007173643662448e-01
5.466639557649579650e-01
5.765020207211144498e-01
-4.133698412292043378e-01
-4.090566370977420374e-01
3.880593311996260453e-01
1.324493006844722209e-01
4.690943946235870965e-01
-1.903409654800684581e-01
2.362854574352460713e+00
-4.269241953460254813e+00
-3.016934383035473122e+00
3.464044084519585787e-01
1.846135258710081217e+00
-2.800520172455946491e-02
-8.339811274277604547e-02
-4.625619322081719331e-01
-4.642637539260256463e-01
5.367480289001976601e+00
-2.666533401818338422e+00
-2.927762091872074812e+00
-9.648850053553497119e-01
6.173976351317482791e-01
2.261037656317695099e-01
1.465876741231545655e+00
1.117338519030003141e+00
8.570471598176961914e-01
1.417125706507648708e+01
-2.723169710854675407e-01
-3.038179118064519013e+00
-1.470179715209762206e+00
5.967056511310604439e-01
-2.310558760702018100e-01
-5.121023505960538014e-01
-7.940709559878588175e-01
-1.027235248340699902e-01
-4.052775520163098832e+00
-2.753762313815180995e+00
3.690949125772002848e-01
1.751934308483455327e+00
1.743019361311404669e+00
6.345150238188245195e-01
1.436219512039962898e-01
7.644702227438833209e-01
-2.182412088691282892e-01
-5.078206688101454258e-01
-2.075845353923570780e-01
-1.030897363681624990e+00
-2.020587956412350561e+00
-1.969367429034288186e+00
-4.014298593568795814e-01
-1.520454888825288453e+00
-1.295551900792638822e+00
-5.286928615745476456e-01
2.426723420999323366e+00
-3.981456335451942330e+00
-2.937066030657303095e+00
2.802807943079440589e-01
1.391307519233248025e+00
9.550233286763160079e-01
6.659267707988290041e-01
1.301254859992756918e+00
1.872777554908839626e-01
3.870021610513310062e-01
4.847418100474738534e-01
8.298014471564184591e-01
8.260851711457182223e-01
1.013613785765527187e+00
1.157750572024069280e+00
2.316174583985912971e-01
5.279833037551106001e-01
-8.642169027914680876e-03
-1.592057870232005179e+00
-5.928529562508078055e-01
-7.875254788102932224e-01
-1.179703636363474084e+00
-1.445746629002695682e+00
-6.756412948779061400e-01
-1.312089345634762649e+00
-2.752083959368847310e-01
-1.958875619426433679e-01
1.945929408167351438e-01
3.440179537932741560e-01
1.110654204211328544e+00
2.127998984078161016e-01
-8.305915170565715544e-02
3.002648893067852987e-01
1.054721826861270362e+00
1.038147480845160286e+00
5.884349325817870291e-01
-4.634555513115834913e+00
-1.627451390534580877e+00
1.127142561203515747e+00
9.762165773300998106e-01
4.358801177197384469e-01
-6.705328897997158144e-01
-2.361770938049513324e-01
1.427747073322179761e-01
-6.311797703482364963e-02
1.712250978622530617e+00
1.515903518284648310e+00
6.623447250196168312e-01
-4.999854936364035995e-01
-7.406849655300452584e-01
6.236133844123481484e-01
1.134711497551545545e+00
1.190644137731451835e+00
4.626355532441812635e-01
9.296696557485331081e-01
1.281446689141624962e+00
1.500719420906238444e+00
1.508359670770843985e+00
1.707646929110926193e+00
1.639340661709533631e+00
7.398839313010651120e-01
3.842616540168877215e-01
2.134409022403408740e-01
8.838251282869956427e+00
2.600020382231623017e+00
-2.192228135154531188e+00
-1.134182538821886244e+00
1.584708082578196064e+00
-3.894514117625152427e-01
1.991624608950586239e-01
-2.217438723086541386e-02
2.306850469368399992e-01
8.945612048319945275e-02
-4.565218179620759154e-01
-3.176891622746489396e-01
-5.959546932657854290e-01
-1.482642603774816104e-01
2.770345782411663405e-01
-1.747027287964537934e-01
1.036950543139064131e-03
-2.097430792632553054e-01
-9.881966735028895332e-01
1.041623924034205395e-01
-1.518511672482706354e-01
-6.033819768165631370e-01
-9.985263646621034272e-01
-4.567535601869455175e-01
-2.160452009632390258e+00
-1.648627790066156562e+00
-8.522673465677013116e-01
-2.840651368576039815e+01
9.158168526559080647e+00
1.948156508707279633e+00
-2.703155506174818590e-01
1.283671970713946786e+00
-3.403346193742957659e-01
-8.372809254856825589e-01
-9.636562934220388454e-01
-7.625929744597845783e-01
5.161522583853889873e-02
2.709152494941511335e-01
2.621442634479750899e-01
3.592744007772024489e-02
-1.631493907871735261e-02
-2.454814995225537144e-01
-2.476980500422470977e-01
-2.723818348209858242e-01
-3.148048565830331991e-01
-1.740410199816481984e-01
1.349858665538974933e-01
1.616991755321728619e-01
-5.865394191515673622e-02
-2.220534017101132018e-02
1.209763971040462294e-01
9.233345097236861365e-02
9.673385401944037398e-02
-5.277552165779565430e-01
-5.285969198186246665e-01
-3.632399334970035781e-02
8.860994927489262984e-01
-5.538320760797686704e-02
-2.523021179893424892e-01
-1.060549311489768359e-01
-4.741033167162158612e-01
-1.538022592597307059e-01
-2.027979365842074722e-01
3.795273719113664845e-01
2.531490335783345147e-01
2.699007205347321303e-01
1.722600505812267244e-02
1.338744156660647174e-02
-1.890156180316292234e-02
1.500036326135192055e-01
-4.501947847542998871e-02
-1.790390636480794148e-02
-2.176605002036462011e+00
-6.255286090700304946e-01
8.294743810877534818e-02
-6.279396748532519723e-01
-7.621739862600761528e-01
-2.787803940526319413e-01
-1.194273903252967006e+00
-1.276769231160306939e+00
-4.057930666560361499e-01
-5.807338550243507092e-01
3.044770337601265253e-01
6.814072124469366942e-01
-1.821216513185523744e-01
-5.101478185225087891e-01
2.327314881894460008e-01
1.308433065119503635e-01
8.182164829508593862e-02
-1.789526919322756704e-01
1.043868741372963177e-01
1.741313504670470580e-01
7.528709903092069278e-02
-1.302592365528488505e-01
-5.821809983645159781e-02
1.258642854684184076e-01
2.657683274866788348e-01
-1.862304650520727259e-02
-2.348737075081241965e-01
6.743327889281282017e-01
1.008224113254134968e+00
3.426421674221342140e-01
-1.081377812921967774e+00
-1.143513735387451380e+00
-2.775192192362146981e-01
6.143646602522915418e-02
1.612769992112724014e-03
-3.098121220344292673e-02
-1.785529084901657404e+00
-9.775955501806599113e-01
5.072725670204404347e-01
1.914873162215043334e-01
6.632592480662941048e-02
7.913346318427345871e-02
-4.827608252154353963e-01
-2.938320485658342252e-01
-3.185406789708311037e-01
-3.425089124566811805e+00
-2.037152227093140144e+00
1.645947807337405644e-01
5.614084121079530032e-01
4.046454248548875809e-01
2.347331123422641275e-01
-1.658931502313003015e-01
-1.578471674635341659e-01
-3.421271449716646873e-01
-2.684673277799160540e-01
8.260188332387474741e-01
9.206116629179670330e-01
-1.784627682479779376e-01
-2.441708747483419817e-01
-2.939148735641784749e-02
-4.073175111497690515e-01
-8.114191103029396723e-01
-4.227793684196949897e-01
5.342547430798957331e-01
6.777743539284069030e-01
2.839756805471010948e-01
-5.081490036865913273e-01
-3.257035871341494304e-01
9.077202925346626872e-01
-3.624626316761155043e-02
3.248228090703512549e-03
2.131672409982530644e-02
5.513163537130011171e+00
-3.866217770974245127e+00
-3.635106251108843889e+00
5.914330805144152499e-03
2.408009622463366917e+00
-5.358589951919066896e-02
3.459703926186170897e-02
2.828159028997817570e-01
6.491643710476553697e-02
1.027653052165118375e-01
3.138911938007566543e-02
-1.047176882009558802e-01
-3.521082002352409757e-01
-3.003810526039819018e-01
-1.521895612515005991e-01
1.435041200185276089e-01
2.330432656421122222e-03
-2.394237598619277096e-01
8.666049592188965534e+00
-9.325659693775929515e-01
-2.587634182278147232e+00
-1.452660606939931265e+00
1.073363949772915688e-01
5.709500499835940684e-02
-4.782599338906692865e-01
-5.560121212619577591e-01
-7.197268476664044901e-01
1.547120717720441574e-01
2.917482145925638926e-01
1.089281085452126430e+00
2.018998112574225401e-01
-2.970653666250613889e-02
1.639487631414547897e-01
1.413943972915908953e-01
3.580685596124962289e-01
2.049609880342233847e-01
-2.555355390071465393e-01
-2.318970202455254356e-02
4.043612826094118429e-01
1.523436992911429977e-01
2.055172219070793005e-01
-1.239150513592899572e-01
-4.844070768036731756e-02
9.000129377990237489e-02
3.180923208630170862e-02
-2.064765032977827069e-02
6.312004903358114927e-02
-1.141746924277093310e-02
-3.087855322576308348e-01
-3.433954551489004081e-01
-3.672600646005298453e-01
2.046219227191039061e-02
-4.802387522412349119e-02
-1.262770077147158387e-01
-7.201471792227380764e-01
-1.227919545652760153e-01
-3.702898558132718815e-02
-7.256777981600807115e-01
-5.108132987880533715e-01
-2.931844837066734377e-01
-1.526144355606945391e-01
-2.017779150051635106e-01
7.359200765314428960e-02
1.472401065152733723e+00
6.994713583853764405e-01
2.274537946844341907e-01
-7.160514727698736870e-01
-6.591746070682946712e-01
2.513553647806749947e-01
1.667201469437009920e-01
2.985812542104878120e-01
3.109706273746142835e-01
-1.462585646295951225e+00
-1.453987517813501773e+00
2.380732742539750368e-01
6.445288474456436489e-01
1.808471867998122373e-02
-7.180168930740901123e-01
-1.379904461787069027e-03
2.320291325563581253e-01
6.157781216213509962e-03
5.786843958608648419e-01
5.440415753569306512e-01
9.931704783267337744e-01
-8.485765848432240410e-02
-3.891650576507766912e-01
1.596970492567415245e-01
-2.612797420079228661e-01
1.380852807780463647e-02
-1.379103999335555275e-01
3.244044236720763585e+00
-3.951715268821217819e+01
5.056630782491061460e+00
2.788595340047289373e+00
2.225826206143085295e-01
-1.008939625763398462e+00
-1.904933385221743825e+00
-2.007873831743692161e+00
-1.053977875839696710e+00
-2.292455634852620106e-01
1.396632005442283719e-01
1.517580026521600234e-01
-9.049085165260141450e-02
-6.976989230325224278e-02
5.794530680558918068e-02
1.044646699153459757e-01
9.186715795272364093e-02
-3.165068218762409069e-01
-8.273828295495304630e+00
1.256629202336896434e+01
1.170829296699697597e+00
1.437940747291834631e+00
5.421334421552156391e-01
-8.584401492886422069e-01
9.497904594960302482e-01
8.506502184069273387e-01
3.402646292881841283e-01
8.610220340524581406e-01
4.420477712926714209e-01
3.713641887527669438e-01
-3.132423029623574440e-01
-1.165552426027615246e-01
5.716697053992469968e-01
-1.829327092453274933e-02
4.193562417598999392e-01
9.453783914492912277e-02
-2.679328940659735814e+00
-1.684833078414325058e+00
-3.252440422280625798e-01
-2.230848738873993098e-01
-1.448340004204159148e-01
-1.383762093080500612e-02
1.991944329596511687e-01
-3.168751070593758129e-02
-1.205445072847836571e-03
5.458816860395740989e-01
1.578636408428245597e-01
2.292801035240213392e-01
1.769323561904241615e-01
1.860383957524095466e-01
2.447796497341299671e-01
5.929245553826643089e-01
3.794674444098165011e-01
8.321497598399833773e-02
-5.258745004754399321e-01
2.664156982035064680e-01
3.440927289013464563e-01
1.374361237267764380e-01
9.459935032986119263e-02
1.031093425566754346e-01
-4.067781885762762617e-02
-5.042766128927436697e-02
-2.553252292708813598e-01
3.789093097347061012e-01
8.107279024791279598e-01
9.730319962959569358e-01
8.238655196570356942e-01
9.943759881489691033e-01
1.235860813190289953e+00
3.454462442229110919e-01
-1.305297403766167430e-01
1.957908884945074590e-01
-5.153214598638613531e-01
3.323506177156995145e-01
7.149263711626132611e-01
3.632108708068852443e-01
5.672566521643298554e-01
4.984475579352430907e-01
-1.007362799321779578e-01
3.342900272777129395e-02
5.034552002078072075e-01
1.115659795761015793e+01
-1.958928150120423373e-01
-2.145753444402854093e+00
-7.697844378846878666e-01
6.603375774955900779e-01
-2.411109722502892683e-01
1.230677931714064144e+00
1.028032801279673336e+00
9.084568371210277604e-01
-2.212266019372599035e-01
-2.435291136030527104e-01
-1.955036413558929320e-01
-2.936362434004202160e-01
-3.060028196886081520e-01
-4.405663454057358597e-01
-2.331034661728784152e-01
-6.895435340346575681e-02
-4.117710568601648524e-02
-2.455186717737409552e+01
4.389877631225814980e+00
-4.169782438332896746e+00
-5.188357663121974106e-01
8.411790559254289645e-01
-2.801559807487236653e-01
-1.039138474738193207e-01
-1.378358338264143168e-01
1.216296252574103204e-01
1.562411263387791038e+01
3.002196087179238138e+00
5.248167180936626902e-02
5.791892737689905424e-01
5.458054301084598325e-01
-1.473861984593674901e+00
1.797866588427413370e-01
4.364721562393986815e-02
2.015730942419705074e-02
-3.082500291937502121e-03
-2.139020681594930307e-01
-3.596310996849643171e-01
-5.258082820870106922e-01
-4.415806335119575321e-01
-3.479061500759140779e-01
8.478725180483934198e-02
1.123631234851495408e-01
2.043632108947217585e-01
-2.925797531997389456e+01
6.478607975516103679e+00
-3.898159171219138797e-01
2.159344032004760994e+00
2.601871806933510722e+00
-1.171607103620276452e-01
-6.642611928280067746e-02
-7.138215088557772758e-02
-3.863649391341151401e-02
-4.635134970113633478e-03
8.525877844062628233e-03
1.353562797366143766e-01
-8.349574618322211372e-03
8.418503036396195226e-04
-5.067924151092313007e-02
8.932263053945962983e-02
3.923145444891009553e-02
6.721744343161305257e-02
2.668006316402370359e+01
-2.394673694469162673e+00
-7.788770593462239766e+00
-1.641066503341691574e+00
1.219973700389812787e+00
7.875698131214401432e-01
-2.262529396217430600e-01
-1.732580831439015367e-01
-1.643081498780382677e-01
2.489847368606862954e+00
-5.159711816849495314e+00
-3.744352179004157399e+00
-6.609529170271378762e-01
8.986295920514442148e-01
-3.177888573677856154e-01
4.298900115180215309e-01
2.175631674476538602e-01
6.187816912921048074e-01
2.656173163141935412e+00
-3.077595995416606556e+00
-1.152769207907913263e+00
1.576976321859090202e+00
2.083408524341292978e+00
-6.981905319152719169e-01
-8.751933656195946820e-02
3.216156163099292420e-01
1.070013905302655138e-01
7.486240362649514424e-01
1.907269856128269159e-01
-1.844180598131794913e-03
-4.508787638969395384e-01
-1.290464949018271246e-01
8.040563463280357981e-01
3.121133348505456540e-01
6.471859571848831427e-01
6.832096128424586245e-01
-2.715456308894376725e-01
2.011378890496841876e-01
9.978117915155204631e-01
3.717519220372426658e-01
-3.312241962428797981e-01
-3.098919318861989014e-01
2.607981588610053247e-02
-2.684242860226551119e-01
2.633692728623166987e-02
-1.519096477050334926e+01
8.815327467332780387e+00
-2.624698470148255858e+00
-5.133708544823698539e-01
-4.142823767263348889e-01
-1.034041091998276762e+00
4.914103540749578114e-01
2.878773902413163666e-01
4.815995549310642665e-01
-9.671014610545186629e-02
-9.436567063235307140e-02
-5.652447877748923571e-02
-1.279021314762969208e-01
-1.432479225377507048e-01
-1.075008871941238731e-01
3.145198973167868117e-01
2.738987887265419974e-01
2.239825145241061133e-01
-1.056776647994964458e-01
-1.021327055182172719e-02
-1.085654001519903572e-01
-3.207669325154996476e-01
-2.708517330860494288e-01
-1.154389844801310960e-01
2.972966223621269569e-02
7.534798187722914486e-02
-5.162805592848204728e-02
4.071343307727140481e-02
-2.573820988072340610e-01
-4.045893519777937070e-02
-3.469605381339899153e-01
1.132419065939398589e-01
4.998607491734389230e-01
-7.838264316445844870e-02
4.079218521565474570e-02
9.773684009999786954e-03
-3.262884687009404705e-01
6.638024103410029575e-01
5.153986239987078388e-01
-4.873254283931829911e-01
-6.725567737611626296e-01
4.939328406780416625e-01
8.121903616187813035e-02
-5.829575801345543429e-02
3.286156171071513143e-01
-1.044727360409332206e+01
6.900945524268807141e+00
-8.651832768566402043e-01
3.212893364518346062e-01
-4.290887198529164115e-01
-9.000103600408082549e-01
7.588365256513989188e-01
5.963880312817014806e-01
4.061127810753722978e-01
-1.218360531286708515e+00
-1.567647923824950551e+00
-8.768515565384694954e-02
3.186709641340824128e-01
-1.292292287567106124e-01
-7.487221858628911875e-01
-3.958222321576601588e-02
-3.257328593535988581e-01
-7.166144629687104528e-02
-8.465973893797235084e-02
-4.344715673870170325e-01
-3.861353133663292247e-01
-3.927505871534782700e-01
-3.190938044053059919e-01
-4.349223968353462255e-01
1.149496010603650170e-01
1.490221709886893620e-01
5.082884533828968543e-01
-1.277268458500473214e+00
-4.343816672361340281e-01
6.276926776301009481e-01
-2.537309538656959962e-01
-4.376591287597887403e-01
-2.068986782530525259e-01
-1.655280024468185063e-01
-9.614893303480462339e-02
2.271891370337613125e-01
-1.872186575369512829e+00
-1.652497575536070018e+00
2.087213076166551939e-01
7.686542915875288484e-01
1.517564161105443010e-01
-4.110586514613451814e-01
3.501708839345563096e-01
6.645163894615797595e-01
5.888051278498381835e-01
8.848454307898304672e-01
5.262413588903157580e-01
8.006863338805941810e-01
-1.569865728538099303e-01
-6.543608393457148731e-01
-1.024102404707897540e-01
-1.862514435651187461e-01
-2.667455706218406775e-01
1.211974948689939630e-01
-1.022021789284876525e-01
-5.521347361673932530e-02
8.315763114478041951e-02
-5.007954856582665093e-02
-1.073966409306555958e-01
-9.240881833541672585e-02
-6.729050484773738128e-02
2.383409844360505521e-03
7.076061110746122151e-02
-5.504196586214022968e-01
-9.702678092909796659e-01
-8.631552429946889315e-01
-6.294977944992555807e-01
-3.229632287495249332e-01
-5.413761212919061816e-02
-2.506505730537185173e-01
1.505240184751648613e-01
5.100196713710877239e-01
-2.044090464163136056e-01
-3.904925338297333681e-01
-1.603787806035055774e-01
-3.528805560789892715e-01
-3.569797235785042155e-01
-6.828360216018112272e-01
-1.061236300081954548e-01
-6.795704575618670418e-02
6.953510124567677808e-01
2.494237054324642197e-02
1.892117855459521381e-01
3.347129553260453916e-01
1.970721165752462034e-01
1.201334251522945956e-01
-1.729527520460028833e-01
-8.553390223974251250e-02
5.534848818219203354e-02
4.002720822933552025e-01
-4.082102964560481162e-01
-3.090476007659085506e-02
1.443317315636854503e-01
-2.371070014747056476e-02
6.770387240786845950e-02
2.904045987883875357e-01
3.181900470219430760e-02
6.506995931013551115e-02
1.108217683132059483e-01
-2.487706742607284482e+01
4.413882298303736462e+00
-1.107265141415486154e+00
-1.955912543434350948e+00
2.152508654122532381e-02
-1.273920526021662392e+00
9.404971878125959472e-01
1.148158215714123020e+00
9.296388556591225205e-01
-2.035283708841031589e-02
-1.345198225322812580e-01
-7.142897561887917579e-02
-2.095481616018402826e-01
-2.820366058037245827e-01
-2.577745561300793242e-01
1.442965493472629819e-02
9.779801369799571986e-02
4.442225846454230243e-01
-1.918531728562009320e-01
-1.057291757920657410e-01
-8.305584324041043534e-03
-3.859485694613805640e-01
1.587915401937500283e-03
3.155037814551589492e-01
-1.678705227431463165e-01
-1.027327477698560809e-01
3.287097722409539902e-01
1.784713329234923052e+01
-3.148093392566717164e+00
-8.881088541743007880e+00
-3.178687358076249581e+00
-3.738937572203210324e-01
8.463164847274755598e-01
4.882238533350518467e-02
1.793673726277078828e-01
1.499478169543882466e-01
-2.289818434862281649e+01
3.500997732534648854e+00
-4.925182170604849752e+00
-2.069557471745568922e+00
-6.050701990476484715e-01
-1.689301061944291915e-01
-2.112234624534827243e-01
-1.954499446225677339e-01
1.792009370617816677e-01
-2.529555258788462879e+01
3.134444508684233188e+00
-4.284434412502387879e+00
-1.067829258665025760e+00
-4.125014185056036786e-01
-8.601865874031208170e-01
-9.562361516919470894e-02
-3.097465744321791781e-01
1.995099274239370279e-01
-3.708598539975137331e+00
-2.582897531104645150e+00
-5.424929390814329233e-01
-2.124040441610527130e-01
4.952258700294662197e-02
3.470832386753610610e-01
3.229517790015948853e-01
1.286731635437159404e-01
6.395279081818981970e-01
-5.505197239096450840e-02
-1.205553469399168881e-01
-2.218542977149196710e-02
-1.589365028252790468e-01
-1.989774497056702729e-01
-2.101657714249881015e-01
-1.018744042315217202e-01
5.528731309533411326e-02
5.476819681094732273e-01
3.127823817527954908e-01
1.478956711425152837e-02
-3.378689944257116939e-02
-2.324455070011320623e-01
-1.651463905026217260e-01
-3.225144308315271852e-02
-1.072679728808166311e-01
-1.127422430242703832e-01
5.673269074937002943e-01
-6.020282794071036836e-01
-6.382363326789012303e-01
4.378272631287745686e-01
2.977232445439799771e-02
3.066156578625754345e-02
2.753430268191275343e-01
-6.993580455722933631e-02
-5.669381192376512536e-03
5.782671178769405174e-01
5.792566731285602177e-01
-2.976313093462610304e-01
-1.604056955858758626e-01
-2.296803398244227218e-02
2.251091559236350348e-01
8.520407432624103883e-03
-5.531320313463130578e-01
8.589106259704254454e-02
7.227174032987475627e-01
-3.517020345038208706e-01
1.087105097583913882e-01
2.942497567813758819e-01
1.023310731586693917e-01
8.142248827075738993e-02
2.690445248914417609e-01
1.238856202371011461e-01
3.229387813213026592e-01
6.227474978243303649e-01
4.157269126121512087e-02
1.272245125724269232e-01
1.542602288893838713e-01
1.330648049910696483e-02
1.035571119142553592e-01
2.722027096688429681e-01
-6.916426809945945553e-02
-1.298040901732490648e-01
4.651874638197882605e-01
-2.307362430655285834e+01
9.470421088417035449e+00
8.869762404474426098e-01
1.637845166029169519e+00
7.508179559436084505e-01
-7.150195043570467535e-01
2.655920946475422428e-01
1.958098558569603687e-01
1.656638334442240013e-01
1.641229014597786318e+01
2.893225964805619110e+00
5.370907538376988866e-01
1.566874492003397457e+00
1.797610299069198669e+00
-9.322429705771098085e-01
-7.551188988645345379e-01
-5.828982247282613605e-01
-2.070869974144610992e-01
-6.932962676718845696e-01
-5.731659641380111303e-01
-3.013883316553540026e-01
-7.169102639676023792e-01
-3.356366181566742823e-01
3.510071966302881208e-01
-5.241126571618890395e-01
-8.623577027283202412e-02
6.930466085570746726e-01
-2.243688889926110974e+01
9.752958707235052316e+00
-2.174504474467089665e-01
-1.070005243923394467e+00
-3.333455025380857029e-01
-1.555655674725905380e+00
-1.766454685586555939e-01
1.911935481381098478e-01
3.060740834515202624e-01
-1.371260409576149364e+00
-5.802778431252793023e-01
-3.556304323912381493e-01
-2.282519003136685432e-01
-6.584285105845991137e-02
-2.005265184837063397e-01
2.524010873648703801e-01
3.072339443200600706e-01
7.567188891608181978e-01
1.781773303336786629e-01
-2.575409336506452873e-01
-2.076308097454572510e-01
-2.223598005183036463e-01
-4.450501963756011564e-02
-8.631065951903776554e-03
-6.708563391549816624e-01
-9.007953852095119951e-02
6.411635828052425490e-01
1.477160304446224970e+01
3.626655119503428448e+00
5.020075286717763374e-01
5.831027037814624503e-01
4.262885455339959218e-01
-1.983721313355516713e+00
7.738268424514205268e-02
2.901491348640644619e-01
4.331304816030671079e-01
1.403611450063641009e+01
-1.620784852944595844e+00
-3.818047334068754406e+00
-1.062262259226134098e-01
7.495555222877462453e-01
-2.012918617982337732e-01
-2.780772011385996278e-01
-4.444239174961951422e-01
8.577741780540865113e-02
-1.787767946989431644e+00
-1.581035755549418664e-01
9.616646172472345100e-01
1.537168524058864227e-01
-3.385550738623334666e-01
-1.415896024954905075e+00
6.382975156276320394e-01
3.910347313373574996e-01
8.431344497404655858e-01
2.713176869645682054e-01
-1.220824381474871212e-01
-1.511579647819955852e-01
-4.871571738582795852e-02
9.363868441647971164e-02
-1.189635997816381879e-01
-4.779969220936632068e-02
3.590884252111067876e-02
5.451264070920105453e-01
3.200514736986668662e+00
1.504850833742046667e+01
3.613630879293079357e-01
-1.156256018058907431e+00
-4.305305766439715409e-01
-8.330397526063751945e-01
3.557115197881499657e-01
5.259028867833102083e-01
4.631379395898819196e-01
-4.555265602827747173e-01
-4.984114678976188095e-01
2.095839987645150559e-01
-9.504245556687601626e-02
-1.725904739423115009e-01
6.825911666568085234e-02
7.534102671264496509e-01
6.421414418967964499e-01
1.095865269611416171e+00
-1.575535829812837241e+00
-2.221882672848451090e+00
-2.369619681202742301e-01
8.281802119952462737e-01
5.854452619100473099e-01
-2.798552891371252072e-01
1.440555563039068324e-03
-6.584379415472391139e-02
1.702456171294098597e-01
1.617433709885505999e-01
2.850498407339889795e-01
4.179350969849077169e-01
-5.426660049394167462e-01
-3.433729457585463773e-01
4.175320989295354113e-01
3.170486217321964034e-02
-2.758155528384421129e-01
9.416703081429847466e-03
-4.032255536291778952e+01
3.935237022243742278e+00
-1.462082712223186975e+00
-1.104647159814294177e+00
-1.303477409313227864e-01
-2.008289622970943267e+00
-1.641867150370743544e-01
-8.326986193805090142e-02
3.846352527355248463e-02
5.640232626386370018e-01
5.641318596972973998e-01
6.739806355416465555e-01
7.751440168280766541e-01
1.025472689037856044e+00
8.331994815779416585e-01
4.082765513133070900e-01
6.263965192665964521e-01
8.736105453992438763e-01
-3.150630605254851613e-01
-3.145689776254701475e-01
1.199859857383794555e-03
-1.642337377772663809e-01
2.979355443533798775e-01
4.951432856680768047e-01
-2.619328776679837323e-01
5.632201032533089985e-02
1.474563238385334096e-01
-1.363232662057768252e+01
8.785864752855507831e+00
-1.923445780117540194e+00
-5.830828361640474355e-01
8.965427897136729607e-01
2.711478034082669408e-01
9.094876013071329091e-02
3.827016150925053317e-01
1.640954163570325919e-01
-2.414154997044538620e-01
1.797808727550032418e-02
5.086090444722567439e-01
-4.847666543219820712e-01
-2.849512603060726512e-01
6.502336997389353002e-01
-8.516663934741915132e-02
3.744449587413959529e-02
3.339460363643738383e-02
-6.069518127781133643e+00
9.621939697839115624e+00
-2.227070291579797079e+00
-5.542465680560136887e-01
1.181842276205274711e+00
-3.402085985795472722e-01
-3.335369106030986464e-01
-2.429623946310783267e-01
-5.437902994761713293e-02
-6.463042740676530062e-01
-2.067641353059492260e-01
-5.542877295012694772e-01
-9.041201424782125962e-01
-1.175147987309904440e+00
-4.781890710013784185e-01
8.524980903887565686e-01
1.211963606287633555e+00
9.768740491315974772e-01
-1.208602938419551243e-01
1.579989625083864091e-01
3.834471972912512627e-01
3.296578290489657892e-01
3.403400317909252570e-01
1.019976625912077800e-01
1.226870371301122115e-01
1.598096007634861315e-01
1.961416447360085913e-01
6.690718637438997085e-02
2.748153725817363835e-01
1.490695309461604057e-01
5.349335563696447360e-02
-1.047039752149356295e-01
-8.104935485278375387e-03
9.461273395167741906e-01
1.044354762753730848e+00
9.280754404613180686e-01
1.192471957404574526e-02
1.497913666722037185e-01
2.684821125864300662e-01
1.448614677388133098e-01
1.314382085097675623e-01
1.621342178956075852e-01
1.046192376876720932e-02
8.215891340125694442e-03
9.828465321320618842e-02
1.104860422717343527e+00
8.756080063201705510e-01
4.859710560565606574e-01
-1.122447667304708879e-01
2.386162035361379385e-01
-3.414364409074365780e-01
9.592384483003474349e-01
6.660306000420851413e-01
6.636862341599335524e-01
-8.081934443687577296e-02
4.126292812504473440e-01
1.370363110464911882e+00
1.027304662568885085e+00
4.575223909641976117e-01
3.857692830025858943e-01
1.816370401736805140e-01
2.323413825645090636e-01
4.780604090233404047e-01
3.027793779716276834e-01
-6.121092427405043501e-02
1.002199406357744300e-02
1.940425735443862022e-04
7.592738220705678998e-02
-1.009252678899940497e-01
-1.699737651065483246e-01
-4.138651416356721180e-01
-6.940071398773234312e-02
-1.161179395936749792e+00
1.498525816196030758e-01
1.360718040566408993e+00
1.435996975655944308e+00
8.505933061416171004e-01
5.645249337384363741e-01
2.815444264046614298e-01
3.757494058003167381e-01
5.611869801240886302e-01
-3.282478837087396961e-01
-3.077120244723332010e-01
2.124588903975747345e-01
4.034653690709287532e-02
3.713400425194998689e-01
7.658455619214800114e-01
3.380638733235841742e-01
4.299062213024218426e-01
6.332124325547709986e-01
4.101137060257959432e-01
8.300665315798204658e-01
7.438558295628511230e-01
-1.542928703546217195e-01
-1.740414088572154738e-01
3.237001101272731218e-01
-2.760465198699064288e-02
1.745938198064419244e-01
2.212157797748705024e-01
-1.735580452628495973e-01
-3.380950834664465110e-01
-3.347012428563995723e-01
-4.272062153908167681e-01
-3.020706808768517382e-01
-3.255224407787412066e-01
-5.409566492321535858e-01
-1.119000198194168016e-01
2.558400641283175569e-01
-1.808679119304498650e+00
-4.499194787543389640e-01
4.021824645475104432e-01
-9.205040323645781453e-02
-5.148152471962572641e-01
-5.005121645131880292e-01
1.210115398914235474e+00
1.286000748057301246e+00
9.061198336341980131e-01
-1.454874938805289231e-01
1.064314799434566385e-04
-5.309197450075859269e-03
-1.563328128552956553e-01
-5.815605713756188261e-02
7.345735482644042292e-04
-2.717483256482159937e-01
7.251357153426198771e-03
2.020775774750254994e-01
-4.073857575866886016e-01
-2.608541060507920673e-01
-9.337357145608084219e-02
-6.174340815369329105e-01
-1.845115734306690403e-01
4.138922967541002751e-01
-2.958151793440308985e-01
-2.470307574730884193e-01
6.114379112520417631e-02
-2.844473063259008061e+00
-3.913563361804630159e+00
-1.298788940649547863e+00
7.624591638525489712e-01
8.440586631862450062e-01
-3.536037904968360457e-01
-3.428643724849417818e-01
-3.765007719113469542e-01
-2.978850287730701145e-03
4.032921358215538099e+00
-2.241297125632155662e+00
-1.458032305702741560e+00
5.046982096594012646e-01
9.205794463230356772e-01
-4.394532896211068018e-01
1.517192122411014921e-01
9.365813598241078813e-03
1.455541645248495386e-02
3.578653505912761656e-01
-9.653867616379153971e-02
1.225546894311433516e-02
6.524679666761849794e-02
1.258633302275781740e-01
3.991358250237117891e-03
-2.075297394839518972e-01
-3.590137723495260419e-03
1.458277911122443093e-01
1.535484419644998488e-01
1.919559397206544935e-02
3.040808166264812387e-02
-1.137156687269090527e-01
-3.763256307069184903e-02
-4.386184720855571678e-02
-2.298255423596561320e-01
-3.578525377170546640e-01
1.381085032666785374e-02
-3.149038298545594472e-01
8.502536694464801412e-03
5.069464759175180968e-02
-4.118024057810064364e-02
-1.398136896232428199e-02
-1.215973481974179371e-02
-6.281777379782287063e-02
-1.288733082902006610e-01
-3.885239955530605388e-02
-7.310178066081869375e+00
1.806930045505377436e+01
5.570638760194252193e+00
1.477179533001361289e+00
1.084763717522841509e+00
-3.869318633617867542e-01
6.011530157339977087e-01
1.849207392369257852e-01
5.965276877167186020e-01
3.929999745992208138e-01
-3.815491473744402895e-01
3.134231217660325974e-01
5.951661992276176261e-02
-8.993031128224716897e-02
3.533210849175080770e-01
1.708336887780194657e-01
-9.288018897962349585e-02
7.135245576687315738e-02
-3.917474383572994157e-01
-5.416599399511414781e-01
-6.147669731715793562e-01
-6.647646768587753829e-01
-5.728437445202332334e-01
-6.087692001222685390e-01
-3.541666831009499528e-01
-3.915083256099257114e-01
-1.375169134733657539e-01
-3.171513927993926396e-01
1.442091580867347900e-01
-1.388676448264062890e-01
-4.915541954783343992e-01
-5.868275708336251340e-01
1.688244205498843631e-01
5.760653226387567605e-01
7.968487079100484705e-01
5.641431608815805632e-01
-2.065252483362248093e+00
-1.690195983391149959e+00
3.156544021438494330e-01
8.672376460513986363e-01
6.160136117659779087e-01
-8.050153555133774397e-01
4.164564616430466715e-01
1.049812653281157332e-01
7.314424769111062263e-02
-2.102863878306824030e-01
-2.448980045769145741e-01
8.654314448557391681e-02
2.111692102937755972e-02
1.942282133476145867e-01
-2.940820629268977027e-01
-9.130235693313437650e-02
-7.299368139336198658e-02
1.560602034494271706e-01
4.667105828316064353e-01
2.144381488537392688e-01
-1.225477943189745428e-01
-5.552770814267525834e-01
-3.461606117528276405e-01
3.944831978546383122e-01
1.628843624381506872e-01
1.023779015520326768e-01
3.044179352874284983e-01
2.031908487124397755e+00
9.265769165863896317e-01
1.034889240838012814e+00
3.291676926377680168e-01
2.034897035439157675e-01
3.691126486063004974e-01
5.219893297445061808e-01
4.574068150960404755e-01
3.480625420103969359e-01
1.019871628145878839e+00
1.218639897915998205e+01
-1.281825386748645990e+00
2.465893193169014785e-01
1.870118605507951060e+00
-1.897593054385091627e-01
-2.189402226166203835e-01
-2.026209663085130341e-01
-1.389893197023254479e-01
-2.990993694202608300e+00
1.069645694740340325e+01
-3.166013001552402617e+00
1.197314951140429802e-02
1.920424278211308788e+00
6.931325887497320759e-02
-3.726846857624625531e-01
-1.929277271228981017e-01
-1.067276059930359899e-01
-5.784470558318277611e-01
-6.555320836082527414e-02
-2.813856719663422948e-02
-1.990894220527836544e-01
-6.035008714637036392e-02
-3.881722278095851159e-02
-1.510729885338540912e-01
2.494786471609714562e-01
7.256936260679809625e-02
1.915120742086384276e+00
2.136313550545094198e-01
2.409882945680234811e-01
-2.223830184820507760e-01
3.384021594878983685e-01
4.494095022575289589e-01
1.096239830290415052e+00
9.368453705904750128e-01
4.781459908069385367e-01
-1.133866443879633756e+00
-2.838774586445897419e-01
1.228472317819213622e+00
8.718107512189066099e-01
2.192504849406645417e-01
-8.736950601607611500e-01
-5.689340220542656035e-02
-2.330355200533975046e-01
-8.943463913234267482e-02
2.518420093449190607e-03
1.784366392300926196e-01
4.722551863030273189e-01
2.106756134547198844e-01
3.444191841830702705e-01
-8.358594776093618284e-02
2.459247198956148600e-02
4.318216486120975833e-02
1.346548120973999618e-01
5.747829415271752396e+00
-4.253481553765637635e+00
-3.783315098138468446e+00
1.313909813917923386e-01
1.311766027239481991e+00
2.412626267807277403e-01
-3.577583571461445677e-01
-3.232336047784363786e-01
-8.832974384298450388e-02
-1.976872917596191659e+00
-1.602324067343032232e-01
2.884448119342089903e-02
-4.970771120143119975e-03
3.662756099512802233e-01
2.284438101020024037e-01
-1.198527625238171024e-01
4.510326207746928606e-01
2.903017411414836046e-01
8.131899838461640329e-01
4.884726985910671226e-01
3.625170509162878862e-01
-3.022343272423037019e-01
-1.720130554375106646e-01
3.705556955719314094e-01
-2.085255994161442500e-02
-5.165836595049952407e-02
-8.307282955163734772e-02
1.716221479897100666e-01
-1.270392548865191540e-01
6.156200553189256075e-02
-2.408389620641436801e-01
1.317609432933381231e-01
2.532608919921308654e-01
-1.989702329634220612e-01
-1.191631221708015498e-01
-4.041046587664538087e-02
-7.010551714151450620e-01
8.915812844192780418e+00
-2.321060631473301328e+00
-2.224009907826048238e+00
-1.166295765252477468e-01
-1.135429963254790953e-01
7.495444303628372440e-01
-2.287745449385805360e-02
3.750647961948413434e-01
2.756975009121519715e+00
1.335440363620260840e+01
-1.148787014371178028e+00
-6.519515045767567685e-01
1.068166440855705224e+00
-1.674828590547030316e-01
-4.217860569585837188e-02
1.545426044594133963e-01
2.309900932136063623e-02
1.097884227807141899e+00
3.536175504527543367e-01
6.911076668309060755e-01
-2.162537421405690274e-01
-3.720602265264800201e-01
-1.726814895162042118e-01
-2.917461647857889639e-01
-3.545909184095721867e-01
-2.580993963972429417e-01
5.864986386073515329e-02
-2.266671881284410550e-01
-3.694190791803165785e-01
-7.685576081635814294e-01
-3.700464520455990503e-01
3.726731860348750924e-01
5.662473667264725924e-02
1.880722235092734118e-01
4.303717255781536882e-02
1.621669227000930025e-01
1.226404158756799062e-01
2.428514367211311586e-01
1.095520354490500253e-01
1.567356396886773473e-01
1.746278330567713477e-01
1.101608102543773227e-02
-1.720921128554720597e-02
-6.224107221842160864e-02
4.832161777940855579e-02
-3.687507173666846327e-01
-1.716455884105766438e-01
-3.936473990850751781e-01
-1.553806092003417461e-01
-1.708254976409715464e-01
-6.845501968154802386e-01
-4.922844390251153168e-01
-1.283718532158004411e-01
-5.652259795259084729e-02
-6.943353356039211333e-01
-2.167017665093032563e-01
-6.547582609021993516e-01
-5.889142628750071440e-01
5.609491677113614960e-01
5.591230392320214460e-01
2.784245571330846158e-01
2.477285181976269235e-01
-1.904944903704667425e+01
1.069361029104935312e+01
4.137415419648701742e-01
-5.116291927526814831e-01
1.877227371785533117e-01
-1.632097835963957522e+00
4.818772862652774269e-01
3.130569756492459499e-01
1.594039163068745601e-01
-2.078664488425623347e+00
-4.206485202968681136e+01
5.630805694670836026e+00
1.483107409800995313e+00
1.480010830902296570e+00
-2.470539984047010473e-01
5.176305207480543791e-01
1.732531897714564839e-01
2.785935099968861461e-01
-5.124240617161581746e-01
1.202756049720617249e+01
-2.125119896636084249e+00
-2.122984130092291810e+00
1.011399144679270001e-01
2.440127141499840238e-02
5.960018590748267231e-01
-1.077588691558698658e-01
2.844129846821776275e-01
1.152872168152384580e+00
5.147880498091454704e-02
3.360118439632914233e-01
-5.826754673288880989e-04
1.769046534496709344e-01
4.619847074617823846e-01
5.975627411039675652e-01
4.593546255712369075e-01
3.781049449045768007e-01
-1.001524143902474684e-01
-1.732899094393497708e-01
3.963832155715193428e-01
-4.668527492380940558e-01
-4.049395111395833746e-01
2.269393474744824946e-01
6.868620236412246310e-03
-6.638721127125328525e-02
-1.112967893776115741e-01
-1.365173373017903591e-01
-1.555700805613320581e+00
-2.276308797696414421e-01
2.377736142309505307e-01
5.103465290763835593e-01
3.978427627687939894e-01
-2.419037391126117598e-01
-4.911137007284560596e-01
-3.063893363283592408e-01
-1.024243209130921484e+00
-1.731170136574636254e-01
-6.430942358122030411e-01
-8.196965822401640622e-01
-2.440875494677420265e-01
-5.637643172463151497e-01
5.179328038161500058e-02
6.564509736066495571e-02
1.114712841205014737e-01
-1.071285430938918176e-01
-5.498923520931426889e-01
-5.334902732197717157e-01
-4.481289077209020810e-01
-2.852432983332554017e-01
-4.112418112478344323e-01
-1.057839911111664033e-01
-2.580664248193758614e-01
-3.229431796287495215e-01
1.915399915832746380e+00
9.869419791895543970e-01
9.748415960471106256e-01
-2.688378226277190475e-01
-5.771032106062016220e-01
-3.434810827931144006e-01
-2.813427300998792568e-01
-3.249316512099451049e-01
-3.302961838974365905e-01
-1.235722454072180954e+00
-4.289411173605353622e-01
5.603748047676994359e-02
-3.563066366308331179e-01
-3.168429148761764402e-01
-4.021957794997942925e-01
-5.041014740435569713e-02
-1.089357267503898025e-01
-1.589814478842565548e-01
-4.074726387020766172e-02
6.842345260467860846e-02
1.222712931026343902e-01
-7.102370262410362400e-02
6.172048543264216369e-02
2.304287691743086564e-01
1.366290658868060115e-01
2.078712258543863878e-01
1.547265739331753487e-01
-2.917936198561352779e-01
-3.862480772077012681e-01
-1.565436700074135292e-03
-9.360918942824377753e-01
-6.128121220417455106e-01
5.911015390505133249e-01
1.168253647227912584e-01
5.757367269611499139e-02
-5.247335890366858213e-02
-3.451724627820680624e-02
8.350346954680087919e-02
4.108209981475707262e-01
-2.833322262000916303e-01
-6.741129953974038802e-01
-4.816009103117745993e-01
-5.283197258425191833e-01
-6.349110303192764260e-01
-3.099014047925999216e-01
-5.145384214391202082e-01
1.402778508704772067e-02
-1.863110130338834769e-01
-3.828917026825938152e-01
-3.966238445483477038e-01
-3.528944189957961552e-01
3.108165032108604064e-01
9.515195701593422151e-02
6.411083479536107410e-02
1.707657003026858966e-01
-2.689099663175234523e-01
-1.746222551426563629e-01
-1.715716379607382103e-01
-1.102223136922165503e-01
-1.141011986678323320e-01
-2.058634778990918179e-01
-2.600794065906770758e-01
-2.624222371125374820e-01
3.049620724865234056e-01
6.839700924132541271e-01
1.073993522930658306e+00
2.747007907839294494e-01
-1.551937764253221441e-01
-2.096749868464242716e-01
-3.037047463733225094e-01
-3.623935096091588370e-01
-1.615121757086319942e-01
1.452251577657420789e+01
-3.635717941047624802e+00
-6.189847757463120104e+00
-2.541039006368317477e+00
-2.704476036620704349e-01
3.639314799367607822e-01
7.514760981473133095e-01
2.165938822099729433e-01
2.344621808960776488e-01
1.251445706446521200e+00
3.557166520145618738e-01
7.480547920060351963e-01
4.955311186915414834e-02
-1.148898605225977532e-01
-6.360422398731148397e-02
4.251202493042962466e-02
-2.543460199325567675e-02
-2.382375154902948433e-01
1.201068273602883263e+00
1.063944404758878637e+00
1.211594537889155498e+00
1.171840502284348773e+00
1.195109138400119786e+00
7.127815672963436766e-01
-3.178324414920681851e-01
5.523383908274652303e-03
-7.713643041898685104e-02
-6.629547774349439093e-01
-1.481016607139121755e+00
-5.879390573126134223e-01
-5.275492669943649959e-01
-2.649780278546556844e-01
1.388906075583582617e-02
-1.520179805907444226e-02
-1.256897401010442228e-01
-2.310909916714840306e-01
2.501096479292694644e-02
1.406398285073195628e-02
7.365440844866921744e-02
-5.921237209660258627e-02
2.420626470870848937e-02
2.118671342839715047e-02
9.033810868611880096e-02
7.140516409973068912e-02
6.835820737552636417e-02
2.926326583468688569e-01
-7.261267492016076908e-02
-5.129001990736258704e-02
-1.015578480967661498e-02
7.326641119351234854e-02
-8.626113880884106466e-02
-4.679577524517472553e-01
-3.609461880830361902e-01
-3.266604901702807040e-01
-1.704822877745327503e+01
4.777597506654498893e+00
-2.692169163905612450e+00
-6.018332787424362368e-02
9.379067153032702997e-01
-4.787437677482183074e-01
2.952251257071452084e-01
-9.059673395269886298e-02
-1.178927081161843110e-01
2.238452378333798398e-01
4.342491033913578602e-01
3.948405467873552371e-02
-2.133356864623074944e-01
5.011925638583800691e-01
2.905450088224856287e-01
5.952401033561467436e-01
3.216318086179892899e-01
9.227176138436282704e-02
1.685769071628457016e+00
3.836966365200522588e-01
6.285354723831111379e-01
-1.283080672502933950e-01
-3.309511325684068583e-01
-1.211182538637431555e-01
-1.221431446094017881e-01
-2.475839833063663564e-01
-2.366927530310641292e-01
-3.312764211181534524e+00
-1.871942073722105082e+00
-8.729522922379015157e-03
3.671428780894828159e-01
6.418684347248296285e-02
-4.171249185348471222e-01
-5.037242681237347197e-01
-4.500646283371025347e-01
-3.709758673662985062e-01
1.273748350091165271e+01
-1.335180149868494981e+00
-2.076611522012443700e+00
4.883641324245970305e-01
1.756463495112393192e+00
-7.245734604421020242e-01
2.730343669744060842e-01
-1.272561586985883064e-01
-3.600478578316925748e-01
-7.969674066800147116e+00
1.419120559030398887e+01
1.709497761059554088e+00
1.655743937820259581e-01
1.071635768156006696e+00
-1.150262427117693997e+00
-2.019699627293752853e-01
-3.846121563419779843e-01
-4.742074080468501873e-01
-1.366077189712328055e+00
1.295751988517788256e+01
-1.358453098840828099e+00
-3.246081017872103902e-01
1.150595257849723163e+00
-5.549000768378695714e-01
-8.011776317567832761e-02
1.724843985321380391e-01
-4.697139219458721510e-02
6.643608888102078280e-01
-1.293065294937491005e-01
4.110151513751100771e-01
-3.610732454686826909e-01
-3.829109604114977472e-01
-8.590239081145330247e-02
-2.208388452896071219e-01
-3.187761977682472825e-01
-3.644694081303876954e-01
2.737367700073912058e+00
-4.977023770486295007e+01
-5.922915859764317226e-01
1.168826978730492794e-01
2.679002410835847225e+00
2.094387605892643611e-01
-2.702614302519187328e-01
-1.226734006329790461e-01
-2.607513817643007936e-01
-8.744266666519754372e-01
-2.232671351675738158e+00
-1.164212035407756529e+00
-7.027500435018274594e-01
-1.831653158933861381e-01
1.100826366205931162e-01
-1.304837159610201525e-01
-2.529315821651678120e-01
-3.040308198630151670e-01
3.752963765138986330e-01
1.034152375393434659e-01
1.669577328387064352e-01
-5.948595979852902560e-02
2.320684036367957545e-02
-3.142763750863240835e-02
1.438529559149427373e-01
-6.341360574326287795e-03
-1.142338980265140691e-01
1.153357273135461880e-01
-3.152691529806520565e-01
-3.482267501329822657e-01
-2.227305243969405490e-01
-4.177607552369343863e-02
-1.780194632687909506e-01
-2.096017044508562965e-01
-3.117593392569989463e-01
-4.403134240056540416e-01
-1.223028316987168074e+00
3.878306053550635568e-02
-3.006992716662157950e-01
-5.615708299132345926e-01
-8.587919416254883309e-01
-1.191898289184026155e-01
4.242856393654499958e-01
1.701478244130986139e-01
5.511831599002372378e-02
1.191239191981739332e+00
2.370168657201685569e-01
-2.405020991165402744e-01
-6.792856055314936414e-01
-5.776412495409183334e-01
-6.017635669614867372e-02
-2.081796064926540873e-02
-3.096620998021454851e-01
-3.729808060499268385e-01
2.381859991887482320e+00
1.008188645032959796e+00
1.712002452138219888e-01
-1.136882710371232563e-01
6.358366199042646549e-01
2.574709648875009305e-01
3.821081699882611371e-01
9.786469296713566635e-02
-9.424931783457562995e-02
4.721524270915013588e+00
-5.007004019322543087e+01
-2.621990586259875577e+00
-5.949734876644698911e-01
2.082808390904151707e+00
-7.479960341500437038e-02
-2.920386852819932821e-01
-4.941189155823020457e-02
-2.439221907473862749e-01
-1.445552953090059045e-01
-1.878954444923267297e-01
3.534750188689832484e-01
1.640180346413602219e-01
3.911722039372579895e-01
-1.677478178094321259e-01
-2.597160640526067696e-02
-3.555231624950550701e-02
-2.709835764146552028e-01
6.742954241601160081e-01
2.480553052968915984e-01
2.521754990980600297e-01
-8.051108422613625915e-02
4.454566521464256579e-02
6.014457987694207114e-02
8.086525035068371781e-02
4.593345072934667400e-02
-3.691338754931210442e-01
1.332480866532881558e+00
1.113796550952729092e+01
-1.736093236561003561e+00
-2.315321812202415230e-01
1.959745375058197459e+00
-2.307928140257945737e-01
-2.616441336432088205e-01
-3.351973752245423349e-02
-1.479496923611965664e-01
1.577846171539313858e+01
1.653798337859909706e-01
-2.524691793044342436e+00
-2.217594221781351849e-01
1.064674559885574467e+00
-4.314104707312311771e-01
3.366130449624998855e-01
4.041134364999055678e-02
-5.520664748810110573e-02
2.763464534367406356e-01
1.038193512569331699e-02
-7.049391160219974778e-03
-9.368465588946973954e-03
1.201656074997663332e-01
1.416167372576393468e-01
2.811595125364894088e-01
-7.788927073924073463e-02
-3.216321737544325932e-01
3.602521292168769929e-01
6.375159039231335090e-01
7.941765611564034488e-01
7.848750567305128323e-01
8.289092394963666344e-01
5.474091580605772167e-01
-2.989280503216645846e-01
-2.399130244503205611e-01
-2.536620403286388159e-01
1.735443679528529737e+00
1.089141707150809424e+01
-2.471758482823498415e+00
-2.087233222107759634e+00
5.899867471757251902e-01
1.954493743167696751e-01
1.641295521332614415e-01
-1.057051243503043664e-01
1.463784683660117325e-01
8.354091297168526609e-01
8.899559062322161651e+00
-2.767064807173412966e+00
-1.410930568720179190e+00
1.294604870355334114e+00
2.776672440950578302e-01
-2.602752314180445392e-01
3.477958610729051103e-02
-1.003745233063183251e-01
9.689646930443556183e-01
4.820954072707511195e-01
7.440914688696100010e-02
-5.303420363867668991e-02
5.704536434254898758e-01
2.095482504665524826e-01
2.695805425908368580e-01
-4.963249531173457435e-02
-2.161304728058836833e-01
8.868836779907951495e+00
1.353002074169563862e+01
-1.439048157465806721e+00
-1.265983186923488546e+00
9.145804100164237616e-01
-5.440219588292309894e-01
-1.538676965704159627e-01
4.152495225608607288e-03
-3.260185130426156985e-01
4.698519923625350536e-01
5.840273253670830861e-02
5.020280764253818306e-01
-4.769429329350488578e-01
-5.708722838214654871e-01
-2.515582460282226318e-01
-2.798363152567018286e-01
-3.581787710272317238e-01
-4.767857191713912868e-01
-1.471046955434239134e+00
-2.509612472214628021e+00
-1.429746273092844078e+00
-7.560179959633743785e-01
-1.087333828431063208e-02
3.497923109006969566e-01
2.608655968466098152e-01
6.627262635633021648e-02
-3.805897174488951512e-02
-1.297611077637426114e+00
-3.697323041732737958e-01
-9.696178106413591569e-02
-2.355737403820814535e-01
1.909380133883586683e-01
-1.002429298759170834e-01
-4.141614374965909562e-01
-2.150806965688403793e-01
-4.271982225880348039e-01
-9.585136853546422087e-01
-2.028341991053017324e-01
-2.536516667107694967e-01
-3.909891123733898466e-01
-5.127092368207732953e-01
2.738213814719390182e-01
-1.719585828537317784e-01
-1.542911138130496074e-01
-3.441254337159094789e-01
4.631019160224851272e-01
3.075773631284155485e-01
2.578382007255277109e-01
-2.803099882967779490e-03
1.247602768678336416e-01
2.033189927413855402e-01
5.918962305652242240e-02
9.296750155220845357e-02
-2.811697982368227544e-01
-7.310789392891450800e-02
1.079519477856902832e-01
8.232932100152866584e-01
6.018525843161379729e-01
4.140098364038566903e-01
3.551589452468506547e-01
-4.914334565397289467e-02
-1.206110736172698594e-01
-2.188362620340583709e-01
-9.573163111173632611e-01
-6.025934281228112477e-01
2.561045511150232823e-01
-1.184639942684185404e-01
-3.583938298974831405e-01
-5.355770548147309462e-01
-2.868768808963311212e-01
-2.482670645909962892e-01
-2.658667091810077432e-01
1.352652021896486190e+01
-2.148076912285822537e+00
-3.341649776616598455e+00
9.259466285154700771e-02
1.593591507875145696e+00
-8.866614137189002265e-02
1.864478268472957723e-01
-9.381961468643776336e-02
-2.083553433355624651e-01
2.072250942419347552e+01
3.921461406281427031e+00
-2.210412038409490521e+00
-1.821888595383266196e+00
-4.615390858516527639e-01
-3.026027694199016627e-01
-8.866862822286145085e-02
-1.709662429063677769e-01
-6.164751752135026741e-02
-1.495355205503574314e-01
7.372905928432447187e-01
1.252042035503484030e+00
3.861258198411742781e-01
-9.882653045479351805e-02
-1.240042830192758377e-01
-1.032356817730792214e-01
1.330704611302306051e-01
-1.739082893940414182e-02
1.454203443847042365e+00
1.168611738482903534e-01
2.265954789800431191e-01
-1.131834259930859926e-01
5.441716097785328499e-01
1.306987954113492389e-01
1.683690841143057337e-01
1.416656202833134204e-01
-2.617949803921905128e-01
2.632173328406980151e+00
-1.496616122405291627e+00
-5.183535713019167268e-01
9.444324399696376604e-01
1.145322082835947164e+00
4.599466405494557208e-01
-3.189721599791324746e-01
-2.562624550915587052e-01
-3.371245958744199522e-01
8.403046355247635602e-02
-3.333146253648973378e-02
-2.894707126738354369e-02
-1.178756121524418415e-01
-2.838427430783280886e-02
-2.301574214409233404e-02
5.996202534723973909e-02
-6.927708500682812354e-02
-1.718583872838234383e-01
3.294125359726989000e-02
4.928687049991626323e-01
5.626147210166065893e-01
6.278157714345151685e-01
7.731179800667675739e-01
2.908670354208723885e-01
-5.708479411411405691e-01
-4.493917092950133751e-01
-5.202109213657076792e-01
3.582454046322277041e-01
-3.532174368139743281e-01
-3.200399164535818741e-01
-3.390961351153400360e-01
7.801480688445644462e-02
4.886956434031151653e-01
-1.038846999016699857e-01
-1.569604267489345395e-01
-4.435509594051264548e-01
1.330872672689541736e-01
6.634713013918154267e-01
9.107635800043231145e-01
-2.346333447120541871e-01
-4.099156388335161716e-01
-6.885605043056762520e-02
2.778560250812584509e-01
3.408991682262145495e-02
-2.159853519709167280e-01
4.945727862626612126e-01
4.164806739111489575e-01
2.385500392971900974e-01
8.096804905157654886e-02
-1.182259755193720424e-01
-2.334717773662514373e-01
-1.600454694691422763e-01
-2.910279216008166969e-01
-4.734488446897415770e-01
1.997619003446372277e-01
-1.659397542147440230e-01
-1.328747727355145680e-01
-1.049905202546609767e-01
4.993857261999691544e-02
-9.575249520533579695e-02
-4.287860852986206117e-01
-4.092645796422949567e-01
-4.046036378663696031e-01
1.591922506441267871e+00
2.933525027041520850e-01
7.817520516388224427e-01
2.646177000513690869e-01
1.617180561371081016e-01
-2.378806852356093668e-02
-7.875799366121900846e-02
-2.359353580451863108e-01
-3.617365228896454177e-01
-2.303624670667658858e+00
-4.896196762822795367e-01
9.227682184681671451e-01
7.419515482957472763e-01
4.258954496239862886e-01
4.705154020456755667e-03
-2.323051691128932006e-01
3.810586686428277942e-02
-1.818558414996286066e-01
2.469762685606033681e-01
-4.434649473148289528e-02
5.166840677533206527e-01
-3.394180717509520662e-01
-5.318692274358521876e-01
-1.532521967995504053e-01
6.874144888493743943e-02
-1.535298450987902623e-02
-1.545257860755820944e-01
-3.729538449796488409e-01
1.388418291510156877e+01
6.090853283541972640e-01
-1.134890292132400558e-01
1.686894443625089668e+00
-3.633228797568089363e-01
3.285776326540358894e-01
-6.202748943962373834e-02
-1.159825620116105294e-01
-2.212035245913878967e+01
6.705222030315237447e+00
-2.106628693298900679e+00
-1.901306165110955515e+00
5.067336016519258246e-02
-9.553538439651081404e-01
-6.799185868404195032e-02
-3.343163519901709013e-01
-3.839855963152084550e-01
-1.968948103917861348e-01
1.130085646192726251e-01
1.844308045903059468e-01
6.943902019574457740e-02
9.862362092452896245e-02
2.137060293220180429e-01
5.997363381393330112e-02
-4.559136749315066683e-02
-2.478295467808752373e-01
-9.523179790708798720e+00
9.939182167577300220e+00
-2.702950511967126435e+00
-2.162158302048954095e+00
-6.124449069601791695e-01
-1.085377089557783004e+00
2.089737099544304588e-01
-4.340172891955065837e-02
-4.448044945855839094e-02
-1.455719907205517694e-01
-5.261802855358986217e-03
-1.040063508829437572e-01
-3.018796961137251711e-01
-1.814698875014663093e-01
1.925332472739699485e-01
6.040220517862805727e-02
4.984338984804711353e-02
-1.193038371921763818e-01
-4.530886821737103998e-01
1.339774410182553999e-01
-1.864542842243979981e-01
-3.552327946493671340e-01
-7.301669288985783712e-01
-5.928361880534021439e-02
1.819454756574141185e-01
-1.144656290262901083e-01
-1.049387443117700963e-01
-1.038378864529538176e-01
-3.317278770434854973e-01
-2.487969639998201532e-01
-4.225556952944401479e-01
-5.177760281716655699e-01
-1.454501572214293714e-01
1.834452411789166681e-01
-3.414497593504407097e-02
-3.000822383736570509e-01
7.448038590857258612e+00
-5.840272226727206695e-01
-9.290579850527960204e-01
2.117160516999751774e-01
6.965791994275111199e-01
-4.076035087076544938e-01
2.469648271671398554e-01
1.409777217561913043e-01
-6.372980488284875344e-02
-4.424039876547856270e-02
-2.263434068440054181e-01
-1.421364382076263644e-01
-2.849084353757598831e-01
-1.622391519924616110e-01
1.433918587786912544e-02
-1.552765755801365499e-01
-1.060334577257954353e-01
-1.353684214243549011e-01
1.227228055042757504e-01
2.366758059554933610e-02
2.173498406850052078e-01
-2.736493463041625995e-01
1.375358827065943090e-01
3.230187428718553355e-01
6.019394737950934521e-02
3.582293598684334335e-02
-2.364864387544824142e-01
-4.607403025716484413e-01
2.568607159819683572e-01
3.056948632650046127e-01
-1.447406184905189463e-01
-3.690398565431972366e-02
1.941832461663929033e-01
1.446838359254216944e-01
9.433648503178762579e-02
1.231052032915411557e-02
-1.471260310369178759e-01
-4.380400402323993969e-01
-1.558351086548484254e-01
-5.690069830702587650e-01
-7.635897468526442466e-02
2.051224041673269660e-01
-1.279591730476987987e-01
-1.013596274960986837e-01
-3.028233210390573471e-01
6.407198182157332056e+00
-4.879654170467901508e+00
-3.693908259584128384e+00
4.185618036559748401e-01
2.379528617372547394e+00
-2.127716088473813605e-01
2.645148506107018044e-02
9.017154934248845788e-02
-7.368360060323629612e-02
-2.082919900216404496e-01
9.424360713076371354e+00
-3.681678833249567351e+00
-1.016034631385045239e+00
1.881003688598972934e+00
-8.510479183677678583e-02
-3.164539131870101607e-01
5.702323910770579207e-02
-2.536497387842685108e-02
-1.065503987374263994e+00
1.237661615796929659e+01
-2.625094396743362424e+00
-1.939185858576491173e+00
4.510696173892957961e-01
-3.732955327293669412e-01
5.212537142813538082e-01
1.604964140796257682e-02
9.335800900638420441e-02
3.340486033712914554e-02
-1.119464485009087351e-01
-1.336288980976832186e-01
-9.064838905800866042e-01
-4.184307439584420418e-01
4.769435069896176271e-01
2.961007742523642100e-02
1.996648540378332184e-02
-9.120432653482782315e-02
-1.616949463196373005e+00
6.984272715700107881e+00
-4.652699384694389373e+00
-6.047155626054930844e-01
2.976323547821392523e+00
7.026942872308896693e-01
-4.756257634348710073e-01
1.127050924640764090e-01
9.767549467589961912e-03
2.603762269101542529e-02
5.312790534953493182e-02
1.516418471659076450e-01
3.276120213292584016e-02
8.602031843157045832e-02
5.416465271467044845e-02
4.267494014012029185e-02
6.011286752804931993e-02
-1.426060096134446238e-02
4.937306956851472250e+00
1.077616824373786564e+01
-4.360034035850345546e+00
-2.246198793504289970e+00
1.266088810804804288e+00
2.426518482215629380e-01
-3.694120795290227743e-01
1.025897911601767187e-01
-1.264889650439127988e-01
-5.234685522228619270e-01
1.002480681676130858e-01
4.659514127407644868e-02
-1.533035405420032082e-01
1.143968239232270173e-01
-2.232164745832491970e-01
5.319903560713146184e-02
-1.313053668176689670e-01
-3.780231277067952478e-01
8.168478265400357374e-01
4.713066616548799992e-01
1.094660874268847506e+00
3.653466567764745432e-01
-1.200352143197955523e-01
-3.128411077409211094e-01
3.648071033636318683e-02
2.533613423141578558e-02
-5.510687675719232875e-02
-1.912340229033457628e-01
-1.710265763327536992e-01
1.114360398416278652e-01
-5.081516884052091412e-03
5.272999946074936189e-02
4.392581800668965419e-02
-2.026751799537539547e-02
3.135311762530805513e-02
3.644367748654867706e-02
6.122298623313439103e-01
-5.391444295652710883e-01
-2.500365702990391403e-01
-6.019157230560951977e-01
5.893591263111628425e-02
5.554098621425689747e-02
-8.041259349512694388e-02
-1.087556598679928488e-01
-1.708100808972320972e-01
-1.909476311272252369e+00
-1.019975928908088081e+00
9.771715072143920544e-01
9.783945667534954538e-01
4.429442654826886705e-01
-1.103702607948518155e+00
1.652490516815929844e-01
1.124149723296491779e-02
5.053972568714857651e-03
8.056254562178579715e-01
3.096927441266137948e-01
1.871444067764188937e-02
-5.831325610251112401e-01
-3.053995808020139036e-01
2.429199425901221454e-01
1.132553142604164065e-01
5.676590169492937848e-02
-7.135082158511363813e-03
-3.274984266189596482e+00
-2.632324182319670580e+00
-4.750892898470838177e-01
4.532482944495829780e-01
4.905429901358297484e-01
-9.077369158914902481e-02
-1.305385210403504914e-02
5.794227137187266119e-02
-1.216202493831258641e-01
2.039376780577589199e-01
-1.925178522855927887e-01
-2.331373189941241264e-01
-3.247568790161260988e-01
-1.919934196492862899e-01
-2.294791718957730209e-01
-2.410847658466491183e-01
-1.709606135449619480e-01
-2.833930490191949869e-01
-1.420193784530959036e+01
7.970121824380306030e+00
-1.814608585466220392e+00
-8.669889737779407080e-01
4.497694760049851248e-01
-1.560688867658059122e-02
2.353253278728973108e-01
8.183347683581540868e-03
-1.204857860558578297e-01
1.309703235844242108e+01
3.044665393223393579e-01
-1.654499132136808326e+00
3.074820490387655814e-02
7.196378723748749762e-01
-5.683897373108971474e-01
-2.071874849993706469e-01
-1.364600623711820053e-02
-8.387206089852880520e-02
-1.765218945417002061e+01
9.582112165646949009e+00
-1.301376866398455290e+00
-1.338070634370534417e+00
8.491498780608399688e-01
8.895045910791003763e-02
-9.247137735068973463e-02
2.009845433208594725e-02
-9.824023991186309201e-02
-2.461749587735895806e-01
-5.050331709314639234e-02
-6.405446624178335879e-01
-7.455488270562341535e-01
-5.565380323868910351e-01
-1.784721503781479812e-01
2.684844780899818817e-01
-6.797398496681542057e-02
-4.443535030391114471e-02
1.146435804362807565e-01
-1.045009699050947621e-01
-4.859906950417936661e-02
-1.198103039749666282e-01
-7.764320873072007301e-02
8.663126250967927156e-02
1.061331484505685790e-01
5.204081262237445632e-02
-1.497300211210329801e-02
-1.300993756372884835e+00
-2.554749581338452424e-01
1.476892968447303556e+00
9.542111203011695020e-01
3.365099948954825004e-01
-5.859928853849685204e-01
4.757315090414698106e-02
1.114223374872711919e-01
1.829642997552526767e-02
2.877443059950024917e+00
7.819716884013737657e-01
-1.129346163209626365e-02
-7.196544415983953114e-01
-9.667090233226267593e-01
-4.419414484010217858e-01
1.669579974781881249e-01
-4.923392428478573501e-02
-7.948531439082948125e-02
3.055935267345765149e-01
-1.340670518573217340e-01
4.573861895619903833e-02
4.568722184139585411e-03
3.070596659033717618e-02
1.707592565586460998e-01
1.082242477131218350e-01
5.836515852147493993e-02
3.031315976553017322e-02
2.224120199552984400e-01
-4.173534609718094202e-01
-5.306525759481358628e-01
-5.041911530724597634e-01
-3.698485504653965528e-01
-3.402134534435807822e-01
-3.573238155661883630e-01
-1.093501896925786337e-01
-2.681115730979560241e-01
-5.076412686198804591e-01
6.204719064410471496e+00
-4.646463267217895599e+00
-8.673413135542137331e-01
2.712573045624268264e+00
7.289414334724749756e-01
-4.287684072901404853e-01
1.522814270501784695e-01
-4.644682866331278220e-02
-8.962835667545725887e-03
1.021989284462820474e-01
-2.255670188587656846e-02
-2.258840235192956236e-01
-1.367700323075781432e-01
-7.824673627345286875e-02
-3.129394055505255179e-02
4.699564476643091140e-03
-5.234448647081797745e-02
2.762768579656658674e-01
3.973683504060702282e-02
3.313703431983302528e-01
2.148762202657462095e-01
1.134020534764657445e-01
4.550935803658083256e-01
-3.236976327746736715e-01
-2.503932759806521413e-01
-1.479954472375414887e-01
5.617231885948446163e-02
9.623998574821754914e+00
-1.663659432811512184e+00
-1.312623754605379167e+00
1.336962040941639174e+00
8.687810165698567344e-02
-2.109548347866810059e-01
-6.870439457406644912e-02
-4.720587203106615948e-02
-4.200545870578420882e+00
-8.755275571196199369e-01
1.470486020117697468e+00
1.164310938627248992e+00
4.555696814813317563e-01
-7.858075160775427337e-01
1.410855701922950067e-01
9.239875227679786307e-02
3.790297667904781592e-02
5.687993828140977648e+00
-1.999421931073049663e+00
-1.607891133544159690e+00
4.524430846115372606e-01
1.439433309052603693e+00
2.835043356194927866e-01
8.542044200390584707e-02
1.360414779946475805e-01
3.727307444395915742e-02
-8.359268630931824262e-01
8.587068038370269107e+00
-4.554738174465611245e+00
-7.172568883660248584e-01
2.790204583058690790e+00
6.851973714393543302e-01
-3.942288718250138158e-01
1.733062667123409228e-01
4.401541878780834693e-02
-7.124926396021625807e-01
3.221893905584324869e-02
1.424926212836520878e-01
-2.522291115841322415e-02
-1.941659727165840601e-04
1.065328405965806219e-01
9.228390898812820209e-02
3.725341198147659461e-02
4.394157056200588551e-02
-2.042730484242861522e+00
9.373237197421257605e+00
-3.232720714623992908e+00
-1.306840445310340826e+00
1.099141847161010377e+00
-5.132105649456911722e-01
4.790177129152469598e-02
3.791620323173484908e-02
1.473682073110875836e-04
-6.175251118833446462e+00
-4.699992071744490296e+00
-1.592090038192634172e+00
6.202413315314461023e-02
5.878511159234117711e-01
-8.898542721873661798e-02
5.091428568837198104e-02
4.387145205834369621e-02
1.166207624910570347e-02
-8.444967821159772570e-02
2.004554918917711148e-01
2.424237720963143550e-01
2.014506069336511052e-01
2.553793618732198012e-01
1.632541215707406235e-01
-2.061251923025809452e-01
-8.512138425076401504e-02
-3.249774002718087973e-02
5.086291903717087282e-01
5.489491196625584379e-01
7.672278680653353833e-01
-1.082503056019395310e-01
-4.760253650457927366e-01
-1.806575677596940765e-01
2.466537654317785822e-01
1.292672189800321281e-01
8.202689807136684386e-02
9.332573533140471334e-01
6.153525163087343319e-01
1.164475740155913375e+00
3.897065260479817828e-02
-1.394914993989275764e-01
-5.035001102774921272e-02
1.967637980883115909e-02
-5.140765608031917788e-02
-2.319638259148578633e-03
-5.135284160357107552e+00
-2.790010549687509389e+00
1.402160644463631423e-01
9.088023105840015159e-01
7.559403246000200305e-01
-3.426563292874293398e-01
6.182243543612660208e-02
1.176929837920845240e-01
7.239097291107582377e-02
1.948283046684713682e+01
-7.926541517869545306e-01
-4.405554632304262697e+00
-1.465512782065776509e+00
1.147843397294339152e+00
1.067283813033137047e-01
-3.104027329000874080e-01
-8.320186134006775369e-02
-1.085315775959347362e-01
1.694530337039240608e-01
4.143064556318702685e-02
5.840091158598198495e-02
3.264401321208938722e-02
8.588027315893961844e-02
-3.723332868812743307e-02
7.452131371663036144e-03
1.607133149721782228e-01
5.589598999373207588e-02
-7.469585498916230248e-01
9.630254129913871919e-02
2.145221651836508592e-01
-2.936989061414955193e-01
-9.685429159727119985e-02
-6.759320959768372328e-02
8.119739283058802909e-03
-1.995108117967980266e-01
-4.675781579612891398e-02
6.016412724126579681e-01
5.062544732744951315e-01
5.882124452792047986e-01
5.179283867324664392e-01
6.077710956882957927e-01
3.967675414646206211e-01
-1.760617380468732784e-01
1.225986678367636945e-01
1.748495991548445483e-01
-3.615432361750422485e-01
1.881040823802676842e-01
7.854463588227458826e-02
-1.954620941063535122e-01
-1.522318930077873611e-01
2.141525921110394928e-02
-5.560225052720201011e-02
9.773930214932648186e-02
1.873098013235213188e-01
-9.653910280179027470e-02
-2.571159014865602790e-02
1.305807723270947296e+00
7.622427992973120903e-01
3.872614081125135832e-01
-1.921998770310082982e-01
-2.197958044770484051e-02
-6.313423834771314525e-02
-2.326628522908655034e-03
8.027672113924120278e-01
-3.295585841132335325e+00
-1.756345365425422855e+00
1.472918547063986894e-01
8.216914358910133442e-01
-1.821910318644317794e-01
-7.496141568117260789e-02
8.963710668697194572e-02
4.240288961183529687e-02
-4.179709126051877055e-01
5.315140432558771583e-02
3.182018504080839638e-01
9.421879596945686997e-02
3.852766416696121188e-01
-1.758355844358159281e-01
-5.605311820039540760e-02
-9.177267052479778572e-03
-9.536038816235785365e-02
-6.032900586076124227e-01
-1.614980955901413814e-02
2.845974220545822164e-01
2.932353363324377016e-01
4.509828410525652531e-01
1.971446056450328888e-01
-4.942097645625102564e-01
3.418549838441093530e-02
8.589887473128798856e-02
-3.970393847301083579e-01
-1.006208733273685096e+00
-1.644263018586952507e-01
-1.932119473208646632e-01
6.800649840136351043e-02
3.643462518575965592e-02
4.467263641913313960e-02
-6.267892671630977131e-02
3.693269972418162378e-02
-2.736730392058115552e-02
-5.111113902333402903e-01
3.330607848223082201e-01
6.663118047683619372e-02
-1.188718316905826994e-02
-2.729048475826140741e-01
-3.575412681910968005e-02
3.771553008754731373e-02
9.252452058983015506e-04
1.122835109870439441e+00
-1.661429601552225632e-01
-1.868522050587448358e-01
-4.012210957323659732e-01
-1.652400126077076259e-01
-2.037572094192410810e-01
2.074437644405020820e-01
9.804576775814718981e-02
-9.947551084774176183e-03
1.709303491943226228e-01
4.833056985577643266e-02
6.029019992678424922e-02
-7.530222962603487502e-02
2.080613763251960499e-02
5.845358395158690296e-02
1.153263865485900930e-01
1.681909973269284375e-01
1.197856287724551189e-01
-1.433769906682981210e+00
-2.565775728733921679e-01
-1.721409366104934002e-02
-2.639814863095452657e-01
1.076538529718332748e-01
-7.606828519938584054e-02
-2.182015129375879381e-01
-1.949897142745213585e-01
-3.389887257141217022e-03
1.352746292779030690e-01
2.621968756088441932e-01
1.557295040207935799e-01
-1.290486058308106809e-01
3.787090403242469178e-02
2.486839304077488946e-02
1.711034445611676891e-01
3.183571460883648507e-01
1.496634441417697969e-01
9.765136954878470346e-03
-3.967327232192974784e-01
4.121206429080042088e-01
-7.197283329984234534e-02
5.842419100580406588e-02
-8.329460158697524208e-02
1.555147143674530663e-01
-3.866029627302240701e-02
-1.790254182148388537e-02
8.977974676133235743e-01
4.561738398116879645e-01
2.660592597915384383e-01
-3.475189798153836135e-02
9.086656900578195251e-02
2.159181953205251484e-02
2.951737912046930035e-01
1.830058362315419296e-01
3.847161764097353776e-02
-4.706426266128525882e+00
5.762187944826466790e+00
-5.499849277584142548e+00
-2.768881232452088614e+00
1.019791459109242071e+00
7.897103454691888347e-01
-2.592168874848613247e-01
-1.359954116589080948e-02
2.579029980010063769e-02
-7.918044273195167904e+00
7.780878499502142276e+00
-3.374675358719886109e+00
-1.021779624751312010e+00
9.200443323996952971e-01
-3.738075830642006436e-01
4.780212396687401506e-03
4.883914323994105466e-02
-6.907444640722135501e-03
-1.452361100914023873e-01
1.372005179782062601e-01
9.792063281789641083e-02
-1.541190828989515149e-01
1.530119171703197001e-01
-4.189701023067707308e-02
1.756777967559012277e-01
1.593463134136484383e-01
1.123415449076700136e-02
1.973403467579566595e+01
1.505464638336506678e+00
-1.666598970183527983e+00
4.124332220501261692e-01
1.984156175738527983e+00
-1.476976828999455871e-01
-2.986874939753637603e-01
-9.331822252353591529e-02
-3.595077274515540849e-02
4.073778700560096167e-01
5.534395935267019118e-01
3.130645382185168746e-01
-6.287247709388049666e-01
-6.894877857284348321e-01
-1.170820814223293982e-01
-7.866024188476591905e-02
-2.043781345118046155e-01
-3.453541103515862104e-02
-2.279066067432730591e+01
1.061363744849431257e+01
1.259163039821316499e+00
9.827730226265902758e-01
7.271686299652633245e-01
-4.533168142080092333e-01
-1.971023618840798408e-01
-3.967491805146533546e-02
2.859201737020683129e-02
-3.808338573350809608e-01
5.198980255897971414e-01
4.657235244509033145e-01
1.973402248111676693e-01
9.494533062725649120e-02
8.576503734453155489e-03
8.383427958295318685e-03
1.087489633789857739e-02
5.392097825402399069e-02
-1.046682130411015654e+00
7.465839402259510926e-02
7.631036788333472876e-02
-1.701832149657027671e-01
-5.432132097831520179e-01
3.181732417277136071e-02
-1.544551850172973598e-02
1.138052285578698558e-01
2.279027193824791631e-01
-8.550882958319897531e-01
-9.418440890863924442e-02
-4.829589783706562667e-01
-7.133804184139783677e-01
-4.634146673159144081e-01
-8.823778278155561261e-02
3.184990584770129862e-01
6.243490201095885928e-02
1.208040232228998201e-01
-2.963344146957343217e-02
4.708786319666034004e-01
7.001628187451041097e-01
-5.346578917155681704e-02
-3.866543285036310729e-01
-1.368647444441354610e-01
2.535456362990125001e-01
1.217983551113450275e-01
8.553877568422878219e-02
-6.305752488429383185e+00
4.773580008907815753e+00
-7.021077814179564669e+00
-3.044535314534410286e+00
9.964661244837543785e-01
1.383121377710020972e-01
-1.825061568760460162e-01
1.604475500957879275e-01
2.318228338530591015e-01
-7.186693974933175966e-01
6.614306525216088417e+00
-5.648487733129559096e+00
-2.416238521039739684e+00
1.546667018596932008e+00
6.438786143696236808e-01
-4.505095152970723937e-01
1.789229776254472881e-01
2.662615509056557098e-02
-2.089361093729923180e+00
-2.029867873355718277e+00
-1.726620202878764460e-03
6.435444506921595975e-01
8.051360931836573087e-01
4.760542562432191344e-02
4.575141867961460274e-02
1.067680401467255985e-01
1.295533860740306908e-01
-1.636506476302871249e+01
1.078177990968577049e+01
-1.892363544116261176e-01
-9.913624984165467779e-01
8.423419846670523459e-01
3.415361670175268705e-01
2.738472954281346433e-02
1.869072105824961527e-01
1.237290683838492417e-01
5.285323227827958270e-01
2.415776633370465554e-01
1.876049662808643506e-02
-6.976628994935650807e-01
-6.533365677440635677e-01
5.072595135332001737e-02
2.081698225672103664e-01
1.098765478386895117e-01
1.490089417104430991e-01
-8.786765658709272397e-01
-9.881807852211239585e-01
-1.862520413340358338e-01
-6.113323831748609383e-01
-1.887074815356837021e-01
1.936454320509865823e-01
-1.979254579533958613e-01
-1.558868693169835618e-01
6.027126376011399805e-02
-8.449489392167158774e-01
2.299592270662922100e-01
-1.336181939858115675e-01
-2.725298285144147625e-01
-4.328996929043092967e-01
-3.582263465968790056e-02
1.205432925686887730e-01
-8.677602384619689802e-02
-1.796976862665481192e-03
1.237762144984555501e+00
1.018330534825076850e+00
1.618659576656295895e+00
6.366204487811845114e-01
2.683082671664527297e-02
-5.941726355661139936e-01
-1.453158884948762275e-01
2.987925283971143778e-02
-3.302477189737077629e-02
-2.131131008980130748e+00
8.718063842596565749e+00
-5.393898094293324341e+00
-2.238678318534395029e+00
1.705323156852221356e+00
4.508064164773145643e-01
-1.588351338641572352e-01
3.219865280684284375e-02
7.153128391943126829e-02
-1.197104639259187614e-01
-4.348237336452478452e+00
-2.780514654798760699e+00
7.869268097737057432e-02
1.195564078620948711e+00
2.976237875820928469e-01
2.446471684804399638e-01
1.165518540580259138e-01
1.995604821083484526e-01
2.173795565260773888e+00
-2.480017162058348656e+00
-1.045295496008753711e+00
1.067184295058551280e+00
1.602461745288967565e+00
-5.020599156819554043e-01
-2.788784624069386431e-01
9.360785200405043194e-03
-6.873785557046251105e-02
-4.296514572132671406e-01
3.578915312399027493e-01
6.342624588114575968e-01
6.387035071397509922e-01
7.003226728090429232e-01
9.880590990351393321e-01
-2.830284774732003128e-01
-1.193477331964292454e-01
-4.304682475877368020e-02
2.875365897807968113e-02
1.565691376768521270e-01
1.743108769528796675e-01
-2.563260731272410872e-02
5.411315682135999471e-03
3.621116699071811468e-02
1.468114020054271576e-03
1.420310855671224649e-02
1.497360784800370048e-01
5.089784395216232632e-02
1.085410761470923385e-01
2.507059852130070210e-01
8.781076699305627800e-03
1.753434321782215699e-02
1.923572805897724725e-01
5.433153167542947859e-03
2.838925564856867312e-02
1.663865198023137537e-01
7.325848662123155997e+00
-2.689884407004221600e+00
-2.803744820520504888e+00
-1.987078649035133038e-01
1.318208768861274693e+00
3.686911098175692514e-01
-2.144980527278674345e-02
4.870230213987370577e-02
6.508380962687136673e-02
-3.437520303325169307e-02
-2.096828571603860103e-01
1.302004843530520616e-02
-7.635371701598262506e-01
-3.774644974220940918e-01
2.078679093517981080e-01
-3.267083260204622919e-02
3.753489286671535512e-03
6.256661432700036385e-02
-7.005679103973410093e-01
6.333119029514113763e-01
1.305251441183388872e+00
5.200909591331717152e-01
2.868357505154202347e-02
-1.069222680747179549e-01
7.902083833792797676e-03
9.443476531991998324e-02
1.915274207723400846e-01
1.263226866071372800e+00
-4.590485171919547192e+00
-2.402862507316982921e+00
6.357998843742861395e-01
1.750854713310111999e+00
-7.041445643844410629e-01
-3.066314738160715314e-01
-1.148408679531627702e-01
4.245340962825419617e-02
-7.272183464645957107e-01
5.709820162244073211e-02
1.765214775396833358e-01
-2.450425646049169959e-01
-1.489655055610514343e-03
2.404274038826304666e-02
-6.403431362588987708e-02
1.278204086379310350e-04
5.947429504279581197e-02
1.113374792750947639e+00
1.156790510977209641e+00
1.168310097463578501e+00
-2.725447158559564653e-01
-3.434914900738527122e-01
1.012347810304773110e-01
2.117593059690029422e-01
1.369294259955725346e-01
1.183108508808082410e-01
-2.332014479198046075e+01
4.358053511998319252e+00
-4.174110882498688113e+00
-2.092691736108205358e+00
8.757021501246944339e-01
2.805037037305636860e-02
2.491680289647131563e-01
1.640332171577509740e-02
8.965162530849975220e-02
-5.337006481493897780e-01
-6.798749231301082219e-02
1.567905188948777173e-01
-3.055858107526397971e-01
4.582710078575809309e-02
1.514692223774672108e-01
-1.322048725872027597e-01
3.047415784722562124e-02
4.847212779572631497e-02
-7.127887951668054889e-01
1.410831400255847246e-01
8.661790614873819960e-01
3.228754082093124866e-01
3.246273691748820158e-03
7.759544471612840957e-03
-1.001520064580392610e-02
-5.829488084987349827e-02
-2.214743966574821837e-02
-1.081842785662933570e+00
3.925777552828654260e-01
4.629806432550882533e-01
-9.080622356139275708e-02
5.117618708243359960e-02
1.205474622399367035e-01
1.082522467634439295e-01
-4.727178434328696555e-02
1.524312704207935465e-01
-5.955892857574728305e-01
-1.875468088106782560e-01
9.368252939520716957e-03
-3.835736470614488358e-02
9.995489269335484928e-02
1.759127786765244950e-01
-1.802409039079866382e-02
1.467971441401281010e-02
1.781315023286179910e-01
-1.268568829953649613e-01
1.480099233419063520e-01
1.360397009086175224e+00
8.897546081451912503e-01
4.711252690136610854e-01
-2.753355441457983055e-01
-3.688345661931335950e-02
7.868129531230760865e-02
1.120747306472257288e-01
-1.601775558503460095e+00
7.460013411292830021e+00
-4.700432805372496858e+00
-1.754839523085427011e+00
1.522928449990280209e+00
-6.847654404324601818e-02
-1.667080694472972136e-01
1.354408843299765852e-01
9.663635773865203449e-02
2.060569524747501713e-01
8.977498576370839700e+00
-2.965564151128000869e+00
-4.383164388617727392e-01
2.340330869161078908e+00
1.346668183564244670e-01
-2.109346796635011012e-01
1.172293273507121480e-01
-7.623282472579121991e-03
8.177627632578862160e-01
1.070904656001167465e+00
1.337616534434119098e+00
-1.942346059431027117e-01
-5.298894530151283533e-01
-2.629977762659921336e-01
1.192911738683620076e-01
3.048119897091991840e-02
1.916243548450941581e-01
1.278127534844974988e+00
-1.243952752728394728e-01
-7.900515182726475238e-02
-6.188586407709514153e-02
-2.415972141398496087e-01
-1.421671249065671605e-01
-1.187643421734573268e-01
-3.950365820122784394e-02
1.268758871971631570e-02
2.673430704178700879e-01
4.745750684549471243e-01
1.137563774807029526e+00
2.891515959455611129e-01
-3.500639170958884105e-01
-3.358637474666781308e-01
-1.838236961597560989e-02
-5.125316166579748506e-02
4.666294475276180215e-02
6.021667342745518070e+00
-1.078678178499325568e+00
-1.358714181583767333e+00
-4.428862079315728671e-04
4.521233666518161831e-01
-5.678506652464706539e-01
2.376511214466608610e-02
1.583902251726194144e-01
1.153164513126075236e-01
-1.003181619473230946e+01
6.842394658513748062e+00
-2.441267738057377290e+00
-9.573166568080145877e-01
3.793855315884983592e-01
-4.849140045374738528e-01
-3.319856613515073107e-01
2.987496462937099667e-02
-3.663046340139739648e-02
1.356204624483194621e-01
-2.823614889113902349e-01
-2.749446032774193749e-01
-3.130876533042956655e-01
-2.549454344630013858e-01
-5.760454656290534686e-02
-6.605807073669896223e-02
1.490926143672570980e-01
1.187299785477273495e-01
-2.308208084880546807e+01
7.932264234673375825e+00
-2.089759620469135104e+00
-1.637973497311583371e+00
7.084761641672714383e-01
3.277969723056752271e-01
-1.327033834727904538e-02
1.537327786670443508e-01
9.412423991948681845e-02
7.137643516881365668e-01
3.450131681554774454e-01
2.066169606568626360e-01
-2.443827650545386254e-01
-1.742512547583970062e-01
-3.633432221284546015e-01
3.857316168554637548e-01
1.336487376691261053e-01
1.914086555960529401e-01
2.783448725710482505e-02
7.954506345565726111e-02
4.003177415544018625e-01
-6.556004376887264451e-02
2.585717488326551017e-01
2.146496139464764141e-01
9.835693300013174933e-02
1.871622345671412335e-01
1.862470509865867818e-01
3.204301805010781323e-01
-4.481587335817142914e-02
6.490445883444678765e-02
-1.017254439619295625e-01
8.943475173667283021e-03
8.641345026279109720e-02
-4.156243555645600801e-02
-1.765184000940281731e-02
1.145558976868569084e-01
1.879512073998244936e+00
3.633584695072626936e+00
-4.738780120303601961e+00
-2.222098746658246249e+00
1.482890525305641694e+00
4.639340961700055277e-01
-3.261177904591097687e-01
9.851235374211934903e-02
5.528380709693284795e-02
-6.313430703720118942e+00
9.187012075471116646e+00
-5.284987963720359616e+00
-2.160319806970945500e+00
1.572375026198015391e+00
4.424490177067296748e-01
-4.141565527440336895e-03
-5.846027706137161412e-02
8.921259343056131552e-02
-1.103912925513798937e+00
-3.566150901221781799e-01
1.029263395506803569e+00
8.603489456289468151e-01
4.712856761873690514e-01
-4.276933715795144253e-01
1.601358523382921673e-01
7.719900826311823505e-02
1.141531338951540797e-01
4.734898827589373860e-01
-8.821064825716724844e-02
-2.431482500293704468e-02
-4.877442367011314284e-01
1.096120061878890772e-01
-3.079465580562701921e-01
-1.614327415803141208e-01
-2.809696388582055837e-01
-1.007342452440679187e-01
4.427468321970348675e-01
-1.897081684830251580e-01
-2.222875093373316291e-01
-1.637537637263987156e-01
6.944839930837684583e-02
1.673645814721188840e-01
3.568138295097969537e-02
1.687323753176364627e-01
-1.236294807602025293e-02
-5.747498109051758508e-01
-7.720466421177753225e-02
-7.214883733766926099e-02
-2.155813028722544933e-01
-1.528092615192282178e-01
-8.704973911989999369e-02
1.270133705023462067e-01
1.129392809914854801e-01
1.513817590179437067e-01
-7.359047834232522733e-01
-6.771449804249420890e-01
-1.797687177173370454e-01
-3.084815710266309297e-01
-1.309309267355394657e-01
2.791820860515047409e-01
-8.114815388291510972e-03
3.830448727723088226e-02
9.521352321805255647e-02
-5.065045266477254809e-02
-3.937223514453438988e-01
-2.772545558483466288e-01
-3.847423834124226727e-01
-3.293684860470844078e-01
-3.929468168205742240e-02
1.400736318113531553e-01
1.862854804547477428e-01
1.505542780084633270e-01
2.228358153437771438e+00
-6.735804690283622165e+00
-4.411789433653207304e+00
3.502803002695448198e-01
2.499271409205197081e+00
-1.001955587313291818e-01
4.281135603357955760e-02
2.565394856075923213e-01
1.740545007248256171e-01
-5.056648732478129515e-01
1.810966318416705467e-02
2.127137897320086346e-01
-5.907348545152783792e-02
-9.039095973177414117e-03
6.070355381148291318e-01
-1.338253198375270459e-01
-5.633384018595347792e-02
9.012259595219174191e-02
2.205137341894713721e-01
-3.038303489636095533e-01
1.738307918710867150e-01
-5.358148935945239444e-01
-3.211830287423994568e-01
-3.489975046533900782e-01
6.253302486866310628e-02
-8.192437079711011039e-02
2.781638108413355889e-02
-2.854418231944477302e+00
-1.606155247238495454e+00
4.541808041465733026e-01
5.216170605480606737e-01
3.352381785751876730e-01
-3.653651007735951861e-01
-1.708190087200920082e-01
-6.182892006440778195e-03
1.203957575171782785e-01
2.702427980725204293e+01
3.052467673374509971e+00
-4.450104154272165324e+00
-2.535621260606655714e+00
4.201004127655794673e-01
5.362539503457597334e-02
-1.941045515850449710e-01
-2.070715927445976323e-02
4.804061964736692537e-03
4.699084057968661576e-01
1.528576186558599781e-01
1.333241383248397749e-01
8.420701151974088750e-02
1.703849023105619420e-01
9.545279486385958856e-02
-7.589470423695299228e-02
9.257197433172277556e-02
1.218418360423652730e-01
-7.476356688876168999e-01
-2.832129176879003563e-01
3.938794618175494033e-01
1.652154216461651504e-01
6.297392581435663494e-01
4.248108867933004379e-02
-2.986931157771791079e-01
1.905887609733479190e-02
1.678202697487664319e-01
1.108247137073305744e-01
1.921882333752601146e-01
2.824418433369569881e-01
-1.647068772062478814e-01
1.126822182313689941e-01
1.485387006907195051e-01
-1.217344538551199881e-02
4.629792948300989058e-02
1.310930467543661715e-01
9.215926724043257412e-01
6.766972384611614766e-01
8.575925977896953212e-01
7.781483552592788344e-01
7.766654595489691504e-01
4.229975254361869053e-01
-3.751858596323358053e-01
-4.093279550839452191e-02
8.326911396429106113e-04
-1.701829895235962065e+00
-7.467583634943405491e-01
1.592156269741946129e-01
1.027195725438351769e-02
-1.398637028702444385e-01
-1.172546923363264049e-01
1.468052542403210092e-01
1.100011821356813024e-01
3.584777241654731050e-02
-2.632585297246151090e-01
4.634483032881164810e-03
-5.135518172088638922e-01
-9.947926695422693033e-01
-1.232172984642724733e+00
7.171543579403372171e-02
2.787932681492831244e-01
1.883245293591901195e-02
8.854962751664290088e-02
-1.300931957177405351e+01
1.303572647254677896e+01
1.345786124121708172e+00
5.312063787730779696e-01
4.060491342735663145e-01
-4.053598801595756917e-01
-8.213204868633214306e-02
-2.720075397801310566e-02
5.007418409902889694e-02
-8.183286973631687999e+00
6.969095246077582573e+00
-4.518846613135909074e+00
-2.379856406856561524e+00
9.727032392300629660e-01
3.541195035283977166e-01
2.649884716550284236e-01
-2.127509532722894614e-01
6.625269613440554206e-02
4.209372180884392994e-02
6.075497254767802113e-01
1.161717528961202950e+00
3.373615514980931041e-01
-8.220567838806636107e-02
-3.117924084782076055e-01
1.834491566788308825e-01
-7.334918790431858154e-03
8.560893314858858405e-02
8.141080144947722419e-02
-6.328154070017995014e-01
-1.103540979039676490e-01
-8.568370463325473974e-02
2.962459748122633907e-01
3.911668977820168536e-01
-1.240737098291213453e-01
3.625913380703237043e-02
-5.274149114534517832e-03
1.100672199763315318e+00
-8.493148615787317335e-02
-3.296789736143531657e-01
-9.865440080053030636e-01
-1.035699751786959676e-03
4.995039769079017561e-02
-5.357450950443528453e-02
-1.760223232853845576e-01
1.783287010821196228e-01
