-2.359401915587586718e+00
-1.566568969148816937e+00
-9.457003362335268948e-01
-6.584342749461843392e-01
-4.607526153135936831e-01
-9.034757665639413238e-02
-3.753353184571789902e-01
-1.098173408022427716e-01
-3.622046857179154755e-01
-1.729381634315498850e+00
-1.012984441983062034e+00
-4.591714490631291223e-01
-2.589857629932644234e-01
-7.828401957213053375e-02
2.605025905792243690e-01
3.288936964870954327e-01
5.267279991440787512e-01
2.593859424189720684e-03
7.992201318109674879e-03
4.833725832014316159e-01
7.868525957761665079e-01
9.285216381666601126e-01
9.253738735331437093e-01
9.965747901498973604e-01
7.985773059620767667e-01
6.195403340990810470e-01
2.122871554005207051e-01
-2.236556303056000505e+00
-1.465834683431273877e+00
-8.659730504938381035e-01
-5.873699452681141464e-01
-3.866072249275168682e-01
-1.313561243018716330e-02
1.216428323160536618e-01
3.497544698360070536e-01
3.984508539890733725e-01
-1.594312355089684052e+00
-9.060498297775003707e-01
-3.817533942268112601e-01
-1.892532429473848532e-01
-1.413010294723244034e-02
3.104492196287584882e-01
4.099355166380312387e-01
5.963702018107388536e-01
4.350588147703647324e-01
3.573815950376226652e-02
5.090167880532486810e-01
7.916309912474877031e-01
9.337749488127963238e-01
9.292806936666464512e-01
9.934174084004774308e-01
8.175192726743992777e-01
6.630030961378209353e-01
5.154738532492613157e-01
-7.512098344097649649e-01
-2.458077063271723317e-01
1.670672858223593571e-01
3.020024260065261590e-01
4.559940003704345823e-01
7.125600807119506497e-01
8.861885411670376023e-01
8.692790327961100738e-01
8.025457176457059250e-01
-6.555327750768936701e-01
-1.440587559442907950e-01
2.512381124319709169e-01
3.758901814489790660e-01
5.207183680282481131e-01
7.595843889187026132e-01
9.020420943449981577e-01
8.990815744839342205e-01
8.061274034496789254e-01
1.042897884769320993e-01
5.707202338718527779e-01
8.250411712022508448e-01
9.625995806030945845e-01
9.715294622446710715e-01
1.050232380128391263e+00
1.002051692773738623e+00
9.069676249242237809e-01
8.199592315199638604e-01
-1.591118886318460879e+00
-7.111460328296685951e-01
-2.047633484986176589e-01
4.457479074881370851e-02
2.830672670639205468e-01
6.720634772382704236e-01
6.892449463247563024e-01
8.713865285462768506e-01
1.353417157002975713e-01
-1.891349460164535756e+00
-8.774646422377280208e-01
-3.102656265711322692e-01
7.840677448714587078e-03
2.216131785540143562e-01
6.041197145689531922e-01
4.399605477068403436e-01
1.762988012733633369e-01
-3.685329846444479474e-01
-1.532608750116088325e+00
-5.644810560240596242e-01
-4.524433711498434402e-02
2.283560905973820998e-01
4.216580008016806991e-01
8.236502330973710650e-01
8.120479047610769108e-01
9.513203901509775795e-01
2.258143626230962320e-01
-1.101486013012590970e+00
-1.423008735249994550e-01
3.110106689917829792e-01
4.909952807591221324e-01
6.283843433883049556e-01
9.053084221115809127e-01
7.695171441741773810e-01
7.031951463814705150e-01
2.202939639265712735e-01
-1.342776445530262208e+00
-5.014258581022990047e-01
-1.902606833635540548e-02
2.105617731123352321e-01
4.261279660710657335e-01
8.052011038592389314e-01
8.618367734532589308e-01
1.022131042934316891e+00
3.146758441749156754e-01
-2.183481206927152307e+00
-1.116299902624464213e+00
-5.511052410300001370e-01
-2.250917362011262968e-01
2.354669117185020574e-03
3.793963043507028177e-01
5.522285780554657408e-02
-1.702443644664879685e-01
-3.749991996081014078e-01
-1.729717404448859686e+00
-7.647838018357593359e-01
-2.328324537932648652e-01
7.062073217159220428e-02
2.841112404320241813e-01
7.205499705068578731e-01
5.174625453834935662e-01
6.994924621878368942e-01
-3.489417950668264462e-02
-1.772074465303588031e+00
-6.911208713021778083e-01
-1.370997335835690001e-01
1.781292856175610007e-01
3.606140656699819425e-01
7.977992151215231864e-01
6.464112971420493681e-01
6.369776963621780475e-01
-5.762792319342358027e-02
-1.663171761336145638e+00
-6.675791035610272317e-01
-1.254194919411022735e-01
1.639302186128595851e-01
3.545915192990682918e-01
7.700731954646128363e-01
6.817612601056408650e-01
7.997808793903816715e-01
2.255042166730704747e-02
-1.880959516384881125e+00
-9.677727706268965946e-01
-4.276065222383522713e-01
-1.285282236372679021e-01
1.191252286907982932e-01
5.457105550572535213e-01
1.744945596492031847e-01
4.309654421820901526e-01
-1.883449640000877112e-01
-1.635856669783417816e+00
-6.152405287949314072e-01
-7.613180918689080312e-02
2.229856210509466585e-01
3.978846556300826287e-01
8.235648032867153301e-01
7.519740224797749617e-01
8.336520266878743035e-01
6.156679887630779613e-02
-2.034592661255467227e+00
-9.130775733141905937e-01
-3.485375151270927452e-01
-2.561794219931832345e-02
1.920622300203086164e-01
5.765865496976056992e-01
3.944223411277341107e-01
1.079675875486999226e-01
-2.913319344511920983e-01
-1.871632778908982608e+00
-8.627050574956617313e-01
-2.961721553504465532e-01
1.363713677928552956e-02
2.174963519725129080e-01
6.104832828444261006e-01
3.121092168895903685e-01
2.615702425421443378e-01
-2.846194916093577887e-01
-1.254757591746189282e+00
-4.852282449662583264e-01
1.185233788993730018e-02
2.107733526726308093e-01
4.382998470812266567e-01
7.758766881984491270e-01
7.654356491101187432e-01
9.520527237183764591e-01
3.021791074495847607e-01
-1.332310843939671141e+00
-3.458685727391320186e-01
1.401111096887863727e-01
3.331094907852384934e-01
5.008052528353206245e-01
8.096504215216859812e-01
6.866830558584535726e-01
7.372600950136499742e-01
1.973764951845293492e-01
-2.735458233411159679e+00
-1.754541236787724001e+00
-1.329350687996589286e+00
-1.121255137622258813e+00
-8.985521667370460763e-01
-4.942116468679458308e-01
-6.211587885530740483e-01
-5.304062303218307628e-01
-7.484640492649812238e-01
-3.775319891270175199e-01
1.359784981181714481e-01
5.017995078000991871e-01
6.257797141281878917e-01
6.487874819852068597e-01
8.466703927583372202e-01
7.651441276608492714e-01
7.015577111216729778e-01
2.139987098343154870e-01
-1.764084519284893293e+00
-7.573344882045673909e-01
-2.216503262692917364e-01
8.025537363782882239e-02
2.898669714862509017e-01
7.295048871104209409e-01
5.306815094749427475e-01
6.991640888937700193e-01
-2.416784305872433231e-02
-2.521522529410610947e+00
-1.683109291082816483e+00
-1.061407673212495295e+00
-7.867500087691026156e-01
-5.458877800419861259e-01
-1.813140624077865803e-01
-3.105582700284312825e-01
-8.561919730842924847e-02
-5.510575683946890013e-01
-2.086983106966173729e+00
-1.154748105024118621e+00
-5.734390286059648512e-01
-2.975815409207652751e-01
-5.750956588041636341e-02
3.813844309428770507e-01
4.953160746147040605e-01
6.584827783546680635e-01
9.118101699375177893e-02
-2.608959485036393744e+00
-1.611395178812434992e+00
-1.071603614861040388e+00
-8.055046482319799805e-01
-5.497196913127031515e-01
-1.913100715310280253e-01
-6.856715164904805260e-01
-6.852683957639853496e-01
-5.110234322870114143e-01
-1.605117338660998927e+00
-6.950147337997921726e-01
-1.718457025585994058e-01
8.210351445200593512e-02
3.116129858989595824e-01
6.801375958486444162e-01
6.324867985838577011e-01
8.271104831879098063e-01
1.279596507550324613e-01
-1.579846395939340953e+00
-6.711389166325190114e-01
-1.557007669124829130e-01
1.185718289897859101e-01
3.269044333863254104e-01
7.259228445555532261e-01
6.959068143262884254e-01
8.574070599774868962e-01
1.044347192099838589e-01
-7.233594798009146398e-01
-1.361867871491199977e-01
3.106211274566562097e-01
4.158008237880479463e-01
5.873127549067695963e-01
7.918700933550084642e-01
5.234636427037485662e-01
7.149808719574812788e-01
1.764159853578853021e-01
-1.941974606844236284e+00
-9.314543604044671632e-01
-3.623256397125143025e-01
-4.005662780371854054e-02
1.759792764062043380e-01
5.509978603257481566e-01
3.528808727557382618e-01
1.094926066559732403e-01
-3.993635748222169601e-01
-2.623737344222885071e+00
-1.634761929768240085e+00
-1.167387538723689611e+00
-9.412099310437695987e-01
-7.129919121921201031e-01
-3.249260523160492631e-01
-6.069031731276876007e-01
-6.330188900582466305e-01
-6.330123746108418104e-01
-2.602949366852066682e+00
-1.594530225830810721e+00
-1.062469632732867542e+00
-8.165313748838298746e-01
-5.743344764440176942e-01
-2.159360097264006184e-01
-5.025906317521732225e-01
-4.375759460192283345e-01
-6.364005498104091663e-01
-1.874419361300496245e+00
-9.224771589941183070e-01
-3.609607428423673436e-01
-6.314478868795464495e-02
1.566764758837225213e-01
5.473690816834204664e-01
2.183179068696314840e-01
3.455458765771874940e-01
-3.055580405494284224e-01
-2.622807403809849003e+00
-1.650988884068515850e+00
-1.098023394132648045e+00
-8.356206507580986598e-01
-5.689186474974715635e-01
-2.250065113222716184e-01
-6.436009489940464068e-01
-6.156876893577679644e-01
-4.901941441466926563e-01
-7.657254108697671979e-01
-2.050829576854774350e-01
2.194827168963124353e-01
3.233076400097614211e-01
4.525332793907278495e-01
6.897899586917268788e-01
6.338125430564909291e-01
7.012081625924355688e-01
1.489625141153118060e-01
-2.729762386412993291e-01
2.082322023011043410e-01
5.959745426664883050e-01
7.250039582361471613e-01
7.401202500077468383e-01
8.561146696534241984e-01
6.021067076616934965e-01
5.528598135326204810e-01
1.615095540062658208e-01
-5.860336219805261093e-01
-1.471287664878145537e-02
3.891439673299161850e-01
5.044897157691408118e-01
5.964368198300410429e-01
8.340047322772328187e-01
7.557878649518652292e-01
7.277915180983267618e-01
2.167206020818058521e-01
-1.456416002086721173e+00
-5.610348513689109584e-01
-7.243201312087177435e-02
1.837670727214281985e-01
3.899053038053236775e-01
7.984084578077904615e-01
8.623026035305699777e-01
1.001997556101110298e+00
2.869691745882956835e-01
-2.316941643423673813e+00
-1.538001577439967571e+00
-9.146942044416350726e-01
-6.394476855836010998e-01
-4.383620908978971831e-01
-7.129939435501757294e-02
-3.188927516409557072e-01
-4.606926788850428806e-02
-3.097844891534706213e-01
-2.650555508300786123e+00
-1.638455828651787849e+00
-1.140588696512804479e+00
-9.158990901835759590e-01
-6.867242186372717327e-01
-3.122012691164694487e-01
-4.885991873689005116e-01
-3.054238304004592286e-01
-3.758418481246625920e-01
-1.453105803186397926e+00
-6.131873901459915510e-01
-1.155899172316674217e-01
1.063288535070598534e-01
3.365023159308358491e-01
7.006324592796171480e-01
7.617689740979901591e-01
9.405544294534794458e-01
2.432152187105887930e-01
-1.765138699873872952e+00
-9.503247472336748825e-01
-3.903408003595106313e-01
-1.421745330458562273e-01
9.396565821884393654e-02
4.378942153994198616e-01
2.975596975678817535e-01
5.717589963765958849e-01
-5.460556817306789351e-02
-1.765534129251095541e+00
-7.950197559899579991e-01
-2.437188078021896021e-01
5.065925519369227775e-02
2.567611503919581817e-01
6.520316288380310077e-01
3.510812246405845549e-01
4.861848138124886809e-01
-1.583197231872723043e-01
-1.785758107796736160e+00
-7.233223580378651540e-01
-1.554897187160808325e-01
1.573453175115032132e-01
3.505671183608480290e-01
7.573913700197738574e-01
6.359942504481600478e-01
4.741213795520515806e-01
-1.753741055443623353e-01
-1.730374491141881022e+00
-7.490715131181907571e-01
-1.830735715092094151e-01
1.173500504979911874e-01
3.117019183200258059e-01
7.154636254783889315e-01
4.716967529963512207e-01
5.081469884944463944e-01
-1.452418368952041738e-01
-1.740371766531811693e+00
-7.610429213103430124e-01
-1.929083841908667829e-01
1.220495984325196265e-01
3.195655937368329647e-01
7.191314416428814527e-01
5.797395810278074268e-01
4.039537496772991898e-01
-2.312323108093578550e-01
-1.704150033808856435e+00
-6.874511657999262670e-01
-1.207795222472090729e-01
1.943115201818759186e-01
3.830674547935444263e-01
8.083806805618706237e-01
6.897319442463180073e-01
5.557600110886234956e-01
-5.653339246894485692e-02
-9.178331772797769794e-01
-2.587825715717859687e-01
2.040934757286478329e-01
3.551099670730046842e-01
5.735830900067538929e-01
8.532288137757786384e-01
7.144342344199754447e-01
9.196255394914649717e-01
3.024732791443769941e-01
-2.670479615923083472e+00
-1.669587929723775899e+00
-1.106151160347642159e+00
-8.381996015539098233e-01
-5.794690862254541219e-01
-2.175035136142010883e-01
-6.798299770141356113e-01
-6.384718527624337892e-01
-4.600878385985002206e-01
-2.009072239902553125e+00
-1.002442972917961361e+00
-4.351385224091091075e-01
-1.139909128151215395e-01
1.140931513665604385e-01
4.817626758960789068e-01
2.865271826123618748e-01
-2.103411280797672436e-02
-3.278504332318723513e-01
-1.595283042513440108e+00
-8.095017500707858416e-01
-2.899597372174030352e-01
-6.480073230519334260e-02
1.879092664008537583e-01
6.002640684308171437e-01
6.932446554777323966e-01
8.647758694317035921e-01
2.542696997171369766e-01
-1.934403529576469882e+00
-9.017658425171943826e-01
-3.395271966987349899e-01
-2.519754244500755150e-02
1.924899495572908736e-01
5.647512517455772763e-01
3.592097791283618835e-01
6.742680349750644619e-02
-3.109788401871770858e-01
-2.749393704492109958e+00
-1.769983000817763052e+00
-1.350980675722850632e+00
-1.146183588112886564e+00
-9.249072795367654365e-01
-5.103242962969074537e-01
-5.241731174810838612e-01
-3.966669648399127057e-01
-6.362397428771993102e-01
-1.682314085882689492e+00
-6.464726930016158057e-01
-7.951176068152296383e-02
2.290361045263611672e-01
4.113494222957166935e-01
8.294631604949915804e-01
7.290353107731420979e-01
6.498880122657251235e-01
-5.198013750238199976e-02
-2.485210741493374176e+00
-1.510690412338855815e+00
-9.449950523006441783e-01
-6.606459729844098572e-01
-4.154756833252063464e-01
-8.074072684625993590e-02
-4.299096972964533969e-01
-2.328246557220194080e-01
-3.155179874443960197e-01
-2.077228187788077829e+00
-9.983780541255398155e-01
-4.406262060507813993e-01
-1.163535774204080553e-01
1.097706062077308253e-01
4.851884276777898575e-01
2.852341443930336284e-01
-5.565970464604227258e-02
-2.713734752379848847e-01
-1.647031537332099171e+00
-7.847388750290346104e-01
-2.462046167934111573e-01
-2.141589434554287685e-03
2.356708062953080662e-01
5.846478276621039916e-01
5.422999689056262618e-01
7.604404735313847752e-01
1.151132031771173597e-01
-4.650814271713272774e-01
5.517075087998987021e-02
4.306409236018032827e-01
5.516736239720828605e-01
5.828660496844029204e-01
7.810570791795233836e-01
7.123819582870425382e-01
6.976878445569707488e-01
2.164032257867402886e-01
-1.438399791061744315e+00
-7.953185470731859441e-01
-3.062612431221806153e-01
-1.561896544680115573e-01
3.745432770824388274e-02
3.378903180942874895e-01
4.240403031168794024e-01
6.572153103663208595e-01
6.750203008637645219e-02
-2.684678445243692924e+00
-1.707575430498387448e+00
-1.088084866358398406e+00
-7.782106710769558511e-01
-5.262139482219184705e-01
-1.506273431304234744e-01
-4.266317478892113213e-01
-3.226138347658693561e-01
-4.287064582635676802e-01
-1.938565535262493977e+00
-1.042120283849742757e+00
-4.818640455249242893e-01
-2.124704329857114993e-01
4.099468676844900822e-02
4.035156469709324512e-01
1.703313728100205315e-01
4.340630304739603318e-01
-2.456354546721741250e-01
-2.750447259658618915e+00
-1.711531622741414793e+00
-1.219701153644189517e+00
-9.962706821357925069e-01
-7.580056565393029633e-01
-3.726356897927536882e-01
-7.592276118071847879e-01
-7.271168044120166485e-01
-4.802574813238540408e-01
-2.098116675322089897e+00
-1.108165012292831708e+00
-5.421575673611473967e-01
-2.478963660431288407e-01
1.276737560748590801e-02
4.425504077118439517e-01
7.978696175048168027e-02
3.719304986098138643e-01
-1.779323517006086985e-01
-1.855350396007982461e+00
-9.072163623672173660e-01
-3.420331078294737148e-01
-3.852294485441375843e-02
1.754038366622975853e-01
5.652530891984360872e-01
1.898583948972798474e-01
2.940423639687386181e-01
-1.926851014794963013e-01
-2.599087204598671264e+00
-1.644135316120694856e+00
-1.188541430713196290e+00
-9.704576250408215587e-01
-7.445743532656746710e-01
-3.517291655048413457e-01
-4.595218932892351504e-01
-2.934211775673594702e-01
-3.465281842962174563e-01
-7.731154075024564420e-01
-2.217938237657618994e-01
2.218770139406286701e-01
3.265823073019705758e-01
4.563960703290513843e-01
6.503729289852944184e-01
3.972810693081890721e-01
5.776472015259147552e-01
1.310672532733498374e-01
-5.711305718259452879e-01
1.133987428488398598e-02
4.339136742029590099e-01
5.407526293679775220e-01
7.203622011799015734e-01
9.152006171947428825e-01
6.581746488681482488e-01
8.298817831852676186e-01
2.484138616707924629e-01
-1.932146581943968489e+00
-9.159210283755921944e-01
-3.617947249070777027e-01
-5.134295907796902064e-02
1.628636558265225132e-01
5.905412808259981050e-01
2.679963462540890795e-01
3.154512519513017477e-01
-1.584398295345813557e-01
-2.097336545916173467e+00
-1.078950680306786980e+00
-5.250479139383835703e-01
-2.063212507919210958e-01
2.516822054110726126e-02
3.812972488457157527e-01
1.481961889641142671e-01
-7.213405978765222160e-02
-4.256414114988449904e-01
-8.773332291317957887e-01
-2.895236879325853718e-01
1.342888993961980082e-01
2.479279186825247838e-01
3.910322110641548665e-01
6.474677956146468460e-01
6.202049285824776659e-01
6.955893047038581578e-01
1.657980737147937700e-01
-1.516270000909848203e+00
-5.961128277199838621e-01
-8.599221267090949306e-02
1.709042937836809106e-01
3.856300506493329228e-01
7.690518702491331293e-01
7.715942210211546026e-01
9.322635326523737165e-01
2.616477843852859086e-01
-2.664112587657335052e+00
-1.695326035045422008e+00
-1.248294555644110515e+00
-1.024945149647904064e+00
-7.938907768020407874e-01
-3.988923518299459237e-01
-7.227030417269733054e-01
-7.524458840381386127e-01
-4.736546199071506313e-01
-2.521761293536401993e+00
-1.743793323369613901e+00
-1.107906825927817529e+00
-8.124823509333858329e-01
-5.610300674641456320e-01
-1.869036519739640245e-01
-3.090002930403791259e-01
-1.291865650147916156e-01
-4.400125719103771260e-01
-1.817577913631620801e+00
-7.081358690563385183e-01
-1.385432650220333184e-01
1.736634912495384209e-01
3.654694571205204801e-01
7.859181289559764583e-01
6.654694818890075636e-01
5.373162255673284982e-01
-4.677532437031858142e-02
-1.694695235498208330e+00
-6.452696543298532816e-01
-8.981509284171383667e-02
2.215055632605216207e-01
4.051062371571948484e-01
8.126122735487952831e-01
6.700259641593881987e-01
5.555388881237093290e-01
-8.507919734354936481e-02
-3.294929259088911211e-01
1.610583502208159379e-01
5.715293287998007843e-01
6.904212328198398030e-01
7.385401693868790529e-01
8.705239034595143588e-01
5.827900214585930438e-01
5.966299044523749595e-01
2.103942332632445233e-01
-1.643769365774410351e+00
-6.494664905375816533e-01
-8.942959083822765720e-02
2.211268506187653582e-01
4.044785903753031486e-01
8.243467400086554875e-01
7.297581155298091815e-01
6.280550214998958936e-01
-1.740396895827196408e-02
-2.487358624853798883e+00
-1.557265416292692883e+00
-9.451060965965715210e-01
-6.237261338988138171e-01
-3.965063452448019943e-01
-3.943316939109695052e-02
-3.703479660518962380e-01
-1.421132376640229511e-01
-2.224462519391515458e-01
-1.607119721246511812e+00
-6.510089054104621908e-01
-1.431999191884741063e-01
1.392487356638710261e-01
3.465771146334514219e-01
8.005246507224829111e-01
7.989407071260893334e-01
9.587528237135969356e-01
2.662326338093552458e-01
-1.857176538608692695e+00
-8.146230334385702321e-01
-2.537475880742721679e-01
5.999637727091824274e-02
2.676889089712170544e-01
6.514081495013640533e-01
4.676885683836374263e-01
2.275865331112335854e-01
-2.114714668912196782e-01
-2.703848303404116749e+00
-1.660232532543066908e+00
-1.133647017536606461e+00
-8.968061188511361470e-01
-6.466287485716866179e-01
-2.878567216935252748e-01
-4.165299887552500469e-01
-3.176089976788331604e-01
-4.796494297102393833e-01
-2.678587178895343035e-01
2.075416082243200511e-01
5.929516851032000657e-01
7.197718293387749267e-01
7.373728980531222277e-01
8.535464883923096213e-01
6.154101519141753629e-01
5.879514567613025600e-01
2.210890566474712216e-01
-1.458214115591311422e-01
3.307265794424111283e-01
6.689923564082264074e-01
7.986453703326809039e-01
7.987693269358329129e-01
8.983242859486580967e-01
7.089619127456486813e-01
6.405620382268241153e-01
2.539918638144417762e-01
-2.500329666391007066e+00
-1.507992621586089932e+00
-9.136446539633454877e-01
-6.086724372944907202e-01
-3.693469265502385968e-01
-2.866365358881527853e-02
-3.564145161010562335e-01
-1.696210475375331261e-01
-2.880345441091555214e-01
-1.679462140960183092e+00
-6.426809398657336025e-01
-1.196478571363092241e-01
1.781720573717518186e-01
3.632181653276515543e-01
8.138679582120669220e-01
7.590877847788009003e-01
8.917584784579571933e-01
1.871710653215359343e-01
-4.572860608353989664e-01
8.675770466558387073e-02
4.759602075789842179e-01
5.940130299373893585e-01
6.548997637518338966e-01
8.732410559793833960e-01
7.972437166594555924e-01
7.674043304034728896e-01
3.019906424790491650e-01
-1.777163911685131437e+00
-7.769199279240011080e-01
-2.062760179077227085e-01
1.036650050723670335e-01
3.054311334197621908e-01
6.972589867635071714e-01
5.165386864010411694e-01
3.223212378547914980e-01
-1.720823187742809846e-01
-2.473338592751051390e+00
-1.620713120501759974e+00
-1.000790801196405733e+00
-7.326239918571025855e-01
-5.054678592339693077e-01
-1.466592724757549704e-01
-2.208467396821081619e-01
2.309890951290253028e-02
-3.741123952938396058e-01
-5.133972267287580937e-01
-2.667222207148720829e-03
4.171447042950941486e-01
5.274312543729008373e-01
5.985982016574430409e-01
7.477095911671065576e-01
4.647714419181670498e-01
5.501874895372655949e-01
1.795127069039404166e-01
-1.545362772831862852e+00
-5.724944066268597975e-01
-4.771102968160767510e-02
2.287877851841447763e-01
4.202997866823902640e-01
8.261398552643267612e-01
8.016602635924979792e-01
9.382957983367123944e-01
2.506748191800852177e-01
-1.663844723214022547e+00
-6.756764608757878099e-01
-1.167057885665378630e-01
1.908173849972821801e-01
3.778941395140970605e-01
7.859663687684331768e-01
6.191197174909629508e-01
5.396104218654363960e-01
-7.679829999056635159e-02
-2.547075833251119192e+00
-1.552599685772830362e+00
-1.002892902009621112e+00
-7.394006644330476385e-01
-4.943388108554829241e-01
-1.512254308823269555e-01
-3.834796810151972490e-01
-1.822881829829445521e-01
-2.373744367449822368e-01
-1.724243062984678776e+00
-8.071137918782160803e-01
-2.594914578637217972e-01
2.985089881725783503e-02
2.410201963647408963e-01
6.393758354543092048e-01
4.467881289942651213e-01
6.085500299844701644e-01
-6.718105844320645947e-02
-1.769928726099013083e+00
-8.342856405604359704e-01
-3.126237196284946673e-01
-3.635575721708186880e-02
2.019684622271597785e-01
6.450456076635889824e-01
4.794812253307925154e-01
7.150195824553148283e-01
5.935855695464762466e-02
-9.128660931856455441e-02
3.837299737328700999e-01
7.431906794380682690e-01
8.755418336643275845e-01
8.732234568009844544e-01
9.724266886791225195e-01
7.370901809421392947e-01
6.078576399830164512e-01
2.841935051496110032e-01
-3.350851792045006938e+00
-1.998665385528906047e+00
-1.296937057448050323e+00
-8.452866544282877648e-01
-6.249447468260952432e-01
-9.640298817548033361e-02
-4.885164661682877552e-01
-2.732394943551482713e-01
-3.094516416737807529e-01
-1.656930001881731895e+00
-6.624551145322991053e-01
-9.891678611947035682e-02
2.123748788282188715e-01
3.971871070389444980e-01
8.046230170569441675e-01
6.546802539921862119e-01
5.450056208780583722e-01
-5.594205297957243611e-02
-2.291246864574113751e+00
-1.036939445469868160e+00
-4.807202121714637122e-01
-2.176539773800467703e-01
2.077600514368500352e-04
4.744401667198208106e-01
5.753062433286706412e-01
7.253055481405560334e-01
1.995472628788117486e-01
-1.629906254505355312e+00
-7.557234378720578682e-01
-2.273780062885668030e-01
3.690948805315312498e-02
2.653259786473461390e-01
6.362844807367611377e-01
5.083214027832019255e-01
7.338121908015637906e-01
1.095733503764636518e-01
-1.564197689070333519e+00
-6.050297241244260160e-01
-1.341279004972393551e-01
1.211978106630126756e-01
3.484104622640340487e-01
7.796210541685083539e-01
8.462998913180486138e-01
1.011780421259035112e+00
3.556803030951985467e-01
-1.955055504266679733e+00
-8.871511911426249730e-01
-3.179896730466585941e-01
3.671427069944304365e-03
2.159843078596536681e-01
6.134700491385337573e-01
4.536091184394634990e-01
1.869111759753405433e-01
-1.126913417364919234e-01
-1.725572837805281701e+00
-6.890770411690091413e-01
-1.257201828903122820e-01
1.890370771882760870e-01
3.749948646802731544e-01
8.040134307530992785e-01
6.934951171764524025e-01
5.742590344070790387e-01
3.089702631125155682e-02
-2.020099372962519180e+00
-9.801531865038460856e-01
-4.236962726879934804e-01
-1.056634341154378820e-01
1.204302426750926136e-01
4.822524710381251856e-01
2.610520121217721479e-01
-3.886651795667159411e-03
-1.835855919653750501e-01
-2.412887206837994736e+00
-1.419207788682299798e+00
-8.689357787372857800e-01
-5.856313438976363805e-01
-3.447023411284438343e-01
-6.725240741149627298e-04
-3.130854499071838992e-01
-1.216291102049011502e-01
-1.494422959459469347e-01
-1.434569071976115717e+00
-7.834372403477527502e-01
-2.981299390051826981e-01
-1.537393035961632792e-01
4.488947110936288704e-02
3.474913910202485634e-01
4.328247202192916365e-01
6.790981499420032375e-01
1.254795758335391087e-01
-1.836790374180371499e+00
-7.799512919410017675e-01
-2.006804407603473561e-01
1.100643870032460281e-01
3.070602700979599975e-01
7.248939597186643269e-01
5.873843212369421751e-01
4.249838508658220215e-01
-2.293982759689930720e-02
-1.633626793017616707e+00
-5.214210349815919798e-01
-1.911518373316878697e-02
2.112794335830907588e-01
3.862738437170160077e-01
7.620320223330634413e-01
7.013865403149119881e-01
7.479785616303693541e-01
2.764982649022575956e-01
-1.287291124564709399e+00
-5.428707020569204511e-01
-7.401112847129355521e-02
1.206082563809749708e-01
3.745999939322782746e-01
7.797343211674334640e-01
8.367867429864674911e-01
1.017199563872800638e+00
4.132991906325890752e-01
-1.852199457379865022e+00
-7.919126675480459010e-01
-2.301675092319713511e-01
8.476273577865604814e-02
2.907334520376754772e-01
6.798428581305863139e-01
5.160930896354820607e-01
3.084443895022147553e-01
-1.478264246691096129e-01
-1.058125289580286399e+00
-3.555678414777476704e-01
1.002301744554965207e-01
2.513552939933111352e-01
4.746016440811756110e-01
8.201012657522050997e-01
7.850421705219144952e-01
9.071175048932599294e-01
3.668057014232479207e-01
-1.682497323861764871e+00
-6.565636810967814263e-01
-9.672323446234841471e-02
2.148840484865546241e-01
3.981219088963378061e-01
8.126640706998333741e-01
7.123833082113325554e-01
6.115032511880893473e-01
-5.054395651104360253e-03
-1.446948675374208682e+00
-3.511479601902959824e-01
1.259683434045639761e-01
3.465641387425979492e-01
5.027145272560550326e-01
8.587024081972436385e-01
7.935026659502306678e-01
7.591319702511578615e-01
3.295611707575252236e-01
-1.006705275705630953e+00
-4.134709902157095440e-01
2.750397333078345719e-02
1.328306245591352741e-01
3.152709993696240498e-01
5.503777662081644761e-01
5.042121605176210775e-01
7.301624593172875155e-01
1.905577311484651370e-01
-3.592426459667238947e-01
1.530249244224498317e-01
5.228058567037481286e-01
6.397098352790290265e-01
6.697959491677963895e-01
8.428938839430458740e-01
7.453661971842039380e-01
7.748134273556396279e-01
3.450638059051147621e-01
-1.819136925175110830e+00
-8.290137449356329569e-01
-2.808739430211535937e-01
1.343395871745185419e-02
2.229271724169306912e-01
6.266063022352783562e-01
4.101287156350136298e-01
5.298240640422178238e-01
-4.978674324321668426e-02
-1.653323217626723851e+00
-7.078290759694064738e-01
-2.061758409342911991e-01
6.900361938419392882e-02
2.860069577784890571e-01
7.410125671926015567e-01
7.143003868846445892e-01
9.011371049114078602e-01
2.582719562621538789e-01
-1.807561641109985962e+00
-7.933110473561849618e-01
-2.850737719712452822e-01
-6.156595852387036077e-02
1.659671386150664840e-01
5.992111345132523637e-01
6.399917937171973881e-01
7.774594745864743528e-01
2.709301597799652628e-01
-1.907924387502838881e+00
-8.478192667952058059e-01
-2.846292308220156886e-01
3.474945506176246868e-02
2.416714125245018607e-01
6.466262025146215509e-01
5.017298445192672762e-01
2.708305042992775746e-01
-3.051390874098853720e-02
-1.744817868083307077e+00
-7.066077140565948378e-01
-1.399910828863928647e-01
1.705551867144036726e-01
3.649555912736265895e-01
7.645103444475301879e-01
6.157292125713035302e-01
4.503840378074187578e-01
-2.058990246815905686e-02
-1.422940366166871584e+00
-5.358978272567891388e-01
-3.358028474838499478e-02
2.189964042531723776e-01
4.279409972269805351e-01
8.149752830103677015e-01
8.487157354049815750e-01
9.975705776499173005e-01
3.840577662644575896e-01
-1.609197629737228574e+00
-6.638833503111031265e-01
-1.500799857304135898e-01
1.397756834026646910e-01
3.308126745870545449e-01
7.914724148281939708e-01
7.510473236879489090e-01
9.072585147896899960e-01
2.602001375987993415e-01
-2.072611712942972417e+00
-9.931428968336354357e-01
-4.686453711799492550e-01
-1.999330380257433593e-01
2.146081713937719043e-02
5.047162615791254137e-01
6.075276091951878898e-01
7.595027978028805471e-01
2.571385807717437855e-01
-1.613938949191924932e+00
-7.227336812161313517e-01
-2.240140168514719032e-01
3.352268868527432527e-02
2.667010952929966816e-01
7.152263744204080398e-01
7.381622025459739778e-01
9.294993159599730381e-01
3.037063204521789350e-01
-1.768748099770331317e+00
-7.683425864724353627e-01
-1.985894159507763101e-01
1.140790746899686126e-01
3.120550518472935964e-01
7.123833082113325554e-01
5.860509692881814559e-01
4.249806070047180140e-01
-6.582099705211416629e-02
-5.354850392040622076e-01
7.284523679488066721e-03
4.408587837851300484e-01
5.402637569217575431e-01
6.784588210954499710e-01
8.493608021454449597e-01
5.465858469498616756e-01
6.808078979397864661e-01
3.155454025819751096e-01
-1.826213584582225158e+00
-8.801512372582631638e-01
-3.618964690670406492e-01
-8.482784534800549836e-02
1.549892808224902496e-01
5.965344918197186264e-01
3.874031617868745614e-01
6.290087756085319670e-01
9.431643808871312262e-02
-5.254530674646273186e-02
4.198350190840305918e-01
7.411808390308207706e-01
8.785827786017689212e-01
8.704636328350368046e-01
9.523107876436944785e-01
7.489313686965158867e-01
6.045103722273932334e-01
3.645859618399059365e-01
-1.791861480133305706e+00
-7.421396038973541165e-01
-1.758670235010391658e-01
1.387823246236254415e-01
3.300540826305823350e-01
7.555614143729455501e-01
6.368638590838222591e-01
4.915364297903875301e-01
8.054816162178818351e-02
-1.872787291132467447e+00
-7.793766938923806231e-01
-2.232187135971045178e-01
8.531683963286673666e-02
2.769430566249362347e-01
7.066947139273852541e-01
5.480690985614611321e-01
4.785849609598357701e-01
8.606021604803618108e-02
-1.668583679251725682e+00
-6.950646148532813040e-01
-1.458407376681086776e-01
1.493212887441746628e-01
3.410493659072126316e-01
7.470707024560730991e-01
5.434505624173248117e-01
6.547113781916532593e-01
1.446490684545432281e-01
-1.746764692292718690e+00
-6.642004386948542338e-01
-1.076468124448310137e-01
2.038350417367504885e-01
3.863641064429353955e-01
8.027006016139480726e-01
6.986291353516285163e-01
6.177297159151698969e-01
8.162667148921290416e-02
-1.615318247275357777e+00
-6.347742558014621839e-01
-6.606789915645949751e-02
2.433688362044810760e-01
4.276933247606344302e-01
8.369521058965107008e-01
7.129441994899006207e-01
6.124213598441707873e-01
1.303364903650875428e-01
-1.585503519103800718e+00
-9.316592609706400019e-01
-4.395311561723869165e-01
-2.750822456796955251e-01
-5.064756610680319626e-02
2.898636612870657547e-01
4.377674750531629910e-01
6.975267556684038306e-01
2.395962792318294954e-01
-1.853509014163021495e+00
-7.780463060910526307e-01
-2.053080539385354619e-01
1.091172297575848660e-01
3.021005989023521909e-01
7.214229337195503522e-01
6.096603053863727251e-01
4.558134106667117713e-01
1.833034127106119848e-01
-1.472723286180400493e+00
-5.799552699426943070e-01
-7.018389450033758747e-02
1.889732880804430304e-01
3.992098627039206149e-01
7.885059713086713939e-01
8.047029637710645389e-01
9.612914389951267014e-01
4.536111676081701627e-01
-1.508782852315322609e+00
-5.142118085104041558e-01
-5.582746731819143715e-02
1.918379927625671333e-01
3.804887034348270469e-01
7.986733362286981830e-01
8.230154622857454028e-01
8.262284872955016901e-01
4.926368110608609352e-01
-1.940158849054999468e+00
-7.362987359368493578e-01
-2.352444005003876126e-01
5.215827707482326853e-02
2.539715919821902146e-01
6.996165524287930593e-01
7.329758601933312745e-01
8.031070258559259711e-01
4.406894638324784230e-01
-1.221150873822327565e+00
-5.126715056151214256e-01
-6.688744474786860461e-02
8.339175805225540472e-02
3.243819582996190221e-01
6.807367794901482139e-01
7.354000896584150793e-01
9.228316858395674283e-01
4.998746256119180886e-01
-7.217526676051421175e-01
-1.744514714292905444e-01
2.630410001575664292e-01
3.671035210817349403e-01
5.066454635498585102e-01
6.972287354497147538e-01
4.804810825179264833e-01
6.506563580434883143e-01
4.751078298150779311e-01
-1.829119092325466989e+00
-7.535449451074314187e-01
-1.848191779503552401e-01
1.244753954521922307e-01
3.152435412672753290e-01
7.370853244333399612e-01
6.385711653530371512e-01
5.303397354109068429e-01
3.173336942263578209e-01
-1.739086637389717804e+00
-7.083080177972728153e-01
-1.387837705367857555e-01
1.705897067578336090e-01
3.648158490776300389e-01
7.652571220595313362e-01
6.240171161259353561e-01
5.203628832964809492e-01
3.898616656871168873e-01
-5.983472272426361149e-01
-8.212972761012971024e-02
3.423300308893268973e-01
4.484755298271548840e-01
5.394531103246320569e-01
7.024525398671525034e-01
5.142642263230600141e-01
6.337576904975922298e-01
5.270736129213503540e-01
-1.880290757137995428e+00
-7.836004801390942243e-01
-2.277279250582380510e-01
8.037944679697675565e-02
2.706526345809666112e-01
6.909945797175899296e-01
5.597154141262586924e-01
5.838882528383160242e-01
3.926488072910960248e-01
-1.737030476625061493e+00
-6.659319182812751814e-01
-1.128599745313962066e-01
1.980769756848644314e-01
3.728237327420130809e-01
8.078821306386525514e-01
7.424277467100858230e-01
6.957285402651228745e-01
4.825943541923589652e-01
-1.659867855710679185e+00
-6.425677775923783752e-01
-7.142770000351453263e-02
2.368062599585081807e-01
4.251353352146869380e-01
8.360836308195005451e-01
7.274412532278400345e-01
6.938739595094221002e-01
5.549626130555533887e-01
-1.152784343457796234e+00
-4.642062606369432576e-01
-1.887502393170477008e-02
1.271625070377364330e-01
3.715863470065520757e-01
7.196370881840195022e-01
7.777176409037457327e-01
1.006684303622277898e+00
6.562313936295688377e-01
-5.872075254903964536e-01
-8.219998786704417471e-02
3.133949422751631797e-01
4.168800021496474884e-01
5.022030781025924595e-01
6.607934865440013850e-01
5.532134269812548633e-01
7.441667589229993274e-01
6.264697169118429443e-01
-1.403000226523490657e+00
-6.213024920836877074e-01
-9.908276387066651536e-02
1.350218665393026485e-01
3.701436605149234782e-01
7.156766788957427128e-01
7.479264148996734862e-01
8.729369448210460014e-01
6.668965160692060801e-01
-1.253132254976415894e+00
-6.748693313243737668e-01
-2.254933912696037157e-01
-9.752948985836247531e-02
7.346794511211886258e-02
3.449984963913833025e-01
4.180196273178782840e-01
6.975051728050475353e-01
5.726736886337996379e-01
-2.662155174086110687e+00
-1.667119543535422022e+00
-1.165786165252516327e+00
-9.195189055456783889e-01
-6.687453287383394729e-01
-2.073843121463683770e-01
1.638918557882904636e-01
4.340273720048266060e-01
5.144511690407382876e-01
-1.935911469316928146e+00
-8.017227432163821499e-01
-2.350561603316508319e-01
7.145679390992455693e-02
2.862214075743315655e-01
6.670917031923889740e-01
6.117466322108664478e-01
6.556586747158216211e-01
6.409438730858559863e-01
-2.951571071502951393e-01
1.866651721180770940e-01
4.973223145606797124e-01
6.296353899006341681e-01
6.365893011948374758e-01
7.639689718224658144e-01
6.938008718831774058e-01
8.095970605920929097e-01
7.232918301320855337e-01
-1.874405944435614035e+00
-9.567130220678157215e-01
-4.297135661450390831e-01
-1.920852688140220754e-01
8.217213181968588409e-02
4.910800926598101745e-01
5.708885213131447145e-01
8.489630092627978852e-01
5.968294789411170420e-01
-2.661683528967698997e+00
-1.622786384107508972e+00
-1.039069921215169501e+00
-7.415180903742476515e-01
-4.734355246935302297e-01
-7.531683677941411470e-02
2.150153044969200511e-01
4.702138216077126343e-01
5.479564934928838893e-01
-1.872395019311901443e+00
-8.405352619763933886e-01
-2.676548876009001154e-01
4.932948935233247983e-02
2.562779868692510177e-01
6.459826858854118559e-01
5.303002222957365897e-01
4.938134279857664954e-01
4.637028686216547735e-01
-1.336481391395948570e+01
-2.137510070638973581e+00
-1.344250893375072753e+00
-8.160201916125795485e-01
-5.607065845379183289e-01
1.474029340379222897e-01
4.678316582904665788e-01
7.015407411200520471e-01
5.747647090291402305e-01
-1.095501822404988168e+00
-7.060817266069088216e-01
-2.421073180020703319e-01
-3.127311623824066689e-02
1.697348683861542584e-01
4.791593491138760874e-01
6.759011851679469496e-01
7.262563199182644480e-01
6.863542261924162613e-01
-1.593499962394092861e+00
-7.059902166220667352e-01
-2.224641524184939045e-01
2.865081463139059967e-02
2.569470826621055859e-01
6.875736904562865792e-01
7.428734891021334663e-01
9.892793884617770983e-01
6.578234635839202982e-01
-1.043764599029579632e+00
-3.548755932776608280e-01
1.355456112772236155e-01
3.123670804119599853e-01
5.350607680011973954e-01
8.497781293739725683e-01
8.922225087375367236e-01
1.018387981406137621e+00
7.251535240546320704e-01
-4.436513925818843518e-01
5.310200815737436270e-02
3.878486871740182140e-01
5.119284205104744911e-01
5.334557067972265365e-01
6.967788241151006146e-01
6.546301007025447927e-01
8.007566509760331019e-01
7.243521633878642341e-01
-2.121439900297288794e+00
-1.092377303544364020e+00
-5.387085825290369723e-01
-2.200252466841266519e-01
1.757076181611150201e-02
3.789365637106012485e-01
3.240341697399968246e-01
3.930440350668821803e-01
4.697163865909653735e-01
-1.290956135073189293e+00
-4.398741103900655203e-01
5.257105701112346763e-02
2.911445009898070979e-01
5.104543538833794525e-01
8.937144931359705113e-01
9.725283777426894094e-01
1.079666522523626604e+00
7.447678371891944815e-01
-1.712204405070883784e+00
-7.275576002134837017e-01
-2.813228930536599837e-01
-4.207125333485740686e-03
2.039116446571289099e-01
6.756816406241410444e-01
7.847771565158074836e-01
8.928549230860698405e-01
7.195389266475105128e-01
-3.615615592637452247e-01
1.687892401337710291e-01
5.898502731660503207e-01
6.908199102153492754e-01
8.217508405555460360e-01
9.902076417114277218e-01
8.393856981744666212e-01
8.805746944472943039e-01
7.391511053499109085e-01
-1.818388816904865424e+00
-8.884605237042525472e-01
-3.922093999488065474e-01
-1.279164726703526378e-01
9.751038426224606370e-02
5.526482449737939451e-01
6.820289802453675110e-01
8.518143015103374349e-01
6.952408513732233342e-01
-2.682864815448899876e+00
-1.719530352579620391e+00
-1.250262551210256978e+00
-9.670995308819319014e-01
-7.218645746375902394e-01
-1.484673027439995519e-01
1.761815582272731051e-01
3.011106952946941973e-01
5.257704744328794977e-01
-1.732335065397694551e+00
-6.443134080839907352e-01
-8.195172088602965810e-02
2.291993565701422875e-01
4.064282523593467089e-01
8.276905959444545990e-01
7.486496326011072844e-01
7.534070104374787080e-01
5.862969166127447451e-01
-2.536188071648806108e+00
-1.543857522474829214e+00
-1.043167136364481218e+00
-7.820958872570369369e-01
-5.239589427553332790e-01
-7.177553338561222518e-02
2.072527639930255849e-01
3.744716750129452043e-01
5.027560187106585587e-01
-1.728543123957772654e+00
-7.212472127402508315e-01
-1.590447005716841278e-01
1.562246175787411206e-01
3.385936520259135718e-01
7.657729712485764617e-01
6.985589567743616390e-01
6.615099641752766324e-01
6.076461355741202830e-01
-1.393391382175376947e+00
-5.930118907531019001e-01
-1.762288343136242386e-01
-4.027460157822045778e-02
1.813577680617427801e-01
5.026557627159737862e-01
7.366721507901454746e-01
7.715010183968200597e-01
7.349018155632752736e-01
-1.960564328506656295e+00
-9.772388385489256812e-01
-4.279341567496191545e-01
-1.385630374944802068e-01
8.766211813559871002e-02
5.089880300974749527e-01
3.676814287051490271e-01
5.330500850939633439e-01
6.005325596363059182e-01
-1.677905167504967432e+00
-6.687326704802324384e-01
-1.093780336987647261e-01
2.031264691104275877e-01
3.875289090655992807e-01
8.011701658730253639e-01
6.971912760000189557e-01
7.120793779995570061e-01
6.572358357832791542e-01
-2.063616198211966513e+00
-1.034057453742009081e+00
-4.814194353236390111e-01
-1.957023274699482840e-01
4.079426379321064722e-02
4.571396096881321647e-01
3.288208926102607066e-01
4.926326514259847800e-01
6.000608573012551350e-01
-1.272904712188631438e+00
-6.036114831308614370e-01
-7.319134157669031360e-02
1.391555281122248966e-01
3.703013407533861656e-01
7.024243642588973158e-01
7.615012551848752143e-01
8.094751739782259925e-01
7.322567855619369626e-01
-1.490203226723334273e+00
-6.051495539987713501e-01
-9.919436034350581632e-02
1.726132842341482065e-01
3.594751094540691860e-01
7.833310927013896752e-01
8.326809356001878548e-01
1.009390864776070318e+00
7.011642550712002819e-01
-1.744697883346739031e+00
-6.728693239763738898e-01
-9.226484536768948808e-02
1.902356118383941030e-01
3.980090356030699383e-01
8.011959862048347869e-01
8.097313289511459677e-01
8.133836489121044622e-01
7.539079499545701113e-01
-2.747242445669314304e+00
-1.681501650852340157e+00
-1.143617925958618331e+00
-8.757903418789665384e-01
-6.150506445601090499e-01
-1.033668270522814514e-01
2.176543514597803486e-01
3.500448442793204773e-01
5.887720475285078692e-01
-1.675767446148422213e+00
-6.243794252667760336e-01
-5.172584563878069447e-02
2.397871855191654744e-01
4.371274587972702186e-01
8.487375421294719446e-01
8.383014715825342078e-01
8.357396257681100060e-01
7.518623748822861330e-01
-1.247447175540351560e+00
-4.577831094491700004e-01
3.618350594691926297e-02
2.436202672830744820e-01
4.773519844810025226e-01
8.193825515214210320e-01
9.032169213394563023e-01
1.008076239593536760e+00
7.517632143130424938e-01
-1.713627146796672829e+00
-8.038079824661102935e-01
-2.964711807136098387e-01
-4.053616621603815806e-02
1.952312783399560714e-01
6.152832243371064713e-01
6.133854190699741249e-01
8.898029274236350927e-01
6.772313938374214803e-01
-1.499834263739454165e+00
-6.839485907590152625e-01
-2.033676128617180057e-01
2.351533455517451979e-02
2.663434294506075162e-01
6.806934793693893981e-01
7.678005482412367799e-01
1.025881383465451435e+00
7.356433302351684800e-01
-1.919447808438835334e+00
-9.160351402810679167e-01
-3.476525506019651490e-01
-2.719711729355840657e-02
1.822249430993519992e-01
5.795329293048363528e-01
5.045249633779970155e-01
4.718339923578719342e-01
5.971993482469029058e-01
-1.656088411592493870e+00
-6.030959469847222421e-01
-3.471616561469288015e-02
2.619716861881890568e-01
4.496765343334123699e-01
8.650115911451864426e-01
8.184236591232189051e-01
8.511745123059044627e-01
7.434944457523173789e-01
-1.758903602631590068e+00
-7.299466203026302447e-01
-1.663017007504290767e-01
1.418044712899837190e-01
3.282060535528361078e-01
7.519637713595034301e-01
6.843760103815041962e-01
6.518023963980370539e-01
6.312051120652253378e-01
-2.664664366967982367e+00
-1.827978186514876979e+00
-1.202107842402152738e+00
-8.760157636603351783e-01
-5.937608755119333503e-01
-8.878654015330131322e-02
3.013447801777190405e-01
5.694498264588833125e-01
6.923313420203895951e-01
-4.228173710940675428e-02
4.229368283074466661e-01
7.263173629486303629e-01
8.550266858192747677e-01
8.528649093696717420e-01
9.538599026781482415e-01
8.918391099274487477e-01
8.528892858379041320e-01
7.859880242116626947e-01
-1.807278494142445568e+00
-7.717374631472940782e-01
-2.038436356357613832e-01
1.090381259286146293e-01
3.029283169929869457e-01
7.151236684475703598e-01
6.452689778386677677e-01
6.093139122711795919e-01
6.306363982037426208e-01
-2.736926840322241983e+00
-1.691313712650931445e+00
-1.175044203944308974e+00
-8.827308682361010295e-01
-6.335324456310726937e-01
-6.460782167762872674e-02
2.544971241074820423e-01
3.825470885791117936e-01
6.124441626320130672e-01
-1.409384606907679638e+00
-5.969864526012016448e-01
-1.187370984221946257e-01
1.074051189838928638e-01
3.323742116664914481e-01
7.153570256749249845e-01
7.812600701241738665e-01
1.006925070673468481e+00
7.510301701508823591e-01
-1.682148236572712285e+00
-6.264973034810428221e-01
-6.678264499636432650e-02
1.705814224137900958e-01
3.908504046838724988e-01
7.609298220894402665e-01
8.226465517952094020e-01
8.248038135288541239e-01
7.720920660928074497e-01
-1.673225538541098345e+00
-6.715249616365335239e-01
-1.268451806912356816e-01
1.745135674399263537e-01
3.366364109524770942e-01
7.883472018965442807e-01
7.390849076493150038e-01
8.688924788821312806e-01
7.023059894867317299e-01
-9.788025405991161998e-01
-4.317482596546252660e-01
7.904795726483872242e-03
1.723517041127654581e-01
3.434005607853310993e-01
6.212152488758077018e-01
8.034625230823083664e-01
8.390880776105872352e-01
7.435901033154991291e-01
-2.644415654153288386e+00
-1.283405867384371346e+00
-7.276482066091869427e-01
-3.755467182700525930e-01
-1.320546591629646604e-01
4.251723806170219500e-01
6.156065486299931999e-01
8.435537097124062855e-01
7.278988946126363491e-01
-1.888146351626369901e+00
-1.091226451839424127e+00
-5.567795478212731464e-01
-2.529734503892376862e-01
-1.192223373337702140e-02
5.228183424199812634e-01
6.881675582663012714e-01
8.575953432803892218e-01
7.556354273839651636e-01
-1.704341796558769717e+00
-6.325350709951333972e-01
-4.530291490157668799e-02
2.276654405972634299e-01
4.293515003711425582e-01
8.345783407059599313e-01
8.486743722177670923e-01
8.374380204909567249e-01
7.790711295907472023e-01
-9.421557826245818834e-01
-4.875805404697658441e-01
-2.463871856446745584e-02
1.378832366852313362e-01
3.425697452194930159e-01
6.213828780433370280e-01
7.867015271335427995e-01
7.892797612149481390e-01
7.492093068385122789e-01
-1.563607324334301385e+00
-6.985347548239642101e-01
-2.040820121901373296e-01
4.388565576272054902e-02
2.715934426882903874e-01
6.510026942013027451e-01
7.092288878227168691e-01
9.340259011279552492e-01
7.646074638856621419e-01
-1.438441103603605331e+00
-4.821844181359798420e-01
3.241012663869508037e-02
2.843782828277094388e-01
4.985316766247807618e-01
8.974968335281509058e-01
9.465425741722465203e-01
1.023197920739824074e+00
7.859476647204474142e-01
-1.786128911630169736e+00
-9.707757515117511060e-01
-4.371313885547165601e-01
-1.832733274117451516e-01
8.043637629638859809e-02
4.846359032300137648e-01
4.845289736083160381e-01
7.734110132795883885e-01
7.064095835952006741e-01
-1.894256076218037599e+00
-6.612723045556279100e-01
-1.033471422209600171e-01
1.208049402581402171e-01
3.495924960925414493e-01
6.986792499695761993e-01
8.089379357577751728e-01
8.284801586978488563e-01
7.911087233486894243e-01
-1.625278938672393148e+00
-6.541784498665431657e-01
-1.281651605118156734e-01
1.495858526290644863e-01
3.403694079409190221e-01
7.585945483887215346e-01
7.559110871365040119e-01
9.360088555381842479e-01
7.380546175029985001e-01
-1.304292842892202264e+00
-4.553671635434016762e-01
4.982382499599027209e-02
2.764325248454542749e-01
4.993498255617842552e-01
8.662494179746449419e-01
9.327406400736975023e-01
1.025751617741571975e+00
7.929874464604154127e-01
-3.544992717168291563e+00
-2.238998507108815428e+00
-1.486763384181913672e+00
-9.704225097871221895e-01
-7.161465460048649367e-01
-4.233131135401638212e-02
2.631598198271398736e-01
4.247306939917062651e-01
6.727397751130667070e-01
-1.336481391395948570e+01
-2.069961273465325657e+00
-1.370147970844118657e+00
-8.448679344854223006e-01
-5.977490901672976031e-01
1.400985202414877506e-01
4.822897983560315294e-01
7.286466301315687177e-01
7.080298976376219189e-01
-3.551733375833058259e-01
1.371512603880586101e-01
5.361466532128094098e-01
6.476264818790444799e-01
7.227346703137793593e-01
8.814271085831332231e-01
8.497369543616238863e-01
8.555369913093948675e-01
7.718526893574900738e-01
-1.562329090253560482e+00
-6.087882835435325379e-01
-8.029050107489200949e-02
2.031240675716319000e-01
3.827793699176273989e-01
8.082688905171001581e-01
8.253921836719173566e-01
9.838494840598448476e-01
7.576249437858832980e-01
-1.688605507468403211e+00
-6.915046626254356399e-01
-1.297450410465906812e-01
1.826474905913017532e-01
3.607343716559379132e-01
7.897596570811995509e-01
7.325553285752601784e-01
7.360497938631769266e-01
6.982335677265308904e-01
-1.440028911739279716e+00
-5.875735760772745619e-01
-5.610819275787112814e-02
2.015348374022361277e-01
4.161673621907435172e-01
7.900345457389699177e-01
8.135078819242279602e-01
9.199132467353136056e-01
7.982684356261591230e-01
2.447626824587638417e-02
4.917609582680243507e-01
8.020253239485437557e-01
9.307121025587472563e-01
9.277445672448108027e-01
1.028572873807412469e+00
9.404996624149655204e-01
8.615736225925182401e-01
7.802988231436041033e-01
-5.206018160724606991e-01
-8.495765237184023030e-03
3.359875689458084458e-01
4.561306684930385158e-01
5.066340389879875339e-01
7.011713374890908845e-01
6.926180555982761611e-01
8.531314346227275580e-01
8.266628762425859422e-01
-2.376628166489660021e+00
-1.638692495306163011e+00
-1.039564941003364940e+00
-7.505550534578278032e-01
-4.777700283381466906e-01
-3.019568943830499143e-04
3.596076614058756338e-01
6.270058421717980002e-01
7.475784714780898677e-01
-1.336481391395948570e+01
-2.209383313642637514e+00
-1.504933328386829361e+00
-9.671797067243708135e-01
-7.278171283953849269e-01
-2.912321518917349722e-02
2.740702718670380289e-01
4.394537369048669428e-01
6.914543111607022174e-01
-1.082489985729254034e+00
-5.081506634024088864e-01
-6.661559833940577935e-02
1.091208247481958576e-01
2.944289584249302205e-01
5.810413692154521303e-01
8.027399935367806050e-01
8.210134914231453918e-01
7.616225863546706165e-01
-2.108412091840022595e-01
2.763825499951151898e-01
6.723569943986152930e-01
7.834166968594187264e-01
8.391687860092010842e-01
9.833833177013688864e-01
8.885468899785218255e-01
8.765563389084539692e-01
7.825472498769133756e-01
-2.312842069777976406e-01
2.388259352301273231e-01
5.814854459274176879e-01
6.985403344199976328e-01
7.165136882341338609e-01
8.472469893528996598e-01
8.461379916860156669e-01
8.812205110482146386e-01
8.294656107683726631e-01
-1.333739669293527719e+00
-5.766818755871009339e-01
-1.508965669806198451e-01
-9.591441888764287022e-03
2.344006845316038423e-01
5.566911300850572175e-01
8.012042849896154895e-01
8.463059698641620665e-01
8.118260027119948985e-01
-1.750299995359784422e+00
-7.504363958819663116e-01
-1.883005124746261472e-01
1.275348468258952206e-01
3.215539479389837307e-01
7.281299021300503549e-01
6.498350511600613499e-01
6.567821447320348893e-01
6.690947858931501901e-01
-3.696567470261005739e-01
1.225456061126641988e-01
5.259901736098469005e-01
6.355967040633424547e-01
7.222408842836181009e-01
8.884517954309469889e-01
8.527799411380728722e-01
8.563054555058732253e-01
7.605294226565508797e-01
-1.511431455520932277e+00
-9.370252961250230550e-01
-4.291696219856622196e-01
-1.502933022032643395e-01
7.485674852697525583e-02
4.262856211524705952e-01
6.491702490824454719e-01
8.055099779821033312e-01
7.979825292058436714e-01
-1.634365375451793501e+00
-5.495805864054338352e-01
1.289182614452531565e-02
2.973370050068623316e-01
4.869959131405287578e-01
9.179253235882808282e-01
9.288497639789532467e-01
9.158504002328798910e-01
8.198988194703906718e-01
-3.250499710882542859e-01
1.985587150373625265e-01
6.143681213988302359e-01
7.139319092370216557e-01
8.446413767079271606e-01
1.015257065913765411e+00
8.953466253929492913e-01
9.096612450294552232e-01
7.730419189074513309e-01
-1.838982718607433675e+00
-7.948509299272411566e-01
-2.676512655639000648e-01
1.799531484947700447e-02
2.165188914969757294e-01
6.543133669221354864e-01
5.498585373718918312e-01
7.431055065322497155e-01
7.322902513215751030e-01
-2.636455984060280144e+00
-1.653630618394740237e+00
-1.187302553272053141e+00
-9.153658964719866287e-01
-6.439275447848236134e-01
-1.192768032685668639e-01
2.964360551198742533e-01
5.713110583835121492e-01
6.894863385666879507e-01
-1.897455998819293388e+00
-8.564869643496964002e-01
-3.009039901551031071e-01
1.589615025458653713e-02
2.236759690628831732e-01
6.256837730065756276e-01
5.695986056598743019e-01
5.567085086476197819e-01
6.981618350248427474e-01
-1.847910085907734645e+00
-8.635154328937824086e-01
-3.223778002054810687e-01
-4.179103940140255907e-02
1.844003374143808049e-01
5.790300914386142805e-01
5.366453787838616485e-01
7.844841037669798567e-01
7.842055602341616583e-01
-2.733729193260663770e+00
-1.764659595591762997e+00
-1.156294841490856928e+00
-8.128589133748156392e-01
-5.635465201274434399e-01
-2.788279023213771288e-02
2.928779003584727758e-01
4.603802614851810748e-01
7.235943562248221550e-01
-7.723716959276215599e-01
-2.432567778083851995e-01
1.820002348662167202e-01
3.208384704645654839e-01
4.820497844446779978e-01
7.340976809114626578e-01
8.525662754109520902e-01
8.874675093894391908e-01
7.714957811881575367e-01
-2.212054318709421263e+00
-1.181001514062478552e+00
-6.264483124585291662e-01
-3.100895649132439647e-01
-7.109869291029821681e-02
3.123520524699385237e-01
3.704548152847064735e-01
4.734723326853818581e-01
6.976749040282330672e-01
-6.731529584321481741e-01
-1.426940771812530429e-01
2.729766623877813436e-01
3.943647438868194133e-01
5.324416404625496035e-01
7.511124956148627074e-01
8.506963110682898010e-01
8.855197683659762342e-01
8.085996335977919669e-01
-1.742328831999258476e+00
-6.602936369221491519e-01
-9.636260843427518763e-02
2.133227220270930702e-01
3.921200805141040191e-01
8.148240006847468075e-01
7.613711092170684092e-01
7.773481605601445521e-01
7.292802614221629565e-01
-1.975537113875968531e+00
-9.424227526686620449e-01
-3.813769145540054084e-01
-6.207843052181813426e-02
1.538111714846795153e-01
5.453309849239043050e-01
5.046023576417021372e-01
5.295668351803577423e-01
7.045867702637740315e-01
-1.192887866233232730e+00
-5.350378913357585198e-01
-7.716544425121835138e-02
6.835147764360054168e-02
3.154675642337824160e-01
6.496036465180627939e-01
7.230430784485601947e-01
9.892485337669433276e-01
8.355590782021345975e-01
-1.382287585143710418e+00
-5.161639804837121481e-01
-1.039155393540653755e-01
3.633143827395911990e-02
2.293646401073459740e-01
5.712281955807677614e-01
8.224362047904534290e-01
8.417499768117178149e-01
8.310642184622794026e-01
-1.797570597890264521e-01
2.894030854493364058e-01
6.366472280815248519e-01
7.578682787143607991e-01
7.771877339983487287e-01
9.104587962776534704e-01
8.945610212438500630e-01
8.684589969173894808e-01
7.986472348301728585e-01
-1.788723853850110013e+00
-7.939678942745007628e-01
-2.834382273421379717e-01
-5.421731191513054493e-03
2.065841026443007433e-01
6.362283353375191020e-01
5.677434292396188464e-01
8.180945736016972392e-01
7.728108074896559154e-01
-1.011390453812275547e+00
-3.909071849848693714e-01
5.017363534513496343e-02
1.683128916462513225e-01
3.852473158826040800e-01
6.424121332558216935e-01
6.455514864661839880e-01
9.030889267605537452e-01
8.516272278957085495e-01
-8.740839815586728401e-01
-3.461042962841051618e-01
4.474640109992704395e-02
1.661797044720720318e-01
2.800244178134213557e-01
5.063145773735608923e-01
5.785801075469457766e-01
8.075835644839725047e-01
8.365087639348851578e-01
-1.584697220291221509e+00
-7.453208089352086896e-01
-2.976608344892996416e-01
-4.104374195626626920e-02
1.724421262622736761e-01
6.149943087896292404e-01
7.454810003780054650e-01
9.130635264608298884e-01
8.394506542196475962e-01
-8.322902068105439977e-01
-3.387445263139729490e-01
1.260987312832952123e-01
2.754679609994251099e-01
4.835961050925239313e-01
7.759332182861208294e-01
8.742352785388406433e-01
9.282796496340967041e-01
7.779408822109313837e-01
-2.816203468938510479e+00
-1.439110008077796321e+00
-9.185332197898692375e-01
-5.261266224334680830e-01
-2.780987984204302821e-01
3.449579952982479436e-01
5.961946831929892943e-01
8.482882124458889228e-01
8.008102277574777883e-01
-5.755994125623443702e-01
-7.237168694656903600e-02
3.315418177742513461e-01
4.483565134265364294e-01
5.587321222925601960e-01
7.557542475894060141e-01
8.585359263882229586e-01
8.972734844784248098e-01
8.407918937127898396e-01
-1.501359156877050349e+00
-4.953648843922423550e-01
5.317743319404327762e-02
3.269185515345195969e-01
5.120435838906075565e-01
9.375686755684932150e-01
9.684132008119540336e-01
9.828248834507463672e-01
8.540820894143251740e-01
-1.889207581167902994e+00
-8.370853280901677795e-01
-2.736916157300240404e-01
4.575926300783256240e-02
2.554976564246578263e-01
6.485248521677703382e-01
5.857699004322027836e-01
6.596249144297726685e-01
7.414205060185052876e-01
-2.637837063480501509e+00
-1.691640887966985973e+00
-1.208609095180148252e+00
-8.866733699896823806e-01
-6.406510334048020061e-01
-2.068181433793555429e-02
3.248396475447758447e-01
4.756181389583560848e-01
7.262842999589023130e-01
-1.709497524765846599e+00
-7.249155813224221756e-01
-1.818673394116530340e-01
1.167906744183246220e-01
2.933650916806119779e-01
7.369274327710264583e-01
6.648280136248729821e-01
7.982329499782834237e-01
7.984961621752927341e-01
-1.049751242720542654e+00
-4.175339494340485347e-01
-1.019055340217911963e-02
1.279148837306434416e-01
3.112682405512858241e-01
6.349294788308069704e-01
8.824085561684679169e-01
8.784180004317788670e-01
8.505605675008135469e-01
-2.189291418355180152e+00
-1.463967875423090037e+00
-9.250304419860836402e-01
-5.500650789336771762e-01
-2.845221218646659112e-01
3.055549524133711059e-01
5.742778369410080908e-01
8.329900657894871996e-01
8.265777170957175901e-01
-1.457408889067726809e+00
-5.212765896699455004e-01
2.017502050116401144e-02
2.295062184577476017e-01
4.545498387212699720e-01
8.101691639297101677e-01
8.505732501937613987e-01
8.637375437189688254e-01
8.102339256072161877e-01
-1.688241925232116802e+00
-5.806165440007673428e-01
-3.434007799215017722e-03
2.586478955684819447e-01
4.650775227677378942e-01
8.833372800217625942e-01
9.463260234170723928e-01
9.134443320859264581e-01
8.524367977471429825e-01
-1.656892720816291797e+00
-9.117764899653092447e-01
-4.202981776442530903e-01
-1.556946062994709890e-01
6.491321928859208890e-02
5.489113619909543607e-01
7.057382896553894280e-01
8.975346474178005352e-01
8.591824489198243153e-01
-1.391698296711677552e+00
-6.130741214160925212e-01
-1.408397287844815327e-01
4.732026837753875587e-02
3.022379715062108452e-01
6.868774202346827895e-01
7.768880434792420075e-01
1.040858347225743774e+00
8.724640736738601410e-01
-1.728331816633640772e+00
-6.784043289077035244e-01
-1.175125757160731671e-01
1.947948769685337311e-01
3.835318586676314534e-01
7.968278662480401398e-01
7.370926091585823237e-01
8.022503280316580776e-01
8.153322327843286477e-01
-2.158510636491032475e+00
-1.050090728283120445e+00
-4.950833088146694982e-01
-1.701531739480461325e-01
5.724150102346884511e-02
4.427986736993013706e-01
4.539183390109209904e-01
5.319531526345473438e-01
7.530138731286484255e-01
-1.336481391395948570e+01
-2.637957400857374068e+00
-1.633275060801787637e+00
-1.051244405507072877e+00
-8.008990227413820273e-01
-2.448558760178181498e-02
3.457647295363661111e-01
5.362685603143851898e-01
7.911077604486798087e-01
-1.336481391395948570e+01
-2.565396736166989822e+00
-1.502022211322113332e+00
-9.655687381363550204e-01
-7.013067504494879811e-01
7.977269096113896729e-02
4.411149115161637768e-01
6.875556708134487049e-01
8.017817073406222628e-01
-1.308218721465572942e+00
-4.994015936050069104e-01
-5.679225558425080034e-02
9.526453900983580803e-02
2.938968188509653578e-01
6.209196085195056725e-01
8.406315699946000919e-01
8.554697943225413326e-01
8.488420356921942966e-01
-2.180874835337625051e+00
-1.311898824812670394e+00
-7.578386108286759848e-01
-5.215012313636562258e-01
-2.336754026280241925e-01
2.434334869689929459e-01
5.412987152991999285e-01
8.136346712656384872e-01
8.339614744110335209e-01
-8.409345993981715006e-01
-2.857186925774058417e-01
1.806421261930643840e-01
3.259551459122492223e-01
5.387846996036499414e-01
8.285031235848354658e-01
9.253056754805768502e-01
9.912815324594675959e-01
7.977964081728348145e-01
-1.060244537263516307e+00
-4.876899340680163064e-01
-3.870490892873307276e-02
1.318316066345207593e-01
3.331548533517276200e-01
6.178978455382261314e-01
8.604515465628616022e-01
8.712507163622923434e-01
8.262781727513912600e-01
-1.671838506806703206e+00
-5.186064196506402491e-01
1.105173351997609799e-02
2.119787070700465959e-01
4.342434677828752032e-01
7.877276493398260859e-01
9.129511040743479855e-01
9.131017491285363663e-01
8.715399897499627180e-01
-2.702220480106078071e+00
-1.730411612838721469e+00
-1.191594689948494157e+00
-8.516006288409970759e-01
-6.014427022188809646e-01
2.530708593250671073e-02
3.816212227346157393e-01
5.481201901945773614e-01
7.856846647107498249e-01
-1.662886881286510965e+00
-5.311622228837412640e-01
4.010882622242605694e-02
3.033637253760291252e-01
5.029938710709445093e-01
9.202951984426914755e-01
9.702545685769384809e-01
9.526311607902839818e-01
8.757140154193504555e-01
-1.964942035066086445e+00
-1.008698262808775503e+00
-4.384487666704651176e-01
-1.466000177520486170e-01
8.594707377520023617e-02
4.893885067893549157e-01
5.231472978607378810e-01
7.650224629195307990e-01
8.403565837889700463e-01
-1.765574494059252153e+00
-8.157669231257359543e-01
-2.907902856550771964e-01
-1.431259747334283870e-02
2.107733526726308093e-01
6.078830076159807971e-01
6.204954691447271964e-01
8.644141062956037791e-01
8.597325228114879314e-01
-1.532645887837536636e+00
-7.398124466345443739e-01
-2.633502277708659745e-01
-4.633707220062445453e-02
2.146270292121410239e-01
6.157414754146965929e-01
7.294823088423914026e-01
9.939728259100572005e-01
8.723295677818557747e-01
-2.168125219072006615e+00
-1.379187002796406825e+00
-8.057397064849869395e-01
-4.881926406002267682e-01
-2.355006198613363300e-01
2.137453007539370231e-01
6.002640684308171437e-01
8.448815431583821534e-01
9.001574407589979510e-01
-1.616785091934150653e+00
-6.656149644712865410e-01
-1.563120367948479250e-01
1.268845267811297972e-01
3.085681455055333533e-01
7.570996302825411250e-01
7.560230507873233474e-01
9.796851931391753476e-01
8.565389918501425948e-01
-8.578167502822331425e-01
-3.402791124263866429e-01
8.482259462136565453e-02
1.978572269514169979e-01
4.106107670314660396e-01
6.845479698676010250e-01
8.684147750990924841e-01
8.477051268262865147e-01
8.120980675999686094e-01
-2.005037433320186580e+00
-1.065934763718881184e+00
-5.189110037422162147e-01
-2.335580352431393669e-01
9.503699117403039548e-03
4.293624153239847252e-01
4.258931296783143861e-01
6.330889652018568681e-01
8.207414703773114883e-01
-1.715823643891245309e+00
-6.823000200049486041e-01
-1.210105700428193570e-01
1.870218573700583864e-01
3.712667803957396817e-01
7.915512359924053998e-01
7.439310804079792838e-01
7.720868421516720037e-01
8.009856516783162572e-01
-2.033492470092992832e+00
-1.028535044394330189e+00
-4.737094259140752217e-01
-1.529796882750776021e-01
7.825706126283508979e-02
4.538745406468094323e-01
4.695744497341779455e-01
6.261650384312219542e-01
7.731261863010452373e-01
-1.654593215000799589e+00
-7.105151957792480433e-01
-1.573876073066043380e-01
1.366183373535445333e-01
3.239462477484213454e-01
7.448253934464530435e-01
7.053907879858394292e-01
8.797316580898114635e-01
8.503911500655277900e-01
-8.904554664500983208e-01
-2.518927754718406908e-01
1.976876701423000426e-01
3.897846055974821811e-01
5.954801368191082744e-01
9.269304941789163754e-01
1.014907230471574051e+00
1.126586943000410956e+00
9.062103124728568826e-01
-2.554836536951851755e+00
-1.579444748357614392e+00
-1.074152902176419122e+00
-7.842338049960335677e-01
-5.155822777076428665e-01
1.302975089746381549e-04
3.745413097423300752e-01
6.058021669817391652e-01
7.778501843706313590e-01
-1.872568886417223855e+00
-8.289936000839657204e-01
-2.652164582504347723e-01
5.200444427284416082e-02
2.616020097908655639e-01
6.564048233132887544e-01
6.323003244793430344e-01
7.767713361044804588e-01
8.453977508310723810e-01
-7.471042585234980438e-01
-3.093812300283163008e-01
1.114298945732986740e-01
2.560034936445948484e-01
4.210809846619031904e-01
6.870189480495514367e-01
8.539321275269958766e-01
8.423504553755724045e-01
7.826231565503702914e-01
-1.573355162991235900e+00
-6.588177718665314542e-01
-1.577404569646418953e-01
1.163833271468788788e-01
3.066502023632093343e-01
7.463320579785953646e-01
7.712820026390396766e-01
1.009491219016497299e+00
8.826667620840470407e-01
-9.587253110176818804e-02
3.725435863647532653e-01
7.314434549289412502e-01
8.477768654558657246e-01
8.697206139099230571e-01
1.001819478478386483e+00
9.404154583427032366e-01
8.949313374821021849e-01
8.096913232938642846e-01
-8.532344401183721283e-01
-2.823429553777549450e-01
5.784257960667783111e-02
1.905437903203401617e-01
3.044242124642236313e-01
5.627497009400534989e-01
6.705450923755993387e-01
8.761957159063084033e-01
9.200068551351526791e-01
-8.316801194621014082e-01
-3.061875153866102650e-01
9.870702002244421958e-02
2.069151290004514199e-01
3.249364882380780251e-01
5.447205541839889031e-01
6.637061680249027873e-01
8.892064111035054008e-01
9.300457716363310645e-01
-1.846836458739113285e+00
-7.359437756536598707e-01
-1.627049667958372914e-01
1.479787313080639100e-01
3.291028810146309214e-01
7.589419132451642458e-01
7.116843521284509366e-01
7.534511544638542446e-01
8.406992929823814409e-01
-1.038731489335862346e+00
-4.276461019414992681e-01
3.657860997874965141e-03
1.414307955083952406e-01
3.710104606656734472e-01
6.771905773692981079e-01
7.406397884951018140e-01
9.915562608301065062e-01
9.229306920175487372e-01
-1.716752082705490512e+00
-6.741691365205713105e-01
-1.189398196016722142e-01
1.873227478595719531e-01
3.565782627522466885e-01
7.983608597060362078e-01
7.586753513981694397e-01
8.483010194208751020e-01
8.645054781524443843e-01
-2.688043189282984802e+00
-1.678390219421288299e+00
-1.167598931410199548e+00
-8.342413403546142803e-01
-5.858366530765872771e-01
3.345927792709273152e-02
3.879665897498758564e-01
5.606236422247735662e-01
8.130087989323409037e-01
-2.644592334590323279e+00
-1.645053717092430201e+00
-1.071435353150800962e+00
-7.593426160462373176e-01
-5.115915295498065785e-01
4.754957512240790690e-02
4.156638862889246999e-01
6.055887877498399297e-01
8.489720234119346731e-01
-2.155207970302569498e-01
2.657375307361111716e-01
5.886504056407672048e-01
7.134123717221146910e-01
7.203961151703925925e-01
8.418692670870625561e-01
8.628913684077457180e-01
9.717362413390912002e-01
9.412485500182794507e-01
-1.653477733726716359e+00
-5.725590719615685220e-01
-1.815944021133494152e-02
2.804849368231822626e-01
4.634822008546257699e-01
8.811230328037222836e-01
8.746971735022777139e-01
9.505473760202591826e-01
8.976675572330687913e-01
-1.195692665580246894e+00
-3.864699749578489607e-01
1.110540628535478525e-01
3.190740560154730621e-01
5.479529395345821285e-01
9.113864102956269475e-01
9.823062262250850107e-01
1.048864728758832632e+00
8.488608245276141329e-01
-1.575223268212025074e+00
-5.507058259425884339e-01
2.035925345057554292e-02
3.018617703572824551e-01
4.951919949271326171e-01
9.297947417208362042e-01
9.662431299955425157e-01
9.431612041707974070e-01
8.812048126093745548e-01
-1.219715159176575581e+00
-4.218602388732364816e-01
8.543625770903588712e-02
2.931269277129027739e-01
5.289679006490588531e-01
8.892620242384229323e-01
9.594032863736331462e-01
1.022214630277783698e+00
8.322342270254926566e-01
-1.520806803765001991e+00
-7.263790213476143398e-01
-2.445504813428281410e-01
-4.527815701653271907e-02
2.099596975475570559e-01
5.686277120275675667e-01
7.142240593738077292e-01
9.651830881382105209e-01
9.281085569179279293e-01
-1.995006382844622062e+00
-1.008866025201305971e+00
-5.492001427880963682e-01
-2.669559727295958140e-01
-1.625101384110521491e-02
5.048968793642746311e-01
7.049772813339063582e-01
9.069371687719774977e-01
9.232782479049486124e-01
-8.802516169984706540e-01
-2.831757826233890496e-01
4.388232625221247934e-02
1.830509507219423293e-01
3.261882279701944776e-01
6.074005497075162241e-01
7.163611249646598678e-01
9.093078323740718671e-01
9.481716088514735574e-01
-9.900665930685323968e-01
-2.506116363558630322e-01
2.165619679689138322e-01
3.966926593098333842e-01
6.192224260460756913e-01
9.585769011160180098e-01
1.048383222323206798e+00
1.125013901303992592e+00
8.657557749936359848e-01
-2.211415600604168308e+00
-1.218311795312188917e+00
-7.439889758339213177e-01
-4.223521871937337968e-01
-1.713869677758735888e-01
4.202510816401681670e-01
6.632915789054643074e-01
8.829409144678247445e-01
9.214532723083196375e-01
-1.685229168659442944e+00
-6.483077618734875980e-01
-8.735323247513479550e-02
2.198160498971081789e-01
3.972732405660958643e-01
8.237808299025181080e-01
7.900219698871994156e-01
8.758331951763477230e-01
8.885880855667340761e-01
-2.895379419509671148e+00
-1.625600654644538956e+00
-1.024481835246081829e+00
-6.463213407094846596e-01
-3.667334163987130413e-01
2.047776582137051105e-01
5.674926733659189093e-01
8.352350144834761458e-01
9.174834895201232632e-01
-1.614046897971923578e+00
-5.017389452645514281e-01
3.917857683265079521e-02
2.565244681540009286e-01
4.708202322850616461e-01
8.435421768871118609e-01
9.335686630139601316e-01
9.318433527615267442e-01
9.059722276794761608e-01
-8.830541405785874431e-02
3.758936139420208655e-01
7.092617251635099374e-01
8.300105643697887059e-01
8.449228207350937270e-01
9.747193538017909775e-01
9.583595119619262581e-01
9.127992192042275743e-01
8.347468746267476813e-01
-1.651750295225732801e+00
-6.277530400987978432e-01
-7.360914338965515724e-02
2.350277103825963998e-01
4.122977215087627600e-01
8.398759425505832876e-01
8.149857126547053188e-01
9.174342206614549688e-01
9.091297643442552978e-01
-7.348121951190280665e-01
-2.755557577227764066e-01
1.274684011989752341e-01
2.397266461596973541e-01
4.489948859680213955e-01
7.109058711287611354e-01
8.871795082019571232e-01
8.701750768020505289e-01
8.387076667446503597e-01
-1.221437236197397525e+00
-4.220235208269606519e-01
3.597594754521361848e-02
2.445087024016876220e-01
4.595691206956108998e-01
8.260172058355553792e-01
9.047769586598062297e-01
1.103134051568149587e+00
9.628273375109608345e-01
-1.060995689600028991e+00
-3.420904313832239807e-01
1.304988980773441054e-01
3.713140432177527983e-01
5.628038294663032515e-01
9.377822275469760438e-01
1.047013953935028718e+00
1.141616212850864231e+00
9.490777058421523416e-01
-1.681456707070754231e+00
-7.569482385724358720e-01
-2.428640386182512323e-01
2.620603170490187761e-02
2.354723156547801621e-01
6.692085436486124861e-01
6.728389712433487935e-01
9.398933230146253592e-01
9.263540420975471257e-01
-1.603302404074216980e+00
-5.440024617748971947e-01
-1.068147401010442407e-02
2.698045413599794995e-01
4.625524764039458114e-01
8.572186244138169098e-01
9.175719233818387943e-01
9.879009364365177737e-01
9.370797470607373780e-01
-2.707309434689791239e+00
-1.723006289582987405e+00
-1.083824368869968469e+00
-6.986055393168872918e-01
-4.482641128035965705e-01
1.076385906890465760e-01
4.513399111551373855e-01
6.692459090785006781e-01
9.071403297100766316e-01
-1.870331854253600490e+00
-9.295454248966170674e-01
-4.067674059208487569e-01
-1.489820391408488709e-01
1.058462798894648921e-01
5.191973031644960823e-01
5.699048365214380851e-01
8.467181809801030967e-01
9.213982300356816646e-01
-2.341785876400688249e+00
-1.557084315074977798e+00
-9.337150804132765547e-01
-5.915258308274178312e-01
-2.768454726152275169e-01
2.297462759568694446e-01
6.328422080994116072e-01
8.743464593789580519e-01
9.593462269861475766e-01
-2.602125061947313966e+00
-1.714211097710439669e+00
-1.206737815853280882e+00
-8.849651234732793803e-01
-5.555006780930914490e-01
2.208369898064738851e-02
4.711336811832355087e-01
7.377715162413938099e-01
8.757260700756563931e-01
-1.857587257692160820e+00
-7.993081443891497662e-01
-2.329135692081958919e-01
8.096637254364343061e-02
2.742145783840804762e-01
6.948729584317884234e-01
6.648743643150294425e-01
7.282156826624803792e-01
8.912891373717694021e-01
-5.231562485996580358e-01
-4.230135898677342410e-02
3.752531514101388188e-01
4.997724495642108522e-01
6.751595897788829070e-01
9.110045262486222706e-01
9.676854679097359746e-01
1.004825749998353945e+00
8.711462440973475330e-01
-2.647381087348351869e+00
-1.667619823857998229e+00
-1.078047645977184610e+00
-7.652100808272018773e-01
-5.103065946223256377e-01
7.435648031393667090e-02
4.592689135121376665e-01
6.615687318900166369e-01
9.046172829651103475e-01
-1.974642890673604656e+00
-8.250962841439939410e-01
-2.547332397186291564e-01
6.028471191799855688e-02
2.567535192322970006e-01
6.722367451899864399e-01
6.481641413036670629e-01
7.104557709727964410e-01
8.888294087415969935e-01
-1.885673764439043776e+00
-8.567205478257218232e-01
-2.854331438833744294e-01
2.551664427718500563e-02
2.256639822842842480e-01
6.396803297146305134e-01
6.222967279930605722e-01
7.389404109919581742e-01
9.006477876813174799e-01
-2.477473762977842942e+00
-1.393829944935903065e+00
-8.541358677257132603e-01
-5.105139681726164058e-01
-2.663788931342347399e-01
3.285063145163472087e-01
6.200264172045306665e-01
8.837692053160215444e-01
9.375445359920531185e-01
-1.549385059775467255e+00
-4.943558192109734351e-01
4.389944894231792571e-02
3.153592886323018929e-01
5.004391466249149545e-01
8.988839944823893147e-01
9.629595556553608438e-01
1.007686559469123999e+00
9.507343177219370611e-01
-2.030502196552266270e+00
-1.007724579144197552e+00
-4.523190209715500232e-01
-1.517496069308713336e-01
6.631492103802169580e-02
4.974710699673005609e-01
5.127778858977602994e-01
7.098260772897733162e-01
9.117429984103709861e-01
-1.444226361222300081e+00
-8.150277365178830724e-01
-3.907335929987629797e-01
-2.142860611136883087e-01
-1.005202176347698255e-02
3.600275248853610499e-01
6.455191143199988657e-01
8.920664778583117238e-01
9.628342497253233878e-01
-8.535240843358559149e-01
-2.336534895614461871e-01
2.104233286853012808e-01
3.949516742429278193e-01
5.948930610333942326e-01
9.028923330901480471e-01
1.010517177975839065e+00
1.121703970171055387e+00
9.629236292277051357e-01
-3.262916322576703831e-01
1.524316274713085062e-01
4.968472240599510203e-01
6.225906273761245835e-01
6.470482724237374139e-01
7.941745539760078909e-01
8.990361337976273681e-01
1.008934198004600047e+00
9.794553180965742678e-01
-1.878837694136197944e+00
-1.195286303578041220e+00
-6.858621671622431304e-01
-3.883152672187777932e-01
-1.308640109963297993e-01
4.210739160657960278e-01
6.588635465851313544e-01
9.028893531222169644e-01
9.492814593098414244e-01
-1.779261075285889504e+00
-7.513837432192695953e-01
-1.876148439226759113e-01
1.239767372092022563e-01
3.122761465534920067e-01
7.341444089028404951e-01
7.050943071501221127e-01
7.647681615837839120e-01
9.004033455932650698e-01
-1.279725764013343703e+00
-6.340973143321239069e-01
-1.622275730323500809e-01
-2.450430455342890316e-04
2.143811678578614044e-01
5.805764814102029048e-01
7.151009870010619496e-01
9.697782576305395974e-01
9.609632528895052372e-01
-6.978711180424879146e-01
-1.337223744096994460e-01
2.830630067827196727e-01
4.221927930951344665e-01
5.901196221351069360e-01
8.300423411812520857e-01
9.627134868840294679e-01
1.002261110488376961e+00
9.220897165899359926e-01
-1.949957007726512703e+00
-9.444769930357242993e-01
-3.742826176438671659e-01
-5.328608775805218634e-02
1.618122613882447547e-01
5.613464455447113588e-01
5.778079160110167756e-01
6.919956596801144499e-01
8.949393544904603592e-01
-1.689508255534056591e+00
-7.074264242844056083e-01
-1.913962223800836082e-01
1.007692258205864638e-01
2.813491833529736530e-01
7.282989100500322222e-01
6.987465297921187091e-01
9.214939952210976504e-01
9.357574429538798588e-01
-8.073734274799063693e-01
-2.518893903384036292e-01
2.121913144404550255e-01
3.549785858349860934e-01
5.742712440174243538e-01
8.677982511573727464e-01
9.587617335909875971e-01
1.006806816838615726e+00
8.526232227986592083e-01
-6.909587309950370182e-01
-1.347864053942265383e-01
2.874939462330050044e-01
4.270828635027272835e-01
6.095700828409142957e-01
8.617358155580220336e-01
9.789656493764602452e-01
1.023057399438253467e+00
9.094498412166694967e-01
-1.591988743493996994e+00
-8.663924776010566431e-01
-3.627093023639062497e-01
-1.579196267459255787e-01
7.512727936231297643e-02
4.533269808477703444e-01
7.400387425947627662e-01
9.592680984430285163e-01
9.836371694733572202e-01
-1.867655995403007863e+00
-7.839347740549070798e-01
-2.168654884003682060e-01
9.813679338524194939e-02
2.985846991010788765e-01
7.066919473483037617e-01
7.031530161836182513e-01
8.491334678525404023e-01
9.189450496283686487e-01
-1.677838595043048997e+00
-5.948962622231575015e-01
-5.619827474607486106e-04
2.439822954462691762e-01
4.492050612806494092e-01
8.627597162617531845e-01
9.146595381155447901e-01
8.924775501850930048e-01
8.830253040480340321e-01
-1.968730875080177078e+00
-9.261617107139673566e-01
-3.690459122902390865e-01
-4.902509413402928590e-02
1.778537543405311894e-01
5.675220845646822276e-01
6.446343351097324481e-01
8.476703822887753370e-01
9.264623365424305979e-01
-1.562462015545335037e+00
-5.178733280400323880e-01
2.823355557150224529e-02
3.134428135674472427e-01
5.008705087083002994e-01
9.040089223235912019e-01
9.533488340750114753e-01
1.010782903948432399e+00
9.528198061809874941e-01
-5.959071557501431915e-01
-2.262616327293484331e-01
2.056499679456966767e-01
3.365808860118776336e-01
5.343900515730589662e-01
8.075557505629626931e-01
9.373091725117346229e-01
9.504813036078889610e-01
8.579931342760362956e-01
-1.453837824682075175e-01
3.206942409733168908e-01
6.289971914884391335e-01
7.508803088994130404e-01
7.598311934461744466e-01
8.896345426110601196e-01
9.509759057738141896e-01
1.021498881368610778e+00
9.834617798355189677e-01
-1.549944427514695189e+00
-4.488762448891271961e-01
6.272345079618256436e-02
2.533935860246197547e-01
4.647382329612352314e-01
8.075692093264055238e-01
9.000054286185700247e-01
8.924881448897423741e-01
8.754741320638758095e-01
-1.775789102789354645e+00
-9.071107124576029967e-01
-3.936790612438501036e-01
-7.061887979608517940e-02
1.605471768092077978e-01
5.434199015071149441e-01
6.872852088176415464e-01
8.934856256862633295e-01
9.421033555837002860e-01
-8.231167960001818384e-01
-2.767399986336643858e-01
1.406455334257053769e-01
2.786234797859281631e-01
4.512848631112101883e-01
7.127906279549716118e-01
9.023111147785675135e-01
8.909198843004468849e-01
8.256663041564361594e-01
-5.585304041514173035e-01
-5.516114177610247082e-02
3.448527902181054983e-01
4.645396618785556098e-01
5.992462359509936887e-01
8.159371894069404885e-01
9.249784803753063889e-01
9.236743536369279584e-01
8.384767644673188913e-01
-7.774263262254473839e-01
-4.648997971620014158e-01
-6.584537080514446528e-02
1.554008053887286911e-01
3.454207253935154265e-01
6.549084016389401519e-01
9.186071222040298467e-01
9.890361426451109716e-01
9.525387072972757441e-01
-1.595611290575048358e+00
-6.240251750473524428e-01
-7.489834025009983742e-02
2.267753733514807912e-01
4.150128155890297488e-01
8.299877475760057965e-01
8.414507078660754535e-01
9.621863762251420260e-01
9.497907958733553535e-01
-1.545042663755066714e+00
-4.742164441849369139e-01
5.404420924738719684e-02
2.500758059552540269e-01
4.591917005530557483e-01
8.302459358322039629e-01
9.672721501768066776e-01
9.460775827835211649e-01
9.149138206501542525e-01
-1.548723102632361348e+00
-4.783866104125577556e-01
6.847563210166068837e-02
2.971429769098136719e-01
5.024850290938186470e-01
8.859912508487733929e-01
9.918355482946633606e-01
9.881255266902672085e-01
9.458075611485379230e-01
-6.030161179675537220e-01
-2.394109931294353677e-01
1.785646558786882776e-01
3.087078649394598417e-01
5.044534743505968422e-01
7.649815348355210043e-01
9.237664635333742158e-01
9.092643429718539894e-01
8.625550122838719913e-01
-1.450276254675950227e+00
-4.331422909686754030e-01
1.024011398535541739e-01
3.333774143187351324e-01
5.295230484319588538e-01
9.264693389282103730e-01
1.002533305622214987e+00
9.986364329102104254e-01
9.421305528969207144e-01
-1.336481391395948570e+01
-2.389471942500282164e+00
-1.487141582101919823e+00
-9.347419036369586376e-01
-6.791449161258624745e-01
7.128559266669705352e-02
4.589731252142109086e-01
6.737824205959022095e-01
9.244118455747402097e-01
-1.525493716802405642e+00
-8.782273078877074202e-01
-3.698167251212459150e-01
-1.795720831844239973e-01
7.532893257232760320e-02
4.904441244622925189e-01
6.993083445912346985e-01
9.557035426050163318e-01
9.582326470666675533e-01
-1.670997081622793035e+00
-4.817845886015512669e-01
4.826438681068816877e-02
2.666544743487468949e-01
4.833202769695447154e-01
8.532833873225141863e-01
9.584083600194851504e-01
9.579429483410293322e-01
9.311221820378124958e-01
-4.756446456226443575e-01
4.476511889329109345e-02
4.391569696653501720e-01
5.328556139502036437e-01
6.432472633288708330e-01
8.034753072215736758e-01
8.081400418714048683e-01
9.897983687511897610e-01
9.957600421013484970e-01
-1.582356474168199689e+00
-6.131742258111071431e-01
-8.703266917707788708e-02
1.931288069710905830e-01
3.722102202208018018e-01
8.045739452624993682e-01
8.647358572584131764e-01
1.047626429055232622e+00
9.618177987831284526e-01
-2.017438653406410598e+00
-1.180885660108086155e+00
-6.195223744924704956e-01
-3.303126098505539954e-01
-6.862810567649348104e-02
3.731608536001732590e-01
5.017131755749293376e-01
7.420928794575732956e-01
9.313981563784172746e-01
-2.516752840280763071e+00
-1.508479458692877806e+00
-1.010447168231989989e+00
-6.942214747587800439e-01
-3.907781308203019943e-01
1.356579184424679951e-01
5.468875928505887440e-01
8.139832048659771946e-01
9.162852104057079838e-01
-2.657666724133872282e+00
-1.615037443352882685e+00
-1.076628628707450686e+00
-7.407905965213766875e-01
-5.011410598678751604e-01
1.123411260263002670e-01
4.650193827260541979e-01
6.557051638605644328e-01
9.035071786373408687e-01
-2.713579793991798716e+00
-1.695288711132375559e+00
-1.197966663277758359e+00
-8.673012623815583577e-01
-5.312918757517872681e-01
5.125679585687654971e-02
5.015177266133606926e-01
7.665446101178478022e-01
8.996364472664930556e-01
-1.756162856715973053e+00
-7.293298262418524969e-01
-1.972956728065370646e-01
9.016737992526165091e-02
2.737237485465972009e-01
7.186338949763008133e-01
6.937672438754920456e-01
9.198944097315698842e-01
9.420091477572565264e-01
-1.681102150706345055e+00
-1.005804390359487765e+00
-5.529976949532694475e-01
-2.957222927101288978e-01
-5.653485623241229913e-02
4.805650624309840691e-01
7.200463031861660257e-01
9.197464308923454235e-01
9.708167553743640710e-01
-2.284172415282406554e+00
-1.718934771164360775e+00
-1.085610770349299425e+00
-6.936928167270736134e-01
-3.976472509509146880e-01
2.173981125755878596e-01
5.886389267123991464e-01
8.522065197529162806e-01
9.460978836881370757e-01
-2.776408884296607815e-01
2.014634958855738844e-01
5.721804521245710262e-01
6.860702751912268749e-01
7.466236012424539714e-01
9.091889421084111689e-01
9.695536159450959257e-01
9.711131291490324724e-01
9.100557383512848375e-01
-2.431579820295340699e+00
-1.608754703477461856e+00
-9.311169020630533089e-01
-5.674712383207893840e-01
-2.502382433850939836e-01
2.638992229998202710e-01
6.753036660874484065e-01
9.075928526619996273e-01
9.819295296001513407e-01
-1.671285698383317087e+00
-6.996525496032611757e-01
-1.651411250998054969e-01
1.196395210967627631e-01
3.260111352185185996e-01
7.327409507920404907e-01
7.910682781219682269e-01
9.943052005020240891e-01
9.635520027854151959e-01
-1.115945224342778319e+00
-3.860707508549389710e-01
1.212131703940556582e-01
2.907210846237835988e-01
5.233640145813152067e-01
8.435321813101200883e-01
8.983601427296538100e-01
9.183652060612521595e-01
8.390410501212093308e-01
-2.686954696265150488e+00
-1.683227782495007929e+00
-1.197336981922606070e+00
-8.471290860780212872e-01
-5.479675210870654789e-01
3.848106108329073932e-02
4.697718370744530803e-01
7.128175776512705175e-01
8.904155268485055563e-01
-4.557159876778266727e-01
3.103226893966545136e-02
4.267915170082583476e-01
5.387539873021244263e-01
6.649670380448429174e-01
8.664014196748119900e-01
9.198739089088618925e-01
9.206919860513301801e-01
8.222905334198026273e-01
-1.168250675584328491e+00
-5.379303470443475010e-01
-1.206657707778708150e-01
2.860053919150179480e-02
2.279959130315198368e-01
5.155373276764989576e-01
6.751944295798144591e-01
9.129950522765102328e-01
9.710401831954039720e-01
-1.569067617972486950e+00
-6.801009511832789567e-01
-2.078223855746373361e-01
3.085251482344215576e-02
2.644287043409693783e-01
6.886493375479579848e-01
7.874558928431977245e-01
1.045449180491497376e+00
9.706933777225210669e-01
-2.291356054934290842e+00
-1.306117524085600223e+00
-7.456121746166168851e-01
-3.969711855844230697e-01
-1.131378791967613262e-01
3.384640377892704777e-01
6.934336252043831195e-01
9.189951124965027862e-01
9.660591407146394971e-01
-2.106302810040495466e+00
-1.050493501087254256e+00
-4.818595043993437743e-01
-1.738168137713896610e-01
4.708721715200855223e-02
4.723329831725966432e-01
5.315713026417601128e-01
7.239247548817123734e-01
9.223332815654851080e-01
-1.751262382373498294e+00
-6.775535287982823451e-01
-1.165883256881993513e-01
1.916110163328080540e-01
3.748000994246106776e-01
8.007769746536300692e-01
7.749073791728583460e-01
8.598687633602999369e-01
9.189061044045360171e-01
-1.679714893509343554e+00
-6.928748331392511339e-01
-1.384283057259799166e-01
1.735449143725387999e-01
3.486832279646853161e-01
7.834137111971887224e-01
7.524291729918588523e-01
8.349950604140689014e-01
9.237817208292528059e-01
-5.115948829863727898e-01
-2.253150140189588008e-02
3.623327463841000129e-01
4.780309287626736681e-01
5.490479971189564656e-01
7.261278229595101719e-01
8.683339103860600039e-01
1.008744317926993039e+00
9.867768056783779995e-01
-1.124259776110152265e+00
-3.694618345023333306e-01
1.220836052635768387e-01
3.112372865908702435e-01
5.490700363180275323e-01
8.866803984596068888e-01
9.575213958216822752e-01
1.023091203441060637e+00
8.378339034676783870e-01
-1.700529847255116467e+00
-6.764492340682853877e-01
-1.678973257466221947e-01
1.178717339883343651e-01
2.991929313449181449e-01
7.484462014431554344e-01
7.577238639755085048e-01
9.932443774341279674e-01
9.533593927929373546e-01
-8.474951833483441721e-01
-2.059269763177474510e-01
2.065841026443007433e-01
3.390758818214956172e-01
5.581398876404881637e-01
8.230163019621733467e-01
8.268867871925841273e-01
1.045406507205749236e+00
9.894097558624981303e-01
-1.370915630867171942e+00
-4.172687861602237258e-01
9.039149892525299990e-02
3.341293873759039190e-01
5.420421371943187072e-01
9.523797170996930461e-01
1.011193657058705231e+00
1.059819266359696144e+00
8.709063952962646793e-01
-9.192887862959983059e-01
-2.310047238588963103e-01
2.318861846485092693e-01
3.918974647379190324e-01
6.128687158852519357e-01
9.244949731014712180e-01
1.010131561957866575e+00
1.082718836649592786e+00
8.567032727862916586e-01
-5.529748953860610383e-01
-5.814874748348500266e-02
3.023423205480637588e-01
4.210366845873521058e-01
4.845623495296179084e-01
6.826248600136665123e-01
7.702807149987120905e-01
9.586069346403900404e-01
9.996698966201325032e-01
-1.326009910742465658e+00
-4.172532989338226805e-01
9.064653734060651447e-02
3.177944140494626257e-01
5.379745890321193658e-01
9.272463723283380643e-01
9.912476785134156643e-01
1.043583023676979415e+00
8.583029405185185201e-01
-1.302870716228289538e+00
-6.629682517569017719e-01
-1.694867200916380379e-01
1.059774931420254668e-01
3.168993285455248832e-01
6.856391566006789784e-01
8.470221272957833003e-01
1.000313050174308716e+00
9.600976354286293590e-01
-1.645708445380453577e+00
-5.872664118876737005e-01
2.822309640844476719e-03
2.584424824938921783e-01
4.603551799834867397e-01
8.725910357643895665e-01
9.315478794291226494e-01
9.062678865790406713e-01
8.967765893985703007e-01
-1.657931433554021838e+00
-6.162779646722087445e-01
-6.226138146484072600e-02
2.390185027811571050e-01
4.198454415506007176e-01
8.462656965412972410e-01
8.421084382065865404e-01
9.725336820411728533e-01
9.549578267119157582e-01
-2.064006035223435453e-01
2.668737857380397704e-01
6.329333488462025592e-01
7.454423484756995677e-01
7.943170571949998982e-01
9.467811401991258480e-01
9.627545163954416285e-01
9.389338765452375224e-01
8.649400579714707771e-01
-1.693385672055367275e+00
-8.029543519511378458e-01
-3.623011720413994441e-01
-1.174512567708275307e-01
9.919146199803138830e-02
5.310589404479429954e-01
7.106598515843722819e-01
9.382348645974094570e-01
9.714921692325703129e-01
-1.593874808657100850e+00
-9.238546956179080061e-01
-4.475849756409691071e-01
-2.347571790899160293e-01
-1.008110058069985535e-02
4.500018365276707288e-01
6.732193646889123029e-01
9.372052903148437863e-01
9.592245783746844445e-01
-6.854723170657441855e-01
-9.436368271656246642e-02
3.493214344947024319e-01
4.844801572006826595e-01
6.950329832591842782e-01
9.788632903249355754e-01
1.022312467960554194e+00
1.090042779428191055e+00
8.745370279316007078e-01
-1.920640195476990941e+00
-9.363186084068190196e-01
-3.902074628390559408e-01
-1.053419510243414764e-01
1.192250798745637247e-01
5.494389512744188853e-01
5.421388575215181360e-01
7.684774573723834878e-01
9.333360461188793256e-01
3.094907133477189931e-02
4.935632504884963079e-01
7.988773856515910543e-01
9.240300562783532179e-01
9.271379046429755189e-01
1.038781335637424919e+00
9.828591376796751433e-01
9.071970894324516976e-01
8.212936544929975158e-01
-1.705169693640940620e+00
-8.592825985306992154e-01
-3.503679500062972241e-01
-9.138730817218887470e-02
1.507403645659942948e-01
5.697243832914511419e-01
6.098301646600989834e-01
8.857110422488206902e-01
9.471220186224756921e-01
-2.115981551022884322e+00
-1.158063095582932966e+00
-5.932223452700277067e-01
-3.357417261891668114e-01
-6.758437506998261901e-02
3.811317366871347923e-01
5.830201484547057333e-01
8.481322121981110795e-01
9.441209139576040021e-01
-1.916108916646494187e+00
-8.663700102574736217e-01
-3.011683725782093868e-01
1.177237382662205296e-02
2.103476730300382347e-01
6.313160122147513098e-01
6.162375790145954157e-01
7.266972505221966916e-01
9.163572249337432751e-01
-2.441196200269136529e+00
-1.476582651219750630e+00
-8.812767073924473449e-01
-5.142000695713054848e-01
-2.100372134428186710e-01
2.853700148179934559e-01
6.860566731095010251e-01
9.164303419152115548e-01
9.850074842709406475e-01
-2.473338592751051390e+00
-1.471923723637169390e+00
-8.955536929325043083e-01
-5.426124136580640078e-01
-2.575610599238741250e-01
2.269879123883887517e-01
6.056015960154260691e-01
8.399680902368507063e-01
9.462592377274333666e-01
-1.187142300443596810e+00
-3.850314623527888447e-01
1.167141335461365503e-01
3.042546718121936222e-01
5.344233725317859562e-01
8.878664270118215018e-01
9.527052896943721816e-01
9.619061810126966483e-01
8.703361913312487319e-01
-1.539265472078480412e+00
-4.728886862428026139e-01
5.913590913934970578e-02
3.381568396112667463e-01
5.150281028391568983e-01
9.224308555364647555e-01
9.762252088350446000e-01
1.042962754027052741e+00
9.612784503122794311e-01
-1.701061013510992925e+00
-9.696623618339557105e-01
-4.978909001857067529e-01
-3.019559804727212637e-01
-5.699236666048985295e-02
3.396921376738040177e-01
6.306747390522583485e-01
8.852910606682687922e-01
9.622958659358991085e-01
-8.768503650436186847e-01
-3.168953652003439481e-01
7.638010390264056426e-02
2.004490537473090361e-01
3.612472647453453534e-01
6.062176953128843859e-01
7.110281046677476846e-01
9.300192484835350104e-01
9.836489698046593233e-01
-1.562759320457402401e+00
-6.460221457949031354e-01
-1.497740262697660751e-01
1.104525407427267986e-01
3.252957287440678691e-01
7.295400045128075384e-01
8.418715903172834247e-01
1.054089177012078826e+00
9.784839980399233639e-01
-1.259372344008306444e+00
-4.630849570909945645e-01
-6.322725048203675646e-02
5.738518316542229325e-02
2.791751626480426518e-01
5.968915339365113981e-01
8.312377440746782087e-01
8.230759112559929980e-01
8.593226040406795052e-01
-1.747745276861977004e+00
-7.505090215277425703e-01
-1.844767396973609475e-01
1.203857179914169101e-01
3.098378065891515543e-01
7.326617700647022335e-01
7.131138187782283255e-01
8.603464097159738699e-01
9.312277557587579357e-01
-1.727870666126630317e+00
-7.158482421680402163e-01
-1.589316644838041082e-01
1.529057899972635082e-01
3.421138785456985243e-01
7.607313538462245894e-01
7.349471572625420057e-01
8.201233710795446941e-01
9.135348813257154754e-01
-1.698925462615917148e+00
-8.251160948509190796e-01
-2.770556211166749772e-01
8.497677748338698656e-03
2.199378547065550804e-01
6.405252903409696108e-01
6.761599504184860887e-01
8.993395096054295212e-01
9.534515213012015877e-01
-1.844043462511634646e+00
-8.090760070287198458e-01
-2.298454737649317514e-01
7.888209766866326189e-02
2.701542360754133898e-01
6.948220183859179500e-01
6.667783402210207822e-01
7.596020264853013959e-01
9.203659844598353068e-01
-1.141512284277190092e+00
-4.593424824590447986e-01
-1.244316701575242864e-02
1.452301630658536513e-01
3.728666239805942251e-01
6.799732092053923926e-01
7.949828163849030904e-01
1.022073514567097163e+00
9.909729942556941840e-01
-2.503719768756054620e+00
-1.466355733994956001e+00
-9.044751660768772794e-01
-5.856724621640678752e-01
-3.378077999231290929e-01
1.713506091660267905e-01
4.858349570513746385e-01
6.816781119636533548e-01
9.189522815961822522e-01
-5.741387141614077150e-01
-2.069512477713470189e-01
1.862679269026769335e-01
3.028751054430325884e-01
4.980431303919465869e-01
7.497204924658472658e-01
9.096629818006046753e-01
8.916377916561720740e-01
8.441848374185957349e-01
-1.293105551770683814e-01
3.418591299783115267e-01
7.100320735179436182e-01
8.226154324077095126e-01
8.629783878577184097e-01
1.005112647973715134e+00
9.931456760771171233e-01
9.715525454043388853e-01
8.981947909557985721e-01
-1.784439994165019305e+00
-1.071268067498867049e+00
-5.293056258418850080e-01
-2.937653046557821002e-01
-4.396037760162474495e-02
3.798095780825632151e-01
7.228908610128087497e-01
9.464773334842602193e-01
9.890690841842718628e-01
-1.939813968563070201e+00
-8.700046361847569854e-01
-3.137367238158050853e-01
4.482822889627455058e-03
2.187461294231009545e-01
6.140163082443979015e-01
6.266121541032563247e-01
7.676131743088766557e-01
9.038119163577342796e-01
-1.137912872176699564e+00
-3.387629552836150526e-01
1.435321414984462030e-01
2.730033535490028473e-01
4.816820331429511048e-01
7.719656138293464753e-01
9.063853406334453355e-01
8.890774386735615931e-01
8.600779884141717124e-01
-1.349765123422353552e+00
-3.942006280859784995e-01
1.170774789761226120e-01
3.500346169679097730e-01
5.578594497374282923e-01
9.605550448855511014e-01
1.026582064103136238e+00
1.071349592483529012e+00
8.850170870012732394e-01
-2.053550070362843982e+00
-1.055835761308388854e+00
-4.972171685483423031e-01
-1.698095931621450283e-01
5.449229836776258579e-02
4.521772710078025281e-01
5.376047742921344907e-01
7.011033373894877130e-01
9.087877474888007567e-01
-1.776457280793018345e+00
-7.789034102086428435e-01
-2.501382689306261842e-01
3.349135846733834049e-02
2.346493899654934490e-01
6.710082577892880762e-01
6.512274492227585476e-01
8.965476491124436675e-01
9.462577533835636601e-01
-2.720106137256854240e+00
-1.707022681103897543e+00
-1.128268731647735335e+00
-8.010749702070637523e-01
-5.452872524739903470e-01
9.420915167545819424e-02
4.918489700871013226e-01
7.001691632549819078e-01
9.256421419401331674e-01
-2.424579500246507813e+00
-1.434198231244677713e+00
-8.014881201492125573e-01
-4.882775808384721139e-01
-2.292557168934342138e-01
2.599913852466804176e-01
4.757866276578090470e-01
6.956937391738560184e-01
9.335592582964314934e-01
-7.334252857667244996e-01
-1.830993978063986116e-01
1.705538058062911200e-01
2.980164320633512665e-01
4.113744787585493778e-01
6.512274492227585476e-01
7.476771082080624353e-01
9.431261033940010474e-01
9.954389525305377129e-01
-1.502339047265891514e+00
-6.197417876079147625e-01
-1.199301384879841587e-01
1.472366326169735062e-01
3.520426818424913784e-01
7.628596126004858480e-01
8.668888292487009206e-01
1.067335166290609205e+00
9.780945924378099399e-01
-1.630372479869950597e+00
-1.066595591905941331e+00
-5.631065556753301893e-01
-2.361878891436285377e-01
7.238604627603466637e-03
4.144025987179938419e-01
7.321774401125966669e-01
9.405021982102008682e-01
9.582744731270309568e-01
-9.158625311194836804e-01
-3.413935367387606057e-01
-2.640796237309585986e-03
9.468390265562953712e-02
2.851235329518241324e-01
6.212312187549399178e-01
8.717178782213754751e-01
8.730460370096820855e-01
8.945208682971487191e-01
