-1.802709511437384116e+00
-5.799231485731789482e-01
1.244368368734732611e-01
5.153758865600113204e-01
7.754638876986953422e-01
1.204317369314454655e+00
7.218251867446852099e-01
7.797224787269636526e-01
-1.370257772411619807e-02
-1.784521675422910514e+00
-6.929971818906430769e-01
-1.752445664658991709e-01
1.744718862875167531e-01
5.485812839542614228e-01
6.855043467087301723e-01
5.424530878747957363e-01
-2.008861658345326429e-01
-4.592809657047046135e-01
-1.659858075437541824e+00
-3.992851084299182673e-01
3.044809829525250700e-01
7.024608059269797922e-01
9.419258533329373240e-01
1.336773861738560276e+00
1.004258556868321772e+00
8.247441664972137154e-01
4.022434918139269899e-02
-1.690022812727486556e+00
-7.182758264105519874e-01
4.205162956317354261e-02
3.795223787702297069e-01
6.681952871572918173e-01
1.140932688182884958e+00
8.573924051472220365e-01
1.334661236282139285e+00
3.266816645368285643e-01
-1.754532589289536704e+00
-4.492785214906103164e-01
2.416507932298792016e-01
6.399514035606916895e-01
8.777993089522505565e-01
1.347145044040832795e+00
9.404635581390510257e-01
1.100298913313269900e+00
1.592500143023468373e-01
-2.145438954124156083e+00
-1.009360071940193393e+00
-4.950935640141306271e-01
-1.841743708211391051e-01
2.001546029588691655e-01
3.896480615747973109e-01
5.599975771625571863e-02
-6.970311228490611022e-01
-5.798102489139953519e-01
-1.852833825628220632e+00
-5.796994526399205094e-01
1.159352308095288331e-01
5.228845555254887367e-01
7.861160963083819730e-01
1.133925066067684284e+00
7.197101507788978836e-01
3.659119566382332822e-01
-3.471827386781498742e-02
-1.706033765483089271e+00
-4.184872358947594462e-01
2.030468920088411289e-01
5.908951597749804163e-01
9.052321832924041800e-01
1.123189378930787408e+00
9.578334552879104180e-01
1.907736056243047040e-01
-5.916824274586768989e-02
-1.763102869145181550e+00
-4.532727245056987209e-01
2.239069190542914700e-01
6.199932834675445648e-01
8.897004256881191342e-01
1.197180036689087679e+00
9.549977068374263522e-01
5.804440841498333947e-01
-8.101197786200402262e-02
-2.103160285705308663e+00
-8.465329531303608102e-01
-1.500547300169063070e-01
2.539617829724969411e-01
5.158996951231112904e-01
8.862271190158419465e-01
1.762893209317976939e-01
-2.117960539268216348e-03
-1.466912611272157829e-01
-1.643151490437599005e+00
-3.618288280919196853e-01
2.873229430883950664e-01
6.814660577881768155e-01
9.643304395295835274e-01
1.242079077919889141e+00
1.062602425754530344e+00
5.921702113454967442e-01
-5.757912474309006406e-02
-1.841723124386588140e+00
-7.290601159615837101e-01
-2.157238632804430178e-01
1.270260159864955718e-01
5.063761961269663825e-01
6.481701833068269636e-01
4.816343026137927530e-01
-3.414418648973118753e-01
-3.869518302110912522e-01
-1.943448188409511168e+00
-7.143774006140479749e-01
-1.240101831122455422e-01
2.468714892103313907e-01
5.818986016800562489e-01
7.963152039104455238e-01
4.858847771472536992e-01
-1.798660491472656719e-01
-3.852348830251801637e-01
-1.731849588446202626e+00
-5.279127136966174083e-01
1.615896678112689611e-01
5.597850179683523386e-01
8.253731112532474157e-01
1.302551929498821037e+00
7.658878695166787542e-01
1.098768620541323626e+00
1.993999197975465376e-01
-1.707757945359590579e+00
-7.947852507976029823e-01
-3.038364743262144188e-02
3.292579868415396183e-01
6.247838644827899968e-01
1.101859004576427603e+00
6.753552189581212284e-01
1.215802136518237431e+00
1.976873791965783889e-01
-2.731398849563039022e+00
-1.912494244685153388e+00
-1.661975256936195189e+00
-1.453918124334257600e+00
-1.047981584466568306e+00
-8.904170770761452580e-01
-1.057653596866870993e+00
-1.646658500016620952e+00
-1.268360743401729440e+00
-1.728722687228281041e+00
-7.297509116437904675e-01
2.600020514335045149e-02
3.393813230018814520e-01
6.560572032376266183e-01
1.120958286712321339e+00
1.023563822451204475e+00
1.408648126062917116e+00
4.626662725459817493e-01
-1.892030519153909518e+00
-5.572007622122353565e-01
1.294788442705862852e-01
5.325574725477658644e-01
7.999132310767282927e-01
1.135752140145447342e+00
7.541969018465721764e-01
3.570858005183498718e-01
-1.952787003824317524e-02
-2.869036569238240908e+00
-1.656041944008863398e+00
-9.083014838546699110e-01
-5.590499674121305329e-01
-2.407776836072037241e-01
1.643703129984740718e-01
-5.229802860392326336e-01
-3.651931810376577436e-01
-5.907710986115106699e-01
-2.181276354049359600e+00
-1.054557602824357510e+00
-2.592756620530982659e-01
1.580746189200234741e-01
4.496230902846659605e-01
9.365388561016169122e-01
1.695750016326996179e-01
7.437549685838248381e-01
-7.575780270882312428e-02
-2.802931419175248795e+00
-1.680181263816054926e+00
-1.210394307387816948e+00
-9.564758239202618695e-01
-6.381336065247519285e-01
-2.949609014040499022e-01
-1.031668179097908533e+00
-1.509302888554180599e+00
-9.606483275495000251e-01
-1.822702800223233721e+00
-5.884127954098214985e-01
1.170231352156241439e-01
5.210639077421200804e-01
7.654133696164593381e-01
1.199671565723966271e+00
6.523977314604043620e-01
7.254055222085858956e-01
9.421984265412880477e-03
-1.814039595777656944e+00
-5.069691364760597896e-01
1.861231577155204875e-01
5.862709239703165487e-01
8.285713881826769489e-01
1.212112979772721699e+00
8.641836162526991272e-01
7.257311795952596789e-01
-8.660475352596251619e-03
-1.884839621696162704e+00
-7.369789270828341898e-01
-2.835086638117800470e-03
3.482508891221287595e-01
6.601771641244338351e-01
1.129021347040286782e+00
7.427039212535685442e-01
1.202487721611246396e+00
2.549040711584914520e-01
-1.866371413805960833e+00
-7.678201200212210198e-01
-2.593120863207173388e-01
8.261613000341296031e-02
4.599525505127161074e-01
6.065231870592300290e-01
4.247125249251420542e-01
-2.619667740360602792e-01
-5.127251218576241998e-01
-2.571763164888860143e+00
-1.734824039766161397e+00
-1.451058864860291564e+00
-1.228897075288587937e+00
-8.101404205246298673e-01
-6.635381157872924929e-01
-8.349786496118607459e-01
-1.664248386186643947e+00
-1.204924952996069054e+00
-2.739274367789222620e+00
-1.689743702185587226e+00
-1.282715688284246536e+00
-1.052293948434556148e+00
-6.749638542889608850e-01
-4.365772290319346327e-01
-9.068671694128331850e-01
-1.318582870911588545e+00
-1.068468694990349244e+00
-2.073508214422887352e+00
-8.120254143634932920e-01
-1.639465046213125221e-01
2.261572461070065210e-01
5.076789577233918882e-01
7.810022539409938735e-01
3.626958707874046173e-01
7.831734540822964108e-02
-2.972225228036857736e-01
-2.877647986075960507e+00
-1.717965931352478215e+00
-1.222662961841448404e+00
-9.740261617807391969e-01
-6.749467881841334505e-01
-3.076688026450449254e-01
-1.190766975522115523e+00
-1.482909775753324944e+00
-9.080983520775974815e-01
-1.867043241507662099e+00
-8.359270188052086992e-01
-8.002583809902449885e-02
2.597817966736400974e-01
5.877718093856608705e-01
1.058167539602058005e+00
7.520706771928079570e-01
1.213513629453881304e+00
1.871735317443280200e-01
-1.798502602653808236e+00
-8.006595757990311313e-01
-3.470986098631567013e-02
2.783366634082380386e-01
5.659791813981908115e-01
1.038292693480152407e+00
8.977468077075448916e-01
1.319374811780084977e+00
4.143322266208253613e-01
-1.823338862365891044e+00
-7.344868901147003637e-01
2.046848439881395268e-02
3.534585078193199781e-01
6.803119097769938506e-01
1.146431847431847117e+00
9.103206568296826617e-01
1.353054264243451543e+00
3.536077037585140803e-01
-1.708316282891562565e+00
-4.247013052191869198e-01
2.794414575511161014e-01
6.739675711045712836e-01
9.086812415463508819e-01
1.335250458603604473e+00
9.958276234116398840e-01
9.593265853809126442e-01
9.449264783671663948e-02
-2.937797265071696362e+00
-1.679915295035684375e+00
-9.220531502476342345e-01
-5.683853948600465777e-01
-2.844237524368584680e-01
1.438803867948458548e-01
-4.489030539579296764e-01
-2.222667236747947472e-01
-3.751299227637162614e-01
-2.782533532939741594e+00
-1.769311925452170531e+00
-1.396307258206994417e+00
-1.174412779997643375e+00
-8.111371024933338170e-01
-5.396089603737648233e-01
-8.002453136134685119e-01
-6.636806774717182167e-01
-5.449958688503085957e-01
-1.746785827023732196e+00
-5.636655217693681275e-01
1.303894535541544608e-01
5.182142571984873491e-01
7.791998968957398741e-01
1.239076591886481671e+00
7.646559011833423680e-01
9.868828786013877918e-01
1.031950022224969038e-01
-2.122218389473997657e+00
-9.162118824135119244e-01
-1.935902998389561758e-01
2.087281398928874654e-01
4.877551858262572648e-01
9.363491292577034164e-01
1.612806941623127488e-01
4.753621264116689171e-01
-8.676905442399326929e-02
-1.965260629007968607e+00
-6.579618371552059530e-01
2.426392095079103750e-03
3.999245524195141899e-01
6.786055976074767404e-01
9.687431546732147014e-01
5.791597507078733997e-01
1.299597604480583202e-01
-2.297183643530829600e-01
-1.608637898822777634e+00
-4.704345251040066844e-01
9.085927224946112324e-02
4.692246594245014224e-01
8.155869237220960688e-01
9.653110058266743954e-01
8.682461385846143020e-01
1.329144659836469511e-01
-2.334160846526656397e-01
-1.834022259425929446e+00
-5.515890969864339910e-01
7.408182323186024432e-02
4.643718724345451965e-01
7.714492144211538838e-01
1.010405819533440441e+00
7.469507703457782810e-01
9.109457469360557336e-02
-2.409368668565623206e-01
-1.645861906974034783e+00
-5.311854930258187446e-01
2.097747262314859570e-02
3.942412334717934619e-01
7.471254377624829690e-01
8.966212171114186225e-01
7.795715224857986403e-01
7.580156329363221812e-02
-2.842411358942896205e-01
-1.567245013407061238e+00
-4.003414825465055338e-01
1.802810822743075581e-01
5.644811525829591670e-01
9.002560140020970936e-01
1.068342976493805718e+00
9.669738506377600906e-01
1.029408266756228069e-01
-4.238440566557884898e-02
-1.690145439093458934e+00
-5.335108847531317977e-01
1.643354869740155377e-01
5.364163513384554438e-01
8.284707262363426583e-01
1.307956813676933727e+00
8.421888384168838559e-01
1.244881108551413540e+00
3.036242184141240696e-01
-2.894124572363347081e+00
-1.736796845480335749e+00
-1.206931504889455775e+00
-9.507433415651275199e-01
-6.785095418294795344e-01
-2.793246671382829671e-01
-1.320389376146375859e+00
-1.501011234861949317e+00
-8.797383695355066591e-01
-1.899874015015587725e+00
-8.504915093953122618e-01
-3.608634442506572504e-01
-4.052967116134605779e-02
3.522113841339283846e-01
4.830462112683655551e-01
3.172959966338583238e-01
-4.555008136239258043e-01
-4.769070484637820129e-01
-1.966375691617397337e+00
-7.760646334030747440e-01
-3.863256081647266360e-02
3.657220742050052986e-01
6.808955930110315302e-01
1.158647927507053366e+00
4.490265468512801283e-01
9.504222712635287396e-01
1.231262488420234030e-01
-1.853038946084605954e+00
-7.470699837786692887e-01
-2.385934028390495620e-01
1.019412021605333174e-01
4.758023724179560876e-01
6.267692619164288992e-01
4.437996387203105852e-01
-3.557499057658561892e-01
-4.623745381968413781e-01
-2.755895340145066541e+00
-1.936870507945264386e+00
-1.686030172925173432e+00
-1.485490742018793497e+00
-1.080371656477520315e+00
-9.202571158329622136e-01
-1.078608750298233998e+00
-1.364259184192053498e+00
-1.044018430400721398e+00
-1.529871311926309208e+00
-3.607367428048873781e-01
2.322397703669287217e-01
6.199559790905544432e-01
9.466410930855917449e-01
1.121792774354621880e+00
1.033181266241652851e+00
3.352415953629339640e-01
-1.052766184833116014e-01
-2.733390020589326230e+00
-1.592360714848263914e+00
-1.063821606042915091e+00
-7.855234821147327740e-01
-5.099514987921389686e-01
-1.482291593097656290e-01
-6.921465946900171584e-01
-5.328713474511322934e-01
-4.648520550023296227e-01
-1.913444549094034386e+00
-8.465742677338949917e-01
-3.604268356950440788e-01
-3.764153724597118361e-02
3.536871125597426668e-01
4.903341238178634542e-01
3.212272812553019774e-01
-5.401067986595358139e-01
-4.532727245056987209e-01
-1.881109169341829812e+00
-7.123941717425269493e-01
-4.524937203657516775e-03
3.974902091960000328e-01
6.616885093093539671e-01
1.114237134477722879e+00
4.217314893213382487e-01
6.948628738609022859e-01
2.300919622489753721e-02
-1.756803315269506616e+00
-7.733748419750067216e-01
-1.534952661741208375e-02
2.973078866293221156e-01
6.116861283899355239e-01
1.077317905509630025e+00
9.664035161283167641e-01
1.358725585851889406e+00
4.137405023631589018e-01
-2.172274042719336773e+00
-1.055967082580995697e+00
-2.923908102187828817e-01
8.501081132633050985e-02
3.921217637601021599e-01
8.652806255982352646e-01
4.495262575214141743e-01
8.806596230354907240e-01
-1.656222391238938371e-02
-3.011033153180778577e+00
-1.678475027448851131e+00
-1.032951905194067654e+00
-8.010639049322251237e-01
-4.611870059964115476e-01
-1.153690616751768400e-01
-1.099963508918866406e+00
-9.374302808884523719e-01
-6.768510100773557081e-01
-2.181656287986684095e+00
-9.543831382525350682e-01
-2.584573958525600568e-01
1.220172282937513203e-01
3.849712524477348907e-01
7.484387595353628742e-01
1.800345527901504594e-01
2.543351893319051871e-01
-2.147580393058460546e-01
-2.814552681063361206e+00
-1.818573413989727605e+00
-1.491382565427467277e+00
-1.272815086240310256e+00
-8.715908463467467726e-01
-6.202770110008846149e-01
-1.070377430032429800e+00
-1.733525347955053419e+00
-9.257809524085398589e-01
-2.240441179562891350e+00
-9.840480858745596082e-01
-2.688528034277680723e-01
1.311987734633274505e-01
4.007988664711357729e-01
8.048019259090506416e-01
-8.323933427132622354e-02
-2.427495215789089375e-02
-1.188473044820438362e-01
-2.112870348753320027e+00
-7.972776203766060998e-01
-1.583506751523366951e-01
2.272708928644099902e-01
5.221015768244207100e-01
7.959003115935052719e-01
3.490408925105867310e-01
-7.568659404770004817e-02
-2.557132331237089162e-01
-2.612009400112539570e+00
-1.759903076441960534e+00
-1.476553753906911570e+00
-1.259534074515775259e+00
-8.555591185451935088e-01
-6.890884904561905833e-01
-7.537708920283817671e-01
-7.157167673160783616e-01
-5.383253728169216101e-01
-2.059619408666946594e+00
-9.703745785835801163e-01
-1.857836374428692150e-01
1.586876400474525606e-01
4.548546417981825241e-01
9.305447305953764570e-01
5.939072204837797520e-01
1.065120943267036990e+00
1.911352307653246263e-01
-1.662616855307569086e+00
-5.576530826396705054e-01
1.259572188097026202e-01
4.728610222028192256e-01
7.940003057864554181e-01
1.264136756657449068e+00
9.260395687685323285e-01
1.365007334392902560e+00
3.662330672725503389e-01
-2.056021872197348888e+00
-7.664324592626540200e-01
-1.423442393601456746e-01
2.420967154423527279e-01
5.543232883502141606e-01
8.067265451832805745e-01
4.181184715134281804e-01
-1.607650054570291809e-01
-1.299440183561762774e-01
-2.014405572657961496e+00
-9.738311847563357881e-01
-5.070975426081553161e-01
-2.025113052935554603e-01
1.909263891338215668e-01
3.336563609866874391e-01
1.374604870942090495e-01
-5.294806196668142562e-01
-6.180952707712831229e-01
-1.873340480062657409e+00
-8.823132384780018045e-01
-1.099577734187038303e-01
2.356107743980009883e-01
5.611833459894749465e-01
1.031979782615952468e+00
7.168430308633240156e-01
1.181872384197791614e+00
1.848946950700605385e-01
-1.783580338330679416e+00
-4.720155586419992333e-01
2.327193730556180729e-01
6.325485695542888420e-01
8.663554244489277689e-01
1.299630371838110365e+00
8.641926014917041821e-01
8.605762595422677963e-01
1.258391952722222040e-01
-2.642942558636050876e+00
-1.799443467791939533e+00
-1.550560630456151001e+00
-1.329994940245883495e+00
-9.029918136673229512e-01
-7.482150886250603650e-01
-9.224715952390961649e-01
-1.771193301052807145e+00
-8.961626395812837265e-01
-3.032680985219312397e+00
-1.685859061702353223e+00
-9.473642572443782273e-01
-6.405542056494905045e-01
-2.949235558781569400e-01
7.388797704944359557e-02
-6.493882030377360337e-01
-5.043957433613448504e-01
-5.881078041574800963e-01
-1.584204120227145740e+00
-4.271698074659744937e-01
1.482717374360568996e-01
5.294944345543241004e-01
8.706699170222538253e-01
1.032441582500373434e+00
9.315579912587824696e-01
1.318488674287414120e-01
-1.750556975697518253e-02
-1.575482783833058731e+00
-3.938162765231871254e-01
1.929031040575682199e-01
5.741325537050792072e-01
9.048671927767237833e-01
1.084109705489191500e+00
9.616968800787997207e-01
1.079062759022737655e-01
-1.785282457917892474e-01
-1.771140610973514606e+00
-7.491099619605243731e-01
1.795226104969343032e-04
3.194882351809869570e-01
6.224119309864210026e-01
1.089293443497339142e+00
8.826797453754212652e-01
1.328049283730992070e+00
4.110869056693521317e-01
-1.535272511319212052e+00
-3.596503150454415376e-01
2.214778211733929580e-01
6.060394788108498521e-01
9.381388147000060407e-01
1.101874077074762370e+00
1.024266162505760525e+00
2.912804951260613007e-01
-4.084618354602871648e-02
-2.834043569448833733e+00
-1.627328373235372272e+00
-9.683240679566067488e-01
-6.894222563239893464e-01
-4.260483491225238728e-01
-2.022493638044854658e-02
-6.283125714190558320e-01
-3.733471779867792439e-01
-3.276452676779419426e-01
-1.760362937554411866e+00
-4.524983613354673917e-01
2.606008759726398116e-01
6.607811295476959668e-01
9.069179603506852816e-01
1.322840731248305479e+00
9.276853289797781787e-01
8.062309254731889752e-01
2.080775872943497473e-01
-1.752903432875457135e+00
-6.325992151248152062e-01
-1.021102337873837640e-01
2.597995398432673131e-01
6.228476526268841296e-01
7.763593316496278929e-01
6.117219393468064093e-01
-1.882501932197305217e-01
-3.413103269155015607e-01
-2.844240888939757905e+00
-1.783273663297788802e+00
-1.376462768533825098e+00
-1.156158852748077503e+00
-7.961206333942602020e-01
-5.493526088964478804e-01
-1.054022800765306744e+00
-1.171272245649248811e+00
-8.825176473610861771e-01
-1.740457859189278311e+00
-7.839074798849817727e-01
-3.890864181314348386e-02
2.716504128908304727e-01
5.716292678454019116e-01
1.037574667684376006e+00
8.920503129870915870e-01
1.337470036480712166e+00
4.549616421155377455e-01
-1.665209291701131633e+00
-7.569728949886848079e-01
4.047888170370215685e-03
2.930386504158450367e-01
5.967172930013799892e-01
1.058410582902755026e+00
9.987484109052118253e-01
1.418399979095847696e+00
5.763039687238564746e-01
-2.743171904498679314e+00
-1.566784546896335728e+00
-9.861879465877172457e-01
-6.971367325801850479e-01
-4.501151503508429297e-01
-5.978795460784020604e-02
-7.048883859595099777e-01
-4.708013008129610655e-01
-4.369884484761393795e-01
-1.733926903437886802e+00
-4.038255479907556511e-01
2.803671623042572336e-01
6.760830554682437654e-01
9.399827079033706845e-01
1.282692463727362009e+00
1.006131189802451198e+00
6.585989958870164251e-01
1.647956064797664599e-01
-1.696083185707376817e+00
-6.839435209353214029e-01
5.668781311104446191e-02
3.771235395146152469e-01
7.147768985641760331e-01
1.178363938402966493e+00
1.013339009144072600e+00
1.429157378984577509e+00
4.650802709279208136e-01
-1.707581769219711942e+00
-5.673973500428890482e-01
-2.087883953924405539e-02
3.486940059969593775e-01
7.048765709529684065e-01
8.664222736758057097e-01
7.050615182265835834e-01
-1.127187612883961271e-01
-2.840965262579363548e-01
-2.827233532603163901e+00
-1.606361154513176848e+00
-8.566917378534736338e-01
-4.973020997907226515e-01
-2.081009314707142621e-01
1.995343513941168767e-01
-3.732877686273714524e-01
-1.964461086892912711e-01
-4.322038004860355720e-01
-1.821349213483347107e+00
-8.835580533113329693e-01
-1.191477106767185046e-01
2.091160873267541853e-01
4.995479054482570569e-01
9.742779567739942026e-01
7.244986012461851477e-01
1.190962313389017480e+00
3.081583511334079484e-01
-1.626611719044843030e+00
-3.771134230533598752e-01
3.055314360486570124e-01
7.023119855271968692e-01
9.477256709297043891e-01
1.327399724323248709e+00
1.016167201149875687e+00
7.943156357840133186e-01
1.106583155465882123e-01
-1.654335925991809342e+00
-4.427401562903035548e-01
1.550928254048055399e-01
5.392048157500847205e-01
8.682594176250527651e-01
1.058618103451266723e+00
9.084902687168362467e-01
1.057861733658284342e-01
-1.709575312696634264e-01
-2.746501856482690851e+00
-1.645498480113499085e+00
-1.168880752697671666e+00
-9.084861912395336692e-01
-6.026992309754929389e-01
-2.703524970895972990e-01
-6.561461923143644404e-01
-4.754099243611841219e-01
-3.805801682803414687e-01
-2.009267835546609149e+00
-6.451517656396188460e-01
2.980661509583563615e-02
4.268519704383066382e-01
6.910891715561354731e-01
9.876601294638975848e-01
6.593049774667923968e-01
4.039761491248057834e-01
-7.752814194046399321e-02
-1.902514495902073222e+00
-6.660689199244327341e-01
4.288304689629585109e-02
4.495828611163195099e-01
7.059229557346431427e-01
1.113741480705307429e+00
5.351385919769108268e-01
4.624627314789825361e-01
1.277015781406457551e-01
-1.737021195730172662e+00
-6.743875263383684038e-01
7.330021475163221722e-02
3.769964193305500588e-01
6.761384587177612371e-01
1.139112058145678619e+00
1.060748933461893362e+00
1.450811043517279630e+00
6.049420082667481546e-01
-2.962078186970021676e+00
-1.708281694692626473e+00
-9.260768792436753216e-01
-6.065467524811641864e-01
-2.748562492637778298e-01
1.212119528363354987e-01
-1.178380669242564016e+00
-9.213411079107126644e-01
-5.178538540589024963e-01
-1.600207137524207290e+00
-4.111692039355645534e-01
1.739549300079216432e-01
5.591124057118038726e-01
8.899172424767027856e-01
1.070061942872857497e+00
9.437590296229007025e-01
9.012169286523354084e-02
-1.508229255684248316e-01
-2.077177978643391487e+00
-9.887612939694520042e-01
-2.120738821350579006e-01
1.927671163302214774e-01
4.866033889613298746e-01
9.733129950415739806e-01
3.527394833267479268e-01
9.124164709311114452e-01
9.052241230031139729e-02
-1.919742775490979936e+00
-6.522348380136422374e-01
5.378430481691159198e-02
4.580214571697127646e-01
7.035784263898900992e-01
1.120245173870335176e+00
5.496915168391250939e-01
5.916904312653012976e-01
5.524279513989277524e-02
-1.713719898816904452e+00
-4.670172811873312124e-01
2.414465338740679756e-01
6.375817853157838000e-01
8.852388715592027779e-01
1.339242312381681899e+00
9.057099324682766905e-01
9.758475060053537486e-01
2.863747037983083166e-01
-1.788920449368853527e+00
-6.804575054539310219e-01
-1.589090454383237094e-01
1.908350805159196306e-01
5.662762028446831630e-01
7.008247534904280540e-01
5.613161695682075125e-01
-2.558678640737830912e-01
-1.655661075587906428e-01
-1.595824678409112574e+00
-4.035615406475059341e-01
1.824645546106061500e-01
5.657250991175292176e-01
9.000314804171827276e-01
1.065731556501871902e+00
9.706979712512243674e-01
1.602358146835009545e-01
8.072090045769449163e-02
-1.914146119493551623e+00
-8.488051433519855360e-01
-3.649518756946456000e-01
-4.131363709137562956e-02
3.418867747801004331e-01
4.914685935225014402e-01
3.020207491103100717e-01
-3.634551849776010424e-01
-3.196279235699110433e-01
-2.586160406801517819e+00
-1.473430674425205478e+00
-9.841060835715170763e-01
-7.129608458897629397e-01
-3.760242763658106502e-01
-9.012750737425635761e-02
-4.770119932083670689e-01
-3.766403208701348260e-01
-2.670444728579143834e-01
-2.015639840955285589e+00
-1.043718527085724768e+00
-2.741140731136746944e-01
9.872599101371036523e-02
4.094105979852362687e-01
8.792700546976888187e-01
4.816446128338782717e-01
9.069627895559368991e-01
4.547850159142224208e-02
-1.675878867273927542e+00
-5.175774431963912070e-01
3.970603538242304525e-02
4.165179297327651353e-01
7.676583498512741244e-01
9.160406751212175624e-01
8.001991145229462310e-01
2.650381578644233141e-02
9.082907236261336323e-03
-1.804491804272025712e+00
-8.347224733941882580e-01
-5.385327452333383419e-02
3.024554888773948735e-01
6.049470313335892913e-01
1.083118103882489525e+00
6.878502726929897060e-01
1.207753641775479281e+00
2.822419168101051312e-01
-1.770442852806914047e+00
-5.557540360472960073e-01
1.424797497774871469e-01
5.348252076026526192e-01
8.371818665827983619e-01
1.325537947791792792e+00
7.598823661155259535e-01
1.165762850804189288e+00
3.477981493168472160e-01
-1.715736450644026023e+00
-5.924415743897504250e-01
-5.249722480091556509e-02
3.125724076846138622e-01
6.736602835361346076e-01
8.244759069304901100e-01
6.799626282508245412e-01
-3.528573882915279902e-02
-2.362664993639531918e-01
-1.845855777305505985e+00
-6.950371748693933149e-01
4.547850159142224208e-02
4.273967992279125161e-01
7.539236218810786427e-01
1.232856152800029470e+00
7.478436183437442430e-01
1.265354382809052547e+00
3.507403740788864188e-01
-1.544940286659985507e+00
-3.813687334571439491e-01
1.957174619656673609e-01
5.830621971434962747e-01
9.148437422134430008e-01
1.074422054547828465e+00
9.957794960080749158e-01
3.249695349322051507e-01
-4.778859871072813070e-02
-1.670843448693659417e+00
-7.419555831436709381e-01
1.499331669449800210e-02
3.540702747844800546e-01
6.566281069868815656e-01
1.135020994249565707e+00
8.598134383148521298e-01
1.330432684732581361e+00
4.017954842145901040e-01
-1.931530547475869497e+00
-8.818516590153701040e-01
-1.456309120966701176e-01
2.053015912641850127e-01
5.249899024669060221e-01
9.873548397293316903e-01
6.551286641786195908e-01
1.102092535010875451e+00
1.779512030791577937e-01
-1.772834053525911502e+00
-6.796360866297760372e-01
4.361358408511958190e-02
3.542732492767654007e-01
6.784588626218711616e-01
1.136564881742542221e+00
1.052071425046130937e+00
1.446714270139143999e+00
5.231624202457837436e-01
-1.977172439408876103e+00
-6.718978697002324640e-01
-1.779237239078967914e-02
3.754851271717074557e-01
6.601320102746117691e-01
9.043116795794454710e-01
6.230491608680210902e-01
3.031004807819269731e-01
-5.259086911736619852e-02
-1.789336331695660753e+00
-5.147613808570945526e-01
1.894088234501390688e-01
5.935424923802651298e-01
8.417015134666525622e-01
1.260039927960859396e+00
8.205747257322489885e-01
7.334376759040095450e-01
2.896651859644118199e-01
-1.967392491428342938e+00
-9.137372037897099064e-01
-1.331099998316915833e-01
2.562208865300392713e-01
5.607145482807492920e-01
1.044213613224374670e+00
5.207465810200643253e-01
1.058345056127260264e+00
2.228497715068499807e-01
-1.741460958031344708e+00
-6.276563169638351702e-01
-1.003526959162515803e-01
2.564986861922359807e-01
6.275949733091847893e-01
7.585348527907375127e-01
6.340690130597493868e-01
-1.375810507824498097e-01
-5.196931194768426160e-02
-1.611353609694235800e+00
-4.708822154233912038e-01
9.535055067243554394e-02
4.732377740923515153e-01
8.167845531809816428e-01
9.800914277867348590e-01
8.549373576647352202e-01
4.433407372700475663e-02
-1.204529317712991487e-01
-1.682116484358818997e+00
-4.282181901241469690e-01
2.781159338929633518e-01
6.816873734823226672e-01
9.089356647373446618e-01
1.356722067186220348e+00
9.484056196037633502e-01
9.815052128535804998e-01
2.699421449372891857e-01
-1.704388572656857503e+00
-4.432909854269609928e-01
2.536060156797203535e-01
6.532886271122475552e-01
9.084418677567094313e-01
1.277200132565490032e+00
9.603505115068593501e-01
6.981046480234989193e-01
3.036753745318656050e-01
-1.912389029469121704e+00
-9.749034130591203162e-01
-1.884363658378455930e-01
2.150953129281376330e-01
5.187522562681864402e-01
1.003892191354148977e+00
4.237167057591140762e-01
9.658175314455994531e-01
1.882216604362732804e-01
-1.717154303388836567e+00
-5.469960464465249972e-01
1.644902353735273048e-01
5.653207556352237706e-01
8.177463490029093229e-01
1.267055565088812230e+00
7.618161602607662619e-01
8.224877986923937456e-01
3.251576746225848802e-01
-1.665455105010443360e+00
-5.357836367207985395e-01
9.802518578319499576e-03
3.818531959093611761e-01
7.371347505123065913e-01
8.714337197359736109e-01
7.744283066194687093e-01
1.269705679759589589e-01
-1.222467386906537223e-01
-1.743929960106327615e+00
-7.099957442617192971e-01
2.712635601824502085e-02
3.639978496922623985e-01
6.756626976885489189e-01
1.141789908897168360e+00
8.262484586069689385e-01
1.285016323990356701e+00
4.302372837244035075e-01
-2.023937191516538725e+00
-7.246004981095723885e-01
-2.412460519155223970e-02
3.772319450139637875e-01
6.379792915650190910e-01
1.025423046802736771e+00
4.630527784991389506e-01
3.478703611260851591e-01
1.941014015514014035e-01
-1.711539361451807517e+00
-7.062393698679041432e-01
4.311220876564357540e-02
3.375848934565799930e-01
6.212808184437019765e-01
1.087050524341873103e+00
1.069696973768307524e+00
1.439076023303921259e+00
6.951558648012386987e-01
-1.620923936806617283e+00
-4.696552822582512610e-01
9.676122441134489549e-02
4.740071871664368608e-01
8.200754438588118145e-01
9.678425063388693683e-01
8.716917327666685589e-01
1.063512294103522299e-01
1.315065608605748004e-01
-1.768453178353162292e+00
-5.404451343128987562e-01
4.572192020606113266e-02
4.193161886974762775e-01
7.610202627148306975e-01
9.234509413888180029e-01
7.803804085464404183e-01
1.105122998773551135e-01
1.422700829400457834e-01
-1.780659369595231301e+00
-5.056256198572435245e-01
1.512878251369184079e-01
5.476957481975347486e-01
8.303871640279436583e-01
1.110015588286112020e+00
8.322027481154230522e-01
3.472534739232422951e-01
8.998206405203336422e-02
-1.559223842444610542e+00
-3.999604739946402421e-01
1.846684580456100788e-01
5.704882147452191576e-01
9.016098068413220812e-01
1.060560554234774022e+00
9.797402719972947427e-01
3.637926365611742763e-01
3.776216939999554878e-02
-1.529361710582344713e+00
-3.560817961717298585e-01
2.301060824797635795e-01
6.147947084505295257e-01
9.428675648940232357e-01
1.122037899708691278e+00
1.015048920515734476e+00
2.246901240398691824e-01
5.792830601669648333e-02
-2.086397451929465685e+00
-1.045118212776568356e+00
-2.861009326522795937e-01
9.100857361814293500e-02
4.125297754871961042e-01
8.821669973093548833e-01
4.672987220212347914e-01
8.873962157614888602e-01
1.425468092338713633e-01
-1.640754778800498803e+00
-5.152391615479227083e-01
3.961874010234245347e-02
4.087622051976790294e-01
7.644748312113474054e-01
8.890202247872570629e-01
8.077887279353881400e-01
1.014448867993973380e-01
2.119643953416995297e-01
-1.671014946836938631e+00
-4.555045454079477696e-01
2.510194638241796672e-01
6.520323621642062362e-01
8.847003395088780531e-01
1.314506070638317148e+00
9.102333508631474945e-01
9.000971525833861842e-01
3.859462524720967402e-01
-1.571793343926404241e+00
-7.441082025589856874e-01
1.483259708031762873e-02
3.543949617083457237e-01
6.719705047436493883e-01
1.151541000516124846e+00
9.347178083080036615e-01
1.376988582346399870e+00
5.552678281042662256e-01
-1.656112632792555273e+00
-8.367049321340892520e-01
-6.043239873873110929e-02
2.960950603754352040e-01
6.155803944299576003e-01
1.098567831683318508e+00
7.660444240837768204e-01
1.253510644273453600e+00
4.526457907839050443e-01
-1.805965591272084891e+00
-7.298048264366167048e-01
-1.559783748104346356e-02
3.611748300842799742e-01
7.068509097454229728e-01
1.189208769577824620e+00
7.477381891738467123e-01
1.216101748263863636e+00
5.025915327695698043e-01
-1.973137844591076107e+00
-8.986947963250833116e-01
-1.353407300462732832e-01
2.049065232828433392e-01
5.122600562123557077e-01
9.774189884238291270e-01
6.485008777332192942e-01
1.140215278776702812e+00
5.257078883017679560e-01
-1.629525156341421033e+00
-4.749868241133027302e-01
7.941752840755811338e-02
4.531934533867220116e-01
8.020021766514567885e-01
9.185110393080515578e-01
8.543092688768434417e-01
2.138420769942473432e-01
3.523651535686398439e-01
-1.611218266847022074e+00
-4.737812753543768074e-01
8.446981702065262110e-02
4.604759610347693988e-01
8.068687774526386303e-01
9.686072240614486129e-01
8.440892110014454053e-01
2.264842627312347312e-01
3.230549946277713746e-01
-1.970605856717195570e+00
-9.255477709813401122e-01
-1.626937661421420933e-01
1.633682624885664791e-01
4.611677119323290275e-01
9.268362958143780972e-01
6.530466502964379361e-01
1.147656896175891506e+00
6.189695924345605116e-01
-1.774162580423335189e+00
-5.467771330744365388e-01
4.920363215157371600e-02
4.281884176310788437e-01
7.558820549701946723e-01
8.888081700124442763e-01
7.719993894273573520e-01
3.525149469559231141e-01
4.028718125371005265e-01
-1.547486655162138014e+00
-3.670205903879108500e-01
2.207624965403697515e-01
6.006273016962198064e-01
9.313097144330314547e-01
1.060222168149443256e+00
1.014892738015640949e+00
4.240695102109363623e-01
5.457692734148974489e-01
-1.531675792183584406e+00
-3.912757237070220717e-01
1.911141783330331800e-01
5.744765796173518790e-01
9.063807194394201128e-01
1.082086439951291945e+00
9.703995443663800957e-01
3.745142170008945448e-01
4.797183614136656393e-01
-1.879839297709472890e+00
-6.203837092042771006e-01
7.570258945227230363e-02
4.402215393577560976e-01
7.732510020499737680e-01
1.263913555291773294e+00
8.416462284855651399e-01
1.270678681757955397e+00
6.861904886534997416e-01
-1.761163485982308874e+00
-8.078511862283042078e-01
-6.378138472632459421e-02
2.518960756803987899e-01
5.618418440641431699e-01
1.020472554543960353e+00
8.507524819687788398e-01
1.314483557251988399e+00
6.203404820346409831e-01
-1.947490249812822816e+00
-6.960703249346313903e-01
4.180668626115525977e-03
4.101063040032550955e-01
6.601468518728546009e-01
1.075340469637504626e+00
5.058160438396609448e-01
6.894696942249349814e-01
6.699170097844857619e-01
-2.111455666005165099e+00
-1.031992001296961670e+00
-2.606998152762894372e-01
9.000491728168628913e-02
3.962971803521740943e-01
8.601632021821896679e-01
5.793193495743630406e-01
1.024226959178504481e+00
4.747259294188186374e-01
-2.772039545523534709e+00
-1.811009682344649541e+00
-1.466494238689240781e+00
-1.249587866065712483e+00
-8.661164552100976133e-01
-6.041258367883973746e-01
-1.531862565151374811e-01
2.193736806633070358e-01
3.433597974888796256e-01
-1.790282983883288992e+00
-6.861491808907574930e-01
-1.701451992924332135e-01
1.784698552655395454e-01
5.467490255473512750e-01
6.986057932586401398e-01
5.557132048715217598e-01
3.601289738190356360e-01
5.476866973246954373e-01
-1.762159165351185663e+00
-7.547376486695652753e-01
1.201119241137033403e-02
3.086861989097356984e-01
6.051621638211202026e-01
1.060244106502822525e+00
1.085598064523239925e+00
1.482146909360601450e+00
8.457538896726146671e-01
-1.974239344474927105e+00
-7.448961702360822335e-01
-3.784002220299788333e-02
3.503574157032703362e-01
6.385235540630401774e-01
1.102451230872935950e+00
5.614466637013633132e-01
8.022727404748916102e-01
6.389084333159853468e-01
-2.888590387035889329e+00
-1.726931761797411147e+00
-1.198847673701597838e+00
-9.682936520878895337e-01
-6.828993849961317864e-01
-4.134764261124477813e-01
-6.730724763814338596e-02
2.989497875673712834e-01
3.755646892264618009e-01
-1.771374357369277064e+00
-6.398379277885158922e-01
-1.086354261777211783e-01
2.500127546967051972e-01
6.161106000428209217e-01
7.469599661491809206e-01
6.311084793817854921e-01
2.917289885570465979e-01
3.188159082751720885e-01
-2.187026295342425986e+00
-1.136481513983629066e+00
-3.600290869940744320e-01
4.722689313387415377e-02
3.707258682861320764e-01
8.716159575745079380e-01
3.401942749770702212e-01
7.754804583074514923e-01
5.534309908165002678e-01
-2.861495096505820346e+00
-1.603157126325008175e+00
-9.210082949337858871e-01
-6.362363514792972463e-01
-3.598080729479892770e-01
4.551764238902886173e-02
1.615408028143534569e-01
5.310560606203722500e-01
6.888685094063107250e-01
-1.746588921332560274e+00
-5.141433607587081456e-01
1.877638202960154878e-01
5.817093749634802968e-01
8.185915682754164591e-01
1.255634647580229357e+00
8.560766366971137575e-01
9.382998959138962869e-01
7.321326516070378876e-01
-1.690947270440798622e+00
-5.370804654391421185e-01
1.443907743263846133e-01
5.376234334421736705e-01
8.070072443049917110e-01
1.282006845086583580e+00
7.645114860012200975e-01
1.130238984804949220e+00
7.987096272752639559e-01
-1.862806758959838493e+00
-7.648557128071178379e-01
-2.545902368149929179e-02
2.782716113720578033e-01
5.786523210952012608e-01
1.034294692854471842e+00
1.023282715480034133e+00
1.432923360094192855e+00
7.838273952519381194e-01
-2.003837309099816721e+00
-9.879300093262732840e-01
-5.241649034007646035e-01
-2.264096946691534218e-01
1.743935658419434598e-01
2.698079688140297416e-01
1.830668897834823450e-01
6.362668710520373583e-02
3.172860419651183927e-01
-1.669965413372609175e+00
-4.161310740607019887e-01
2.952667283050219305e-01
6.948484107723628123e-01
9.217988352715084099e-01
1.356766584776734064e+00
9.810601603373438895e-01
1.000406134323522878e+00
7.730023913860516460e-01
-1.633480346427495400e+00
-7.468273533794917984e-01
-7.556228124460738493e-03
3.299188893689897761e-01
6.628969155254721413e-01
1.152560347579248079e+00
9.519193568874675382e-01
1.397908744041522766e+00
7.805878474766931863e-01
-1.630683650804798379e+00
-5.593825740029360061e-01
1.277723601697244304e-01
4.748851174562269128e-01
7.912612331038679780e-01
1.256263181541729113e+00
9.497867506474294563e-01
1.402644032694311260e+00
9.220704366296701426e-01
-1.643711553909107170e+00
-8.448250394308686184e-01
-8.082935436900849646e-02
2.609721283155856941e-01
5.945011764852560221e-01
1.080926147699270201e+00
8.223220505820174608e-01
1.284151139232662553e+00
7.274573857712904879e-01
-2.652740373886532943e+00
-1.823173958938960393e+00
-1.601656582490282199e+00
-1.399261214293494149e+00
-9.500448292064160860e-01
-8.379318552762636818e-01
-5.550523275838179504e-01
-2.661438377243632858e-01
4.993205930974535800e-01
-1.580150878193916197e+00
-3.626221962466787407e-01
2.357538745818829051e-01
6.213219458521568317e-01
9.454787823396159085e-01
1.113378031679799429e+00
1.035367568020595597e+00
5.975704748465897609e-01
4.912186523269018168e-01
-2.462621311879986674e+00
-1.602138973154528134e+00
-1.292350514178405962e+00
-1.063122096951547135e+00
-6.355817348991243954e-01
-5.150743952873134690e-01
-2.599101374638369544e-01
-6.143396228148217302e-04
3.736334805332474085e-01
-1.607322177324932433e+00
-4.272337414418730939e-01
1.455455203870691105e-01
5.222673436985119100e-01
8.604548368255444668e-01
9.607737393210340482e-01
9.159663298923269581e-01
4.073931694577422880e-01
6.642639799813541135e-01
-2.669802023576036021e+00
-1.825051687464804617e+00
-1.510965625675161794e+00
-1.307220198990874493e+00
-9.105508726399226260e-01
-5.816740477317016156e-01
1.008134605461639410e-01
4.855531621193171499e-01
6.756585206824455847e-01
-2.146308046999561903e+00
-8.319372539819043233e-01
-1.851662919526989859e-01
1.938531296692863060e-01
4.814607900269706753e-01
6.713310673944082874e-01
3.685244633926054170e-01
2.679225586314294416e-01
6.211249877381050943e-01
-1.589121338370224956e+00
-4.222499261529772396e-01
1.619607567569532336e-01
5.457472053609986329e-01
8.785562742428020266e-01
1.051332821235919646e+00
9.398646342836050049e-01
4.830498314773140067e-01
5.296674849762375015e-01
-2.226947089891730514e+00
-9.131598040674735461e-01
-2.659459647432873552e-01
1.105782520906634508e-01
3.927981907526730820e-01
5.938017972146587553e-01
2.556658248910139153e-01
1.923325486685038832e-01
6.126100571777518544e-01
-2.144414739987864138e+00
-8.980400298656052716e-01
-2.219209826094230287e-01
1.761244292573247439e-01
4.303550908996525148e-01
7.774226052482645644e-01
3.326344998792997720e-01
5.995488412483596097e-01
7.518020392050894785e-01
-1.725075052703801459e+00
-4.057072085112770066e-01
2.830629557146276398e-01
6.728379523516924143e-01
9.077390896064835291e-01
1.270245714055967312e+00
9.923012507522740444e-01
9.842782257067967944e-01
6.836468572687249834e-01
-1.728769769055860772e+00
-5.727967888588985090e-01
-1.688219121694356159e-02
3.527346251834087010e-01
7.053079202096540490e-01
8.703318783427966832e-01
7.303478638805230849e-01
4.840892604062977389e-01
6.660179671341499574e-01
-2.876620999054732675e+00
-1.770166529703853353e+00
-1.346788348787834266e+00
-1.137477861773979138e+00
-7.821142901360418342e-01
-6.066845446091106986e-01
-5.396749480393798759e-01
-1.661582056579076205e-01
5.574934694299158444e-01
-1.648168074264394489e+00
-4.640635049393025402e-01
1.082960348744617246e-01
4.865468034262744879e-01
8.272907348724990451e-01
9.968925861107540420e-01
8.791665797770416013e-01
5.017864726400390607e-01
6.696087952987516134e-01
-1.770838411874258611e+00
-5.719757473176417806e-01
1.359492337971260900e-01
5.366748584245214504e-01
7.787315835364386762e-01
1.223359268457037352e+00
7.183097064354689865e-01
9.081614832072595345e-01
8.136806368590989713e-01
-1.929890513293286425e+00
-6.029511975525108092e-01
1.054192199318100126e-01
4.959208535516800853e-01
7.395877372032746422e-01
1.148305793032471156e+00
7.284701948167228158e-01
7.913452911111874544e-01
7.463339461369320471e-01
-1.764449665722397809e+00
-5.228632994938678946e-01
1.724150803059180115e-01
5.570141552258776052e-01
8.100505160957532924e-01
1.274755877665655568e+00
8.474244200861686949e-01
1.066261418688255525e+00
7.952132040671893165e-01
-1.818113371334371786e+00
-7.057465258960360366e-01
-1.903985138767483876e-01
1.498920709783067573e-01
5.280733230260511446e-01
5.784667936388090403e-01
5.055355369019075562e-01
1.149357146654194639e-01
6.119803930694310834e-01
-1.596710581035064136e+00
-3.979166843544955645e-01
1.958588881609991950e-01
5.823849440312586223e-01
9.083195534810807326e-01
1.096259641197801837e+00
9.744811474756923664e-01
5.356647485800657416e-01
6.798495298375402118e-01
-1.611825279082131690e+00
-4.481772762093826357e-01
1.170645375594187715e-01
4.939729157271631754e-01
8.363508219415810574e-01
9.255362449916770817e-01
8.793068993266132116e-01
4.023738888218661436e-01
6.893139162882784277e-01
-3.075488612905637797e+00
-1.737800776708050998e+00
-9.814138206216949101e-01
-6.603095238926008914e-01
-3.683632470028401773e-01
6.672731713006256789e-03
-4.369194162022600747e-02
3.289984767082921868e-01
5.004439468418867554e-01
-1.766070577378651363e+00
-7.408628169026343357e-01
1.095315972867959634e-02
3.034776729416776564e-01
6.010552248469638315e-01
1.055516169606422139e+00
9.999115125482567201e-01
1.420202254990984292e+00
1.037702542790825078e+00
-1.643610945209999397e+00
-5.135659534704722917e-01
3.780980546991577484e-02
4.096497986290224547e-01
7.610180789891463071e-01
8.382574753972540371e-01
7.880160797541817530e-01
3.587922465331240818e-01
6.625002372486517022e-01
-2.764866131578899378e+00
-1.793607388869191466e+00
-1.491641310784763030e+00
-1.295826076548543870e+00
-8.632196533079240508e-01
-7.326349638690725641e-01
-4.468055702325440248e-01
-8.969466250766405802e-02
5.982123813918378552e-01
-1.729480904783265327e+00
-5.154551324103994192e-01
1.694231043819274807e-01
5.547233173393191219e-01
7.953037623301385528e-01
1.242235501678654153e+00
8.277616316223914694e-01
1.105875193911979082e+00
6.972328040966724316e-01
-1.967710489411363950e+00
-7.574851774615463107e-01
-2.038054700026125376e-01
1.456822714092889937e-01
5.048995824746662642e-01
6.939825711884892723e-01
4.999849505670820871e-01
5.513054499952499965e-01
7.377940456220268839e-01
-1.664592620062022466e+00
-3.713180051961392225e-01
2.659746947999458988e-01
6.525269890741618450e-01
9.414735354523131594e-01
1.154195371239748136e+00
1.004225352771600299e+00
6.934482737004143971e-01
7.935721910411310809e-01
-2.300195942313737252e+00
-1.232867090582746128e+00
-4.481809093945935962e-01
-4.922408007515070849e-02
2.378101040587190240e-01
7.126507381673653496e-01
4.137490534275344300e-01
8.125326250880022805e-01
8.669446201747995628e-01
-1.914789842157238020e+00
-9.234105395940056527e-01
-1.557547174528756129e-01
2.012151128810110989e-01
5.317956802913553771e-01
1.023863017662302033e+00
6.788000403873354349e-01
1.152361481244065677e+00
7.507248408892291947e-01
-1.600662411663323681e+00
-8.396685766877958201e-01
-8.764661564049866516e-02
2.437776739361667000e-01
5.787399348051219805e-01
1.069318784360486774e+00
8.389399071779686246e-01
1.296668643338428684e+00
8.001801910810446561e-01
-1.689975139540184301e+00
-5.230782112062284384e-01
3.035854060580444810e-02
4.016980166443266942e-01
7.527827572310050730e-01
9.132851133340929017e-01
7.947638229923918995e-01
5.405439659790809426e-01
7.253358657246469221e-01
-2.728035337471678812e+00
-1.560025089371163132e+00
-9.860360264771984573e-01
-6.988016270625954096e-01
-4.480465136740705567e-01
-3.246806151814392305e-02
2.575836822130238013e-01
6.492051132931949686e-01
8.271415912888258060e-01
-1.847743057168340197e+00
-6.058371695738842266e-01
8.805042880100021063e-02
4.779026706548693548e-01
7.179469694748403796e-01
1.128148193374657771e+00
6.924551132136986809e-01
9.261685383116601278e-01
6.663024670547976758e-01
-1.701651211328893520e+00
-4.149171262572010077e-01
2.691980855567525088e-01
6.704417903716852756e-01
9.213714874649714393e-01
1.280483385856224121e+00
9.864627792078530799e-01
8.426671960598891564e-01
8.314138166024129806e-01
-1.998605631602340837e+00
-7.647395130513506833e-01
-5.883112720388306710e-02
3.311696956724888286e-01
5.889246659060003442e-01
1.004813455435420888e+00
5.168488816106284744e-01
6.488752697708292105e-01
7.551066118464294652e-01
-1.929802938540051249e+00
-8.765909095101067638e-01
-3.950191660082974510e-01
-7.587140260658743751e-02
3.096364952659140801e-01
4.591978126353718492e-01
3.905050219535616263e-01
5.165266237589615228e-01
7.270324180854206286e-01
-1.728279730398561087e+00
-4.475693977462900097e-01
2.295319389673881050e-01
6.246469161203408449e-01
8.730492089551377122e-01
1.186193623905764882e+00
9.333373339946378078e-01
8.719567807366630507e-01
6.710745091957692754e-01
-1.781367073887415886e+00
-4.971499623394267653e-01
2.043086697713962507e-01
6.062510622333711074e-01
8.448858572957259616e-01
1.246027596944808913e+00
8.656919893719445813e-01
8.707781181715726904e-01
8.487094846182768881e-01
-2.969125187843031366e+00
-1.665422420888110544e+00
-9.421890128936469821e-01
-6.691236779029455795e-01
-3.389911727795538732e-01
2.835352303178437575e-02
-3.898336661510523049e-01
-4.605811779873431738e-02
6.492337051084828836e-01
-2.248799858047558331e+00
-1.135791610381853722e+00
-3.614039038861681652e-01
4.263799318191210941e-02
3.646274519600295472e-01
8.671357987835148773e-01
3.631040485247724603e-01
7.809494723308407771e-01
7.154277904300739843e-01
-1.849530542535576361e+00
-8.108947756764982584e-01
-5.773204355672290067e-02
2.695828787079166400e-01
5.712960599969518771e-01
1.036839617337433683e+00
8.067948997911804643e-01
1.267446990310253208e+00
9.823892629971036072e-01
-1.698506798024484787e+00
-3.814882822049819322e-01
2.904667128231074313e-01
6.820793457456350017e-01
9.363077168140774287e-01
1.253313254030117951e+00
1.030845473725646722e+00
9.185122670842685855e-01
6.747499994423722391e-01
-1.575127924773229715e+00
-3.875071463396239091e-01
1.939347543843115973e-01
5.736962809306351829e-01
9.034127202633239762e-01
1.011805211700072871e+00
9.560186696510685200e-01
5.248511538254599929e-01
7.616440937885667894e-01
-1.864740633695962879e+00
-5.981414656408363673e-01
8.028450187292661411e-02
4.782885094140427729e-01
7.419557098148064078e-01
1.062503086690029797e+00
7.274080048365120232e-01
6.952203140411276072e-01
7.930560133392264843e-01
-1.650099205808393643e+00
-6.600650162929895259e-01
8.403936396825666122e-02
3.813154595387204249e-01
6.761390543906437012e-01
1.135511788827463731e+00
1.097236743693031702e+00
1.481937302095648779e+00
1.112068263747286068e+00
-1.758025469800372331e+00
-7.391604765264840893e-01
1.216752652552353280e-03
3.020874073074071853e-01
6.223336231172806876e-01
1.078421054470696916e+00
1.041897829041616097e+00
1.463829453696824601e+00
8.628174261661820665e-01
-2.658710238767874046e+00
-1.506773121057291887e+00
-7.765113917495889417e-01
-3.909498604004601474e-01
-1.210927767889740936e-01
3.049153046007557766e-01
8.053959041942622410e-02
4.158545628574408237e-01
5.697852095196062061e-01
-2.953080184775060513e+00
-1.655144133443485099e+00
-9.057576290135982422e-01
-6.090079302767540392e-01
-2.851464323032741333e-01
9.710533679790953054e-02
-3.474614567066574011e-01
-2.341946379520338031e-02
6.748146519585394021e-01
-2.735758665556778269e+00
-1.531006641420046277e+00
-7.563763488761949816e-01
-3.522021742601537664e-01
-8.424339187673329787e-02
3.774814697566952204e-01
3.460623083584106197e-01
7.323049129903873578e-01
8.908004585085796956e-01
-1.695940468059514705e+00
-6.587727627026175314e-01
7.091739452626694140e-02
3.896047608971462406e-01
7.039365016395110475e-01
1.164179728467139574e+00
9.539060448452423291e-01
1.400386805162417314e+00
1.037413348591827544e+00
-1.827973306526948338e+00
-8.205359699152645625e-01
-6.382148572428723854e-02
2.347730322146669435e-01
5.345889339798582940e-01
9.881450299373017998e-01
8.692932014521093098e-01
1.335718253395720811e+00
9.992359989639002515e-01
-2.639725486521578901e+00
-1.854181658780640563e+00
-1.580275105163194249e+00
-1.376803859488235471e+00
-9.705327600569880753e-01
-6.545657368445827462e-01
1.295667459852140324e-01
5.278751904177511056e-01
7.457734564557708667e-01
-1.652671675206859536e+00
-5.120061330195613269e-01
4.018017835995147530e-02
4.105384536304684806e-01
7.627985657749468684e-01
8.824823250963892418e-01
8.096468195559977099e-01
4.727100506925967505e-01
5.399403954560141328e-01
-1.861779987137804904e+00
-7.797026429510240941e-01
-4.767726063417714044e-02
2.826175906017043826e-01
5.861447188329541591e-01
1.051663515698716633e+00
8.083164394671951136e-01
1.262237032996645691e+00
1.006577332243745015e+00
-2.569063367234449835e+00
-1.381031145478600175e+00
-7.933042515409391982e-01
-4.803916646797225520e-01
-2.023345287726935615e-01
1.446965503037363487e-01
2.099787749215970001e-01
5.768620162182069855e-01
7.434524200403482830e-01
-1.550396041664667823e+00
-3.611143807000096184e-01
2.380791633927345774e-01
6.228538049855965042e-01
9.461221605710298244e-01
1.136841338851722005e+00
1.026137202632805279e+00
6.215027602768077308e-01
7.855676738153118954e-01
-1.649448107035698552e+00
-5.549986310099963571e-01
1.374199251209819173e-01
4.881605470605076547e-01
8.001328767473941950e-01
1.264804577664238705e+00
9.657503932126405566e-01
1.413244840455853968e+00
1.042455595394389700e+00
-1.878991563021984890e+00
-5.912892873512954894e-01
6.599626112650404386e-02
4.600903872663953953e-01
7.346138721628165946e-01
9.560026125680420872e-01
7.066005656947732527e-01
5.504442675616003644e-01
7.982488071803457430e-01
-2.651764247932347107e+00
-1.801829108067587004e+00
-1.520260640180294054e+00
-1.300724859683664025e+00
-8.881006814812555383e-01
-6.621666176457999820e-01
-3.913980453615882593e-02
3.145234925866991493e-01
4.866980690920141295e-01
-1.765163655843655865e+00
-6.404844749516400704e-01
-1.166120102438462092e-01
2.329964954071944705e-01
6.036274352796070497e-01
6.515462891466734519e-01
5.927542116854263021e-01
2.397540795820950754e-01
7.371466652414857545e-01
-2.058461678252136551e+00
-7.592554501965097513e-01
-8.244016462453646055e-02
3.117135651501183324e-01
5.626710865465384126e-01
8.486762031659201844e-01
4.989570691976887851e-01
6.601099042735072420e-01
6.487324224612508461e-01
-2.895487715615593594e+00
-1.751889582361629394e+00
-1.179845360863613468e+00
-9.747090553175205008e-01
-6.888746733952363366e-01
-4.097670027386466907e-01
-4.092386923895038331e-01
-2.255361410670826683e-02
7.092890648016685340e-01
-2.168935485131346930e+00
-1.023569666556008784e+00
-2.511931624716515210e-01
1.252728650538309785e-01
4.232395840791716157e-01
8.938969868185577816e-01
5.611574990937016061e-01
9.872545922378409555e-01
9.629260387905850260e-01
-2.105494610056509508e+00
-1.081733104121252120e+00
-6.307752498721288514e-01
-3.508014660246417393e-01
5.913335295000883562e-02
8.602777520218359009e-02
2.993884990362798496e-02
4.726756569252492379e-02
7.115827357913331319e-01
-2.035186985020862149e+00
-9.803793842373632605e-01
-2.270839370013718883e-01
1.188572154008711163e-01
4.188915955094957844e-01
8.839114490554382808e-01
6.264176318942656918e-01
1.083607976063341249e+00
9.662447640098484891e-01
-1.563663253293616551e+00
-3.677533620484615406e-01
2.204742661705310913e-01
6.037108973529485834e-01
9.301555518646524856e-01
1.059903864119363881e+00
1.000926206738956381e+00
6.121362514247394859e-01
7.175709526106883729e-01
-1.851952694540629940e+00
-7.601861109688288209e-01
-2.599439079975001676e-01
7.508922352033949033e-02
4.584350447124443395e-01
4.954945567953744079e-01
4.247125249251420542e-01
1.849575054911183070e-01
7.294890695914099110e-01
-1.763614940586884172e+00
-6.486503345391978481e-01
4.562846113313377694e-02
4.073517933852435768e-01
7.385442301381733854e-01
1.214809503506555810e+00
8.285185026265265984e-01
1.246389565602898708e+00
8.805919339566716797e-01
-2.410122471427644353e+00
-1.826877233390737709e+00
-1.557299053067418670e+00
-1.355994620300312148e+00
-9.480378722775353317e-01
-6.059053933842644124e-01
1.754750129626066191e-01
5.748387220299560063e-01
7.937853635919931428e-01
-1.786707369699904513e+00
-8.196323450874201111e-01
-5.951674012124337498e-02
2.481961290187134073e-01
5.422165116174344490e-01
1.004071843613409953e+00
8.917458315402324587e-01
1.327819281828664266e+00
1.071066794097507158e+00
-1.872369304708253024e+00
-5.973251246991732044e-01
9.179674729881964756e-02
4.849899899301497452e-01
7.351640778276814503e-01
1.039226871253566831e+00
7.139844417367426921e-01
6.670960183818007705e-01
8.384039717327064212e-01
-1.842453209772971556e+00
-7.189301045140249480e-01
-2.911883622573948824e-02
3.224652026142205696e-01
6.484155223440574156e-01
1.103635594085863980e+00
7.515964319734672605e-01
1.215551103945283984e+00
7.816733156903714619e-01
-1.963661568270952396e+00
-9.100460206712196465e-01
-1.470601245947951441e-01
1.788095723415208671e-01
4.902201237314623983e-01
9.489553942210451343e-01
7.802888413310652416e-01
1.246816864474028952e+00
7.620947219260906236e-01
-1.705379183161764400e+00
-7.588880310044283650e-01
-1.874640218608207912e-02
3.113690455306672433e-01
6.514732873327612195e-01
1.138530490585401900e+00
9.303225785463073993e-01
1.383793472501474886e+00
9.043621098863805496e-01
-2.018362667586023562e+00
-8.487116295756755857e-01
-1.191591664444873744e-01
2.800644339399468996e-01
5.492153747283038401e-01
9.922815634932953266e-01
4.884411032779717998e-01
8.561429612314428450e-01
9.583264105791489129e-01
-2.105025216852277836e+00
-9.530658896794620416e-01
-2.012769988982587577e-01
1.636962227155874250e-01
4.954789901536830188e-01
9.903169780947947975e-01
6.249968787565459705e-01
1.089774357870791466e+00
8.301735694228631335e-01
-1.974711468474637632e+00
-9.888058750407013875e-01
-2.165606666941690406e-01
1.125915445099344575e-01
4.082407956201630217e-01
8.712717906849442029e-01
6.661659687368750582e-01
1.133265731046992908e+00
9.894923233572024968e-01
-1.631527910165842199e+00
-3.607459794683739451e-01
2.653428199262041765e-01
6.536591135928579988e-01
9.624434028182027312e-01
1.185020552754711076e+00
1.049936180571630739e+00
6.985703999854117052e-01
8.479795334774813398e-01
-1.743567298089507389e+00
-6.399785426654122089e-01
-1.166314677589705973e-01
2.397070803453396348e-01
6.092490458065318304e-01
7.281797962726704876e-01
6.386967655237303365e-01
4.427934767883428546e-01
5.614933183670762773e-01
-2.650752758994261882e+00
-1.795761925750883448e+00
-1.571865187911905659e+00
-1.367393770468100289e+00
-9.141161621648784541e-01
-7.437819791178711393e-01
-2.654519076879889306e-01
4.258968083091423801e-02
7.503436380541371742e-01
-1.744241196464839883e+00
-4.629108062245220756e-01
1.650388861472231739e-01
5.513613871613164408e-01
8.537855352919542229e-01
1.016394773393771045e+00
8.564989877792122952e-01
6.160141405088701561e-01
8.727953762387881120e-01
-2.548970716578791595e+00
-1.882533971824692953e+00
-1.625806711469927945e+00
-1.421965207696620714e+00
-1.015722880136155304e+00
-6.121877541431961500e-01
2.191726656906485826e-01
6.200335079765342261e-01
8.388840610965675459e-01
-2.031707305386192264e+00
-9.890840151664356261e-01
-2.305057156793949569e-01
1.370054213782633812e-01
4.692779645739683647e-01
9.587496002898514558e-01
6.274928740948036987e-01
1.091010206436254792e+00
8.484938757452488156e-01
-2.053025196881694825e+00
-7.482999812827152430e-01
-1.080727526262570126e-01
2.778426460623527605e-01
5.749633538196291527e-01
8.418689262660465911e-01
5.694193890208988362e-01
7.351448753154149474e-01
9.200780985572816206e-01
-1.648067273728017978e+00
-4.823688758411525113e-01
8.612565837277971759e-02
4.628683631172956225e-01
8.067875109273713319e-01
9.745981888508660207e-01
8.646788614323205335e-01
6.564687708777590114e-01
8.562015602266224157e-01
-1.608443232492344777e+00
-8.137402095706959271e-01
-6.152385041842167029e-02
2.825962450516720792e-01
6.144653969964215534e-01
1.100080281744186594e+00
8.815577362015060148e-01
1.341819310562407885e+00
9.184582397161762390e-01
-1.756701171926913885e+00
-5.425968459547959588e-01
1.462533996567988159e-01
5.227536058248770656e-01
8.030360149105465473e-01
1.277805157860661733e+00
8.559423959873322385e-01
1.184124302660043870e+00
9.342093516266530839e-01
-1.609717394855862738e+00
-4.310905636415732767e-01
1.381022729283712669e-01
5.221528340955369218e-01
8.606809433558595401e-01
1.014911726285976590e+00
9.297045410828231882e-01
5.888763173427414843e-01
6.618997465130972424e-01
-1.961874822221724157e+00
-8.957190899498924663e-01
-4.274290008106892413e-01
-1.227520265809189520e-01
2.759116531828876284e-01
2.990231107686200374e-01
2.417645287356807726e-01
1.464765603818477813e-01
7.830850652735689144e-01
-2.757512176582399110e+00
-1.672839789088747864e+00
-9.223193593420294656e-01
-5.620905971327462280e-01
-2.538921241164741605e-01
1.756848502536143275e-01
-2.057601437197069949e-01
1.211258562540348249e-01
7.883403571282916467e-01
-2.249914645397665502e+00
-1.237242709836574361e+00
-4.577584906530096087e-01
-4.187193683244882364e-02
2.688589663749794689e-01
7.724437605647348493e-01
2.696618787901260417e-01
6.378138483771272904e-01
8.175386315426567130e-01
-2.389916271371651302e+00
-1.550756016501595447e+00
-1.207128369148651625e+00
-9.728398241337946617e-01
-5.686034082009254753e-01
-3.382026227937303675e-01
2.328624875912000680e-01
6.261721154601190831e-01
8.457827233005066336e-01
-2.093469612728369622e+00
-1.022177978663777020e+00
-2.738863374578830445e-01
1.102813418104342386e-01
4.328376912665711784e-01
9.097964025062059701e-01
5.478619451846930000e-01
9.791536807235400319e-01
8.283410053784077132e-01
-1.879489812089500500e+00
-7.033518719556712817e-01
2.215414781272905063e-03
4.026557521133840023e-01
6.716906321155545756e-01
1.127809688162541901e+00
6.156718056830823294e-01
9.837515970821673061e-01
1.020765856070149802e+00
-2.886390660852987899e+00
-1.707598110684171111e+00
-9.612286280517937653e-01
-6.344106607367288042e-01
-3.405677718495270789e-01
7.139888370102388804e-02
3.931303295275741516e-01
7.938047346785803704e-01
9.827642178138243922e-01
-1.906618914517565599e+00
-8.178333009335392312e-01
-3.187313242654711276e-01
1.066654683188471286e-02
3.914757074180731378e-01
5.455509132399855021e-01
4.790028389044380108e-01
6.275483752598625120e-01
8.508940100638585635e-01
-2.814970827469893244e+00
-1.850984509385551036e+00
-1.558362849710369868e+00
-1.365125238115491024e+00
-9.249106595935340236e-01
-7.151491817065658285e-01
-1.728555481825723439e-01
1.715797164789516493e-01
7.965128246864077166e-01
-1.563337322632733839e+00
-4.204449895914310620e-01
1.549607006799420816e-01
5.392426489373425280e-01
8.736400885503186053e-01
1.046729004714055167e+00
9.442008804837871416e-01
6.666079516390791548e-01
8.608886751466912068e-01
-2.182237477592736230e+00
-9.245993996218003774e-01
-2.775637690345006403e-01
9.475479316132022489e-02
3.656201316979681426e-01
5.596564642751948870e-01
3.391925111645900381e-01
5.846772997100558866e-01
7.021387107003884687e-01
-1.964807317110451645e+00
-7.052554984274072014e-01
-2.043626633842742651e-02
3.719286777784500120e-01
6.175157869046636883e-01
9.195208626795020601e-01
5.734072133980901986e-01
7.474996776585355329e-01
7.400785345432346896e-01
-1.740912797836572601e+00
-5.966721759990920582e-01
1.013206671072753862e-01
4.850415076136329051e-01
7.552605383420450957e-01
1.216352689400533427e+00
7.739559099071404713e-01
1.049759958228059453e+00
9.315404319093428809e-01
-2.532116205845221124e+00
-1.537570071929486026e+00
-7.745968653061827691e-01
-3.788969957727216231e-01
-1.191848072825937299e-01
3.205603138151575382e-01
2.264472616016391937e-01
6.286953647477753204e-01
7.823689929668313781e-01
-1.768636968742478999e+00
-4.318630211790782103e-01
2.621681265185991094e-01
6.564940532832670428e-01
9.018408787143324945e-01
1.220274839194864347e+00
9.340075602361618268e-01
8.781424795050293275e-01
9.455366260470045026e-01
-2.718316912815677000e+00
-1.667417063732630433e+00
-1.180053736488458460e+00
-9.185650857062879204e-01
-6.169962430982575130e-01
-1.824603540018576719e-01
3.657470906499970531e-01
7.744199895064374228e-01
9.672698730520574717e-01
-2.249735341165916669e+00
-9.361920220759418765e-01
-2.842441286252654353e-01
9.591271172971961578e-02
3.560971120693836034e-01
5.866450591133628434e-01
2.417586972960245051e-01
3.582338190346547879e-01
8.475899585738118081e-01
-1.567412450423136150e+00
-4.003918153531557667e-01
1.709911739253393292e-01
5.502074264428774564e-01
8.870589590845572303e-01
9.985111636837028515e-01
9.392507389261852691e-01
5.972916746129675047e-01
7.923519772958855789e-01
-1.945472800776652411e+00
-9.006742540091489113e-01
-4.291231600282370828e-01
-1.170945324660649794e-01
2.772824470868932023e-01
3.617827577831924102e-01
3.235343470287401213e-01
3.473446588402830937e-01
6.495791996467664697e-01
-1.791588152495517505e+00
-4.918990883417111437e-01
1.547764202613159945e-01
5.456670737610279653e-01
8.315640237886290365e-01
1.057217601709154797e+00
8.647446271539154239e-01
7.538922444129990685e-01
7.416300667374496891e-01
-1.694603935047488852e+00
-4.531987048890817604e-01
2.332567948016761039e-01
6.302123078140957624e-01
8.708848152181906110e-01
1.349560130993517237e+00
9.411821220000384791e-01
1.213029278724164328e+00
9.984268409812001588e-01
-2.520539179179368094e+00
-1.659801658044707473e+00
-1.357704961792775888e+00
-1.138527721342151633e+00
-7.041889844718762781e-01
-5.316065995683144640e-01
3.468043736226032476e-03
2.924857470844461904e-01
6.797939916789617065e-01
-1.762278890822183364e+00
-6.586484214721299857e-01
-1.315398365330863462e-01
2.252218588896975904e-01
5.944530008050432635e-01
7.314327864484321262e-01
6.265333448689092144e-01
5.229706038566054316e-01
6.724868361864743127e-01
-2.834693936850287699e+00
-1.606331059340529999e+00
-8.990534620634105245e-01
-5.924489627129799763e-01
-2.850683748861173594e-01
1.390716866262195761e-01
4.953325050254392958e-01
9.017821501324519984e-01
1.077543833872789403e+00
-1.710108095669310657e+00
-4.376518834771606636e-01
2.598554915320112624e-01
6.502273013878083763e-01
8.851237592358872641e-01
1.240425906787764765e+00
9.068103402697208493e-01
9.502069503514375404e-01
9.568726173372845700e-01
-1.676247779334744115e+00
-6.725395129511247960e-01
5.942910183343869807e-02
3.670669324546392276e-01
6.699358998690405631e-01
1.129323708917937985e+00
1.029905869296716681e+00
1.438632727404747902e+00
1.219784778868603370e+00
-1.806929917821635367e+00
-7.980775706179387141e-01
-7.436724100843715435e-02
2.390438243837568200e-01
5.606177842758610641e-01
1.014924672078149293e+00
9.325185240848086199e-01
1.377614877492841616e+00
9.156836335751661338e-01
-2.079597645723908705e+00
-8.861693075820118448e-01
-1.487775583423792958e-01
1.768647360639110100e-01
4.802681019208573376e-01
9.399838429792554129e-01
7.474147724131353643e-01
1.235352772901415763e+00
8.653850155647148101e-01
-1.598218241663112105e+00
-4.346046762485918369e-01
1.349255817190512519e-01
5.132694820187477802e-01
8.501872123005594917e-01
9.371623022877930698e-01
8.653537027580564533e-01
5.371094527111107686e-01
9.109449042558120935e-01
-1.705028193787138546e+00
-6.506737125632703345e-01
5.046261463386272905e-02
4.032169930172387340e-01
7.411655305322381038e-01
1.217416319366013466e+00
8.759163305266268740e-01
1.323885219825353676e+00
9.882097453064582204e-01
-1.574212122983226658e+00
-3.641744451152380546e-01
2.429849333425488367e-01
6.244883154188914931e-01
9.387768707160240034e-01
1.077284240631140921e+00
9.664674033116285035e-01
6.726009078748785841e-01
9.443662510711968716e-01
-2.609169375798062074e+00
-1.774171844988705615e+00
-1.524307029011247483e+00
-1.316618181870799598e+00
-8.694813226111165472e-01
-6.596604815829607560e-01
-1.316374582879772381e-01
1.686699681828416619e-01
8.432724560186982687e-01
-2.743871740298039263e+00
-1.719549022804504723e+00
-1.263942639875094587e+00
-1.052828691679524198e+00
-6.914931397433066174e-01
-5.119556680847532348e-01
-1.119669090044058957e-01
2.353885225977809525e-01
8.573816584328856072e-01
-1.665004097931423122e+00
-7.136590951214714096e-01
2.318917365820660770e-02
3.139407468511706822e-01
6.247896140950980337e-01
1.077922480347466516e+00
1.000196735210646670e+00
1.448884247930179114e+00
1.098175996238164087e+00
-1.508646754826902248e+00
-3.558872802853906281e-01
2.345006991364670945e-01
6.214121861005783565e-01
9.464216648628765993e-01
1.125059341764366394e+00
1.035094332246439652e+00
6.796896434786469099e-01
8.212851568603481978e-01
-1.700711168142363894e+00
-4.772220035772221647e-01
2.233897703083030095e-01
6.219751510281130713e-01
8.622630011926085691e-01
1.255689048893920745e+00
9.162004489643617022e-01
9.636681777528952608e-01
1.041450168925455166e+00
-1.567787925281047601e+00
-3.601817962293842323e-01
2.322925980327393281e-01
6.200861565759747673e-01
9.459389685832132466e-01
1.131602237912377573e+00
1.034364634135708672e+00
7.446327900723542781e-01
9.380325176981691992e-01
-1.818747833530639069e+00
-5.205576839595549288e-01
1.845193265909374214e-01
5.840670191439314429e-01
8.248029753600699676e-01
1.219344934456002338e+00
8.638494553337365822e-01
9.678394308686159020e-01
1.057880765483767194e+00
-1.819432960728187165e+00
-7.041222915741685018e-01
-1.256452653003787591e-02
3.527142200390228077e-01
6.515257593558643201e-01
1.096493516436959359e+00
6.768695634653708604e-01
1.051605408873784953e+00
8.450320592971595213e-01
-1.699224353157763545e+00
-8.405105892832495096e-01
-6.487825824104351269e-02
2.573056056393042135e-01
5.903022804902584575e-01
1.081278476690754609e+00
8.888314356617172951e-01
1.345531645761516515e+00
9.935088350863195972e-01
-1.753192876719348758e+00
-7.535982591967552713e-01
-1.317627911705632378e-02
2.918807506160179255e-01
6.160660844851099105e-01
1.077660501882127253e+00
1.043026244688573190e+00
1.463034126354774811e+00
1.002997564772533101e+00
-1.651171083727503541e+00
-4.381732843761629304e-01
2.695525892919581334e-01
6.667029217411871711e-01
8.975798546608279027e-01
1.363143710714822765e+00
9.719126744989731170e-01
1.170320114825233793e+00
1.100399955552707532e+00
-1.669747134814135059e+00
-8.965544950455318629e-01
-1.325313738693589261e-01
1.935211698471469843e-01
5.326989090267871818e-01
1.023533717662898912e+00
8.052054001044843812e-01
1.267602581409098095e+00
9.825797188001699212e-01
-1.565628116612294285e+00
-3.730240363952246896e-01
2.225027359581477626e-01
6.070474549622228988e-01
9.315673557842187869e-01
1.084790396643060317e+00
1.010937889410428392e+00
7.132729024920519967e-01
7.786271774071107377e-01
-2.223007904821689973e+00
-1.051860960514243049e+00
-3.093169802700023729e-01
6.603368199032298713e-02
3.894102478218345320e-01
8.676286895252848241e-01
5.411257149736968808e-01
9.768700456572571023e-01
9.282546296645036721e-01
-1.863354324844448184e+00
-6.945922658663827853e-01
-1.397128149386963614e-01
2.201904642606610507e-01
5.786723131023019384e-01
7.555592208091436168e-01
6.323256278034957711e-01
7.486650309950664273e-01
9.683259500903667050e-01
-1.707467406298718959e+00
-7.442272182880637077e-01
1.122355536729537605e-02
3.062256643075544904e-01
6.031510200516688736e-01
1.061144253783706803e+00
1.037377575314321509e+00
1.427770289846909124e+00
1.312616012587289438e+00
-1.560261259965304070e+00
-3.617268390302698089e-01
2.452526801164107428e-01
6.293471195317472677e-01
9.499903654979701129e-01
1.121878009509617247e+00
1.039358712092133263e+00
7.386532628495978692e-01
7.762478195309450157e-01
-2.822775925003250030e+00
-1.686843574811557778e+00
-1.213014534144953416e+00
-9.397264096728680238e-01
-6.567721383026836612e-01
-1.475892338864717435e-01
4.766714803575810566e-01
8.873673243359547769e-01
1.084661349439134392e+00
-1.678083539931210622e+00
-4.647265832654693396e-01
2.158448278859265990e-01
5.981577253849397202e-01
8.361999036748217762e-01
1.302380313181496385e+00
8.698027633769919165e-01
1.236932569201725007e+00
9.389204848025340944e-01
-1.718401927209098901e+00
-3.932019514521538084e-01
2.978843862619841576e-01
6.991980191760932550e-01
9.379730648031063822e-01
1.320321858059344766e+00
1.043547518730250534e+00
1.004225352771600299e+00
1.009079474750365968e+00
-1.839664530617907801e+00
-5.398526863115502561e-01
1.576823561175433597e-01
5.511375698230525089e-01
7.903388094674115294e-01
1.137121933384481753e+00
7.759812452900803903e-01
8.416348448962380768e-01
1.004791066148729373e+00
-1.690697939129821359e+00
-5.160970840995836584e-01
5.801537257784069451e-02
4.386093401639538647e-01
7.801178337976731880e-01
9.507247456781127148e-01
8.310945634370578983e-01
6.955220788460018122e-01
8.982801092360130912e-01
-2.892262310508932899e+00
-1.604521417087855673e+00
-9.735271986667644040e-01
-7.307383198901964416e-01
-4.482099766138572527e-01
-1.570568222165907857e-01
-9.033166738346257163e-02
2.691519267353371103e-01
9.191401657985243112e-01
-1.949624732284273687e+00
-7.346292295129229766e-01
-3.336193969945746435e-02
3.604692215123205812e-01
6.085025297260002741e-01
9.965272900199159123e-01
5.647381828753785804e-01
7.194052102853097930e-01
9.815549434667321105e-01
-3.030676257400950480e+00
-1.622220522642200846e+00
-8.746490015601061652e-01
-5.408323168142228354e-01
-2.589562469743456607e-01
1.196557741658531987e-01
1.953169327167620650e-01
5.956236729804428309e-01
8.248047048410968030e-01
-2.720526337329224109e+00
-1.890722162123310568e+00
-1.656978924627305894e+00
-1.448839734149475866e+00
-1.019317423936594524e+00
-6.655186552984859727e-01
1.209671863055296753e-01
4.407784307423657233e-01
6.933909555987503026e-01
-1.675171560890879263e+00
-5.349915128654778584e-01
6.562859924032893484e-03
3.717601493776513943e-01
7.274104740950093628e-01
7.832018794034543152e-01
7.033493355204084585e-01
4.785168071396344591e-01
9.569963733793965810e-01
-1.787730123605610233e+00
-7.010878952705731360e-01
2.987156839731430150e-03
3.732091765809539829e-01
6.842437146815893989e-01
1.150038525702312020e+00
8.177960357791606016e-01
1.246153988438036819e+00
1.190085354741557744e+00
-2.803071909972468134e+00
-1.730406969927116512e+00
-1.296234538244019907e+00
-1.082627883644455613e+00
-7.301601159191799528e-01
-5.172217997075392315e-01
-4.802655192566012560e-02
2.971531542239387869e-01
9.274762881309682738e-01
-1.732121549239204805e+00
-5.787578815594235371e-01
-3.868946193160905517e-02
3.202606864405014853e-01
6.821364614618560251e-01
7.290476140356744184e-01
6.561584710837947698e-01
4.423688303474864192e-01
9.525900559923539124e-01
-1.806241510469463130e+00
-6.374726240102975838e-01
-8.983184380350223153e-02
2.689790916836984347e-01
6.298089879297985583e-01
6.839573162029808362e-01
5.751172323686556398e-01
4.929989558090492330e-01
9.331034720490168910e-01
-2.006349301319968248e+00
-9.814967958639272405e-01
-2.034978758170847002e-01
1.572815882235616414e-01
4.914135909418488879e-01
9.807131809986269211e-01
6.445804588063094309e-01
1.100151071788312507e+00
9.869220804706687611e-01
-1.622423919922147739e+00
-4.654764081424050404e-01
1.072967592862329178e-01
4.878536181913266656e-01
8.274175286572011956e-01
9.984873359899369971e-01
8.932688998914307676e-01
7.143369282662269670e-01
9.240315216146912647e-01
-2.207831304364455072e+00
-8.802783900028581243e-01
-2.640658638453717288e-01
1.026670212225169049e-01
4.165410145792242669e-01
5.355303161873757878e-01
3.147200708010089443e-01
4.366503480740506205e-01
9.598580276119575982e-01
-2.037132509324756313e+00
-1.046185232480981719e+00
-2.541663507252239773e-01
8.592470242693339699e-02
4.010481579933239393e-01
8.645637333542153247e-01
6.285706396531938189e-01
1.088298054004239956e+00
8.965879630288525748e-01
-1.706637440369000558e+00
-5.230137199592921338e-01
1.594766102197914814e-01
5.428941178089266018e-01
8.076764349283116484e-01
1.282487153217705789e+00
8.685189671428544811e-01
1.226906331533200278e+00
1.074054518498644528e+00
-1.678251484689359696e+00
-7.946659336481239899e-01
-5.461093906256322961e-02
2.486087667289828829e-01
5.478667057880267643e-01
1.004889565303798804e+00
9.177450614151481112e-01
1.367491599769491417e+00
1.123816053475199084e+00
-1.803288578591136559e+00
-8.812536529002067409e-01
-1.371973550794784169e-01
2.152559815474030247e-01
5.445427592847339460e-01
1.033819100483997167e+00
7.586670399209630711e-01
1.226945291735113353e+00
1.010090647892968763e+00
-1.661220193573231807e+00
-4.839750807619280226e-01
7.123576197929658294e-02
4.440787817361653844e-01
7.922662801974617031e-01
8.615245356363375739e-01
7.852241006419801161e-01
5.402807713306551074e-01
9.612288726846321962e-01
-1.825866946828552440e+00
-7.383463247332932022e-01
-2.126529688233665116e-02
3.328623746730340893e-01
6.739225358703047064e-01
1.151295790878530845e+00
8.192753981422175036e-01
1.274135698643799053e+00
1.032558933610981056e+00
-1.968835605433454372e+00
-8.729928369354409412e-01
-1.357751547131069991e-01
2.194670153362179854e-01
5.347607895815104095e-01
9.934528298612618213e-01
7.274425724269748539e-01
1.171836585158084088e+00
1.139601590570247458e+00
-1.849580277284636809e+00
-7.500570682022533742e-01
-2.437819833484579646e-01
8.933121569115826111e-02
4.724398480441511783e-01
5.005730069887358580e-01
4.322186056325644787e-01
3.868303118947226671e-01
9.364020360345616245e-01
-1.825773507391215356e+00
-4.782602861915630221e-01
1.961294637054205592e-01
5.870046556863026677e-01
8.543542911096901893e-01
1.107046086708531218e+00
8.276914766038395710e-01
7.845737265687919848e-01
1.023205695302637164e+00
-1.938588132569358802e+00
-6.929496106107227993e-01
2.027163546848566311e-02
4.225358876992325041e-01
6.745466634721966059e-01
1.108761850612331790e+00
7.098215012335583607e-01
1.044328346778133465e+00
1.177597497167307994e+00
-1.910058589747568591e+00
-7.884457258470815022e-01
-6.052924048616314945e-02
3.050310073199368199e-01
6.211785190426976078e-01
1.081246650221243000e+00
7.489595889655198402e-01
1.173675750935763151e+00
1.151400608223036581e+00
-2.092095275933109289e+00
-1.001046749613558884e+00
-2.643764624892542270e-01
1.089649342645040431e-01
4.190837731806711930e-01
8.764709893451431144e-01
5.548950433694533890e-01
9.705163147475610597e-01
9.127201199537801068e-01
-1.733569270579639499e+00
-5.821640021750976723e-01
-3.222460227832087826e-02
3.358923463907091955e-01
6.927277090834574880e-01
8.204042988277620019e-01
7.321617738270520537e-01
6.105816054266781645e-01
7.528075114674475099e-01
-1.673028545329738659e+00
-5.347470926680585324e-01
2.857484032272461852e-02
4.004848922423727142e-01
7.479856542578154910e-01
9.182211298766963514e-01
8.159908841479921460e-01
7.939925630549685698e-01
1.014188378301784876e+00
-1.859873197599406280e+00
-8.104729276358081380e-01
-3.064478102366045009e-01
2.020544144113908813e-02
4.037029020607358354e-01
5.312463384720820248e-01
4.723068429337323737e-01
5.665546734795899875e-01
7.522330864374693338e-01
-1.574721019596523552e+00
-4.182217219850365986e-01
1.565997283402321694e-01
5.411174199506760818e-01
8.763678821385439965e-01
1.043325126254808222e+00
9.530535910274147149e-01
7.134132793900345160e-01
9.144751656492076108e-01
-2.235376023687572822e+00
-1.001532634021205626e+00
-2.820601850364990448e-01
1.204769951217398577e-01
3.819090947793827295e-01
8.099044504001406963e-01
6.007379747921275381e-01
9.958285488556427589e-01
1.174542814306420269e+00
-1.687177028611245966e+00
-7.052568934649733334e-01
2.803840940674991178e-02
3.176706922212178541e-01
6.212444173482171150e-01
1.074331085003369157e+00
1.021858526535317058e+00
1.449690050160840293e+00
1.192546951454924731e+00
-2.058660847242080649e+00
-8.490622745441036567e-01
-2.925511852144609959e-01
5.319291414290330117e-02
4.088959631814063633e-01
6.200265605294504878e-01
5.404388163428213154e-01
8.305362423416796647e-01
1.045958862250326193e+00
-1.938065554569126991e+00
-9.083894241954055815e-01
-4.274256330885876642e-01
-1.091477149799124635e-01
2.806859945737055217e-01
4.207929287734401003e-01
3.911516839139309032e-01
6.065032097000429001e-01
8.005962046583684488e-01
-2.851537700111952400e+00
-1.585824471043567829e+00
-8.136793738845601309e-01
-4.415850628064815764e-01
-1.587330925240394153e-01
3.260482360124851153e-01
7.211211482610042633e-01
1.114218526144453492e+00
1.301488529315094622e+00
-1.998033730841640709e+00
-1.008864327327301913e+00
-2.395177067870001286e-01
1.144090383338171174e-01
4.089553022832425055e-01
8.781922817645944068e-01
8.193018687880082584e-01
1.221911913792384397e+00
1.305896017032469159e+00
-2.761316681409590412e+00
-1.661463980055332579e+00
-1.185689555901100034e+00
-9.216373960093890982e-01
-6.176135440577262825e-01
-2.350320872072956258e-01
3.711222449045886718e-01
7.747649373285632191e-01
9.894354895256582960e-01
-1.629888452781982133e+00
-4.342039269244232225e-01
1.508653746314878585e-01
5.346773731684090203e-01
8.662365410207234495e-01
1.038573836074164092e+00
9.365503504694102643e-01
7.131532653169765368e-01
8.555825529087632830e-01
-1.846703562824453915e+00
-7.533802647567526822e-01
-2.409002550183391711e-01
9.840361245609027807e-02
4.736689620001192647e-01
6.319586713418071655e-01
5.800994482534079788e-01
7.696270141809287146e-01
9.954154897780581601e-01
-1.726573422685923065e+00
-5.989290406990007698e-01
-6.428753384504216906e-02
2.959779056019534171e-01
6.580210575784949389e-01
8.109834938853944797e-01
7.230899138715471963e-01
7.309262121909244625e-01
9.648512200744961964e-01
-2.735533566229101599e+00
-1.493014939948902109e+00
-8.759695600505101876e-01
-5.682554592293560525e-01
-3.242190398681116248e-01
1.246248305584888166e-01
5.320495106071569946e-01
9.461299296398336667e-01
1.143589084636761344e+00
-1.702574885883666234e+00
-5.203731254861252431e-01
5.447621432642396622e-02
4.339424613194050040e-01
7.757909714793668199e-01
9.514157953144066759e-01
8.343038595507445976e-01
7.569103542329639334e-01
9.808344294468968050e-01
-2.705583697782586672e+00
-1.666079966647524113e+00
-9.049052589951762648e-01
-5.861883635348771326e-01
-2.821641178721998044e-01
1.133526332928776054e-01
-5.493555658678261899e-02
2.750907712586021514e-01
9.527645153322212845e-01
-1.929258476626380281e+00
-7.759116613565884002e-01
-5.631114999389721237e-02
3.184989463636742069e-01
6.435858909909546455e-01
1.117362707889521412e+00
6.979380370612597861e-01
1.083603276384839331e+00
1.019743433500247320e+00
-1.836717611282900675e+00
-6.910760289921552557e-01
-1.579907968885390368e-01
1.936376623697775301e-01
5.601867005727919624e-01
7.240065105510415933e-01
6.308284774464764100e-01
7.534682958936906871e-01
9.831376899078593246e-01
-1.852273617959885543e+00
-6.461592152611798090e-01
4.493682772027534494e-02
3.601318109661449940e-01
6.909376993546038070e-01
1.143880080218622419e+00
9.220874027626788649e-01
1.435088113981231261e+00
1.032092468881870007e+00
-1.716039658082126440e+00
-3.903301703786412058e-01
2.849704271241820241e-01
6.763144236292722988e-01
9.276639571350534519e-01
1.235753389898481602e+00
9.506734468626337753e-01
9.780764662207437343e-01
9.424291779514497591e-01
-2.189491640410415663e+00
-9.918718021162031828e-01
-2.838025562484563502e-01
9.917815681256265947e-02
3.500779389916458539e-01
7.177909980106332855e-01
3.062774877319238698e-01
4.948550189911732344e-01
9.790385730397982433e-01
-2.547590297278354399e+00
-1.693244609949917878e+00
-1.392439620368243869e+00
-1.168222951099387785e+00
-7.445942413420806316e-01
-5.033913551514810347e-01
1.578745955631819242e-01
5.143349371135788051e-01
7.268394823494261914e-01
-2.601224862878571464e+00
-1.691643526536659836e+00
-1.406957486608052310e+00
-1.195842300321531493e+00
-7.462384624953634082e-01
-5.452340830924755632e-01
-1.328997761733006350e-02
2.946270064275970935e-01
9.452283559869630869e-01
-2.727842239264284263e+00
-1.904833176614045165e+00
-1.673549099303094589e+00
-1.462418832715961736e+00
-1.035707194054529490e+00
-6.554143046410165763e-01
1.413519482561382823e-01
4.676423589076043608e-01
7.194128379427116027e-01
-1.830338515630362650e+00
-4.884487758310259164e-01
1.844150659630805211e-01
5.763798992291629952e-01
8.404385569932039113e-01
1.095562597196179766e+00
8.055618954780990881e-01
7.857831854359609292e-01
1.025621472222540742e+00
-1.512923546633231808e+00
-8.033174303604320166e-01
-6.680359314204185883e-02
2.459369634550657713e-01
5.765411280113801329e-01
1.067137731648953647e+00
9.440846142783345663e-01
1.378749104833175920e+00
1.055288410902154972e+00
-2.170810443769686682e+00
-1.072848198574817280e+00
-2.982212399087580401e-01
7.292749111508292637e-02
3.963825103285248397e-01
8.826587499902460721e-01
5.270334483973533324e-01
9.514114408484692920e-01
9.779144680869416018e-01
-1.752714923147615567e+00
-8.068636884854848423e-01
-6.855572131926621071e-02
2.365068969497174933e-01
5.476547786983915200e-01
1.005070353239933878e+00
8.835461475942925080e-01
1.332137370554925315e+00
1.222973544598501272e+00
-2.993489415024252587e+00
-1.706454751396616176e+00
-9.795655452922642503e-01
-6.494769266839700572e-01
-3.634578503531852300e-01
3.642621524648062548e-02
2.150197660599948712e-01
6.318939043727727078e-01
8.624032201837964484e-01
-1.952482348923513689e+00
-5.869708782502272015e-01
8.817315413346847597e-02
4.842839395665151092e-01
7.475019720291314895e-01
1.034198192764013591e+00
7.641036944374031137e-01
8.349845514027617321e-01
8.833381819732426532e-01
-2.071495112908447567e+00
-7.481536123184753251e-01
-6.277899025552602374e-02
3.397412351611960868e-01
5.943252941982418713e-01
9.493428706624541524e-01
7.040871300298912061e-01
1.015323964467220730e+00
1.191735208429456794e+00
-2.657700896603045759e+00
-1.826223372756130559e+00
-1.585440844128914284e+00
-1.371961993792991441e+00
-9.291287344009849791e-01
-6.177658077032497363e-01
1.099298171742637692e-01
4.007075656826510346e-01
8.211940442012641839e-01
-1.925253861638806629e+00
-8.855069622723673595e-01
-1.313081957051432103e-01
2.195571558825344660e-01
5.206882242859458554e-01
9.884579960383702568e-01
9.048762266880624461e-01
1.298357199239099868e+00
1.357859934716429073e+00
-2.057933012005462192e+00
-8.495764750911691809e-01
-9.988863182318283296e-02
2.378441206770900151e-01
5.722478784038984578e-01
1.037945420240218741e+00
7.968961470096668220e-01
1.267764932349903839e+00
9.894440153533080595e-01
-1.785529030311065801e+00
-5.190093668496632562e-01
1.871219098430373373e-01
5.773638001650897023e-01
8.177889382208790581e-01
1.265389615631496545e+00
8.520830942276489406e-01
1.075742215398002077e+00
1.059500879738207724e+00
-2.705301228223623955e+00
-1.506490089758386164e+00
-8.907219815843019362e-01
-6.238067518427390379e-01
-3.562790468221013751e-01
-8.962511827974811718e-02
2.955147727990760087e-01
6.915763034675175280e-01
8.568930047001425132e-01
-2.157762335036521595e+00
-9.261571681323440552e-01
-3.463788239089495846e-01
-6.199664695947223157e-03
3.393619375207122535e-01
4.090122557116688817e-01
2.610998422517907813e-01
4.391369338476057149e-01
9.619714352529075141e-01
-1.603108792839184948e+00
-3.959045594432096804e-01
1.876732262182833066e-01
5.708105886366583448e-01
9.000314804171827276e-01
1.022836199293730486e+00
9.455043685651668417e-01
6.873224326340436896e-01
8.946161013053147704e-01
-1.540275839497800447e+00
-4.046810749696439502e-01
1.849628885703815118e-01
5.642776856289759557e-01
8.937316990793263694e-01
9.959950777866687366e-01
8.952023353467071232e-01
6.442158690244746966e-01
9.973144674685446853e-01
-1.835126852066059966e+00
-8.772110578003828874e-01
-1.080083261932025251e-01
2.028788865349294146e-01
5.039520927925056348e-01
9.636567274246903292e-01
8.125271985036424116e-01
1.285286876609061935e+00
1.080724709809246065e+00
-1.810366458844085313e+00
-5.486015424684386188e-01
1.557345234691849267e-01
5.537167869574972645e-01
7.952189852777847845e-01
1.214415684244433136e+00
8.784027739855294614e-01
1.111597753125256771e+00
1.234550547439589474e+00
-1.725431432790046626e+00
-4.474805973310349017e-01
2.484267137249309976e-01
6.418449189836614721e-01
8.898777100896262393e-01
1.201683631039456523e+00
8.855146665866340250e-01
8.954909750972795957e-01
1.047460207656715214e+00
-1.631754862863974642e+00
-5.398374470758469101e-01
1.263999097325903542e-01
4.748546550399356803e-01
7.825971293076978696e-01
1.247537135340647696e+00
8.697616811815730431e-01
1.349209521080253493e+00
9.890221419170056594e-01
-1.667290110707096984e+00
-3.700317777563800759e-01
3.037555773632931166e-01
6.990342644945380934e-01
9.618897262609847898e-01
1.294107704734863029e+00
1.069840336928501445e+00
1.003123745706623549e+00
1.117346684866239004e+00
-1.711487786747365458e+00
-5.124722266174993601e-01
1.807898734556466769e-01
5.789223024490738334e-01
8.238865433821949136e-01
1.289993885352846759e+00
8.972270632017644854e-01
1.193115271048255543e+00
1.234487133875036502e+00
-1.828434716114246461e+00
-7.660123040318552734e-01
-2.792119369404763921e-02
2.719456222099955744e-01
5.912723693747035103e-01
1.049098873024118639e+00
9.438183574204095372e-01
1.421216213487666469e+00
1.003928131247593614e+00
-1.763953879938341407e+00
-4.398227529646920875e-01
2.519269801751167215e-01
6.501608244688757976e-01
9.034931510492119067e-01
1.262293979570408231e+00
9.978937234491077612e-01
1.037366444895860385e+00
1.160411892398715894e+00
-2.098075522036634499e+00
-8.583722415194301458e-01
-1.868037768960720268e-01
2.071890217404792067e-01
4.734334551709722949e-01
7.701703040280748480e-01
4.950173538335386758e-01
7.947947054000348288e-01
9.493768721329048921e-01
-1.664474725452363080e+00
-5.260396336065572553e-01
3.492784785776372608e-02
4.080416370610842058e-01
7.579038812572640449e-01
9.213107304555618882e-01
8.282795371754730906e-01
7.929083548909987567e-01
1.013518636574534559e+00
-1.575293542999405050e+00
-3.711548394788487526e-01
2.429733222652475377e-01
6.302105463457630119e-01
9.449531792242753525e-01
1.134800600676877158e+00
1.036273460708598160e+00
7.756605988823995768e-01
8.350128768323876738e-01
-1.732893244673129551e+00
-7.825698148886548466e-01
-3.433194895522189566e-02
2.834274895420818008e-01
5.845632619760768867e-01
1.045337167617440111e+00
9.695756594754528779e-01
1.385855725942105598e+00
1.317543334134808619e+00
-1.746465403962489837e+00
-7.851775923953484559e-01
-5.610876644737804869e-02
2.826678088549320345e-01
6.217416012696882488e-01
1.101916777976520656e+00
8.581375036741408779e-01
1.326374952993458312e+00
1.048067161746694786e+00
-1.959764373262969261e+00
-8.462127817417809394e-01
-1.100807031201883751e-01
2.559040441680981992e-01
5.924409316404158909e-01
1.073003380790156225e+00
7.081760404783954410e-01
1.147135284181458825e+00
1.021842538935393785e+00
-1.712376968564301105e+00
-4.864857893193112459e-01
1.971164296141346417e-01
5.879219393705930052e-01
8.516789464393855758e-01
1.333546281118849208e+00
9.445460339778526393e-01
1.300606886239239479e+00
1.236388550676109865e+00
-2.041243855502887339e+00
-7.706929333925846004e-01
-1.084989777309272041e-01
2.805620484073610421e-01
5.499717972774421648e-01
7.578574937638706821e-01
4.626396192367644988e-01
5.412271866555486977e-01
9.911269147925684253e-01
-1.726516988129909391e+00
-6.390567092397169136e-01
8.913769655703930594e-02
3.873479071863559220e-01
6.803658765378304274e-01
1.139646994912303812e+00
1.202560308581947623e+00
1.541010102140701221e+00
1.455406579201871109e+00
-1.916689586939337220e+00
-6.733059329096280354e-01
3.061137134541720706e-02
4.227623807812162515e-01
6.663534048526346121e-01
1.038063606063278632e+00
6.337809001529516317e-01
7.706682518086211964e-01
1.015698579212418462e+00
-2.022652353347953902e+00
-8.921576694783189820e-01
-1.641715020225827382e-01
2.175257554263111404e-01
5.197607329696530831e-01
9.678045731219493408e-01
5.065761309972123261e-01
7.752463053465873388e-01
9.987392545992961335e-01
-1.805118749847101078e+00
-6.427735636769966732e-01
-1.011084834658121101e-01
2.525387318058381347e-01
6.160883431696290158e-01
6.602665025721421443e-01
5.572828954334506646e-01
4.554219345753520165e-01
9.771466364955105899e-01
-2.860576090820387218e+00
-1.648501418738056223e+00
-8.956976310571961308e-01
-5.472125259448310519e-01
-2.729514398623976712e-01
1.257233490755977345e-01
2.318243404218282289e-01
6.502377790339444186e-01
8.705046083095201448e-01
-2.832841895710470403e+00
-1.566620747025143201e+00
-1.054237595553968898e+00
-8.132587337315677622e-01
-4.827911902119430554e-01
-2.991909531728720317e-01
2.255190557104745919e-01
5.745694270123027358e-01
8.561599253896443606e-01
-1.995693447108495500e+00
-6.339806806592920285e-01
4.234315500790375442e-02
4.401333196381811419e-01
7.115801194211391900e-01
1.020995544192874638e+00
7.586582294329263787e-01
9.350624187659081210e-01
1.118354306535838338e+00
-1.598604382146916691e+00
-3.804439981644705537e-01
2.269525109508040706e-01
6.145500936446486318e-01
9.315017973719287303e-01
1.132994041242188610e+00
1.018467674440272530e+00
7.694322664921799948e-01
9.422750135643532809e-01
-2.041822534104167808e+00
-9.782212335673384773e-01
-2.181448330563165727e-01
1.283710621653458284e-01
4.557228101196644232e-01
9.253997935270396047e-01
6.562267095910159220e-01
1.114073818164007967e+00
9.632264724068236861e-01
-1.772458616016431288e+00
-7.709837144799217556e-01
-4.003209974502716650e-02
2.822217993123890545e-01
6.224325918246468303e-01
1.080214007410492227e+00
8.750354539820239808e-01
1.357413744061673810e+00
1.005979638626769201e+00
-1.778318980769042490e+00
-5.201130621909560992e-01
1.662462848936696047e-01
5.582127029724630596e-01
7.880576245464475660e-01
1.182293459545319836e+00
7.844174063968012423e-01
1.018603948446154428e+00
9.190115149512251280e-01
-2.601598190333029859e+00
-1.803213874407477046e+00
-1.461658268721229614e+00
-1.247868558614562362e+00
-8.426585386063324412e-01
-3.253922970019270111e-01
4.362325169622241483e-01
8.555500974300292993e-01
1.066180573677154797e+00
-1.774642434255739643e+00
-5.134068034728801466e-01
7.127655153132511634e-02
4.543712815429503116e-01
7.838213681651983178e-01
9.154093373716444271e-01
7.967275513705787127e-01
6.720875124793448396e-01
8.569191497986985429e-01
-1.625177302814653890e+00
-4.658424037898093450e-01
1.002515098734735183e-01
4.782737739827158663e-01
8.214707925669615385e-01
9.246348849743716292e-01
8.547436569428250586e-01
6.270170946118723831e-01
8.783899784078954553e-01
-1.972170671107742024e+00
-6.591579122381749922e-01
4.112896081173524933e-03
3.965116972899063730e-01
6.612171104436463942e-01
8.845419092650782522e-01
6.019661043380549748e-01
7.464191875175267832e-01
9.154565210126375252e-01
-1.713196761386589273e+00
-5.359012764818149588e-01
1.555825960124954284e-02
3.827061564021029816e-01
7.330194872828241781e-01
7.954251019246850740e-01
6.970317234735446954e-01
5.196599469117654246e-01
9.887278675303933229e-01
-1.824279463304040005e+00
-6.793043177327342530e-01
8.463707265814853636e-03
3.591749712965942587e-01
6.776615170866182591e-01
1.131714879276798813e+00
7.540154923354560612e-01
1.202378587580338554e+00
9.561567216649539125e-01
-2.558334386056217991e+00
-1.479137370010166430e+00
-1.036849014611844089e+00
-8.038457131717803295e-01
-4.052860435478808920e-01
-3.043718806480851247e-01
2.020871875012544144e-02
3.333154692239253536e-01
9.587019048738425475e-01
-2.865686810836750364e+00
-1.623229688177278307e+00
-1.035442697836381987e+00
-7.357274712604652267e-01
-4.941269997682852244e-01
4.503351633071871196e-02
6.039743151217932260e-01
1.011010563234127746e+00
1.203097808503640120e+00
-1.719061960635365871e+00
-6.787453686783428974e-01
4.815432550227677355e-02
3.597381120548918676e-01
6.781799377683298546e-01
1.132289753558806344e+00
1.013022856150283424e+00
1.447847501258405112e+00
1.284132433655073235e+00
-2.240088523757004957e+00
-1.128304433535243234e+00
-3.768991659481261691e-01
2.757749124007973472e-03
3.026002487082309345e-01
7.637947491799427224e-01
4.826972396298404577e-01
8.921814738289844948e-01
9.020561090224807899e-01
-1.797761828110132187e+00
-6.983591723087195779e-01
-1.819369128094705246e-01
1.652723083524009762e-01
5.412296254153720065e-01
6.260333566211188083e-01
5.721660004954765011e-01
5.084443400927456391e-01
8.093907755542336657e-01
-2.384086209679893820e+00
-1.205308707333413221e+00
-6.588618367520429064e-01
-3.421177621621839249e-01
-1.491319534394886827e-02
2.983838283987811368e-01
5.297000469320577443e-01
9.319136180151180726e-01
1.127988411753225506e+00
-1.694948725365130970e+00
-3.817517585069166719e-01
2.956261398848636368e-01
6.912543695808049948e-01
9.535746706575304321e-01
1.289011930109467130e+00
1.056396391291282599e+00
9.877850092105703306e-01
1.104931006806565641e+00
-2.009212582822045068e+00
-9.176840515546255128e-01
-4.357097742331975665e-01
-1.308449324332765507e-01
2.689183755943396203e-01
2.908873069061094219e-01
2.703455920096478615e-01
3.836311103333490125e-01
9.361903474939760050e-01
-1.934285428087435976e+00
-5.667545494798922334e-01
1.203088570009007430e-01
5.149053180946522312e-01
7.704615869370675663e-01
1.041854034518197691e+00
7.203874260305767052e-01
7.587859537395738041e-01
1.019446486276857744e+00
-2.847958310019459649e+00
-1.807117966388584573e+00
-1.434659874140843172e+00
-1.240872546816024435e+00
-8.493889515795025602e-01
-5.718149746250107412e-01
2.719568823865799873e-02
3.596547569230126862e-01
9.521821890638314523e-01
-2.565502926264929595e+00
-1.227268488353801867e+00
-5.645553490377023254e-01
-2.128941960279543133e-01
4.347335181613740801e-02
3.592119807708682999e-01
7.201514874256008392e-02
3.372067051058980636e-01
9.705031171165250381e-01
-1.799832424148054333e+00
-7.648360536576155333e-01
-2.012295817685703643e-04
3.108905169183845407e-01
6.303419207497538146e-01
1.091294962466182294e+00
1.001515093814379531e+00
1.456511301610875941e+00
1.038743174074086006e+00
-1.774900094362135139e+00
-4.832843716608981044e-01
2.091768597262284868e-01
6.019219606660611843e-01
8.297951315338655265e-01
1.209289976430742763e+00
8.487411774748581106e-01
1.018028580914657200e+00
9.130597570170115862e-01
-2.529501178710110931e+00
-1.441528847284269332e+00
-9.660232548447292844e-01
-6.934617700415134367e-01
-3.315119093636269554e-01
-7.799845093547409791e-02
2.666250816083975961e-01
6.926977144063390934e-01
8.695899494974158594e-01
-2.169987028843817889e+00
-2.205412030560212511e+00
-1.960237291968925932e+00
-1.685617675017626604e+00
-1.333548767081192965e+00
-5.547571268006354916e-01
3.590762548749642513e-01
7.815031718698239871e-01
1.010766197435717828e+00
