-7.399892303163750462e+00
-5.609740390788608089e+00
1.996290228931878685e+00
-6.716741727620195945e+00
-5.828148209006239533e+00
-3.920425276661568259e-01
-1.296866507565239068e+01
-1.925598798981269155e+01
-1.939180780279032845e+01
1.102492349347344991e+01
8.795746857209262970e+00
1.452735259298171044e+01
-4.610566911425129089e-01
6.394298164411292618e+00
9.282956170499449655e+00
6.299437132223686397e+00
1.938762708599609397e+01
-8.247839258114673555e+00
4.643239300274086823e+00
-2.220801581712072426e-01
1.002781986432604455e+01
-4.162384418029406064e+00
8.999323683661966555e+00
-3.750843322995517926e-01
-2.520512993831486526e+00
-1.953110394855516407e+00
-1.125513630249753305e+01
-3.272243194588548221e+01
-1.086102201455527094e+01
-3.775696390769360367e+00
-1.114692704822950908e+01
-1.133051808838013486e+01
-1.042516786414970476e+01
7.797190748786879233e+00
1.073092762586024840e+01
2.615583553303668651e+01
6.690648015741397892e+00
4.754316496786809232e+00
1.215648029030883670e+01
-1.981523150093640995e+00
4.228783875995818953e+00
2.239762123442528008e+00
-3.232074549776497552e+00
4.421764610118336769e+00
1.692400373964851568e+01
4.050498353531819973e+00
-1.092918608546883608e+00
9.156207614926833216e+00
-5.228592305290352016e+00
7.962002479892330342e+00
-2.747038415591222194e+00
-2.954550519189279800e+00
-1.394583411724980682e+00
7.987793752789579926e+00
-4.410103453020626230e-01
-9.583210278160947837e+00
8.409540393234976818e+00
6.611107266716377273e-01
2.107895116318377227e+00
-8.639767532116950921e-01
-8.294763511431400005e-01
-1.314307608794487603e+00
-1.256960437628175109e+00
-4.262039538669200489e+00
-9.891703009555543602e+00
5.020874925472022632e+00
-3.180509224833340198e+00
-6.900056135035709248e-01
-4.832431343628732279e+00
-2.492116619950869527e+00
-3.715091383327826069e+00
-1.892917994786703195e+00
2.812773667141130307e+00
-2.910007522756778098e+00
6.379149549174385925e+00
-4.704368061646992061e+00
4.392171843526710084e+00
-4.954377382862143797e+00
-1.691191200972097075e+00
7.350747117480500858e-02
-7.860846422817268087e-01
1.691399331214404000e+00
6.572764077968167307e+00
3.798283967165823505e+00
5.255177608943180978e+00
-1.877457235983148953e+00
3.208559835839195351e+00
-2.709289322771902597e+00
-2.351910448444399115e+00
-5.153402272599925560e+00
-4.190691878314160235e+00
-2.147141993402822191e+00
-5.186173433305553360e+00
-7.699906362247371128e+00
-6.453172678302781407e+00
-4.082349886837560504e+00
-2.360871313125350035e+00
-1.643304494257326942e+00
-1.984643371064464423e+00
-1.178847862696543958e+00
-3.957469251883334871e-01
1.359710576706209872e+00
-6.403084771000451703e+00
2.702371336337460850e+00
9.487905477046173486e-01
-1.037968342636649277e+00
1.192045875291212420e+00
-8.290299689100068647e+00
6.805849059985212612e+00
-3.025142678376639527e+00
5.999895406829456768e+00
-5.327381120820855465e+00
5.538533651903765342e-01
-1.265250195560179369e+00
-2.594554637281283327e+00
-8.362113439216760646e-01
-1.794461210870222034e+00
-2.864939281042938823e+00
7.077021452698458504e+00
2.982946817130570860e+00
5.421029452381781688e+00
-2.462087599831737528e+00
1.113146664511270423e+00
4.041923628015107739e-01
-9.265874575613942676e-01
-3.486491578882925380e-01
7.579497866932693562e+00
1.754341824170301933e+01
1.444401182043052678e+01
1.672159357412379066e+01
1.726533483782786860e+01
1.337573071919448076e+01
2.322490239170616277e+01
1.063977460177077106e+01
4.250058532239907372e+00
-5.632397252810613653e-01
5.443166531441139266e-01
1.889724240069553307e+00
-3.574831465070673175e+00
3.061423166568353782e+00
6.263616679991925729e-01
1.595806648209682876e+00
2.777974886245073716e-01
-6.828662766004849338e+00
-2.674223959801843797e+00
-4.930343206296707415e+00
-3.685117800328771231e+00
-3.777230330448662077e+00
3.944318291427488798e+00
-2.008278643489870507e+00
2.011494794252623119e+00
5.075219480940896810e-01
-9.160912343173276406e-01
-9.680745674256457933e-01
-3.741232745887643318e+00
-1.661749276532350494e-01
-7.392788823488054994e+00
2.933034940017187342e+00
-8.529760931604329910e-01
2.765590686324116643e+00
-1.221592479734853631e+00
1.181371640553612101e+00
-9.606254871123990569e+00
-1.372500778440222335e+00
-1.137325776182285919e+00
-4.690191061606733491e+00
-7.972091743911209782e+00
-1.091326897801478513e+00
1.466404393709803911e+00
7.004468564551003418e+00
-1.081307518586746896e+00
-2.207215442932273675e+00
-3.781131398014419442e+00
-1.882584262369193961e+00
-5.934059481080551812e+00
3.938677734673754927e+00
-1.490219870064741992e+00
2.539700568908648926e+00
-2.938843201609740441e-01
1.879931354114415143e+00
-4.180501868059649517e+00
-2.446916938041527878e+00
-5.687736349770351474e+00
-8.033716275866819245e+00
-8.268965399553962925e+00
-3.460660643889975407e+00
-5.194272830408486641e+00
-4.573580036674783855e+00
-3.981625101611468764e+00
-2.215450091611876449e+00
-2.215641894931536626e+00
-3.566469762826220968e+00
-5.348656972472040749e+00
2.983037343837865230e+00
-6.272874414184547831e+00
4.392699431882176597e+00
-5.879093632873418684e+00
-7.573320292303663770e+00
-3.953943724520197822e+00
5.464062802947625030e+00
4.021915364315577612e+00
7.699877937139462780e+00
-6.349497655119652251e+00
3.449995442219474295e+00
6.897146038780468391e-01
2.200939204059398246e+00
4.393410686014634914e-01
3.479863164396827191e+00
-9.495405991668121715e+00
5.211680948015725789e+00
-3.021206314728588804e+00
2.774292079525461308e+00
-9.008243762206692429e-01
3.610695459041655564e+00
-1.229564643595566054e+00
2.823183435804424768e+00
-4.621896909520860852e+00
-8.432435213039598310e+00
-1.321829323223986563e+01
3.226877766255573210e+00
-3.073709191974333788e+00
-1.461613701241160257e+01
-1.013344842711358140e+01
-7.737740362389719628e+00
-7.959221908398256495e+00
7.239203583337869841e-01
-4.991284065883240473e+00
3.460992040491157162e+00
-3.083858963918924445e+00
4.561742395517177862e+00
-7.006860360163601475e-01
-3.017609827888813712e+00
-1.278380080975005439e+00
-3.786433719032749501e+00
-1.325885331752602481e+00
-3.895419018415204326e-01
1.605472798676419455e+00
-4.725977558415050517e+00
3.283956029094551532e+00
6.306739978414399594e-02
2.567127992963199379e+00
4.510801889445673618e-01
-5.836159084324546775e+00
6.583200963524932448e+00
1.109100311112380721e+00
7.954131705910974404e+00
1.694262187891279470e-01
4.454284862125337113e-02
9.917387940740047370e+00
-3.531973127917576782e+00
-1.069914510621272408e+00
-1.009494302451804160e+01
5.704343962933774215e+00
-5.400720970688650979e+00
4.890280021811955535e+00
-4.425734520527246474e+00
-1.078748686949735358e+00
-2.000518834278626201e+00
3.032828466084295016e+00
1.321514521833383071e+01
-1.013361878216279210e+00
2.564373149018025710e+00
1.595570318031502488e+01
-2.562047779244743251e-01
-4.563617860124337788e+00
1.706971502488229930e+01
4.475100858709876839e+00
2.201729652067139220e+00
-8.352551734062160449e+00
-5.848448727188818808e+00
-2.868205792881096006e+00
5.650871390650091364e+00
2.459341121306366951e+00
3.670788162569052826e+00
-1.035937004530191663e+00
6.244720329173130580e+00
-2.966975512017846928e+00
3.784053319434628193e+00
-7.482440188846575246e+00
7.460535273131630341e+00
1.217626667022006837e+00
1.720780363670829649e+00
-2.709129842692918455e+00
1.898603267425407415e+00
1.857566339143065237e+00
5.669708013635709198e-01
-9.480910088169289818e-01
-1.903777930613193003e+00
-6.211062780117046600e+00
-5.220370680955682907e+00
-2.446483010896812527e+00
-1.065861902488186352e+01
-4.243501939943950418e+00
-1.740334212038014527e+00
3.954358680907423818e+00
2.620697129906344180e+00
5.697295038566705827e+00
-3.965625126465191830e+00
-2.489575829324462419e-01
-2.072325818757104976e+00
-2.727609861801486568e-01
1.113373949757943127e+00
-1.410101889542669129e+00
4.656046114502151667e+00
-7.014934144445685860e-01
-1.723750809792397920e+00
1.138515400498284702e+00
4.876073706107790784e+00
7.386270816227141767e-01
1.418871623833980600e+01
7.667511364363743809e+00
2.940804400620870673e+00
4.263929128348551423e+00
-1.038758681512052284e+01
-6.116520765211994615e+00
4.957597674269322852e+00
8.295253697574594298e+00
-4.978347052520859073e+00
5.182691948140466742e+00
1.995406652464796338e+01
-1.979071524519757874e+00
-2.555027291931688538e+00
-3.065684040817423739e+00
-5.042359470281807532e+00
-4.552559383143105265e+00
-1.108371624172710179e+00
-1.986279628508051509e+00
-7.572628398258630433e+00
4.093430053688813075e+00
2.010193186654277042e+00
4.925165016465347101e+00
8.493653735930212223e-01
-9.208261872451982688e-01
-9.523937345194728010e+00
8.262984560733082517e+00
-7.411368521645898433e+00
-1.309322634783874406e+01
9.636899036084480841e+00
-9.410108987321195162e-01
-2.935132659435288449e+00
-9.148717570704631541e+00
-2.938830838353932329e+00
2.836405895727625026e+00
-5.642073924122871453e+00
6.707901057944697598e+00
-2.350155153076299852e-01
5.121540879113132938e+00
-1.818459133466685751e+00
4.052040968781001062e-01
-3.463237306018374984e+00
2.794245608926485325e+00
5.336549790303413587e+00
2.773298777059287623e+00
1.135071268971653602e+01
-3.304569968825854076e+00
8.937745365431549516e+00
1.688595412123214956e+00
-1.612742473983277636e+00
1.102147136212475037e-01
-7.336508480617098371e+00
-7.078807841252062749e-01
-1.041732128600097340e+01
-1.645337254975355101e+00
-8.406253003042623462e+00
-1.130528657947860394e+00
-3.875092575588803268e+00
-8.039275561111198787e-01
5.903534187791307231e-01
3.716647693959363341e+00
3.485505357594812725e+00
2.408554943768096646e+00
2.084384369689365801e+00
-2.006886023617153736e+00
9.533517301761008644e-01
5.329015737630571348e-01
-1.562185787921056557e+00
-1.604016871205807826e+00
-1.311934046598198567e+00
-3.883684408061744975e+00
4.713273054378583904e-01
6.482604251899513947e+00
-2.674970777214648265e+00
-8.454596586116970292e-01
4.563207211797062790e+00
-6.628089505165161377e+00
-1.187710801927791948e+01
-1.306642968295187934e+01
1.196114785684949444e+00
-5.520901978284652678e+00
-2.394697554554527130e+01
-1.189494290844435653e+01
-2.073684989632998743e+00
-1.908014539981517999e+01
-8.994736126775737972e+00
-5.328623371394845876e+00
-8.206736254870182989e+00
-7.941931183219390622e-01
6.119528459773903251e+00
4.624735857657063853e+00
7.585667976659463463e+00
-5.781233073183304150e+00
2.389566908109016730e+00
1.669608354803323147e+00
5.104938772583860196e-01
-1.016381450442582102e+00
8.128323362723422818e+00
7.919587007093216613e+00
5.334318327041115637e+00
3.978839455141242709e+00
-1.003668000905334257e+00
1.483097228543486779e+01
-1.137240463398027579e+01
6.112696286664172973e+00
-1.033749379318572714e+01
-2.090400680718079496e+00
-2.938104888399549974e+00
-3.629743155492133333e+00
-1.074220761339191554e+01
7.049634721055724196e-01
-1.997989393272514791e+00
2.694182934496058834e+00
1.311094354451249666e+00
-3.543292658127873196e+00
2.258891487223374739e+00
2.937511687193504528e+00
1.460608159592923005e+00
-1.586054707339721093e+00
2.297638842117006863e+00
-1.003275372552947742e+00
1.168521280546731322e+00
4.686640662021431328e-03
-9.158553938118692006e-01
1.019404944280197345e+00
-1.113544676851020432e+00
-1.247192003196438304e+00
-5.791881449810772686e+00
4.006134842546190455e+00
-2.238858441860242188e+00
3.496288370002547552e+00
2.418429274580766730e+00
-2.357919291301473930e+00
2.685015960939654889e+00
4.515120177854864636e+00
2.910561672034602587e+00
2.125421948583558207e-01
3.741215399346610848e+00
9.973469264610868024e-01
1.298730669866960508e+00
2.920361759718305361e+00
-9.543120329824841264e-01
-2.042191904435294525e+00
-2.720897477021179123e-01
-9.992405735293001801e-01
-2.217288241174899532e+00
2.677129133025773378e+00
-3.197083182551607283e+00
-8.058573743379235377e-02
-3.122732855679843045e+00
-3.890205459230888785e+00
-1.098740224157677137e+00
2.218003624578566146e+00
2.468583142822219578e+00
4.797714423319352051e+00
-8.305461400219748214e+00
2.447536784942984323e+00
4.331737678231087685e+00
2.075075229340838767e+00
7.081239456905027652e+00
-7.842105772886649007e+00
1.069247909089741277e+01
-3.244340923580470548e+00
-9.713373724951157584e+00
8.355611930135914633e+00
-1.560751734310389160e+00
-4.500755295925092270e+00
-1.220596159679545245e+01
-2.262146500999905108e+00
-6.819778079872638621e+00
-1.894521726460858702e+00
-5.465267838168286652e+00
-5.787330037570424857e+00
-7.206675217843185877e+00
-1.063644751239110064e+00
4.300031672130990579e+00
2.265622793449675321e+00
3.575996919569649712e+00
-3.595799383531226301e+00
4.431385296897915715e+00
6.999505291178946820e+00
4.536419489578541686e+00
9.245878447169489922e-01
2.333550821589833735e+00
-1.019300499085362333e+01
-1.975394337134926959e+00
-1.198903084773881922e+01
-3.914343083425543490e+00
-1.921240935101881764e+00
-2.815671024829338176e+00
-4.850284289884546629e-01
-2.626660003115308117e-01
-3.414534608163077856e+00
1.475998202293682615e+00
-8.764743428255636459e+00
-5.869010996796516721e+00
-3.917567855286530065e+00
-9.376947194048106837e+00
-1.423734975185923979e+01
2.798538221082478294e+00
-3.899348062489516042e+00
-1.165407147755487749e+01
-6.048310749548160281e+00
6.482930219444019926e+00
8.766127588098472367e-01
-4.892138070558153112e-02
4.801506382001728412e-01
-6.052833737980293227e-01
-1.546188571305575188e+00
5.054562539637727170e+00
-2.810249144084660422e+00
2.811877307872804987e+00
5.760516613031716471e-01
1.539966977700131245e-01
-2.199807798246748103e+00
8.521797788231195270e+00
-6.361957115896077930e+00
-8.010279312732492940e+00
1.753181967022156584e+01
-6.375242132938788941e+00
-9.045983295268228419e-02
-7.402516256244039639e+00
-4.485514647313488368e+00
-1.083868388654174231e+00
3.566625715121383156e+00
-2.043018702979049195e-01
-1.817920215932247396e+00
-4.922494999278211658e+00
2.712398449163502256e+00
4.599629300196335535e+00
3.770747148921387737e+00
1.778829765967505194e+00
2.377332205849221669e+00
3.191207590507385117e+00
1.996194733489249806e+00
3.605581534670772914e+00
-7.630882136017190120e+00
6.833155560261959138e+00
-1.170815922685543775e+01
1.917411123379848759e+00
-8.213465295971751345e+00
8.698789863430247848e+00
-5.957374338781864509e-01
8.254943722467141143e+00
8.967085032404620293e-01
7.663979250985478942e+00
6.470355487679123607e-01
-2.814192272536736983e+00
9.616463342116245983e-01
-4.510441128433631874e+00
3.304834056305626433e+00
-6.127535589112042658e+00
1.838312912816533862e+00
-8.183402168224601425e+00
-2.791948247544684403e+00
-3.275239616794258346e+00
5.017982327090963146e+00
6.720352619515839621e+00
4.691500198991040982e+00
-5.376860256658224646e-01
-8.402584591145095816e-02
-1.102262653571511430e+00
-3.305773615333278848e+00
-8.907906038211839572e+00
-3.993682590597484316e-01
-8.431479851584567697e+00
-6.466138582474346030e+00
2.185094881532037459e+00
1.827505947366184991e+00
4.998420278029149344e+00
6.524448923577789827e+00
5.363687212247847391e+00
-2.096200862520891661e+00
1.639684594901172687e+01
1.006592521903788473e+01
1.041210618822961642e+01
1.439862090932853000e+00
-6.628267713587114862e-01
-8.311206705575400200e-01
-1.715138226567266955e+01
-7.018320940271707720e+00
-1.230046953576503510e-01
-9.618984587153613930e+00
-1.521258608947028712e+01
-9.033403081888240038e+00
-4.094480208950678879e+00
-1.046806260077142448e-01
6.987041452151697030e+00
1.073300607304948784e+01
6.838272929321012050e+00
-2.969329137481838021e+00
1.122605673227126388e+01
1.149772079549290105e+01
2.012231237746437529e+01
6.934011923065193095e+00
-3.654003321803569904e+00
2.562508391259357143e-01
-1.397032298846615950e+00
-6.713232983076036220e+00
5.706134680898349743e+00
-1.262133412155624912e-01
7.439516103582326068e+00
-4.382990623687879506e+00
-8.630387645776167460e-01
6.893909542213870978e+00
1.192225304040148481e+00
-4.022820842657353957e+00
1.047526586091283285e+01
7.275656411952098335e-01
-3.372221401446525491e+00
-7.472896406739059083e-01
6.239739339824457609e+00
2.813381667171930278e-01
-1.551793701539203374e+00
-6.496358365074054397e+00
2.283154540525522247e+00
-1.055111440857497485e+01
-2.019467046778568253e+00
-3.833072378464634777e+00
4.882995880904905661e+00
5.687595616629748108e-01
6.126884777193967402e+00
-1.624484842264118711e+01
-5.623112788272514706e+00
-4.537524731287160940e+00
-6.994121736853095683e+00
-1.096280617588896789e+01
-1.818238906821518119e+00
1.158567677127286544e+01
3.183928656864280171e+00
9.403346436293643862e+00
-2.658699644940968998e+00
-1.508388120557900169e+00
-2.314914130558542560e+00
-1.095681207203277552e+01
-3.026729005048243160e+00
-8.113868695752652016e+00
1.778540806039599909e-01
3.125347125721723351e+00
3.032044318940323002e+00
4.359432910566332531e+00
1.414824806345449204e+01
1.307657236861416727e+01
1.916614454682866864e+01
1.749972239687554065e+01
1.205915883861365678e+01
1.799569596598146148e+01
4.719075322419926444e+00
4.992130393377604669e+00
3.886237684576659301e+00
-3.733180510313536704e+00
8.881884001141537865e+00
1.481504907811179050e+00
5.780177011278671451e+00
-2.245772845514421245e+00
-4.473814379761379412e-01
-5.656758177915047092e+00
3.453295123578003167e+00
4.033936003892830691e+00
1.961922041603772593e+00
-1.899498431436172016e-02
-7.595449952380696201e-01
2.991590144598199053e-01
2.304759650950515049e+00
-2.966366976327067917e+00
-8.422661078839273063e-01
-4.100278030678387253e+00
-2.490996233775323976e+00
-1.446177604583877008e+00
-7.826273728498470028e+00
2.804044694310834807e+00
-6.503557508708051493e+00
-3.860686359668903389e+00
-4.049313322994557929e+00
-1.011384686367447650e+01
-5.116438184966336955e+00
1.128736276235501323e+00
-2.716945456675435189e+00
2.893886914134284005e+00
-3.355289645534617282e+00
-4.820753572007671295e+00
5.816394750470223585e+00
-2.673407650506299138e+00
-1.067130255238405656e+00
5.458316722054328274e-01
-1.046211575262535609e+00
-9.595820782473668542e-01
-1.429041654323067512e+00
-2.713289062392955753e+00
1.911944805717480378e+00
-2.937520907290204875e+00
-5.260231063331892720e-01
-3.444213077479878038e+00
-1.322983018662386101e+00
-8.664589737668875191e-01
7.017510128296805538e-01
-6.186709359465331071e-01
-1.915875243150568119e+00
3.963692439282594737e+00
-2.222506481151361957e+00
1.321230212276746974e+00
-5.500790607822150236e-01
-4.036221186094596902e+00
-9.738147528956679011e+00
-9.554739808729667772e+00
-1.855605221293490370e+00
-1.387213093512956874e+01
-1.154487302067627619e+00
-2.457451034439495086e+00
2.469519923098013603e+00
2.012406423319489601e+00
1.822438952202048323e+00
-1.537703377936387450e-01
2.233685036257090140e+00
5.966592894617753773e-01
-1.197026011844093629e+00
4.550074237510735031e+00
-3.250333846120503356e+00
1.137923742059238297e+00
-1.488441719070839220e+00
-3.987470646632928495e-01
-5.654563074707296799e+00
-5.826760268804043186e-01
-2.958368131603924311e+00
-2.377130680309992083e+00
-4.006973975116987496e+00
-8.899046102613692000e+00
-4.351549043693238694e+00
-1.033456293796928627e+01
-5.639300717069892777e-01
2.816801391312973468e+00
2.747486191982182469e+00
1.931210471193181233e+00
-2.862974344102957147e+00
2.415685906245286230e+00
2.308562573363319270e+00
-2.757763877658156559e+00
-3.739121403180490355e-01
-6.142205988407583028e+00
-2.635805996291251230e+00
-6.578551969422512524e-01
-1.718441169679344238e+00
-1.647616473152296201e+00
7.469578661281598420e-01
-2.478368948968999508e+00
-4.122115940169562287e-01
-1.017637234759403153e+00
-1.928502162712993240e+00
-4.131070842020760914e+00
-6.527016010303302584e-01
-1.761275790273579744e+01
-1.374987094131989984e+01
9.375051853543261871e+00
-1.330873616594787734e+01
-2.950198896258701797e+00
1.248329026201815495e+01
8.770504184113979917e+00
8.074768105044233479e+00
1.526320289305133304e+00
9.318603593791060291e+00
-3.828772388391188386e+00
8.076122266642352443e+00
1.315102674705913577e+00
2.894816848548778521e-01
1.410227952198375156e+00
-4.751047448019188657e+00
9.333262966785715875e+00
8.135330489593921577e-01
8.755031252904691641e+00
-3.149237433329600488e+00
8.889831457393235326e+00
1.011990371680896672e+00
-2.150021108279453474e-01
-1.961027479887568203e-01
-5.628482934786926073e+00
-6.263061260741763725e+00
1.027680921012391124e+01
-2.560258298358986662e-01
-9.691526106107261063e-01
1.928626998000241599e+01
-6.862039397179187539e+00
5.635053433026607550e+00
-3.259437307912917081e+00
1.369786076676801745e+00
1.710027203511497840e+00
-1.260152338976150865e+00
9.105185252932115336e-01
-7.165895184816835517e+00
3.432174251154914035e+00
-5.054221089691175450e-01
6.246670125865976253e-01
6.826822294119454515e-01
4.920385093904490192e-01
7.828711917219252081e-01
-6.475868269582049308e+00
1.059318523761055841e+00
-6.223618455649537751e+00
6.972395098591431806e-01
-1.889083969989927114e+00
-3.197096980903562646e-01
-7.159005929189576900e-01
1.643804212842490786e+00
-1.390922161357121434e+00
6.906003957612452115e-01
-2.518582063959733941e-01
-6.667894213919034474e-01
2.861160594994503814e+00
-1.898356374557752524e+00
-2.794401382328955408e-01
-2.732012895828794460e-02
-1.733280004068693314e+00
7.403692026441028418e+00
7.206149400600647681e+00
1.374338733598543350e+01
5.543564061981244073e+00
6.682398320284403503e+00
1.605285319192953253e+01
6.444681784210316344e+00
7.429978246065411795e+00
1.676067044420952667e+00
5.382890178767919309e+00
-1.205571921425581783e+00
8.895723699668991458e+00
-4.284785862351026431e+00
5.148929301419505222e+00
2.402751452835115431e-01
2.854172177242431996e+00
-1.388097023814951925e+00
3.294129821425564320e-01
-8.317483000662374559e-01
-1.598610504740683780e+00
5.360455239697585750e-01
-7.581672307287020907e+00
2.581653399752767086e+00
3.596403433956007478e-01
-1.178507073350286039e+00
1.278929695634759778e+00
-3.165813306476689792e+00
-9.398585583281324762e-01
-1.772835408216220987e+00
-2.866124469756541782e+00
-3.259642752563697954e+00
3.457286332678883856e+00
-2.618332110119539369e+00
1.375274366551413330e+00
-7.335428634290983574e-01
-1.819629371808511253e+00
1.477414743182060342e+00
6.402508225405330933e+00
-1.030127634861738706e+01
-8.711149508442572298e+00
1.399000424793312369e+01
-9.821615309337973443e+00
2.840887455016118501e+00
3.467734228244298667e+00
5.075411865936709788e+00
2.896245524584670772e-01
-7.330311365496204878e-01
-1.547016925880228211e+00
-9.025996060123155473e+00
-1.099142946544929611e+00
-1.072875938505036819e+00
-4.909857716323828392e+00
-1.765781301968495365e+00
2.604855852198621591e+00
-1.239539072752997573e+00
2.873888364725471600e+00
3.157672683895613286e+00
2.761101014694058886e+00
-1.963785832133555065e+00
2.095299273782062599e+00
-4.399170705648271174e+00
-1.956424060790050934e+00
-3.246370528874392480e+00
-4.844012167832242532e+00
-6.678946326880513595e+00
2.128056574147047186e+00
-1.212050410584701687e+01
3.646024957090567842e+00
-1.594569232513583623e+00
-1.773646027062031338e+00
6.221137573831213574e-01
9.112610213528671288e-02
-9.666261615481825942e+00
-5.461372326365596663e+00
4.042405687814790483e+00
-3.086448844489874332e+00
-7.630486519178766969e+00
2.963546756658994585e+00
-7.916796552317492797e+00
-1.756279956923739061e+00
-1.353974069440719186e+00
-8.961860952622293652e-01
9.356379662238602235e-02
-1.432714628374446963e+00
-2.510978856723930175e+00
3.405140001731024491e+00
-2.560594925362432939e+00
8.505056186643089600e-01
-8.264470829250223360e-01
-2.408658786585172518e+00
1.475700234480923356e+00
-1.029260680791109372e+01
4.682879928205009534e+00
-3.357106815744729911e+00
-1.406567513349234709e-02
-4.408244470679370863e+00
2.379567048144988206e+00
-1.733339622598805418e-01
2.487323059361898903e+00
-1.290136899219329392e+00
2.642592325385749064e+00
-1.840550898922954648e-01
8.280789916225403946e-01
-2.354507353155455451e+00
5.553006140739841001e+00
-7.684857196669364399e+00
1.491212026264868262e+00
8.846071570722855437e-01
-6.555895271653621181e-01
5.598576018950303990e+00
2.591714556614884035e+00
2.814866381497434844e+00
-4.183695530727590817e-01
2.097751315830297614e+00
-3.962999153434449529e+00
-1.666448602800376877e+00
-4.684719221150474011e-01
1.581806884519606937e+00
2.803608348362601532e+00
4.855136733799019777e-01
-2.023190785749292786e+00
-2.005838382184733426e+00
6.245548922803171310e-01
-4.417171684917824415e+00
-8.070028612460328210e-01
-7.825075114175044089e-01
-1.447081225613245259e+00
-6.098270210692431359e-01
-1.215633470304622099e+00
-2.219601679785914605e+00
2.875601137366171400e+00
-3.466251577517803106e+00
4.358184858650211990e-01
-1.327121239975256994e+00
-9.353613423515145797e-01
-4.673878434075546817e-01
3.500984063210729413e+00
2.809512147244658919e+00
7.279691315953614072e+00
5.186786676417848518e+00
8.362022085685995032e-01
4.847311218878128436e+00
-4.886772938834724300e+00
6.812451220418645370e+00
1.402068669441655402e+01
1.984289571352875825e+01
7.504447065513820903e+00
1.263479676181375844e+01
2.694883073741854318e+01
3.440097425380440388e+00
6.849793985111914729e+00
7.366130946722840633e+00
1.258072955333365073e+01
-3.078096128271455845e-01
-7.248495744186200795e+00
8.613877416016401112e-01
-8.685483496098552081e+00
-3.436484836140906829e+00
-4.656052100904207514e+00
2.527578038381085968e+00
3.460433639552223717e+00
5.027061456122436489e+00
2.284000113002289112e+00
2.718608978937712806e+00
2.913405798800041691e+00
1.891795981883630962e+00
5.380488935937511208e+00
2.325591812361540445e+00
-1.370565127176885722e+00
-2.187230261272426368e+00
-1.066685075569542507e+00
5.901493276710856328e+00
-4.164581272983104654e+00
8.199469329571735798e+00
6.944018083673418884e-01
5.206620634507931555e+00
4.672000355245393144e-01
4.275291611418263749e+00
-1.442384060656303202e+00
2.384906045601071778e+00
-4.134693079471132293e+00
6.647414259355000965e+00
6.144094805449504371e+00
7.239159649447778122e+00
-5.623992167601404191e+00
3.822798624431840597e+00
-1.852824654269445537e+00
4.976404641788075844e-01
1.089979742339596047e+00
8.598848017392238252e-02
2.341497681144367071e+00
7.453703613009182716e-01
-4.722505616209617396e-01
2.717303639490260547e+00
-2.324790535416079718e-02
2.932645749646730082e-01
4.171197073517402210e+00
3.220723881032792946e+00
-1.216695769611474276e+01
-7.467664375227435869e+00
-2.354098585636706265e+00
-7.181213322172052216e+00
-4.353902728128325350e+00
-1.094825813781135748e+00
2.903748576271019566e+00
1.171079112682316126e+00
6.619000899125980553e+00
2.219642506199341891e-01
1.870197280462091660e+00
2.168000606339323399e-01
-1.863671966245415090e+00
3.817254113674010796e+00
-3.169387175498569853e+00
1.166111668856865791e+00
2.554868893685914966e+00
3.235535611642383014e+00
7.569327158120678689e+00
-3.347485165891025960e-01
7.571326417355725980e+00
-3.338382988772708782e+00
1.975545827338963667e+00
8.970285399622459632e-01
-3.140135981315007596e-01
9.536138978202268746e-01
-1.672389563514318667e+00
-6.048901602759952922e+00
-6.719146434710337346e+00
2.409752636538482040e+00
-4.366763469882918969e+00
9.739486248481993291e-01
-3.404059126820847769e+00
1.745969357662809474e+00
-4.437353592794568868e+00
3.938767203743566814e+00
-3.959536907250841842e-01
-5.447177427005413186e+00
2.067091872786074092e+00
-5.050470752155117538e+00
2.824789174054314511e+00
-7.829770713239283531e-01
2.397916747285898431e+00
1.260059897500756643e+00
6.201374048793391047e-01
-3.277632894127328278e+00
-3.608956164534213862e+00
-3.771988757922989155e+00
-1.219544387742655722e+01
-2.130909635372521205e+00
-3.872089237440603515e+00
-5.108215282969655213e+00
-9.426632997900991073e-01
8.439080048594622241e+00
-1.035607821096709014e+00
-1.169045549523687555e+00
-2.160995004428656774e+00
-3.412006031117581273e+00
-1.423837402843791011e+00
7.518775582454834128e-01
5.971016364852498315e-01
1.202149101353080951e+00
1.672588253616304588e+00
-4.277346132829818792e+00
-1.059166809695182643e+01
6.037226257932784890e+00
-5.235264558748240482e-01
4.062565469279933339e+00
-2.366682590740848191e+00
-5.728042661933941543e-02
-6.685037016334666404e+00
1.271490974536122698e+00
3.299638234017937766e+00
3.280268694837732202e+00
2.153770695720100381e+00
-1.396486354909514394e-01
9.617315952783334065e-01
1.695724007683230505e+00
-4.277260911079559413e+00
-9.987985381255000128e-01
-8.958126929112335546e-01
3.262770007820976759e-02
1.579522562152837706e+00
6.398069758295055198e-02
-1.925507619783748847e+00
2.486194239247874638e+00
-1.504881742178403536e+00
4.987062675651022792e-01
1.423470039337983994e+00
6.872554599356865968e-01
2.367386814658481331e+00
4.554949106566278161e+00
3.624569765733509197e+00
1.700935378509433882e+00
2.582838428418096743e+00
3.133883759993455254e+00
-4.615261235708771004e+00
2.492901551024228612e-01
-6.492081351853756788e-01
1.153787080007058874e+00
-1.191004982784517496e+00
2.649889204254214925e-01
-7.048780029148429271e+00
2.396943929108709792e+00
-5.904635740937887178e-02
8.893792816919591226e-01
6.607084197756931676e-01
2.372525014124864384e+00
1.269676195524035833e+01
-1.039435551633693322e+01
5.005504516046582530e+00
-2.113572746733377805e+00
2.164582633664906108e+00
-3.359984576511448218e+00
-4.382679937514989965e-01
-4.730749536223419760e+00
5.997474597249696088e-02
-2.595686475446361996e+00
1.856212351502330105e+00
-2.905950010256848626e-01
1.757150159364041064e+00
-3.309546885271230199e+00
2.092513045755059142e+00
-9.042580297879505569e-01
9.667564233860590495e-01
1.678244078312093768e+00
2.676239583832223268e+00
4.018164017839637836e+00
2.479472493881467177e+00
-7.017182314872968396e-01
2.586991015959819507e+00
-1.090784482836662794e-01
-1.607802384484743996e+00
4.599528809980829358e+00
4.116013686083102030e+00
-1.249095814404482496e+01
-1.170848485021680752e+01
-7.040772549600299079e+00
-1.545109982224590439e+01
-7.577240957114200093e+00
-4.280678083892667907e+00
4.786520064367135951e+00
8.560334156077631373e-01
9.695438673689915632e+00
-2.598413581007723572e+00
3.058424157882126959e-01
9.021991168262954996e-02
-1.684555921504812037e+00
-5.555219400877538405e+00
-1.097736384799753440e+00
-5.615576848197050275e+00
-2.491813428659815255e+00
4.164994168040391465e+00
5.942515851684759376e+00
-8.458764684015649404e-01
8.522727214138305030e+00
-5.962910624737064680e+00
8.256604563169862132e+00
-9.090763103373646903e-01
-4.260488779004149684e+00
-2.815512059755856278e+00
1.381607609448417096e+00
-2.135002667768960194e+00
-1.170020805800897401e+00
-6.981266112243634803e-01
-1.293227172187461527e+00
3.109881711349522959e+00
-9.250656477544286771e-01
7.309994784335802631e-01
1.017167195209896097e-01
-3.676207109146935048e-01
3.800361173722257568e+00
2.317301278042692925e+00
3.242557281473543718e+00
2.178334407525992056e+00
7.425776139778811569e+00
1.768053522783491704e+00
-1.241139629930255284e+00
3.965323097742147196e-01
4.578341881184369910e+00
1.954253226601514237e+00
-1.721341109225529964e+00
-5.496756805763445275e-01
-6.825738899823738493e+00
4.154320684039621625e+00
-3.918242779938614917e-01
2.916643373182481902e+00
1.917378700474692499e+00
1.083938518508154836e+01
-3.718087994561281584e-01
5.213907726540945031e-01
-7.780445586541866465e-01
-2.407668860778473086e+00
3.426345729960385000e+00
-3.199242470462283716e+00
-6.849103409577114165e-01
3.491086068407250220e+00
6.186823380695613217e+00
-8.144135448791206544e-01
1.685252778542952745e+00
-3.288679861320974868e-02
-1.295278172711477493e+00
4.944936300170678756e+00
-2.141754446646119359e+00
1.917574469704437456e+00
4.186875103547709753e-01
3.534888690052500504e+00
1.623526473432731043e+00
-7.191546048365558441e+00
5.573718507758672613e-01
-7.875308857669496732e+00
-3.617071598108096087e+00
-5.411721919005755055e+00
-1.440684928060320235e-03
2.027569896265887461e+00
4.254303644787486682e+00
1.329009198881830889e+00
1.885001501427861825e+00
2.192956958102016074e+00
8.527719983650582369e-01
4.235617464167880541e+00
1.689473090420969603e+00
3.822649044041863120e-01
1.420484562953042929e+00
1.366152872883006353e+00
1.900666986906299538e+00
1.451967688184957250e+00
8.390997524912297001e-01
-1.359143377829308497e+00
1.644304879328926772e+00
1.791169219381298028e+00
-6.321876799824674542e+00
-3.133423338958415183e+00
5.236698029699929258e+00
1.156748075783484353e+01
1.509940980145276113e+00
9.200571239062545814e+00
-1.024635143416857685e+00
4.402156054738652458e+00
2.693884288432777385e+00
-1.134212055429936861e+00
1.701622915614413589e-01
-1.635826885534744202e+00
2.039449190872368867e+00
-8.338440192044185295e+00
5.121866311638476610e+00
-2.808590674787040165e+00
2.976637528101545804e+00
-8.876655127123821154e-02
4.062454372128635249e+00
2.214688859398581844e+00
1.052351472617189199e+00
-1.429542195497183599e+01
-8.194508059091573315e+00
-3.155652760580180072e+00
-7.170644446968857721e+00
-5.246374796988468425e+00
-2.800689132082666788e+00
2.853096006518282657e+00
3.826674739137315040e+00
4.266375039675645020e+00
-3.120808769888197887e+00
-3.415793599265324776e+00
3.628549246649289017e+00
-6.451279183845207044e+00
2.144629353916508219e+00
-1.810028325602984101e+00
-1.385838405765478898e+00
-6.291366697662510887e+00
1.600680679814059593e+00
-1.191790618407323921e+00
-1.552855213617946872e-01
1.332343521934697614e-02
-1.157640720851892846e+00
2.837554992893134287e+00
-6.439753195057631441e-01
4.629817162965847444e-01
1.844491579125506542e+00
3.016705638198224904e+00
-1.133952721454216883e+00
7.204345564764517151e-01
-3.914325654447112224e-01
-1.774511743000835473e+00
2.464139122872456511e+00
-1.241925835652071708e+00
-1.561645136450680038e-01
-2.108487195249879154e+00
4.557532253603882921e+00
-4.511728245193830644e-01
-1.932939413788347327e+00
8.056422533524658647e+00
-3.461955984012210497e+00
4.699305054241862400e+00
-1.645211770241567617e+00
-3.445323378157547189e+00
-8.798823327034682507e+00
2.120188363823516109e-01
8.691254747925299950e-01
-1.144941683506959906e+00
-7.499640485418509472e-01
-3.107629209509706669e+00
4.164296227917982485e+00
4.605191741889063661e-01
-4.962019555546816618e-01
1.681879336401441050e+00
8.876542488900932781e+00
6.562363583277739387e-01
2.937193605459984092e+00
1.790873497331630926e+00
3.020098815860134955e-01
5.719970007580674753e+00
-2.319971858156969269e+00
1.298997170320035144e+00
1.681904004036715694e+00
2.146778235063037776e+00
7.530979290434501872e-01
1.627670860844301126e+00
-2.687584605990017139e-01
-2.063751738182575846e+00
3.067338242161559592e+00
-2.785115759991922513e+00
-1.132852517570391626e+00
-5.343652331487862561e+00
-3.930382052924719649e-01
-9.635439496063240128e+00
1.925147318302705135e-01
5.806416873251510902e-01
5.808268112221938451e-02
-4.962237875021966893e+00
1.390524571613101390e+00
2.232837144612485059e+00
7.692462021814232553e-01
6.635271547155882077e-01
6.604858283087369220e-01
-5.242743667010749675e+00
2.936537726907974655e+00
-4.193040572272212607e+00
3.700831761841975265e+00
-7.054430447550684713e-01
4.919662190344046060e+00
3.890626988460758717e+00
-4.737530725252464769e+00
-5.535379933500759186e+00
5.180043892466675182e+00
3.401687943190547792e+00
6.460413298646596303e+00
5.845703924437479770e-01
3.884513814174746393e+00
-9.788173162196500243e+00
-6.301335224904722310e+00
9.894946613874095576e+00
-1.394158579688171473e+00
-5.393277901326149149e+00
4.560540626709367551e+00
-3.074691230491929161e+00
3.148337414327502248e+00
-1.359747736077695279e+00
-1.014613999786869503e+00
-8.561794258848747674e+00
-9.836953711138232137e+00
1.427318938641555768e+01
2.611224318430735991e+00
-1.555601856338924804e+01
-9.903130725153470593e-01
-6.488561535871370523e-02
-7.571248477015411815e+00
9.149949917279579736e+00
4.747692993675595829e+00
2.494387532609726232e+00
1.606940177277160986e+00
4.586301452731839645e-01
9.150733301788857021e-01
3.713658076070000646e+00
2.998452206955158683e+00
-7.452602393005724579e+00
-9.094531329197151237e+00
-4.134175881229180227e+00
-3.360485405567583239e+00
7.636527891642221455e+00
2.119503933582947974e-01
6.999384675577942971e+00
2.334733589959800959e-01
8.056886240154216949e+00
2.268861603234540170e-01
-9.244031726720381981e-01
3.403506893730396943e-01
-1.922957883989256933e+00
2.084119483344579304e+00
7.448451355677144115e+00
8.811522334369062293e+00
9.266320854964853027e+00
-4.067883138887342653e+00
4.931695560430745751e+00
-6.261168352893878186e+00
-2.604526053541346364e+00
-2.951937320378291485e+00
-2.322929178655007476e+00
5.836929418625131483e+00
-7.856096688684029772e+00
-9.160623003030346823e+00
9.846405694701241273e+00
-1.912662772220851082e+01
1.399858980304711586e+01
5.546001137128253156e+00
2.532051949996064533e+00
-3.843411866663801302e+00
-3.112498300005489771e+00
-3.330197360346818680e+00
-2.210046153618619780e+00
2.530414315374065470e+00
1.566944864351115463e+00
-3.511995145524570816e+00
-1.343486459320250015e-01
-2.571953012726409415e+00
1.541858031709599430e+01
-5.273142060451216473e+00
5.200465510531437019e+00
-2.736080260534033304e+00
1.687648472551769974e+00
2.395409396561243853e-01
-2.444278267249424097e+00
-2.016602639684929255e+00
-3.713432725152745917e+00
2.518904167477880041e-01
-1.565177733722180875e+01
-1.267207868068733134e+01
-1.212635047959646961e+01
-1.287060597469728229e+01
-5.880419885534403868e+00
1.273666673542682126e+01
1.190783102953146333e+01
1.514656455372036703e+01
3.794312148157878428e-01
3.132040347732682140e+00
5.051252811914163287e-04
1.587747405248889798e+00
-2.085873730984823649e+00
8.181957410339255610e-01
-1.934300624455439044e+00
-1.947839377625926849e+00
1.366403201893246599e+00
-5.239290749740353803e+00
4.663814842237001379e+00
4.128912657636817585e+00
8.403077358965106214e+00
-6.067263758221922210e+00
1.527310551003352002e+00
-2.028234648032010590e+00
-3.305399385367914888e+00
2.396584811416916594e+00
5.954999961979013712e+00
-2.029096729669833454e+00
4.871041972327988745e+00
-1.884441476399457471e+00
6.212961922690869443e+00
-1.870865020802691403e-01
-2.171207960647535185e+00
2.827494725719296720e-01
-3.186857209490281395e+00
-1.744791476632917337e+00
4.497232444845945309e+00
3.672232498959756342e+00
8.970947961785375568e+00
6.057605138917814713e+00
-3.056103499195334194e+00
-5.938262291644428537e+00
3.822629035108902951e+00
5.216404723798195420e+00
3.647594580069599690e+00
4.227602318395117464e+00
4.076093588125460521e+00
4.933002759751157762e-01
3.512353399024580103e+00
1.411281888564436038e+00
-4.110375797657535024e+00
-2.163089644099627784e-01
4.568410434283712185e+00
4.062039411576613190e+00
-4.790918531856984686e+00
4.419882720494525685e+00
-2.893364740816918523e+00
3.350384303155132582e+00
1.772391957708687515e+00
-3.342291579128544021e-01
-9.492753251389890456e-01
-1.478734528503281354e+00
-7.860980820745033348e+00
-6.891380849041575551e+00
-3.064480982784121288e+00
-6.788919449062102096e+00
-6.792834563662716540e+00
-1.489682858631007578e+00
2.153575254011260931e+00
-1.351439619518402413e+00
-3.040713145503578518e-01
2.702871015656451270e+00
-1.014535295989500874e+01
1.272510878782816324e+00
-5.759316956074329141e+00
-5.924877325501234741e-03
-3.664992410843723736e+00
8.241727584289100239e-01
1.933272639677276139e+00
-4.190440805040435701e-01
-7.026443880767907046e+00
-6.183395278091945002e+00
-1.079019216665299119e+01
-5.449793776297452430e-01
-1.389364073549141132e+01
1.038221387418147845e+00
3.678681018839812911e+00
1.973053802393111056e+01
1.246127316425739195e+01
-3.351594362824481671e-02
-2.796648078095094747e-01
-1.551978434129171358e+00
-2.425211310467585868e+00
4.696508542264065333e+00
-4.719198498047803558e-01
-2.339930548779362685e+00
1.136060818609139655e+00
-1.916380750435014324e+00
1.006092697614144171e+01
1.453244898577347755e+01
1.174126128848846129e+01
2.330293856221174664e+01
1.154049765431968666e+01
7.781102319584312532e+00
1.174091120877263350e+01
1.298675807318367603e+01
1.092854926870261778e+01
-6.589939263951831716e-01
-2.325950620347732589e-01
-5.992421722401899409e-01
-2.895124437382376126e+00
1.065860585707556263e+00
-4.027296170747225901e+00
-1.532857556118019327e+00
-6.726737858592750363e-02
-9.353432361294888864e-01
6.196006236529876254e+00
-8.114661673886086390e+00
-2.579374396743452369e+00
-6.648632980538792481e+00
-1.289860191393708178e+01
1.706438572177318491e+01
4.256226634381003571e+00
6.500575220100989426e+00
5.145928698583492000e+00
-7.678071882491219746e+00
-3.786319468192815396e+00
-4.203789857281264197e+00
-1.021874654761830570e+01
-3.772027108252730132e-01
-2.951206083154803039e+00
-2.762014737081002203e+00
-8.417391319483513712e+00
-7.684730328833403457e-01
-1.169345840741522480e+00
-1.147350460520907056e+00
-1.921413685384028458e+00
-2.508113544242883020e+00
3.813363564384935955e+00
-8.242687553000015432e-01
7.359904708412108310e-01
-6.915653705208134383e+00
-9.237576708423132388e+00
-2.919477074247427417e+00
2.308246982300742545e+00
1.732071283113597149e+00
-3.148269071560119148e+00
6.046314220171952414e+00
1.842041771927593441e+00
-1.855037265851419592e+00
-7.924906170898442959e+00
1.762735502174443969e-01
-1.005813153671933335e+01
-2.005266579347264877e-01
3.868412198286029224e-01
-3.323663456818796297e-02
5.230211643233056984e-01
-5.903869220417398367e+00
-6.622361396084860630e+00
-4.126297197239757075e+00
2.024750867965517287e+00
3.306887306053912123e+00
-5.980099955825148861e-01
7.812267730740497518e-01
-6.949143196325620053e+00
1.992829642271014112e+00
1.400920863797705529e+00
4.106288639854855926e-01
2.381047103913267016e+00
3.038774997427020175e+00
8.695623509666561279e-01
9.866307803658606046e-01
2.176019126474582066e+00
3.664027172647144504e+00
5.597959295509174815e+00
-1.614079120137702938e+00
-2.415857109722603813e+00
1.640267386552161089e+00
1.807933836674226802e+00
1.041619642646950394e+00
1.095290395682953211e+01
-5.901645411404620845e+00
-7.966229092341615470e+00
1.476330053174973678e+01
-9.699579893960056154e+00
7.994421398589309113e+00
1.699986559340354475e+01
7.035280787868551045e+00
-2.210240710591732327e+00
-7.803252475658021270e-01
-9.096799462482956233e-01
-1.788032503425659003e+00
1.291477918085494503e+00
-3.534405895877503312e+00
-3.387772259041764489e+00
-1.076534808326844006e+00
1.244440201345381691e+00
-4.455145616922639301e-02
5.814191831488554563e+00
4.007563982799610791e+00
7.728935541452644387e+00
8.665388412045408328e-01
3.947245203292716553e+00
3.851797703856049804e+00
1.677625865407877725e+00
3.333011601918578037e+00
2.569423420840544647e+00
3.184546339231354217e+00
1.305171276423835236e+00
2.204579695896535796e+00
-3.241717098648388085e+00
6.371964214637440005e-01
9.462319636957962077e-01
1.250107982015060237e+00
2.906977689209027549e+00
-1.272447446942241545e+00
6.302971601964728166e+00
3.790207207904416453e+00
7.668894881793133500e+00
-3.079771789881212474e+00
2.698003502814254162e+00
-1.741693062643546508e+00
-1.918894750001287841e+00
-1.946358851827761249e+00
-3.883993047799484621e+00
-2.999279518324746707e+00
-5.268042659091936919e+00
-6.356781027955574537e+00
-4.648524870275277721e+00
-8.509836086245460285e-01
-2.833718381790570007e+00
-3.169318052134981745e+00
-4.450611423222614604e+00
4.087237209940013383e-01
-5.464387289341032794e-01
-1.746835305831770491e+00
-2.329185416775973128e+00
3.135912626500165334e+00
-3.753430269528310603e+00
-3.367897808189285414e+00
-7.288056803615347690e+00
-4.100791672878891347e+00
-7.476229015173105896e-01
1.143521730554057036e+00
3.471384674506852730e-01
-2.262736562317616773e+00
1.410800523230097303e+00
-2.168637273231253548e+00
-9.532258696115064600e-01
4.656521291424128156e-02
-1.225455908469549771e+00
-6.949090668404583226e+00
-6.424759712838192804e+00
-3.372725883878396336e-01
-6.115610061661665320e+00
-6.622821521973237147e+00
-6.493598474475390070e+00
-2.194483003962022227e+00
-4.475432179081080264e+00
-1.581736086022975885e+00
3.725389906789215111e+00
-2.263491539506499617e+00
6.023059666730869566e+00
-5.359174855135151461e+00
6.969476129073582271e+00
-2.763298731925160290e+00
-3.996252458974838273e+00
-2.340166636090761920e-01
1.931021041735444532e+00
3.229109875088509440e+00
2.759535192680878879e+00
1.905486403169821763e+00
-1.375475607432587344e+00
2.108232479185729868e+00
2.837230631963566729e+00
2.740784306020129790e+00
1.838264460398080447e+00
-3.645238975467077203e-01
3.335023615907559691e+00
3.021209801428619279e+00
-1.131623932513549491e+01
2.742538471661525978e+00
3.253496044250693497e+00
-2.867941874412740066e+00
2.938887294102879189e+00
1.154600597200012047e+01
2.796321011819561164e+00
-4.154182868108241777e+00
2.243919260670948379e+00
4.305551888908947661e-02
3.900294656528937587e+00
-5.351966416226424883e+00
8.948566492477972867e-01
2.199050397132960022e+00
4.619450334818608894e-01
-1.187872899788103176e+00
1.117217948698659491e+01
4.817918683561527970e+00
2.137776657803045932e+00
3.316854481012859512e+00
1.978725386501737127e+00
-5.685275703859896446e+00
-2.241255597491258467e+00
5.193401260072481485e+00
3.336618017238762057e+00
-1.037148095195401964e+00
-3.517649026257776868e+00
-1.941815712231190538e+00
-4.660975141839430513e+00
4.563512785735135857e+00
-1.578730067468323561e+00
2.418190380449450227e+00
7.311388695861309461e-01
2.427701488024443410e+00
1.075680846989729211e+01
-2.382389577401438974e+00
7.594917659786420749e+00
-3.049807717379565686e-01
4.737714924620278545e+00
6.613328091327941305e-01
4.717304013612943159e+00
2.642317816521373985e-01
-8.479455077265338203e-02
4.825443047226050552e+00
-9.553981400749728792e+00
5.442174043506212477e+00
-8.646898783813394829e-01
4.235851025746442566e+00
-1.587272916124748079e+00
2.159279099412347858e+00
8.341216756944465072e-01
-1.926653179253588588e+00
4.398995071898122333e+00
-6.937241369127124635e+00
5.065483446566307890e+00
-3.007815636784605839e+00
1.370399629899415217e+00
-3.087185483531979635e+00
-1.109489274613879140e+00
9.319415149008412058e-01
-1.786178100320793549e-01
7.949355168088194368e-02
2.672724874891529434e-01
1.433475542573160455e+00
1.375145901527029313e+00
2.461035506614772661e+00
1.475048658697688087e+00
2.141143132862048493e+00
6.667634492532346968e+00
3.416553774534973886e+00
-1.085728422259871806e+01
4.921087322095822003e+00
1.891276395637213881e+01
9.216097993944341482e+00
7.558347933731219825e+00
1.978429065810163578e+01
1.237222983157891676e+01
6.680592435205016777e+00
-4.059822890567288844e+00
-2.872308129348543626e-01
4.352216586343723215e+00
1.300911010808552870e+00
4.410956853383079412e+00
-1.534325098057443881e+00
6.164333134881226250e+00
-8.865073803061279678e-01
1.068641491634905405e+00
-4.691723920446393414e+00
2.025002924355065126e+00
-2.505711584836389783e+00
1.038148304411437989e-01
-6.787434516353095582e+00
2.469906666798557637e+00
-2.067775521362200941e-01
3.697909929577235300e+00
2.435235136389596544e+00
1.333152717335815529e+00
1.840332603332094363e+00
2.231675874133751236e+00
3.114204836415719768e+00
4.035082858868970668e+00
-7.177973321944913998e+00
4.521747986028009869e+00
-3.627435657220447141e+00
-3.269743299985577334e+00
-6.670333548380045219e-01
7.647666929518112333e+00
2.004688230155937945e-01
-2.154461410894219497e+00
1.222980534876135561e+00
-8.241224111818681308e+00
-6.642976045529303875e+00
-6.828187882999595892e+00
3.325480099904149167e+00
1.973420056185334781e+00
-1.390784992355008187e+00
-5.782781920392969788e+00
-3.025300439313650003e+00
-9.996014879807853859e+00
9.949647058755051177e-01
3.131676179084354472e-01
-5.277748219969223553e-02
3.921884928002531967e-01
5.046971890407774275e-01
1.196126446987271219e+00
-1.625385015349604112e+00
-6.573366670876020779e-01
-3.299392325176630170e+00
5.836211978143008849e-01
-1.348315026940897665e+00
2.198468020873140638e+00
5.092376064191210805e-01
2.221252733112222266e-01
-9.824119885197733382e+00
-6.237774099322734855e-01
6.381567901889575900e+00
2.159955879278101509e+00
-6.767215777843478275e-01
2.599602511384899728e+00
6.714165702624162790e+00
3.784388101064633858e+00
5.164002612848422658e+00
1.605760254916588803e+00
-6.156886646448211486e+00
1.961009852192722169e+00
-4.972264723075360493e+00
7.531066976875718799e-01
8.896913399392977206e-01
-5.656235319456525801e+00
-2.934219014682968307e+00
-4.470324493514442388e+00
-8.537684727471179791e-01
-4.492876491434653730e+00
4.311878977033215321e+00
-4.744115471285089036e+00
3.899692223087173115e+00
-4.190094201646360483e-01
2.811330067345466421e+00
9.206023780238639098e-01
-2.624083760065064830e+00
1.478570149389632160e+00
-2.970212745732244919e+00
-7.047933951464756541e-01
-7.753631190022815645e+00
3.641618034582728924e+00
1.638518369542525166e+00
-2.865860876975423466e+00
9.403679931089915511e-01
-3.157340300822190748e+00
-7.354506922840147176e-01
1.553967960369376566e+00
6.529416724953360784e-01
-1.515954717622693071e+00
2.945529814244489675e+00
-3.065874248617398656e+00
-3.911178614924937236e-01
-1.014650630225158862e-01
-2.597858709673822597e-01
4.885090436066149344e+00
4.418463857230879199e+00
4.860243636003773737e+00
-5.522599297961701126e-01
7.874533526382949233e+00
-2.038797735855984339e+00
-3.749149468803299801e+00
-2.113107607669455934e+00
1.218393346893021478e+00
1.592661059519200117e+00
-3.183670874260741801e+00
6.616489008439095265e+00
-4.985066228869196259e+00
7.707849476921452947e+00
-1.858924228378794119e+00
4.917088574754370001e+00
3.903031783092405060e+00
1.912770001832126976e+00
3.740971661634339807e+00
-3.589445066807071427e+00
2.372414423817100104e+00
-3.415031643349892398e+00
4.313506586407615195e+00
-4.587479771175958509e-01
-6.806470884173464464e-01
-1.139409789020453978e+00
-2.984481339071714423e+00
2.232203387510146442e+01
9.369444742426285444e+00
1.482719963897287130e+01
6.533213155520290805e+00
9.230680370197672957e+00
7.639413652143334232e+00
-5.933765153617718724e+00
-7.863821213733224624e+00
-5.460882526123079117e+00
-9.793392041866044728e-01
1.726975299939117470e+00
8.501953080729494516e+00
3.471684098146734065e+00
1.744202381117297529e+00
5.415530004478382509e+00
5.079630875183634764e+00
2.417481692221645329e+00
3.809935172843647688e+00
1.349976924962852110e+01
2.484212573577358807e+00
1.491300613756652638e+01
7.579992520587317095e+00
1.048080855521858368e+01
7.198076494681206583e+00
8.469736738653237396e+00
6.941402176079777497e+00
1.478874664955134977e+00
-9.063768138120693152e+00
-1.157789781468407320e+01
-3.881011650873408492e+00
-1.170663391799748965e+01
-2.226127010745609258e+00
-2.563855039281708770e+00
3.809821937304980199e+00
-2.012480035088507258e+00
-1.475475320567456894e+00
5.529118421260308835e+00
7.585185139277653699e-01
6.829980279720076375e+00
-4.260399555011191275e+00
5.044258266172927385e+00
-3.039379876907938538e+00
-8.202976836201930411e+00
1.315818788268526829e+00
1.594772368443165167e+00
-2.308373781735458596e+00
-2.537748704727291837e+01
-1.725748598881826723e+01
-1.988430399981295338e+01
-2.698138654792174762e+01
5.800441905471307003e+00
-9.358534437842839893e+00
-6.359150797537170163e+00
-2.517395454979784564e+00
-1.547365611647066874e+00
-1.052964274999473454e-01
-9.937431634449482853e-01
-2.435278039749529722e+00
2.830483718548290728e+00
3.811406876349967110e+00
3.326895208241501312e+00
1.449696922948318978e+00
-1.356265710448537165e+00
4.709338986486483414e+00
-3.125647317538160941e+00
5.457327143265807479e+00
-3.722945014779457384e+00
4.524032120159501069e+00
1.623128167196613569e-01
4.564332791984652360e+00
1.722011940038415123e-01
-2.025222657649901503e+00
-7.462482732173440603e+00
1.948036947063980895e+00
-6.960349271611677047e+00
-8.699810992080630356e+00
3.847597494406692409e+00
-2.409266635408113544e+01
-1.787737312304367876e+01
-1.318465660067106704e+01
-8.390531984312493918e+00
-1.307012824615176039e-01
1.616882275743672936e+00
9.869212866379123428e-02
-1.669026395323343515e+00
2.826279565112066461e+00
-4.942745353400859187e-01
1.627398811868883133e+00
5.530020169740383018e+00
5.891216384021407571e+00
7.795590356490651018e+00
-3.980961235739897575e+00
5.694248178593950271e-01
-2.916184713863475775e+00
-2.628541227555353910e+00
7.998464129700929570e-01
6.866389328187862517e+00
-7.730642659281310447e-01
-3.701382537065534883e+00
2.953059304115533301e+00
1.214807567639614838e+00
1.832497680942944296e+00
-6.019448856329095321e+00
3.587343294347350220e+00
1.478127405128898952e-01
6.053734898304831802e+00
1.663297145284307721e+00
1.549815354112940247e+00
8.871984275288365751e+00
-3.616015586227006029e+00
-1.159178688153759751e+01
1.721633090729659088e+00
-1.392226640943393967e+01
-5.397997441954250242e+00
-2.061252005036535717e+00
-1.305993669189351714e+01
-9.019645166817639392e+00
5.100818394824565560e-01
2.448485541596537640e+00
2.670346493948340116e-01
-2.150790821524125818e+00
1.774840995760925966e-01
4.471714425968571049e+00
3.865960658307149966e+00
1.573705087791517077e-01
-2.548433836800605867e+00
-3.172345205168610072e+00
-1.325147858861892791e+00
-2.481587226812903335e+00
-3.379647517050881067e+00
3.768571207124899125e+00
3.860750846975184558e+00
-9.487988701244979950e+00
-9.136459493699014445e+00
-9.706429956936286629e+00
-6.791663784501237089e+00
1.965413201733824611e+00
-3.997611147900651751e+00
-4.039162092196647791e+00
4.900680014260380690e-01
-1.201412988328748099e+01
3.524458172088280605e+00
1.774497043838158428e+00
-1.430385801614482977e-01
9.582688543341104648e+00
-1.106119637467858396e+01
-4.398688826615265168e-01
-6.354663994187924381e+00
1.836615423731867147e-01
-4.362656963543962263e+00
-1.249376652663268805e+00
-5.858729250224966378e+00
-4.143026961437663580e+00
4.736356810389855454e+00
1.561344231439446162e+01
1.345828369666298485e+01
1.938797558923664255e+01
1.320092552915748030e+01
8.325665893552125496e-01
-8.135813132524447155e+00
-5.817863233136587375e+00
-4.023810274894816352e+00
-9.910502228127020530e+00
-1.024617784716029334e+01
1.991843161152410335e+00
-4.274518612655258565e+00
2.199384519747345834e+00
-2.968762296747346596e+00
-3.230888853076858691e+00
-2.446579822117032066e+00
-3.772782194275197121e+00
7.824165789652012259e-01
2.467552527491531755e+00
3.382813582947834519e-01
-1.979976015105442633e+00
3.522489142974667864e+00
-1.276454279455097485e+00
1.224107326415754704e+00
1.070852821015043421e+00
-2.294288427071449754e-01
-6.810642666967302361e+00
-5.293833680211151638e+00
-8.016260806599580846e+00
-8.083498732946408083e+00
-6.768829219712169554e+00
-3.181802955662917043e+00
-3.382895946791537184e-02
-1.999333136821839219e+00
-2.610667884882383660e+00
-2.665710473329606423e+00
-1.048723996544935311e+00
1.027649172206665518e-01
-1.442797041697584659e-01
-5.301866943474660587e+00
-1.226967153343252459e+00
1.063519110018109393e+00
-2.743291870888922568e-01
-5.770863332332346607e-01
-1.014474780027495271e+01
-1.757526238889531411e+00
1.028279253322301834e+01
-3.060015649804613602e+00
-8.955679889120082393e+00
1.790880160102371121e+01
-1.654273952683409821e+00
-7.481490342341169386e-01
-7.399855966223646553e-02
7.650755166892330372e+00
2.371621996133611798e+00
1.069285885667065017e+01
-7.402915272686784176e-01
7.635541455509764042e+00
3.976854604645530533e-01
3.701769119902909577e-01
3.366625626421739792e+00
5.262766141797360353e-01
2.723460776482539814e+00
2.008122083538292024e+00
1.722571934835506413e+00
-3.781140914062318892e+00
1.466506822018552869e+00
2.599155520125738250e-01
4.849426681923818094e+00
3.200321977540313778e+00
3.339912228865149491e+00
-9.213673277420909358e+00
-4.784069418349226943e+00
-4.523905214682684139e+00
-7.888518496283595915e+00
-6.678286316349545615e+00
-3.451763008312235037e+00
5.154905663858857956e+00
3.881277995417414584e+00
-8.825188128526275655e-01
2.520623261175331642e+00
-1.013523437948509631e+00
8.175020032437704032e+00
5.903766817899993580e-01
6.666022564038383003e+00
1.795187873269056711e+00
3.314753123600171936e+00
1.931655602516808790e+00
-2.668418889084473111e+00
4.727153161206977816e-01
-7.310338631833541712e+00
9.642372174102775695e-01
-4.988988724454447521e+00
1.234262251480380712e+00
-4.650131601982174234e-01
4.488782556625016129e-01
-9.593883171429642420e-01
2.211956466610054683e-01
6.438604812453054826e+00
-1.338051195563835982e+01
-7.913421974406735337e+00
-5.186733216024831172e+00
-1.073543545926817977e+01
-4.072121798656143987e+00
3.513243387434323850e+00
-1.153422288376696248e+00
-2.807253239650069787e+00
-3.968633863403508766e+00
-1.115381419206472202e+01
4.833018649472834660e+00
-2.389603317369749735e+00
3.218405301203686619e+00
-1.413778798402160364e+00
1.539934091497908941e+00
2.360695388622006341e+00
1.005031112326690179e+00
-6.168214591944031433e+00
-5.850137251971110786e+00
4.226682095318873067e+00
-2.710759966003950527e+00
3.008445487802030804e+00
-2.301136556005719314e+00
-4.347340895696307328e+00
5.416600829014287521e-01
-1.924885935995867881e+00
-1.493201473980438010e+00
-1.563287084388813142e+00
-2.321601894078483053e+00
-3.241880802276920992e+00
3.022861582777197409e+00
-2.099336449320706510e+00
2.395286729753368093e-01
1.853987748955276960e+00
1.927787531811562705e+00
-3.850977063354936725e+00
-4.548713927971583360e+00
-4.050352464327302116e+00
-1.809424582960792449e+00
3.026918204279013924e+00
3.124173851832429682e-01
4.598263381601301880e+00
-2.841645462355339435e-01
-2.610584965349354913e+00
-4.186189749081925981e+00
-2.995829739233328848e+00
-7.070527034698993241e+00
3.353383563896968234e+00
-1.240314275768219865e+01
3.100747004054662970e+00
-3.409433610625930200e+00
-4.385506621051995069e+00
-2.859210988865389602e+00
7.292069342706054558e-01
-2.520143714848747329e+00
-4.384503813867117739e-01
-3.586638045126026686e+00
4.423066272457779391e+00
-1.861300832420845763e+00
1.479880326361185938e-01
5.154653755336043863e-01
2.150182320637576083e+00
-1.907011342392451780e+01
1.744027192838128570e+01
2.712637303694181412e+01
7.212452090864272414e+00
6.205684634224002405e-01
2.201427710754230560e+01
2.309432144781792040e+00
2.145562709021954451e+00
7.598446748599628764e-01
7.579652829248152202e+00
-1.050010910801912445e+01
4.638684420210297255e+00
-3.502820325548968938e+00
1.892792960423678394e+00
-1.798493325988583136e+00
3.249470526397855608e+00
2.637427667027262501e+00
2.628904226910942832e+00
3.818778423197184413e+00
-3.332139689162404439e-01
-4.816729336753940438e-01
-6.792313977630067612e+00
-2.702438389124937501e+00
-1.600583229691413756e+00
7.812030779023410254e+00
6.266530609442206412e+00
-3.326799821904712906e-01
-6.207291970455348640e-01
3.082707097861799375e-02
6.374625936515799784e-01
-7.928202004772961775e-01
-9.247003495936524375e-01
7.834191418604581791e+00
8.274670333844463599e+00
7.488533966216756710e+00
1.897374204861696168e+00
3.312313756354851257e+00
-8.147835343920689866e+00
1.238644619542683900e+00
-5.037482042235479796e+00
7.875830276254367490e-01
-2.635806229014849844e+00
-1.352201160673051961e+00
-1.543131304635964707e+00
1.561133744842095439e+00
-1.169410806418861304e+00
5.486886154806766669e+00
5.163127246977055052e+00
8.409577180447625366e+00
-5.088943632617030310e+00
2.794581628200496937e+00
1.103042743438760465e-03
1.831851467254249077e-01
-2.713298460751886854e+00
-6.615745900758813747e-01
1.434772256910579857e+00
4.105689627128090713e-01
-1.406481075545708892e+00
3.540141141309378625e+00
-1.964711267045068377e+00
-4.157777736979633154e-01
-6.863150311211592580e+00
-7.816660002535311236e+00
-4.702525216355202708e+00
1.757174185281199952e+00
-7.517911126294301027e-01
1.538012800803645108e+00
-1.248989880670819952e+00
-4.525425115626770634e+00
-3.469676552493704325e+00
-3.383766108377950665e+00
-2.073924889262763749e+00
-3.391520483031807309e+00
-4.751600124248870571e+00
2.969968419242639879e+00
-1.635225120050044056e+00
-2.371253608678205893e+00
1.414246792408202502e+00
1.889620294407502898e+00
4.388353911108731908e-02
1.094377358274770451e+00
1.715494366059195386e+01
-2.115800685573983486e+00
5.954540240833609666e+00
-3.295562417270688549e+00
2.914907598752077167e+00
5.926054982687285921e+00
-4.703124314397943984e+00
4.375112185405637955e-01
-1.515951623458524633e-01
2.147623772155320854e+00
3.564020133578205574e+00
1.199178537013261092e+01
-2.808015582951687517e+00
-9.361523238958710635e+00
1.377222562785797066e+01
-1.703157952432307498e+00
5.168108861052952419e-01
-1.090216197906319351e-01
-1.555599352600721907e+01
-7.788726846859076680e+00
-7.932385524390100917e-01
-7.880626340637736149e+00
-9.260198101334204956e-01
-1.335422271834932229e+00
-6.703056420474945432e-01
1.447036415561241407e+00
3.649266040018149804e-01
-3.609403854962929703e+00
-5.275528486113867821e+00
6.972779000422562046e-01
3.461109717482476533e+00
-5.151944967112306983e+00
5.696167870156938068e-02
7.787830621243128526e+00
2.831745414595011390e+00
1.230498136706911660e+00
1.732106832641094885e+00
-1.091750554468545253e+01
3.082999685948148105e+00
-5.519823850483061012e-01
3.546665740384019827e+00
2.050657487412417268e+00
6.629835335643091687e-01
3.943338969381013470e+00
-6.518318255999588917e-02
5.316498769175995953e+00
-6.914250452604451702e+00
-8.451843970648022619e+00
-5.218755228687424363e+00
-1.289732916103220539e+01
-1.761687324997184723e+00
3.658509260874495128e-01
3.274475943394582256e+00
1.590861496833568589e+00
1.009259670365253214e+00
-4.556523525603009439e+00
-1.962143160271851627e+01
-5.857149766017194281e+00
-4.440004423113118825e+00
-1.357941903600738520e+00
7.154588445138347630e-02
-3.797829240582730748e+00
-3.748811844630937973e+00
-8.352287553678713339e-01
1.788332721785505175e+00
1.131048783685990600e+00
-1.416208359671300876e+00
-6.180106717058769794e-02
9.891355253359220834e-01
1.466086132056351410e+00
3.415225722451920021e+00
2.526483525909545280e-01
6.223330656399323146e+00
9.315488746923392682e+00
7.199800755499929927e+00
5.495955262357321125e+00
1.607389868686828649e+01
4.420161680598838849e+00
-5.678373297788884777e+00
-6.827726967865377361e+00
-5.077365753929557357e+00
2.318616847178043283e+00
-9.989681449164368177e-01
-3.851279536480575416e+00
-4.962720660185135912e+00
9.278226262907717237e-01
4.448639991439836905e+00
-1.041736633278469853e-01
2.105676946391949134e+00
1.383708975677001851e-01
3.455883696906226210e-01
6.783633216231115703e+00
6.223763939213295515e+00
8.851770560708233759e+00
-5.006974545818150268e+00
1.210486213740228134e+00
-3.474946189194711543e+00
2.028791178394711292e-01
1.123339345647407450e+00
-1.738016950786138537e+01
-1.030607823672993639e+01
-2.367904061852849296e+00
-1.001278492378531659e+01
-5.618800724314676032e+00
-6.448971140096909416e+00
-1.122769009659665329e+01
-3.840425481255942408e+00
7.146370398160232229e-01
1.329407727022163588e+00
-1.974388767587929694e+00
9.599184952082703837e-02
-7.387533681853049039e+00
2.939148682063768891e+00
-8.864806279389570998e-01
2.384510947403609971e-01
-1.180987259141613732e+00
-9.158627388950839610e-01
-3.300656124405271896e+01
1.705797631707238793e+01
2.782428544616548649e+01
1.070760454092485681e+01
4.016925016947745064e+00
8.634744222344485465e+00
-3.747374090886577136e+00
-3.178051017684429436e+00
-5.996827545408598859e+00
-6.594058975709561565e+00
1.927060319706879854e+00
8.389479568160287393e-01
-6.285659044894852387e-01
6.001175621218962419e+00
7.372326342171932723e+00
1.111487923943577982e+00
-3.695344963926245008e+00
1.367648545441208230e-01
1.079029156608845463e+00
3.006679767156328786e+00
1.199131934417304368e+00
-2.027960344171319651e+00
2.772726877651390698e+00
-9.055757535080362075e-01
2.155483634723966979e+00
1.503913760401300870e+00
2.654400498624029492e+00
-5.362375654351277943e-01
1.537423102648403317e+00
1.195908481345064223e+00
7.843944258934437919e+00
6.154942042156178239e+00
-7.779211019304693941e+00
-3.955692798712402009e-02
-9.916383737427439948e-01
3.077062476074111652e-01
-1.561061049550537927e+00
-5.190263516761502771e+00
-3.879473127394762688e+00
-9.081941530271823382e+00
2.538116551652294106e+00
4.638002645349725284e-01
9.681949087752043104e-01
1.506779444330984763e+00
1.703078816184886435e+00
-5.999041947498764848e+00
6.180288830405695322e+00
3.658475462698707492e+00
8.060942380204084046e+00
-2.497959851325536995e+00
4.849711222137422229e-01
-8.994010286362895457e+00
-3.593280652927356655e+00
-3.982648335473090828e+00
1.187443485447989033e+01
1.187127567297605601e+01
5.989309909435867496e+00
1.994309341087825871e+01
5.556737317552865818e+00
3.165988522504687097e+00
2.030260023985580364e+00
-5.614408820511934017e+00
-1.169597407649408671e+00
-1.346491793697421890e+00
-1.942352693182488377e+00
-1.003723445804388215e+00
3.105819682485728706e+00
6.018918919451481386e+00
-7.234996461230942977e+00
8.373838966057212119e-01
-5.764059870235470839e+00
-4.497405469102347730e+00
4.062948225059302843e+01
-1.009433033152908088e+01
3.788628696498078430e+00
-3.835704876568413191e+00
4.318449029354684554e-01
-2.683972430047597779e+00
-4.869162922410193772e+00
-2.783708561266917236e+00
-3.590462979463657334e+00
1.386688703522422683e+00
5.660817618109806881e-01
1.458810331706343444e+00
-5.271183399339855136e+00
2.966819430299579619e+00
5.905070743812922407e-01
2.302905078825950580e-01
-7.017361274506103141e-01
1.374715557652758657e-01
1.468476547979452818e+00
-8.131859416856883627e+00
9.863334700922148368e-01
-7.950402144254947956e+00
2.410411225426797088e+00
-8.689267227604116073e-01
1.051502838673154638e+00
-2.822956869779853939e+00
-4.150842346267770155e-01
6.231892790477096433e+00
-1.150919348108792040e+00
5.547904080399194804e+00
-1.638063964020755270e+00
4.955856952810028915e+00
5.736195261959994851e-02
-2.805087605893444191e+00
-3.668976988397951278e+00
2.071999647302795455e-01
-4.417829502480266513e+00
-2.700421624810074750e+00
5.175664873014927281e+00
-3.856256632551618768e+00
3.310145511617535785e+00
1.214796882495720529e-02
2.285512936456177702e+00
1.354511399493671719e+00
3.209634111236409737e+00
5.229666644060922825e-02
2.520020022402877480e+00
1.762718307252762129e+00
-4.892692389932662422e-01
3.515874416161167471e+00
-2.649816004713368311e+00
-2.765194667345151736e+00
-6.995303099032591509e-01
1.116387263093137738e+00
-8.882089813915323262e+00
-4.558978994931631945e+00
-3.667977939928574127e+00
-5.664237591180107501e+00
-6.783525872846016824e+00
-2.160290929387563619e+00
3.325529398010193205e+00
1.680418015341020865e+00
1.205367630111691568e+00
-1.121196200981502189e+00
-7.882700577138435083e-01
-1.391416978004132332e+00
-1.874956753491772821e+00
4.861057160702108249e+00
-2.805579957728196572e+00
5.471144880055032189e-01
-5.989423631436048279e-01
3.642738758383539666e-01
-9.414922220490478111e-01
7.306426907350210831e-01
-3.742313975333281473e+00
7.812706125647984834e+00
-8.254901698591513792e+00
4.956328653168067255e+00
-2.440088868466515848e+00
-3.403059471819899873e+00
-2.794698559910883673e-01
2.225683345730854468e-01
8.910788249747831458e+00
-7.792742190018871362e+00
-8.304410865666886465e+00
1.377182782472133660e+01
-1.006895346949904102e+01
1.310685193204329968e+00
-1.701067116614960684e+00
-2.008835106685430638e+00
1.052926677676623068e+00
-2.909747036684548149e+00
3.631459543240528998e+00
-3.499229685294020342e+00
6.252446360643681977e+00
-5.094725323174685849e-01
-4.831577308093295997e+00
4.334971295662038426e-01
6.185560829535345917e+00
-1.893996367106172418e-01
1.893133540654330815e+00
1.301159068628352511e-01
-1.494672190143613966e+00
3.592409050980555740e+00
-7.295290118133958224e+00
-4.839861109644804316e+00
-7.646251965643028115e+00
-4.257267112385855867e+00
1.491995412682121325e+00
-9.086027487428171012e-01
-2.349489256762640754e-02
-4.734632548354990256e+00
-7.846755840071979460e-01
-1.638728704756449384e+00
3.706840074907957305e+00
1.451045407736805792e+00
-1.128007933344697955e+00
-1.086755017836848580e+00
2.155188455989536234e+00
6.993883020989776211e-01
-1.672520742938862659e+00
3.980805863215137186e-01
6.092643546781560282e+00
5.908422950890345859e+00
3.726200982602270173e+00
1.536331342631977126e+00
-3.021924275626832745e-01
3.454871299193355560e-01
1.346696071036412201e+00
-2.865943264461248141e+00
-1.236633390239869845e+00
-2.939081793366862705e+00
1.812640547313046024e+00
1.468855960286532258e-01
-3.374774808742050936e-01
1.178653105325064843e+00
6.662833152572352091e+00
2.502152043341224097e+00
2.222205669716377230e+00
-7.911949082795673327e+00
1.841492797101886625e+00
1.820171210331708589e-01
4.359500695554308969e+00
4.085595623648342389e+00
1.539169540966784377e-01
-5.930197089567474045e+00
5.223669189995873374e+00
-3.156935129345472379e+00
2.698043808746418915e+00
-1.228291222793651549e+00
-9.477892287802869298e-01
-6.269179258257518983e-01
1.875879630359331252e+00
6.955757765929215353e+00
5.305399277485597365e-01
6.706971884835573938e+00
-4.768882158014044344e-04
6.146040662536576882e+00
8.783917071416330602e-01
-2.260874971643898945e+00
-1.509545959047177810e+00
-9.273994458688458176e-01
-2.924175852066560388e+00
5.426602933043376709e+00
3.685158305154462077e+00
5.055800217156935616e+00
4.121740231026710943e-01
2.171426724416820164e+00
1.183192837782038209e+00
-1.114912955091542202e+00
-3.243172054760008027e+00
6.831300200481656759e+00
-1.883355670006502836e+00
1.045727194760078937e+01
2.761165624016692188e+00
6.573931044767665988e+00
-1.562565883379347653e-01
9.797925540125490551e-01
2.462759003398607982e-01
3.557531103566928365e+00
2.208096058794809524e-01
1.447504689366236663e+00
-2.924618652643595773e-01
-1.257707974567022102e+00
5.831396319163280495e+00
-2.773755405787900474e-01
1.589434603988723715e+00
-3.801371443428403496e-01
-6.224651581249901477e-01
2.328207643097912793e+01
-7.391271938101713346e+00
2.102081262165391706e+00
-9.203101953774453392e+00
-1.828148218804699354e+00
-1.492186141601145044e+00
1.558071916466725604e+00
2.440980940015114342e+00
1.940416185261556459e+00
8.320622085304940185e+00
-2.024396856561473113e-01
-7.236966257521612045e-01
1.365502305051375931e+00
-1.725450483762159593e+00
6.097913362726529840e+00
5.384302800165536418e+00
3.965522961843833016e+00
2.458163102924219245e+00
-1.374935792078878061e+00
-4.330882209286549767e+00
3.426664048485771552e+00
-7.018228281667294510e+00
2.361088998798271277e+00
-1.661717498029368745e+00
-1.576083430261872032e+00
-1.133862929578855150e+00
5.220040643855013984e-01
7.506866537996806921e-01
2.724937294317101300e-01
-1.458070185095810212e+00
-2.130246385056528968e+00
5.276666155931913238e+00
-2.232715532377960610e+00
-1.499932078310720174e+00
-2.916463683863494971e+00
-2.888867960931795764e+00
-6.519298513249199623e+00
5.806284449922287649e+00
1.807965826169090207e+01
4.470225831829284679e+00
-9.712685786586190417e-01
1.907381635972753342e+00
-5.292820644081378312e+00
-2.153443227497005452e+00
-4.726576008845644328e-01
-3.921071790109207811e+00
7.907140637350822843e+00
3.487971005456058204e+00
7.268117812401121647e+00
-2.519039814604282057e+00
3.787154489660033541e+00
-1.945919546156981372e+00
9.336371480441404413e-01
9.313832666098227353e-01
-6.601745905957977223e-02
6.403887948591161505e-01
1.066014445548628897e+00
-6.806890978448105756e+00
2.240986569255738026e+00
-2.222696166836835019e+00
-5.652299666266785039e+00
-2.477814153740492270e-02
2.905181317156058984e+00
1.350030949944639014e+00
2.818376205409784951e+00
2.774466284312007591e+00
-1.392672318227969441e+00
2.899612187580961287e+00
9.353867494032618302e-01
-1.906647340259088885e+00
-3.555508025879374201e-01
3.577076643348098828e-01
4.234237840694222710e-01
3.869352907076061276e-01
7.196722941037615451e-01
1.371039329893320113e+00
3.171711154777808961e+00
-1.129355991447490304e+01
-5.872817438935986623e+00
-3.224405790130168370e+00
3.755463171724257254e+00
5.810308510717243635e+00
1.612877018901002213e+00
1.724574104088907989e+00
7.542136454357269981e-01
-1.370811507775446803e+00
-5.090195982364273952e+00
-7.777351229328456350e-01
-1.500555182148694655e+00
-6.190088689742256900e-01
-7.484018821509055286e+00
2.318459711270860257e+00
8.158738539790426625e-01
1.038116789685779917e+00
-6.621105771036032372e+00
4.185908619676180997e+00
-3.879166198298019536e-02
3.209341670071457209e+00
4.171780877595508308e+00
-8.906782517526227849e+00
-1.387077614452970620e+00
4.583769254167289198e+00
-3.160164075968706410e+00
-1.652418047066316342e+00
-5.371534869065036633e-01
-1.247072202556764209e+00
-1.145410092257673068e-01
4.884071736205772840e-01
-1.202588205400646926e+00
-1.535271579106460926e+01
-2.153693803235775661e+01
-4.536772823614103167e+00
-1.944260420124514610e+01
3.377036833104429370e+00
2.060712361077248200e+00
-7.207651880017945656e-01
1.039412665188147733e-01
1.897760964264615824e+00
5.026349129747026190e+00
3.126663043612217141e+00
5.538639835229718367e-01
4.341260271009144134e+00
1.438163222717721457e+00
-3.004380072890356357e-01
-1.326645893508717200e-01
1.228390217808921880e+00
2.729203927391329998e+01
-2.336209318556980552e+00
2.199540437176930485e+00
-2.516271013550452018e+00
-1.786375691868282711e-01
-9.675333660958077564e-01
9.936287167146501398e-01
-1.588708342475801061e+00
2.147946101294782029e+00
-8.079440477770605256e+00
3.645837128189082232e+00
-1.557127196896913013e+01
-1.757439561475485590e+01
6.318674829640776203e+00
-1.432484119877315543e+01
9.701277763899281981e-01
-3.127484062499378825e-01
-9.698092377215743187e-02
2.278077957535532772e+00
4.818239887777118646e+00
2.389356521681808676e+00
-3.811517076085284561e-01
2.897506134719645132e+00
1.518402794723789029e+00
1.224436618595191151e+00
7.726853923547946090e-01
1.726586817228857873e+00
-8.624423220279177071e-01
-1.684960666339494262e+00
-4.846146640683414830e+00
-5.200561191786725601e+00
5.821266389736717839e-01
-2.087670864825436290e+00
4.479416223591247359e+00
2.849114343081542433e+00
3.596815045422210755e+00
-2.810406048903125065e+00
-6.585675156511008765e+00
4.178347568674915635e+00
-4.428894045939053115e+00
1.646627018157296174e+00
-7.691896248894858346e-01
1.827123041047107321e+00
1.715775813585223242e+00
1.787679871015055655e+00
-1.994287777678633855e+00
-2.683378730759654607e-01
-5.370904065205039934e-01
-1.051498802775513886e+00
6.464876199199475204e-01
-9.239393662999967560e+00
-4.516320932383930398e+00
-1.104179467255429925e+00
2.652405914725383340e+00
-2.045202538449188534e+00
-6.145316020460618311e-01
-3.414767461032177653e+00
-8.650854260031735521e+00
4.109687376353823751e+00
-3.478272324602525778e+00
3.042267220926095916e+00
1.478722434061877200e+00
6.577980523560247317e-01
8.688963480955015584e+00
-3.081209162163688897e-01
7.106824417534757465e+00
-5.127173689205221763e+00
5.109361982999335305e-01
8.514727777049030388e-02
3.276779139184072598e+00
-1.695062237225531954e+00
-1.701055480227964267e+00
-8.382085305376167028e+00
1.409497526293959302e+00
4.761505730873503706e-01
4.749713139655188598e+00
-6.858686406702755534e+00
2.015055148841347066e+00
-1.915689174646483028e+00
6.885778731769741368e-02
1.132946499031443732e+00
4.632673478033807690e+00
-2.959224358345152739e-01
4.137790665096627407e+00
-4.952984949697595951e+00
3.250074515770968286e+00
-1.184307201147701605e+00
-5.727241157480364109e+00
5.664752848002611030e-01
4.040353376563358800e+00
3.140817335285411627e+00
-6.237796917929981255e+00
5.390607646998685887e+00
-2.473096830934369272e+00
3.616721886563904143e+00
-6.931716159986750503e-01
1.871691898904636053e+00
-5.222105215488391794e-01
1.057601924350733746e+00
-7.451447747621035012e-01
2.813582293107086851e+00
1.038443113646461580e+00
-1.768219787431367429e+00
2.359243182806106010e+00
-1.563777349476628276e+00
-1.383799239894043742e+00
-6.413721222211278272e-01
9.628767005829270698e-01
-7.406355195963503668e+00
-4.286259806480591905e+00
-1.049141668100830094e+00
-5.192800083809761880e+00
-2.415565850757090072e+00
-1.986516038730288036e+00
1.210122568166762225e+00
1.462806946053481383e+00
-4.670862045304176313e-02
-1.636287962043981992e+01
-6.924196220029275928e+00
3.656497955942252354e+00
-2.324951676227305253e+00
3.896072784641741560e+00
1.762662230176041289e+00
4.281930555532586169e+00
4.710506493672143691e+00
2.237846494120334651e+00
-5.666490711676931191e+00
-2.713096639393413056e+00
-5.484395461702356478e+00
-4.218000450133819967e+00
-2.437224544639343460e+00
-5.677611853652601681e+00
2.906087375478035639e+00
3.162963693197928361e+00
2.670244148332070466e+00
-7.275319576950072253e-01
-1.745660290331728648e+00
7.268580246438914871e-01
-6.611779494432569848e+00
4.386126790276993148e+00
-9.849274455020557983e-01
-8.588276886902865837e-01
-1.108926270188029362e+00
-2.047727460875858441e+00
5.611510926765920004e+00
-3.160330787589160639e+00
4.070796605659760203e+00
6.259021005025064532e+00
-1.065492716039537324e+00
9.940590317526308839e-01
2.368024834456449845e+00
9.013328020483335479e-01
1.565271797207684390e+00
2.932824780264313258e+00
-3.718750528195974958e+00
3.341019664630935804e+00
-1.022627340890350567e+00
2.471522721736297168e+00
1.457169939343272214e+00
4.100488837217793225e+00
2.370866327408457597e+00
1.971339209878785192e+00
-6.502547515301390746e+00
5.635977711605967500e+00
5.671541103566340780e+00
-4.270132508459612453e+00
1.546546389702969426e+00
2.508647294040032616e+00
-1.804619432576518356e+00
1.625801826932785632e+00
2.844051145890155397e+00
7.154099525456621145e-02
-3.569700196883505150e-01
-9.850254940560282391e-01
1.565007787891826929e+00
6.974973322466276215e+00
-4.646230103479684459e+00
-1.022729868051687863e+00
-1.836389625517719448e+00
-7.792751131842859946e-01
2.368147263609491127e+00
4.341708091441767725e-01
1.912311452173282245e+00
4.272708742058433651e-01
-3.134750151026256315e+00
8.307649179001383999e+00
-2.233485844606149850e+00
-4.572234493124205379e+00
-2.255425351545710111e+00
3.453467920903159794e+00
1.984685855746933347e+00
3.484914681324727148e+00
1.298132411494061422e+01
1.196204357708419330e+01
-1.471840197436747921e+01
-1.932933715538089015e+00
-1.789054617723910612e+00
-1.793027751656316671e+00
-3.832924136701884588e-01
1.920853614493368555e+00
9.301735930904464489e-01
-4.745380396734755202e-01
2.242005522439201037e+00
-7.147956213451439389e+00
-1.061231315821920651e+00
1.184370345838278382e+00
2.061501872764098575e+00
3.549245472834683568e+01
-1.764964816417482751e+01
-1.059389433593083574e+01
-1.052336089194828439e+01
-6.790920256005439803e+00
-2.537745338823402808e+00
2.926173593630539305e+00
1.164164281271183876e+00
1.481789686475672552e+00
6.083639106787795292e+00
-7.046594991458224877e-01
5.364784301551960510e+00
-2.757938880810164139e+00
6.828087485398591561e+00
5.546200933785677689e-01
-2.388249559363577745e+00
3.410023122786694838e+00
2.689369934508415216e+00
5.552520858894255618e+00
-6.955615504182961928e+00
-3.806389451650471489e+00
-6.466920459785397313e+00
-8.942712737171204296e+00
4.282138174512331474e+00
3.148592429996338371e+00
1.184290396234719989e+00
-5.525422454164455877e-01
7.698254024176042876e+00
2.664310267070486127e+00
3.058686890362753097e+00
1.481334915337092362e+01
9.372479787045667976e+00
-2.038842274776101959e+01
-5.955415083571587331e+00
-2.204540268254272739e+00
-1.063938089305427104e+00
-5.714570605802042458e+00
-8.463391106734132308e+00
7.653113459663889451e+00
7.277835241029720903e-01
3.821223984752837310e+00
9.940027649080308558e-01
1.415339408961085121e+00
1.120717249092331391e+00
1.034457941303587480e+00
-3.229249520325529144e+00
-3.942633940675168702e+00
9.526811845837146464e+00
1.462454013050842772e+00
4.942681626800667694e+00
6.996764969654030442e-02
5.408664790726859239e-01
-2.210682168032924444e-01
7.087968987530858245e-01
-1.508851591491504829e+00
-2.491319974966442885e+01
-1.924325810423422567e+01
-1.612611968319614775e+01
-8.980906276499585061e+00
3.037546402210472340e+00
6.508940375015952462e-01
3.644702246470557405e+00
4.753542419242108963e+00
-9.006108736341131848e-01
-9.967005512510954679e-01
-1.500464752226432275e+00
-1.091661112189471705e+00
4.568473719942537592e+00
-6.723301880243329975e+00
-1.366311060568830893e+00
-2.699372441599585254e-02
-1.580180030061456853e-01
-2.374211904141728890e+00
-1.276512964884370582e+01
-9.068553591732227304e+00
-5.919993127763736318e+00
-1.101912909726742207e+01
9.452927718507552868e+00
3.346282650367816913e+00
-6.822952047769853534e-01
1.653126904284272225e-01
-5.401302538378618401e-01
-1.936246237017967164e+00
9.766063764799630051e-03
1.797008771462433430e+00
-1.844123111623980460e+00
5.049143920026744503e+00
6.743610017555866643e-01
3.784619254831630419e-01
7.974362642415682156e-01
3.288568671127085707e+01
-1.220738891569132711e+01
1.253324737167478498e+00
-5.169952932851432870e+00
-1.797909944256343096e+00
5.905161375961213821e+00
2.041756181543392668e+00
1.587556352342525123e+00
9.612050673930109257e-01
2.906795001516165655e+00
1.608131747194592842e+00
1.623126638583708647e+00
1.552303516667449701e+00
1.051987549800672550e+00
1.845004298625998018e+00
-1.567546447769623680e-02
1.588569656669076346e+00
-5.254465348578128969e-01
1.239915127698958397e+00
-3.314154543665793984e+00
2.613579794935170675e+00
-4.245342588588678190e+00
-4.469207255740384355e+00
4.170426703396966084e-01
-1.288412421902081384e+00
-1.307471634026883045e+00
-1.953789038473502826e+00
-5.317202244508257181e+00
7.428715495432190785e+00
7.629012773363933242e+00
4.116796611646705628e+00
4.899732150974591555e-02
1.816079966177893246e+00
-5.111474341247238762e+00
8.769783925760165078e-01
-1.283951619539242195e+00
4.451983121933821508e+00
-3.197341889410080018e+00
-2.144983125370644839e+00
1.457415827094506788e+00
-2.259826881132652510e+00
8.130975268225961727e+00
3.875114385279253781e+00
1.901703943119292584e+00
6.266397965903378053e-02
-8.356765712646074817e+00
-9.417727436737616031e+00
-4.419608250136618288e+00
-9.347691094314999560e+00
-4.132841284898214340e+00
-2.334793895247332163e+00
3.281305064197153065e+00
8.783044664286275838e-01
1.909600281867522176e+00
2.396929979824125478e+00
1.272771746034971452e+00
1.642194777865163102e+00
-7.388538102658203321e+00
3.694101337401836549e+00
1.963595749788616951e+00
1.204372012797825686e+00
1.688286918130695424e+00
3.191443734426532952e+00
-3.263299683379405902e+00
-1.433329368475270149e+00
5.322122075323055812e-01
-2.572179687274729898e-01
-5.839809926170121734e+00
1.037988814159126960e+01
-3.388410408916653793e+00
-1.064288765212088483e+00
7.013923923773586200e-01
9.823252674021503594e+00
-9.354737384491964569e-01
-7.785119614748183814e+00
1.079200729384708346e+01
-3.310674699054586778e+00
-1.119395969405089897e+00
-9.808081163141444403e-01
-1.066308394422282868e+00
-1.786587153838590680e+00
7.503717258815086888e-01
5.464177424776145209e+00
-1.416687301661283760e+00
1.308860891686635775e+01
5.090480297820403344e-01
3.315470867172409797e+00
-2.291149137843403238e+00
9.267684026952878185e-01
1.660382939151176851e+00
-3.607429294994202174e+00
-1.856858522469682171e+01
-2.319801640921037134e+01
-5.014352757114037829e+00
-1.931634060660372754e+01
4.725464714291980783e+00
2.492749313683935153e+00
6.695776669827865346e-01
-7.836833627236109434e-01
-2.476837792757526024e+00
-6.341863029285095266e-01
8.222902361943031924e-01
-6.537557508909120685e+00
4.424838402655507430e+00
-7.126778157622380983e-01
-9.706948390355021328e-01
-1.705750734998297879e+00
-2.614489729621667813e+00
6.917409686300942440e+00
2.615314321802434616e+00
1.076390992746550168e+01
1.490261742801789691e+00
6.263692153682729469e+00
1.617436383114872367e+00
-6.004398730304751908e-01
1.579549399279350341e+00
-1.629301695260217953e-01
5.249325673745909526e+00
-4.849876809835599545e+00
2.692461715059745853e+00
-8.769827568438596899e+00
-2.509882984154677921e+00
-6.977169835525313113e-01
-9.588483975642240198e-01
7.857794126890592645e-01
-1.312941135255795588e+00
-3.108467628903845981e+00
-1.878694656392076334e+00
5.171035677450583457e+00
-4.468606585553843935e+00
2.570382923446438816e+00
7.802974907311167607e-01
1.338064860523547006e+00
3.306167543428435440e+00
-3.616693277495733327e-01
-9.524397310038068554e+00
-3.980535327030232384e+00
7.123300322332064283e-02
-6.863595795170406966e+00
-7.236500988942561996e+00
-2.644595643220445158e+00
2.681467967397751284e+00
2.559254538495763676e+00
1.177078271665797260e+00
4.549616591046176772e+00
4.340947850937980412e+00
3.108347220671262789e+00
-3.711612052989042176e+00
6.892642718398416690e+00
-3.205602040063636471e-01
-3.817145265929311027e+00
2.016261911551982866e+00
2.307550708434671360e+00
-2.149346247216931260e+01
-1.030634308942223676e+01
-3.038590800295873251e+00
-4.224621914944200363e+00
-4.196680119609002446e+00
-3.316422375677027023e+00
-1.677049305779131361e+00
-2.802980135579989263e+00
-1.722532559835173283e+00
1.807901733051683557e+00
-2.499674441242645706e+00
-6.844773654955797149e+00
1.003829765938530372e+01
-5.227706042315889867e+00
1.157004792512307922e+01
4.145319582696967764e+00
1.716400967231936692e+00
9.457279201735446783e-01
7.912499172729794417e+00
-4.246469744085466402e+00
8.825847504276929101e+00
-3.443224847761480745e-01
3.570652713827830560e+00
-2.533103255169034007e+00
-2.994065509199334674e+00
-4.704111330683355519e+00
-2.235787376652320191e+00
-7.980288878927722429e+00
-7.977751532404779411e+00
1.445705178509274047e+00
-6.181003371684203884e+00
-1.369230607029040536e-01
-2.180909474061630604e+00
1.820471651544939951e+00
-5.238577512506093825e+00
-3.459640000463220399e+00
-2.585181530248804371e+00
7.044400873391431617e+00
4.216014586525838936e+00
6.035858805984040565e+00
-1.330505081080604945e+00
3.058509461119352846e+00
-3.173082202759523351e+00
9.151116644930206157e-01
3.391010433276340774e-01
-1.446674688908109729e+01
-3.979265906309079615e-01
6.379754138210393943e-01
2.541826870061601795e+00
5.461049558359107436e+00
-1.968159087928670337e+00
4.882217284182866379e+00
2.004800768299579872e+00
-1.419661776634399408e-01
2.055864783280987318e+00
6.685587344640302909e+00
3.375154095207525629e+00
1.076292842175667230e+00
1.151900979565845162e+01
-4.078736626874864157e+00
1.204320808326066805e+00
6.786141609040851064e-01
-2.631342239768896252e-01
-8.407554699019196276e-01
7.023381483268832381e-01
-9.990244767559982586e-01
-2.441518963186129376e+00
4.355057939771548092e+00
-7.111835824635739378e-01
4.648679533686710386e+00
2.221733230963812922e+00
7.978808460038802064e-01
-4.081692478149645531e+00
-6.983934561878269998e-01
-1.950008248457629767e+00
-2.979031321358083240e+00
3.021169201950990590e+00
-3.997935991076669637e+00
4.333154486205703648e-01
1.572039581691054011e-01
-5.291037446770321395e-01
-6.699922822136130662e-01
-1.373545963801034719e-01
5.231129085373211751e+00
-5.139979141472330149e+00
1.036427972400570718e+00
-2.151777964163288814e+00
-3.834477655404359808e+00
4.706616789640183374e-01
3.028476698123795607e+00
-7.401867567004870807e+00
2.469687927027136354e+00
3.759781253699097547e+00
2.449618106708400411e+00
-8.621087017648861872e-01
-3.045809488700950585e+00
-6.133110551016603296e+00
-4.765548733272648718e+00
-3.582471888223003109e+00
1.382353323312626836e+00
-5.542720509760146186e-01
8.271213036174123179e-01
-7.404225633012314844e+00
2.829861083942276423e+00
-8.152092861271020841e-01
-8.323163292867583052e-02
-3.505264023934004936e-01
-4.622745498913375384e-01
-8.363468154971215540e+00
-2.575080236540177592e-01
-1.249025100181333281e+00
-7.091800605307539695e-02
-9.651990001880836445e+00
-5.944371391658637843e-02
3.394477430718244371e+00
1.607351065886690744e+00
1.337791906249590435e+00
-3.039398062709562365e-01
-1.589790949677719833e+00
-2.571989205533634082e-01
-8.491366920620221137e+00
-3.028165553158281287e-01
3.718408874964606037e-01
1.326436895996107257e+00
-8.761689713436827676e-01
-3.923008140457220350e-01
-1.148718777642783095e+01
1.417215039254056341e+00
9.038724815051457639e-01
3.861403232702326882e+00
-4.072132011378370997e+00
-3.111348230656922342e-01
-2.026356043843078325e+00
-2.471566014409522172e+00
-2.446736434544164673e+00
9.863064194028632770e+00
3.791371133095408075e-01
5.201337005040540973e+00
-2.247013756139946583e+00
6.014522734299366569e+00
3.089617835334606433e+00
9.507087224044322715e-01
-2.720548877746306271e+00
-2.879655508116130580e+00
-1.595046337621199573e-01
-4.251080009416748351e-01
1.818821262456565391e+00
-6.727800952037026327e+00
4.258097352460465390e-01
-9.347124055216758931e-01
-2.106113386633329032e+00
-1.178942800128220281e+00
-2.775090072853828360e+00
-2.986606949158017610e+00
4.408414263608457340e+00
4.522950112546583412e+00
5.198673782982266012e+00
1.139055906175400423e+01
-3.879721167556224870e+00
-2.261050479704245220e-01
4.761540374496539663e+00
6.601299198764846388e+00
-1.258792559752343498e+00
-3.985897329340138961e-01
1.065118268304143356e+00
-6.965822057018433711e-01
-4.397318740636094070e+00
9.122770118530269201e+00
-1.114072982582386295e+00
-2.456823420843825101e+00
-2.493878252617685920e+00
1.855781006790524934e+00
1.425340730449524140e-01
-1.261876777615198897e+00
-1.183297065645741553e+00
7.254389850927694283e+00
-8.288470832009002809e-01
8.140995847099981308e-02
-1.846070590848292725e-01
-1.338600454052453426e+00
-7.792751656829002838e-02
-3.382254820893050073e+00
4.439206638926906479e+00
-5.638094243647628900e+00
1.525923816727863258e+00
-6.644057232270790259e-01
-6.632165866482735428e-01
-2.553476239045856522e-01
-1.682739901210143829e+00
1.995709192124092812e+00
-8.894749901673089099e+00
2.613860122195689195e-01
-5.655928085227475144e+00
-5.008689244297077209e-02
-1.923289592443260254e+00
2.573986929698533821e+00
1.149335657300105229e+00
1.558020229317254313e-01
-2.980079636187998204e+00
3.181133561409016930e-01
4.764912801102453521e+00
-1.297927021949828674e+00
1.968442612111017898e+00
2.450707391112600178e-02
-2.466168472414318913e+00
-7.943146011849339105e-02
-2.013975176506705989e+00
5.493129196241216761e+00
3.058928963497916875e+00
4.759005725256531427e+00
7.363476474307012687e+00
-2.566977719503802824e+00
4.439713403566383221e+00
2.054042257352971745e+00
-1.782932507415295964e+00
-7.836976816964651427e-01
-5.731228115279975555e+00
-5.099764465439163175e+00
-8.250696929224504927e+00
-1.458204407534906721e+01
-3.751064587986803200e+00
-2.592083890582585148e+00
2.798628818106017935e+00
3.821737388620294884e-01
-1.350452175941919464e+00
3.056161094002747269e+00
-4.005923976184643465e+00
5.302218313571716024e+00
-5.518760156521537397e+00
5.540370487978721670e+00
-2.652271284417703212e-01
2.663259633937574145e-01
-1.218079591528396843e+00
-2.490787552074184674e+00
-1.618425236934162514e+00
5.515434106238367384e+00
2.234430363384927620e+00
1.454061626000772156e+00
-2.457137819499849218e+00
3.497633682667650401e+00
-2.078431830950474346e+00
-8.403885380777885716e-01
-1.019096501632958507e+00
-1.152599827365234297e+01
2.436480889272754524e+00
2.710129812633103041e-01
-3.176135036483517915e+00
-8.171828369990395302e+00
4.628658579352419977e+00
-6.875439691202348769e+00
5.765835490422570597e-01
-9.159065425901748853e-03
-1.468340050141498265e+00
-7.468050732173316941e-01
-4.187617568328626305e+00
-4.895086645424997940e+00
-1.661959223098808947e-01
-3.069730043570118916e+00
8.396170399282802954e-01
3.326768464313051288e-02
-6.199017570575996450e-01
-1.555014719874202456e+01
2.087108086632861959e+00
6.466211607883741941e+00
-2.368625647499606579e+00
-1.052002544083622260e+00
1.614645257126214428e+00
2.963452521283263863e+00
2.714510883213178349e+00
1.566552432140660311e+00
6.714618897131987119e+00
1.970089383662848448e+01
5.552402038118001038e+00
4.018836645311431255e+00
2.459906399108485786e+01
-2.988089859271945592e+00
5.687353729232468957e+00
3.765420980352177649e-01
-1.021926067240676028e+00
3.534671081479735744e+00
7.320758380100999219e+00
9.926824985718079475e+00
3.181881952648430101e+00
6.313738521496119915e+00
2.155110234894853427e+00
1.127424659138553054e+00
-6.050833133862043578e-01
-1.348447772221012197e+00
1.143449507429838002e-01
6.796212873393628895e-01
-3.843419669277274853e-01
-1.542123928554269274e-01
5.935111699074864688e+00
-3.367793076434979049e+00
1.430524116216158603e+00
3.154898692099190161e+00
3.656446610145855480e+00
7.029564966398199388e+00
-2.678188354916857694e+00
5.124373522259748626e+00
-5.087932873327189576e+00
-4.284086975768909844e-01
-1.139526467659151887e+00
2.231448978397719607e+00
-3.656459095858681785e+00
-3.862931049511781012e+00
-1.456409741831787397e+00
-7.718234958193344042e+00
-8.631810460518133388e-01
-6.341289022377260665e+00
-2.075840556879686161e-01
-8.684544039103612167e-01
3.708694191375641935e+00
-3.535624116121683258e+00
-3.472291903098006838e+00
5.725726109414705611e+00
2.818032570773714607e+00
-6.114511904719106550e-01
-1.453680645171563590e+00
4.298552373073954436e-01
3.918992710814778402e+00
-8.537580807621293344e-01
1.301810775546046850e+00
1.138489339342214191e+00
-3.659701587438340908e+01
2.135343572278317126e+01
2.828631892688001770e+01
8.845681165008263847e+00
4.872041889078892324e-02
4.338776872573209431e+00
-3.154112946581136612e+00
-6.617364847229177949e-01
-9.362955124662587503e-01
-4.182439990609205238e-01
-2.160498758480398518e+00
-3.940133867061676565e+00
-4.256296668702319153e+00
4.411334423498348478e+00
-1.038368995123847283e+00
4.779437674255971880e-01
-9.065315350641723890e-01
-1.054765713491830459e+00
-2.717246383949240229e+00
-6.572070216551204602e-01
-2.398786381200172624e+00
-3.935800930922539020e+00
2.029220213281677676e+00
-1.573646987058755053e+00
2.235067856544143083e+00
1.020778176297105988e+00
3.211030351586313669e-01
2.618507150714553866e+00
1.539795813233619359e+00
-2.579877353512531446e+00
-1.001515224985175045e+01
1.655718833132365342e+00
1.062635794726973559e+00
2.108017431306242084e+00
1.982715971243777187e+00
4.796349816924531662e-01
6.719956952938883621e-01
3.083667982712356981e+00
7.547234349995158853e-01
-1.104170405064424321e+00
3.935555535275219174e+00
-1.441629930318690522e-01
-1.728386536487986014e+00
-2.281683792809946265e+00
-1.922373564638508725e+00
-7.422432632662532725e+00
-2.729018309499211536e-01
-2.499142586725824788e+00
-3.919404346168266162e+00
-8.027527633266073437e+00
-1.159263199923434851e+00
-1.686203197418972843e-01
-5.947664826552354622e-01
-7.449886109955790037e-01
9.776227519664441701e+00
2.037270380693968974e+01
9.454272511496803588e+00
1.647788178377109247e+01
2.364895332995789801e+01
-3.528604782994822386e+00
-1.597222476069769748e+00
-4.163828013664046535e-01
-4.314283913376970592e-01
3.486625201478160108e+01
-4.522303500387462982e+00
6.724079737977080917e+00
-3.807126525374801229e+00
-1.541603670812037752e+00
4.878595705737330590e+00
-7.307093160415223387e-01
-1.172446563571625466e+00
-1.035409670710316643e+00
-3.469980086494456550e+00
-6.312804035638883704e+00
8.033527076966668901e-01
-6.880804437001854623e+00
2.955485344495192734e+00
3.005850761911025071e+00
5.550131750672557374e+00
2.764627395589416725e+00
-1.610911461516859322e-01
7.735939570959670109e-01
1.045792656113775720e+01
1.320967401325144941e+01
5.436406217113628481e-01
6.176337907788554737e+00
5.897248715872804858e+00
-8.449609094990346847e-01
9.895211416670665061e-01
1.028447890859100822e+00
-2.298946913770288258e+00
-2.099387643985134666e+00
-2.611337922647043452e+00
1.365814292181627199e+00
4.999816038337971946e+00
-3.391124566507397908e+00
4.473747498140610901e+00
1.750218846713306631e+00
6.682423230774787726e-01
-3.318806002799646393e+01
-1.236673828051506696e+01
3.034782735942868737e+00
-1.184647775313416673e+01
-1.460505269806709805e+01
-2.115554173003370231e+00
-5.303751451245027226e+00
-3.701693500702137651e+00
-2.450193048781683647e+00
1.378277738968169963e-01
-2.992750493295562864e-01
1.165105740074528162e+00
-7.103252683981743587e+00
1.412070237897053548e+00
2.962978491332953546e+00
4.533091664984771896e+00
2.558799584943181937e+00
8.836646317519296634e-01
1.080424566602462111e+00
8.234108006868476437e+00
6.006677976328344215e+00
1.208235899120033174e+01
1.023020497190333167e+01
-5.849189638205119834e+00
-4.502527390780816652e-01
2.177266201958606651e+00
1.055849409719229692e+00
3.778171034326286648e+00
2.553722012508403250e+00
2.247253926969729587e+00
-5.672193027687381317e+00
3.475580064914395084e+00
5.498883302890985592e-01
-9.044228725126836066e-01
-2.240297198112539245e+00
-2.865488645792601208e+00
-1.231428966842127615e+01
-6.734241066626391437e+00
-2.566105841990893310e+01
-2.410039974648899275e+01
-4.198651873658280742e+00
-1.294291163948974877e+01
1.610818483245238131e+00
-5.102060343681815713e-01
-5.620386899917902968e-01
2.026276145476237911e+00
1.245011294548986136e+01
1.270016612556793412e+01
1.073658218149276777e+01
8.051244244905578995e+00
1.508069300679522406e+01
-3.624193779631255552e+00
-2.556334923786412361e+00
-9.472162762297270389e-01
5.105240878901841306e+00
-1.586714782878210495e-01
4.493894259751704645e+00
-3.588349747786477639e+00
3.089472160995887506e+00
-6.103312168151890926e-01
-4.426919863556069701e-01
-3.881848802366328482e-02
-7.757457133506688862e-01
3.621770531673819349e+00
1.471974226280272635e+00
3.246721369089368703e-01
-3.134247318547888739e+00
3.400889107933353639e+00
5.207808986223628978e+00
1.747426434168150300e-01
2.296666495159494392e+00
1.306609944564196990e+00
1.118250510524763897e+01
6.044208030079015082e+00
-6.500904992921586079e+00
3.191060558569733363e+00
9.255315172534679391e+00
-4.112715355674897211e+00
4.986063847287239975e-02
2.178401045891119825e+00
4.334711480449800369e+00
1.194681793981275852e+01
2.246517871847638403e+01
1.837396156738668651e+01
-4.187834601845652926e+00
-9.500388291090965609e+00
2.007864429754074642e+00
-3.033490885107172907e+00
4.448670825646970250e+00
2.785386689003199301e+00
