-1.052495286800326557e+00
1.766767578506600156e+00
2.147584402686113059e+00
-7.776185097487884335e-01
-1.786843920264358898e+00
3.794982447702257566e+00
-1.499667020136475237e+00
1.702182009632254633e+00
-6.717181519831230574e+00
-1.706107178978159444e+00
-4.299467051682527852e-01
-1.848565556682129296e+00
-6.239496718789254714e+00
3.959298758438895671e+00
-2.790489807993496996e+00
-3.944591429198442079e+00
-2.961811663103409709e-01
-3.553842794644506586e+00
-4.864673540375369143e+00
1.261404114219231154e+00
1.546485783483816823e+00
-8.334327073501642813e-01
-1.119162540536685624e+00
-3.476101805864035277e-01
2.255444980851140979e+00
-1.576204731621190236e+00
-7.756621091333442131e+00
1.267630810767960137e+00
-4.051699264765660224e+00
6.869479797089404371e+00
-5.309796206622805492e-01
-1.864234396821817796e+00
-1.160263553999246744e+00
4.283339907365957822e-01
1.670453751508415019e+00
-4.335522895401334509e+00
6.041985596928880042e+00
9.924425372604198659e-01
8.798813272052932177e-01
-1.113784205829883689e+00
-2.243022340903582101e+00
3.351036109164828858e+00
-2.823521166266227400e+00
3.737104894794228471e+00
-9.927364445034833063e-01
7.903194102627819184e+00
1.205809923629730740e+01
1.380228792731728582e+01
8.935802573069134169e+00
1.899413708749564833e+01
8.847050383262599738e+00
2.092612274949914664e+01
2.375903890889540193e+01
-3.299037576545436945e+00
-3.589960389353644921e+00
2.388408263311967428e+00
1.945086211728144221e+00
-1.810405320469621326e+00
-1.665529290357232295e+00
1.405210401188089042e+00
4.008020765381536066e+00
-8.026660998014943260e+00
-1.343428714454558737e+01
1.899828545980576600e+00
5.082660945204899861e+00
3.647111888405767943e-01
-2.875644984205039112e+00
4.259818451145647167e+00
-1.609961404554278275e+00
3.413861702590744063e+00
-3.839252965685884256e+00
-1.195693936829681903e+01
-5.986665724605225058e+00
1.064801788247573100e+00
-1.098708965621862099e-01
-1.787601605517627812e+00
8.045606200636760130e-01
-2.726572846448199527e+00
3.526474424140698893e+00
-2.510455895593939779e+00
-1.432386698381295620e+00
-4.023100641519705256e+00
-3.622856624603845166e+00
-1.162501368089060294e-01
-1.715738983195344680e+00
-4.583449582221145846e+00
-2.135866276234226202e+00
-5.280392515169134882e+00
-8.364611154733399445e+00
6.013518209027236550e-01
-3.572520606294035672e-01
3.126973737344745263e+00
-3.835187391911485943e-01
-1.486752242151704984e+00
3.772232357981049056e+00
-2.388232470364956228e+00
2.260640298505268930e+00
-4.437591338139305286e+00
-2.706443546042595738e+00
-1.564979993103569056e+00
-1.023690864342624574e+00
-2.815509761905432562e+00
-8.108612448992197130e+00
2.037392654032522898e+00
-5.426774849519627075e+00
-4.282775981424491896e+00
-1.665186475658958498e+00
-5.013575892581137339e+00
-5.450090294289804405e+00
1.095104603420987477e+00
-1.721594292926552416e+00
-7.162488746872808676e+00
-6.340485135723316068e-01
-5.071881887335760730e+00
4.050982451803553097e+00
-9.522028362385977829e+00
-1.149471583311375866e+01
1.897311766902809227e+00
7.198388062883276373e-02
-4.359238445430218406e-03
-2.196318302738853312e+00
-2.436273350708851204e+00
5.390166741992936217e+00
-1.000801000895214976e+01
5.886481573225162300e+00
-2.730477106978648649e+00
1.203985893175670441e+01
-2.837209080577992815e+00
6.226717258174545577e+00
-3.460639771734757009e-01
-2.669704041337185529e+00
1.486102767269963154e+00
8.461635969246709132e-01
4.388826878527350317e+00
-6.032928183288820634e+00
-9.089237650031915194e+00
-2.024616762158662375e+00
-7.415948527269221380e+00
-1.259295025407438473e+01
3.129440602212747891e+00
-1.166447384882660288e+01
-8.926225560955757032e+00
-2.852650125548180426e+01
-2.091917883549207602e+01
1.083102254461591585e+01
-4.397915852690391425e+00
6.422196611477749784e+00
-2.826795062318014293e-02
2.576815119164465262e+00
4.158675781214551948e-01
1.740394744287359963e+00
-3.720417269253861736e+00
-3.451368434472789626e-01
2.652187850161159322e+00
2.725610650024476111e+00
1.053801252361019847e+00
-2.285157318858485720e+00
-1.532432999229053516e+00
8.513083950407008826e-01
4.750525716815910293e+00
-7.025917961906477771e+00
-1.020143699612761701e+01
-1.460583362873035806e+00
3.070306782296287618e-01
8.587186832222903021e+00
-1.640578600379556606e+00
5.318133152418603515e+00
4.603417832285272127e+00
1.017914664657343415e+01
3.243485143061964671e+00
-2.538093920321037533e+00
1.358997566147857583e+01
-4.827660091963648092e+00
4.317189700515150719e+00
2.415277784877674638e-01
-4.205438606234688237e+00
2.087179198686642145e+00
5.838366458834746808e+00
1.728438371188974187e+01
-3.303477035113553839e+00
4.633820823104230158e+00
6.844135119032325854e+00
5.007678109775318909e+00
-2.965172922295051805e-01
5.852412330332087187e+00
9.612882905521940913e+00
1.423368483868582501e+01
4.058442055872125920e+00
-1.113082792670143917e+01
4.866735437671944275e+00
1.822361600443922258e+00
3.176175385540553453e+00
2.490145448617445967e-01
-2.572380311469348424e+00
3.883092814248202629e+00
-2.186805904120058930e+00
4.493651717508143406e+00
-2.897128805814005226e+00
-1.345946985445248600e+00
-7.045636900596462249e-02
4.440362660408169737e-01
-1.555340914556639920e+00
-2.262286803935999568e+00
-3.890426509562614488e-01
3.730535309929637666e+00
2.623066171728464901e+00
1.357245702250254871e-01
5.278380616967342398e+00
-1.788559756750735863e+00
4.614396351743653035e+00
-4.754291760244635373e-02
1.683736232651817266e+00
5.849389263862106780e+00
5.100143137504179469e-01
5.873442391661827244e+00
-1.433206622059374657e+00
2.416502525318608097e+00
-5.612646444546979252e-01
-1.900082460870143874e+00
-7.180142810449098967e+00
3.098576223552146569e+00
-4.255514425302135528e+00
3.308921192086349272e-01
9.813373411000892999e-01
-2.101472640341836007e-01
4.655513514031135003e+00
9.830183388203129979e+00
6.318253999647872376e+00
2.265223840592293314e+00
1.850084216183612895e+01
3.313960970934336725e+00
1.148171914398834659e+01
-5.000252463718021900e+00
-5.589268547804958409e+00
4.975758826161069237e+00
8.105781131644246074e+00
3.861887009578298890e+00
7.897991476207443309e-03
1.386010552429912934e+01
6.922691812250563181e+00
3.921179629517967502e+00
-1.506255133328418516e+01
-1.924988362190893554e+01
-5.808422365753039607e+00
-2.879491758570551951e+00
-6.725476744447413946e-01
-1.432257641441301965e+00
8.121545022992023855e-01
-2.514090117919681955e+00
4.063515130473260406e+00
1.082742051404650496e+01
8.824858361074033652e+00
1.047252117323919096e+00
2.516950216539352247e+00
4.814864259993808515e-01
-5.571488499699218444e+00
-9.994562289024547797e-01
6.441249509600544876e+00
9.577910076494920988e-01
-4.408953901674599329e+00
-5.600802800428788863e+00
5.530725751787180400e+00
-3.617564835471522855e+00
7.807416842033624960e+00
3.172569795899483847e+00
4.055724454126139911e+00
3.260813185588992802e+00
-3.220714308673735982e+00
-6.839546839621120533e+00
-4.604446472947973490e+00
-4.947849806189250077e-01
-2.503395077073168107e+00
6.631879853462073982e+00
-2.294123451565832195e+00
-1.876534156180225343e+00
-2.376400471424817140e-01
3.336976333918581616e+00
-3.596164689866113706e-01
-9.323942832075685638e-01
-1.853513478078905985e+00
-3.150755586922386886e+00
4.907536814391481705e+00
-1.454527497908765454e+00
1.282058495059745784e+00
8.685630156696330095e-01
-8.525273212078716689e-01
-1.022772132121804400e+00
-7.572943824280302383e-02
1.241437118977603449e+00
1.163711280776502210e+00
1.467299909139150760e+00
-8.642668161925659565e-01
-1.250011872394043433e+00
1.383212152110996129e+00
1.557487046242376216e+00
1.342356466946591720e+00
-1.217591726959599052e+00
-7.657073993157460734e+00
-3.380797240071755638e+00
4.680940876056395972e+00
-6.818866877889656841e+00
-3.492050551485180954e+00
-2.043740627254049702e+00
-3.644283649193995167e+00
-1.129716050500953273e+01
-9.617717429536298823e+00
-5.170640187227344420e+00
-2.555485852039690364e+00
-9.762018060276343334e+00
-1.743283026187581441e+01
-4.357881957116092941e+00
-8.415845577571246849e+00
-9.944286620354649386e+00
-1.821604663813802538e-01
-3.867526601491846794e+00
9.959190922535805512e+00
-1.230103829427615869e+00
-5.986274874351205089e-01
-3.263287604874464343e+00
-4.018334082471619162e+00
2.769859992428563622e+00
-2.628607131593675206e+00
7.234978750411452886e+00
1.698546017864506208e+00
1.180299814132652081e+01
7.804464086909171372e-02
4.910920884486346338e+00
3.288409137056876208e+00
1.244302766541312222e+00
7.609439864067098824e+00
-2.870250553704560836e+00
3.446179713583988224e+00
-4.297949225919444949e+00
-4.403761879794817702e+00
1.170839970427406174e+00
-1.749097356801828651e-01
-3.616761528669232284e+00
-2.317308333553592004e+00
-3.305735223285493518e+00
4.218310296421559968e+00
-6.611788599624022211e+00
-6.464856784813415302e+00
-1.152541727411671379e+00
-9.469763331982432586e-01
-3.318079636826866352e+00
-5.111947018840444557e+00
4.839128760317453093e+00
-2.019415547766781227e+00
-1.652813336805010636e+00
-8.473266660359763947e-01
-4.643861253556007540e+00
9.110550392518373952e-01
4.740010587526605867e+00
2.067068278360557176e+00
-1.905519581052818490e+00
2.821713570474345012e+00
-1.505842792496074001e+00
4.825404890798312252e+00
-3.572669755825789384e+00
-6.569022118667037446e+00
2.013576237277254322e+00
1.660525439965908623e+00
-2.547747784254130732e-01
-2.578814846211630929e+00
7.217742601746588882e+00
6.779106808723172062e-01
-1.682950967676757337e+00
2.287080293651061691e+00
-1.393750913264243607e+00
-3.628276463170075350e-01
3.069361495962589004e+00
-1.814395673254647123e+00
-3.765416870323167853e+00
6.111910879916734984e+00
-1.845068855807472818e+00
-8.320106804668619960e-02
-4.700977255751901396e+00
-1.031352018960169303e+01
1.934346606430209725e+00
1.142390201604039479e+00
2.155496610896760146e+00
-5.750168776803169512e-01
1.339666025836975916e+00
7.084299693539446885e+00
-8.551888246254051751e+00
4.582108360904561195e+00
-1.294114598185186704e+00
1.890526191429300562e+00
2.123789652519943782e+00
-1.183061844014294817e-01
-7.555210434735965208e+00
-6.438897792890166727e+00
4.892961842197974143e+00
-5.986844727998567706e+00
-3.412842149855652707e+00
-9.237559172016259978e+00
3.428246851530074024e-01
-1.910266472525375070e+00
-1.972538056841814491e+00
-6.934824498173963292e+00
3.978105053063201169e+00
-4.807341498805388191e+00
3.473434648027698746e+00
9.722421626968554165e+00
6.211067095045171627e+00
4.092535391016022039e+00
-1.541270920821990797e+00
4.835460322379983467e+00
9.436699550033689210e-01
3.427982332123774567e-01
7.666958208048122003e+00
-1.308110495681540897e+01
1.688058694891391820e+00
-6.098479177158402820e+00
-3.505014661328650361e-01
7.565742561994610871e-02
-1.941791585137568221e+00
-7.313915448278925702e+00
2.828084629515085435e+00
-4.073204019862817660e+00
2.046238002558482538e+00
-8.268973763752111239e+00
-8.234557515686384832e+00
-1.086532063891571376e+01
-4.318295163093096356e+00
-9.148140289297858274e+00
-1.503243606557449574e+01
5.020152682924031717e-01
-1.425554300083971526e+01
-1.498133985812635416e+01
-1.390326031649469662e+01
-4.465609718038296982e+00
1.373712501036443268e+00
1.374933330432685619e+00
-2.940823167686528627e+00
-3.685326019872527503e+00
6.317627187326420035e+00
-2.765980309616956845e+00
-7.329074381225372248e-01
2.111435351681736350e+00
-2.875779638569416208e-01
1.474829630349561382e+00
4.020818237625519487e+00
2.670437603627101364e+00
-1.804599376977434000e+00
1.556383162579046964e+00
7.021823789979007913e+00
-6.822865492871965643e+00
-4.641612311433742200e+00
-4.377596293176105213e+00
-3.256176068747135055e+00
-1.173711524916124294e+00
-1.357687301079820275e+00
-7.459931029008303405e+00
2.983637880543744014e+00
-6.234341974997071212e+00
1.191424116065760375e+00
5.632854184593700353e+00
-7.008986522791101237e+00
-3.161599577276226203e+00
-2.476641643766560041e-01
2.344374784984988747e+00
-1.846689642088303052e-01
-3.241139268254033645e+00
3.461582648327714562e+00
-1.069403198342601868e+01
1.636052092422698223e+00
-3.688053766256252697e+00
-3.081937462807671668e+00
-7.460343879871317085e+00
4.329198127190518441e+00
-2.838346543465679161e+00
-7.023881996116910775e-01
-1.556656378731505086e+00
2.192329568885996061e+00
-3.128998878295459640e+00
1.864080183555478110e+00
7.138245651488198007e+00
-8.874432222339072140e+00
3.075366132939444941e-01
-1.466250871563384184e+00
-2.879245619950195678e+00
-3.653957995461100783e+00
5.863234677500845038e+00
6.614729781503386086e+00
3.356227504792440364e+00
-7.470037735405623991e+00
1.453299406832737617e+00
2.985426091516285130e+00
-1.194620786738103035e+01
-3.444341812791626545e+00
1.557148576974205501e+00
-3.747600369192748104e+01
-1.195521834039496412e+01
-5.769033147122018578e-04
5.136934638815238152e+00
1.092660581430194178e+00
6.661496758830173448e+00
6.554394959700883483e+00
5.825255984282788901e+00
3.254513663729467599e+00
1.277810788479669313e+01
1.803718958215034363e+01
1.490869347807350032e+01
-6.735944888732864122e+00
-6.055140061246403471e-01
-7.885930720330270205e+00
-1.489656221889602428e+01
3.614801155685454931e-02
-6.976803328831327811e+00
1.360023819656700050e+00
-9.146418436243919814e+00
3.702104821683771974e+00
6.549654738757181960e+00
2.414767967975726570e+00
7.843944612297438113e+00
6.307500171879644846e+00
3.522469644764740337e+00
8.289396163575167620e+00
2.648675735943290199e+00
7.103320567154524312e+00
1.456805980300064007e+01
-8.795840774840192111e+00
-1.064542544439813554e+00
-9.289903150548133315e-01
-4.229821929625857457e+00
-1.202231703710928024e+00
-1.907691304846031333e+00
5.827479187197757149e+00
-7.550691946743951277e+00
-4.175027911141933501e+00
-3.001788393791114729e+00
7.143649962521429586e+00
3.422348075308732529e+00
-1.377644761056161293e+00
1.425439168150670888e+01
-6.879597297274964163e-01
-1.211141237685885663e+00
2.023979923388340296e+01
9.568198208359984136e+00
-9.503680723327045499e+00
-8.071969211577208370e+00
4.675900871677816539e+00
-1.651896458874001050e+00
-3.958687179373630016e+00
-2.790290273068898319e+00
4.143274659281059868e+00
5.965146452676441946e+00
6.970712734161997604e-02
3.524629037381485031e+00
-1.947302823154512197e+00
1.551832264048807752e-01
-4.692294056846749939e+00
-4.712433187998463779e-01
3.116674784669179576e+00
-4.190216558383872858e+00
4.337986560365935773e+00
1.345436220566277985e+00
-1.015037765318908569e+01
-2.189254666630786605e+00
-2.358306832369132078e+00
-6.347613295851194160e+00
-2.564808523439429777e+00
-6.617339266673322840e+00
-3.652738563426887741e-01
-4.253024535328132072e-01
3.098046695870912526e+00
7.488934139698113057e+00
8.095969713659293632e+00
8.269179808698563505e+00
3.989174476298577243e+00
1.595714444237488117e+01
6.244759055926815350e+00
1.451976835746912542e+01
6.854540728595881482e+00
4.854302457763397527e+00
-1.715359839559269872e+01
-2.176718343829381563e+00
9.835129296607579619e+00
4.455568074906838483e+00
4.127905849256246817e+00
2.338801756269819343e+00
-3.494130445538147001e+00
-9.920547834283810928e+00
-4.062573586917394231e+00
-1.660284636608734044e+00
-2.025542782248967999e-01
1.238498127906118462e+00
-8.401877727759378134e-01
-2.805248362382954497e+00
1.575384468291560536e+00
-3.275287012307322443e-01
1.614978022227731902e+00
-1.739583559181348271e-01
-6.349224113084465770e+00
1.885385285135031452e+00
-3.870499022551879609e+00
-9.333101759267833586e+00
6.773004994000479506e+00
-9.725213223139226315e+00
5.965236884411946328e-01
-8.319755711556364730e+00
9.594416167669882256e+00
-2.175372783052067049e+00
-1.687570744912734177e+00
5.992313546881931963e+00
-8.078919840714428702e+00
2.331959197209345191e+00
1.248791618594679242e+00
1.408663892384562910e+00
-1.072337873465144753e+00
-2.397774495565924813e+00
-8.331966938621051533e-01
1.204104853707067102e+00
-2.876726052930189237e+00
-5.236132497098641814e+00
4.614880019559835844e+00
-2.890714497505930680e+00
-5.867976827639316273e-01
-3.034901875460992660e+00
5.473318628369272867e-03
1.003737074690598918e+00
3.597682791423479465e+00
-5.004229668567528044e-01
-2.506675982779743350e+00
6.113645884248462892e+00
-3.255697078203692918e+00
2.095172818254327218e+00
-4.697327093362707373e+00
-1.033645568235170664e+01
-2.008170730179041907e+00
-5.434822345291308032e+00
3.495087345204773488e+00
-3.648270445571844434e+00
-1.612298379674938609e+00
5.917484664966646823e-01
1.076995374047690968e+00
8.765983211942564024e-01
6.662378977741540975e-01
-6.641352269846251266e-01
1.714063839408072276e+00
-3.039862285581010237e+00
-3.977453823802885591e+00
6.583732830938387792e+00
-2.695907771617067628e+00
-1.278955361822788905e+00
1.478736682802497537e-01
6.295402877527338514e-01
-1.017340334312629224e+01
-1.858099841459817325e+00
3.416667422230796336e-01
-1.064378033416716818e+01
-1.003204899975885667e+01
-1.410325119601020472e+00
-1.384711827802491513e+01
-9.722779661818957919e+00
-4.390044018204949161e+00
-1.945859488648243429e+00
3.258576673827340286e+00
1.744700883994553253e+00
-1.290492549834017177e+00
-2.116973716924146043e+00
1.197625399032104632e+00
1.626420336455230764e+00
-2.503322522632478897e+00
-5.052283585941546029e+00
-8.871322250473724358e-01
2.190265738236176318e+00
-3.785571586306138991e-01
-4.809196296809510329e+00
5.118568866048431865e+00
-1.589772154756904810e+00
1.577041604480207415e-02
-4.050147349648169026e+00
-3.636883782394380926e+00
-4.250417213808351136e+00
-1.367447054353976066e+00
-8.076782339056746807e+00
-1.357364875583526143e+01
-3.105498949493838978e-01
-5.422423563724452222e+00
-1.000334177266350189e+01
-1.520369243750976374e+01
-4.355365995725799522e+00
4.560365585288158385e+00
-6.711586616469017663e+00
4.484388542299967639e+00
-4.298027223328992896e+00
-3.095274092239765018e+00
-1.998142506297330590e+00
1.226414412787271813e+00
-8.610351887879909016e-01
1.147901271335979745e+00
-5.469742566472307388e+00
-3.940387970730591771e+00
4.384800720355132242e+00
-4.549903390130696224e+00
-2.397739941531934704e+00
-2.847752996711080620e+00
8.124731174751725904e-01
-3.546408945724597306e+00
3.704054495911480310e-02
2.561352902274192989e+00
3.643094199541383915e+00
4.997493908370562288e+00
4.409802756423050751e-01
7.334424954774056982e-01
8.484711164058555966e+00
-1.445216980255551853e+01
-3.462251456393651949e+00
-6.411532229938479155e-01
-1.312653874074821481e+01
4.141382802744230318e+00
1.423556719115433022e+00
-1.427075420059977340e+00
8.894072719799884785e-01
-7.846060508785297483e-01
4.176075155060161137e+00
-5.660752476301781577e+00
-1.045448920008566596e+00
-1.664175569908742958e+01
-3.449101012129502930e+00
3.382851342906553871e+00
-2.766758627212758448e+00
1.160636540112688797e+00
6.935106115094213930e-02
4.922723168089679358e-01
-8.752873882279385009e-01
-1.284608310442279799e-01
3.563688955571912231e+00
3.289465649078318510e+00
6.471887666937968797e-01
-3.269223735159012101e+00
6.199600842496396425e+00
-7.449462907079249518e-01
7.841971990147347249e-01
-2.583750052061649427e+00
-3.511257138317715576e+00
1.836612124416857617e+00
2.761073379027129793e+00
1.043991391447545247e+01
1.635587465577016175e+00
6.019860766894113979e+00
3.935543642960263711e+00
1.906608783653886618e+01
1.162968683223518340e+01
7.279031912064400700e+00
2.785603002614890578e+00
-4.708807598123650351e+00
8.038276216092613780e+00
6.238352289355143521e-01
-7.972243407952743777e-01
-4.967403526813163328e-01
2.680136411259280482e+00
1.359146143905552773e+00
8.602842806715047530e-01
-3.089786924420792058e+00
1.645407851870479110e+00
1.019110164691954257e+00
-1.145936469952334003e+00
-7.120817928318233792e-01
-1.006728480735883391e+00
2.730130203772263453e+00
-2.531479584844701591e+00
-1.187918937957734622e+00
-4.276444520717710418e+00
2.029010210723320995e+00
-1.492916613561315442e+00
-3.867482331396614015e+00
4.168649171600268488e+00
-4.044340488365143926e+00
1.632178593770579500e+00
-3.354861197779269055e+00
-4.954750554684306252e+00
1.108713641784157877e+00
3.277835845548800808e+00
-7.047564193457630521e-01
-5.849961082842167315e+00
1.117339498233565820e+00
3.213316498620097938e+00
-2.090835172462192304e+00
6.574627362216814319e+00
6.470221127587669763e+00
-4.848075752905381286e+00
2.223859371879700064e-01
1.945057015676153300e+00
7.088033738299480691e-01
7.593076969248470087e-01
-3.361420801661401114e+00
1.170215656088733486e-01
4.557714278995969259e+00
6.758179293960402845e+00
-1.000975726228492846e+01
1.075452394241546816e+00
2.945347148234941148e+00
-6.291788213917610673e-01
-3.239359702858269241e+00
2.357494629731909708e+00
-3.930815704546143152e+00
-8.966777330397782464e+00
2.648073474102895508e-01
-4.393772618457761681e+00
-1.978002578235551256e+00
6.911550489453677670e+00
-1.066881215331520805e+00
9.724933506004471706e-01
8.511834979722803229e-01
2.289583624592818722e+00
-5.932625832706669433e-01
-1.291953242000966950e+00
-1.297602537114616972e+01
2.530666034663759500e+00
9.839417096034111410e+00
-7.940316311611755218e+00
-1.707154162506242523e+00
7.930171543935729872e+00
-2.112502943979426107e+01
-2.052786151494243150e+00
1.742057171740822641e+00
-8.868255068675033881e-01
2.483153301725859130e+00
-1.129352399490588965e+00
-3.175264224832785143e+00
5.508620365536691210e+00
-3.619667770361123527e+00
1.894427357094415232e+00
-4.410440930640833201e+00
-7.522639571867512309e+00
-2.385360878975147703e+00
-6.849793669809748131e+00
3.258135655084509530e+00
-1.429275603596215305e+00
-6.414797960758936490e+00
-2.378290515069913180e+00
2.341665411090650295e+00
3.839140707872130243e+00
-5.453523771022136257e-01
-5.725129564103417223e+00
1.551545026176667674e+00
2.960428274105724178e+00
5.084702415297028821e-01
-2.927112884781119639e+00
1.978774327210351069e+00
-3.382232330114593122e+00
-4.229527662546120892e-01
1.484440626436807520e+00
1.474116558351835859e+00
2.009304401512768123e+00
1.349644825600247566e+00
-1.892443361499398513e+00
-2.979906430753479274e+00
2.307775881131123086e+00
-1.721841288686287497e+00
1.846298253000358658e+00
4.175055410487466645e+00
3.131334217330096481e-02
1.210669818710290224e+00
-9.007272772466325961e-01
-6.099259356092167295e+00
3.941945520969870831e+00
-2.934680528911352226e+00
-4.498561981553902633e+00
-4.031530203708173055e+00
-4.442082331432167130e+00
-1.312124898853578858e-01
2.750313491020984102e+00
-1.575228952605948418e+00
-3.689159250252191047e+00
6.167944769216901157e+00
-2.058359070970484428e+00
3.096072428075889449e-01
-1.562322221518845367e-01
-2.023039138640437273e-01
1.706076935504701408e+00
2.684273011631381767e+00
1.357166102709866928e+00
-4.169849474374191622e+00
6.960962255598588833e+00
-9.027772686828509086e-01
6.177843931990674164e+00
-6.372984744274481361e-01
8.434341460187336992e+00
7.557954044141079741e+00
1.496512501609492141e+01
1.400069827683498502e+01
9.782869693168217751e+00
1.901686190118057596e+01
1.645996821895316131e+01
1.038986673196678190e+01
1.447569892129918045e+01
1.360621242860832503e+01
9.322407320158974997e+00
-1.060833216957090208e+01
-3.136071905631472867e-01
-2.510581637117123677e+00
-3.351874729750279336e+00
-4.872567994062052321e+00
4.176974757100025748e+00
2.204508618974091672e+00
3.757259860350355751e+00
2.402957528745963689e+00
3.664868848782211419e+00
1.743813625157102087e-01
-3.431768464814541453e+00
6.754551234009306349e+00
1.259723193649050499e+00
4.462477431120382421e-01
3.745376121374691114e-01
2.374235015766286427e-01
-1.880222704348785001e+01
-4.131490968568098054e+00
6.813760603274340966e+00
5.332359186715198707e-01
-2.129983618914697452e+00
1.413029650146987004e+00
2.987173333881510295e+00
2.471516517243799615e+00
1.456701275118977179e+00
4.742110755225646956e-01
9.973951504573743687e-01
2.338502588588348807e+00
-1.839280262627665419e+00
-8.376848348123898669e-01
5.553737535086802346e+00
-1.245375732754735942e+01
4.597201393863763030e+00
-1.432246122851495995e+00
4.757983237861426185e-01
2.850115541758365456e+00
5.899345464974464770e-01
-2.858303913592502354e+00
6.846939250283374356e+00
2.198140118418748790e-01
-1.342771410118094977e+00
-1.155603236720982169e-01
2.648729017068661040e+00
7.298716324900414998e-01
-3.872377705265432901e+00
3.453249039586760993e+00
-3.692468095474359946e-01
1.070516187992568646e+00
4.387037541495191206e+00
-7.430686168922617796e+00
4.290162649223733027e+00
-1.529610699456109391e+00
7.778895779800704124e-01
1.857166358873689971e+00
-1.912817609795379958e+00
-2.791384337829809770e+00
7.146648476434821262e+00
-2.643785138724717765e+00
-5.631746423936608847e-01
4.243652339442554933e+00
5.333991449366632942e+00
3.894075848879438251e+00
-4.136360720813986092e+00
5.819561922814381560e+00
-1.131387641705803082e+00
-2.133943663034926441e+00
-1.321383559042071054e+00
2.376381363660551749e+00
2.020546841497113277e+00
1.201439108491897167e+00
1.278963323994954493e+01
-6.741086274899237729e+00
4.822279368768020547e+00
9.626870741485883398e-01
1.364613943994517520e+00
-1.151250412755542740e+00
-3.801133192305276687e+00
-8.888129214292590063e+00
-1.484939881882958890e+00
8.721114155656392697e+00
-4.253575397737809460e+00
3.288646383773015103e+00
-4.054675623506410531e+00
-2.351191983256342433e-01
-2.170595758263781594e+00
2.457835645857943341e+00
-1.208132041241663401e+00
2.176022644626667724e+00
4.722171929607907881e-01
-6.358957367945119454e-01
2.836592592201623297e-01
-1.534471228073216009e+00
7.644546592155113673e-01
-6.246585687996812020e+00
-8.424243554069844597e-01
7.619996483414739785e+00
1.225951652932775993e+01
-3.810085081354259717e+00
1.287139703928318113e+00
5.595853981934023613e-01
-2.665270936607268659e+00
-3.918059982295087451e+00
4.918858930024276321e-01
1.224050874720397752e+00
-7.442585691768447420e-01
5.925832348541694827e+00
2.225026088086098142e+00
-5.190207251668899069e+00
6.628767597068437212e+00
1.792034376952609254e+00
-1.574354581948650855e+00
1.598684507731626070e+00
-1.494429391128144990e+00
-3.535953316948708292e+00
-3.096102442969806412e-01
6.778587071978090517e-01
3.368974869946625539e+00
7.719496152986444759e-01
-4.163322526391823430e+00
6.272272031331635134e+00
-1.016736420844222138e-01
-3.184407138174271346e+00
-2.606008976587375514e+00
-2.001514159281395089e-01
-3.312466276546519039e-01
3.417191736511497324e-01
-2.666451033242654756e+00
-4.931165044103215322e+00
4.553825518384880588e+00
-3.176394835784371207e+00
-1.040826536417181064e-02
-1.404515904286321337e+00
6.506068049304313261e-01
-8.748226167566506284e-01
1.052198183242683660e+00
1.949948372359557869e+00
-2.524767711117868463e-01
-2.107524194553895391e+00
2.499425795407739237e+00
-1.296891886502253621e+00
2.786180311220966654e+00
4.252413685412403055e+00
-3.384956968965493473e+00
4.196440238496069064e+00
2.171040353779177146e+00
-8.219536266810398839e-01
2.584644412976948649e-02
-3.088435406562397012e-01
3.949205064595390891e+00
-3.334630646244604257e+00
5.488939118676658069e+00
1.545678920570797255e+00
-5.224980957625740885e+00
3.914598137092164531e+00
-6.705320304311893631e-01
-4.724634301560932670e+00
-1.201691024206245073e+00
2.153119660173505034e-01
-1.666335052236411318e+00
8.153876598359778294e-01
2.040983537125516722e+00
5.158665384625076289e-01
2.159076153769770856e-01
-3.299073577366492760e+00
-5.005587249983998177e+00
1.749198864216467530e+00
-2.117680629434317119e+00
2.616964507574850440e+00
7.908754628290381561e+00
-3.346292661127444057e-01
1.646569540759429406e+00
-4.103802905883761620e-01
-2.926804188311667332e+00
7.324334199226761655e+00
4.406118814712492449e-01
-2.208490681274181799e+00
2.621511139532441081e+00
4.364327670947078630e+00
-2.035968550972324209e+00
-4.971368347453871017e+00
1.992496803333098754e+00
-3.235742289804488969e+00
-6.260271714498327755e-01
2.879417643161147122e+00
-3.915088877340621720e-01
3.285867823272614618e+00
3.562832780310401404e+00
-4.097100609561923790e+00
-1.370024338025766841e+00
7.351674370983800610e-01
-2.082480783149850190e+00
-4.918971596581891426e+00
-1.548596237949375398e+00
-4.782197287566804178e+00
-9.070099303822763304e+00
8.617348971356106446e+00
5.650288712185712825e+00
-1.887362603718468756e+00
7.473700985998319446e+00
-1.270671063692270453e+00
-9.573189826355239795e-02
-9.716502110695035554e-01
3.350989923236554535e+00
-3.579225122656582769e+00
1.971041667142088727e+00
-2.614281442102857511e+00
1.500229967655718699e+00
-2.608675807550467241e+00
-5.582017951645069864e+00
4.835197237683814819e+00
-1.511287239793608572e+00
7.865808323608751707e-01
3.043545535644164080e+00
2.629455712639282350e+00
7.398307206890234466e-01
6.842186016579117513e+00
3.008615873439107524e+00
-1.827102888009939363e+00
6.974315659772707399e+00
9.957177206388825308e-01
2.073966474030474849e+00
6.349699743177080080e+00
8.924566684039630715e+00
-7.677777445027055947e+00
3.600921728810665190e+00
1.740697767177299848e+00
-1.247355547020340349e+00
1.741940120080929022e+00
-1.379521742250766181e+00
5.343024098321436099e+00
-1.802299873815300879e+00
9.580331279565807989e+00
-8.589781213171792107e-01
1.771053336187892402e+00
-1.945413352063893431e+00
-3.017652401543591267e+00
6.589527248759840639e+00
-3.399513038369862628e+00
-7.329995594309354212e-01
4.736527488749922021e+00
7.998608136557995074e+00
-2.639843546315198797e+00
2.515438641245150819e+00
-2.003708754992260754e+00
-3.686171749284258947e+00
5.832482595612063392e+00
-3.094995179050203049e+00
1.189273984512946747e+00
-1.881887534855042787e+00
3.677642947283815023e+00
4.371896761248803109e+00
-1.040105316821452242e+01
2.164330501916936558e-02
-2.622339931343691699e+00
-2.733539253848590977e+00
-3.663073188523731094e+00
5.738230577962399437e+00
4.207863357528494053e-01
5.384865061414189746e+00
4.536557097735592903e-01
2.562080991096079785e+00
-8.378425111469859354e-01
-4.157190224062307315e+00
6.513478142352914446e+00
6.345788269866152465e-02
6.469448380972719903e-01
3.746513356164682396e+00
5.657025147768488971e+00
1.360553640194642533e+00
3.640228655279866832e-01
2.080136445155924996e+00
2.967176190388930435e-01
-1.352531998721520301e+00
1.996986649012562065e+00
4.048115461744015708e-01
-9.674296115056190137e-01
9.625233135080708990e+00
1.353782376102206619e+01
-6.966030955829507043e+00
5.604296449103634004e+00
-1.856632494881424178e-01
3.165806459603273115e-01
-3.601537733706303701e-01
3.007133954249202379e+00
-9.541199944802768451e-01
1.978836256210590783e+00
1.362991846849760158e+01
-7.729200645510631240e+00
4.007764729871540865e+00
-1.965121686851283966e+00
-2.224853482084400369e+00
5.271855611261786478e-01
4.526620156873903511e+00
2.774631640052809267e+00
7.018640727262679846e+00
-1.882349821154636516e+01
-5.777567134992295017e+00
-5.132458855762528360e-01
-4.817502085541948809e+00
-1.317016357255992975e+00
3.521259442839257403e+00
-1.144868731079033974e+00
4.783479863282901867e+00
7.827728687761194237e+00
6.084114290940076941e+00
-4.440565027330071857e+00
5.805342512899773766e+00
2.192658246781775400e-01
4.869103342063568762e-02
-4.349720316952556676e-01
-9.333709329528552257e-01
-1.003499633217853404e+00
3.914337219643337029e+00
-1.464069978522229309e+00
1.809223438029347486e+00
-2.102960739492173214e+00
-5.256089316204712425e+00
5.383089349637756094e+00
-2.480057062772232701e+00
2.273906567037546622e-01
4.762511412161170909e+00
7.441147246847608088e+00
-5.128787855078073221e+00
8.868293071763112545e-01
-2.372555816271707307e+00
-4.611409845746405445e+00
4.664309149635867513e+00
-2.553826655774574572e+00
-1.118569592989631545e+00
4.840261789324781461e+00
1.397533812741582793e+01
1.079837283619383914e+00
-8.318608025269076833e+00
5.979103203253393950e+00
-3.412613629702809237e-01
-1.736912217710450346e+00
-3.176406725253059449e+00
-1.316065612727919998e+00
-2.396850165793406262e+00
4.376371633618396650e+00
2.543304182731314533e+00
6.203848486430789677e+00
3.101392094124935994e+00
-6.345309260424364384e-01
7.384412703777752718e+00
-2.859648438521670055e+00
6.948399381282199805e-01
7.356362137289876202e+00
1.139561604722525345e+01
-1.204395862233237635e-01
1.869968011462911139e+00
-3.458603029058230138e+00
-4.401801851524565379e+00
6.846459965341172627e+00
-3.314710007832256888e+00
5.295599682563110859e-03
5.767731732724332261e+00
6.986224189852064725e+00
2.299646137732794943e-02
2.610423263560271767e+00
-9.443997794809394497e-01
-2.500573427129572313e+00
6.424145784087601285e+00
-2.364942757566906195e+00
5.538237365403045898e-01
5.265662341151577941e+00
1.035719436490214918e+01
-2.482525982131585263e+00
-2.055826375283367646e+00
1.175666752828991468e+00
-4.121968219704510439e+00
-9.920530726425185186e-01
3.751337964503512534e+00
-3.734361135008346544e+00
1.806593543875346652e+00
7.592127762969986815e-01
8.138135649844322472e+00
-7.750832586368161081e+00
3.136622561124853270e+00
-2.471613591243241981e+00
-7.832895520384762778e-01
-2.973044504971056323e+00
1.363559736365503205e+00
-2.677955822530102115e+00
-2.035479305909574599e+00
-1.790196376280813073e+00
-1.091786940292794439e+00
2.357245239385587610e+00
4.957207880336307326e-01
-2.708358105678236427e+00
2.876709973155886946e+00
-7.051652807094791697e+00
-6.903384868987431311e+00
2.320421823327118549e+00
4.934288046705829878e+00
-1.207997108144025766e+01
1.783846780984850444e-01
-2.249724480447785169e+00
-3.381751564539384969e+00
-7.136541399306744360e+00
-5.480237861588542536e+00
-1.360595556548610219e+01
-1.155788865846313485e+01
-2.385652209830608772e+00
-3.426547289098103022e+00
-9.035957887874021210e+00
-1.388641005968212205e+01
1.213770647794228941e+00
-9.000336318541718228e+00
1.148611484566563057e+01
2.493669538766967619e+01
1.639016790050178329e+01
1.516047211519751636e+00
1.171386617842774092e+00
-9.507099008067569912e-01
-6.481260756312424043e+00
2.795547195678434349e+00
-2.169834163927515824e+00
-3.108395258836254005e+00
8.280096712318108843e+00
1.017298349284545544e+01
-7.456057538934713902e-01
-3.653465516988660955e+00
7.372787788163575051e+00
-6.537818908946656515e-01
7.379961601193484322e-01
-4.506391319755551628e+00
4.937922202495448332e+00
-2.825466381235636426e+00
9.382347492327622329e-02
8.276780316308183671e+00
7.263562227951657624e-01
4.638690494050837110e+00
1.123622886906615603e+00
-8.619215016326012835e-01
6.005662421410749907e+00
-1.621220397328124729e-01
-2.918829512752522781e+00
-1.141766151108798144e-01
3.148487732503304493e+00
-5.280229265662750748e+00
-8.681378388671005197e+00
-1.580490046303228624e+01
-8.215089747067823467e+00
-1.761462391222841362e+01
1.685185761193880438e+01
2.176469158778766300e+01
1.031691105871302305e+01
1.078952495531783962e+00
8.799220142041285220e-01
-6.239171724012548825e-01
-4.540757152265037178e+00
5.340973358584494513e+00
1.157092035101148442e+00
-3.433831666168253971e+00
-4.687043062925630110e+00
-4.148776571332096985e+00
1.698289630929195226e+01
-8.631480015416107321e+00
1.360905633207642573e+00
-1.494871749130115557e+00
-3.325173593702025254e+00
1.050445981066087553e+00
8.568330591932157958e+00
2.620487070839278676e+00
-8.225582013121539582e-01
-5.973558554231522599e+00
-9.497607269716619172e-01
2.588790276009287794e+00
-7.552390481726414251e+00
-4.994932218423961068e+00
-4.020074396316757337e+00
1.638522120512369540e+01
1.124969580815013792e+01
1.113718743364222163e+01
-6.066558036405129251e+00
2.043547694857034802e+00
2.455058870486592770e+00
-5.971678515275871124e-01
-2.532834638731160215e+00
1.301035255417496206e+00
-2.948726204544219742e-01
-1.961853622470463687e+00
9.918771401380608310e-01
6.661349003320125028e+00
-1.583203221672785155e+00
-1.379761807836312970e+00
-2.797487159480267049e+00
-2.572991414663195364e+00
4.531111330075628274e+00
-9.780305690322464329e+00
-2.273845613114508224e-01
-2.171718661173693832e-01
7.330508986218991829e+00
-5.650857283672424458e+00
5.785394368191208336e+00
-6.516026647115026327e-01
1.223029533041501749e+00
-4.192390760495083413e+00
3.848086814373005815e+00
-4.113607573522159555e+00
-2.899173696434688363e+00
1.713420435106379092e+00
-7.023430246732700333e-01
-4.067992216504959929e-02
-4.128113462376269638e+00
8.983239656226560399e+00
-9.902938763591470073e-01
-5.717422651104312692e+00
-1.046688388070165399e+00
4.826797594464293795e+00
2.713175675103319584e+00
-3.600662080899506567e-01
2.279211325861971449e-01
-1.491722362612134756e+00
-2.921092787143013680e+00
1.104619903410757553e+00
2.679290245211315979e-01
-3.249699521268684332e+00
2.810617651827806984e+00
4.476039966613973853e+00
-7.895993428633082623e+00
3.943939354527925989e+00
-1.796435385805027041e+00
-7.430207922195185277e-02
-4.611651731410366661e-01
1.695860892169010370e+00
-4.862115976125473416e-01
-3.491788554387788235e+00
-8.864884180946724257e+00
-1.431449762839917206e+00
1.389829637644777183e+00
-2.698578788588013921e+00
9.918342161432813775e-01
3.384247401902353403e+00
-3.782570037559091158e+00
2.593879642049165213e+00
4.200420283890967110e-01
-4.384916090444010983e+00
-9.451577538577476290e+00
1.724508075755177394e+00
-3.204420840736930565e+00
-1.303121731329738964e+00
-8.495106436507262604e-01
7.232352488127863355e-01
-5.680168819549217263e-01
1.094164368218306205e+00
-7.149637616337104262e+00
3.714030696175247281e-01
-7.234096101192462491e+00
-1.338285854446928980e+01
7.521699266943480566e+00
-1.104698305279823245e+01
-1.055906814238723435e+01
1.411057219125055440e+01
1.584445926709569719e+01
3.963385541935410483e+00
4.104961778210692303e-01
-3.609957874162863511e+00
-3.425181453090016426e+00
7.103140956878279511e+00
-1.341608624449190268e+00
-8.584260892417419075e-01
-9.308509396528771851e-02
-3.631478654829870312e+00
1.075789928651558292e+01
1.202942796849428753e+01
9.773422683241717479e+00
6.871951472615777767e+00
2.392299589840448348e+01
5.181754921582128581e+00
3.623821175960558971e+00
2.106933955610095666e+01
1.675610561971343415e+01
1.786425513104761553e-01
1.326718315468803588e+00
-2.641704888511199112e+00
-4.481500869071836313e+00
6.404442724208092130e+00
-3.915322856562020171e+00
-1.384513860239663163e+00
-4.590450004579414434e-01
-1.578771044775564292e+00
7.601178198893034921e-01
-4.282034823301087201e+00
-8.838921019140864033e+00
-1.580389440669660495e+01
-2.689240189647021051e+00
-1.144192470375168114e+01
1.201644008796852425e+01
7.710838130034215254e+00
5.354411970115113384e+00
-1.321563567816518692e+01
-2.921306590971465944e+00
-7.763352180266051006e-01
-1.872810329045383249e+00
2.361485393365176044e+00
-5.641539191299256295e+00
-2.466823561617304872e+00
-4.614907023927374397e+00
-2.927186466800882236e+00
9.585003212836523678e-01
5.208350968683120863e-01
-1.947866737252435643e+00
-3.225253722395116984e+00
5.644524047324710025e+00
-2.009854091988526381e+00
-1.496870693270471175e+00
-5.280017085822534817e+00
-4.131223526595615425e+00
-3.216805151527475370e+00
-1.063427156671112872e+00
3.287348191541387354e+00
2.505360983612397785e+00
6.805633844986855863e+00
-1.081667265390819477e+00
-1.807202028365810564e+00
-5.719277222567810348e+00
-2.957830761783807993e+00
-1.662651028880464121e+00
1.617501515780025156e-01
3.113137922778210775e+00
3.181760057076489012e+00
3.099135376846898104e+00
5.506207747238905270e+00
-9.758039370298709159e+00
-7.861630446289551877e+00
-2.860149741273913637e+00
-3.405678147863646643e+00
1.366733848604358537e+00
7.989602683489629431e-01
-5.808945261757259004e-01
-2.982362738112336736e-02
-2.258294315802578556e+00
2.514037830986403321e+00
2.977685647899618537e+00
3.641407211075547767e+00
3.647716581830663607e+00
4.920603478578915002e+00
2.212160578706104275e+00
-2.241852276338379468e+00
6.148974458316634362e+00
1.173935792432523773e+00
9.751987022249395398e-01
6.894503937918156744e+00
4.151486016658510358e+00
6.285073829051734506e+00
5.071129038968238412e+00
-2.959758199657267497e-01
-8.064182347501443360e+00
7.209757877176516949e+00
-6.152897956606721230e+00
-5.270029466827924614e-02
8.873396824133500616e+00
1.015421867320245930e+01
-4.494166137295463881e-01
3.355520037471295125e-01
-2.223999935284867391e+00
-4.580357103858392342e+00
4.067667640954786279e+00
-2.863008829107353659e+00
-1.594367117927423250e+00
4.753507761779848906e+00
1.371144883543121251e+00
-2.317781671867063728e-02
1.667665876844676154e+00
2.968759425087973192e+00
1.062844366476028091e+00
-1.931415345856995813e+00
4.930357677188445642e+00
-1.461225575096956497e+00
-1.026003671052071686e+00
7.662572962401558163e-01
8.721400182679252266e-02
-2.212772684001937384e-01
9.785455378733596277e-01
-2.010671919952112141e+00
-4.477245519470381296e+00
2.509253649461425373e-01
1.548001586763823045e+00
2.520139072027705929e+00
5.428233197463779858e-01
6.189957209270352756e+00
2.522526466750871332e+00
3.172377874359471495e+00
-1.295584089878948075e-01
-1.747436736387877776e+00
3.514944602955047959e+00
-2.225374337376278877e+00
-1.979104617612441164e+00
-8.702796870481264158e-01
-1.468542881543505985e+00
-4.778986676031006242e-01
-2.736658979067498443e+00
-8.355390521710889473e+00
3.696233072969582700e+00
-3.671610623699067766e+00
5.708874083796078303e-01
-8.312813862752159721e+00
-2.332038148974259428e+00
3.817086228739656750e+00
2.474883956203063118e+00
-4.803749182416514607e-01
-2.384280939500663443e+00
5.944294687859609461e+00
-2.054826265539802854e+00
2.326531441438204895e-01
-6.246710490608692323e-01
1.006802477677101598e-01
-2.076601822302503120e+00
5.417275617467022242e-01
-2.975547661405615774e+00
-4.843234638082366317e+00
6.019872925171731559e+00
-3.993748644039582185e+00
-1.542063595725091663e+00
-1.093520316900872480e+00
-1.785184903530838918e+00
-2.536818221004936902e+01
-9.976074844878768388e+00
-1.368749896545269129e+00
-1.189784421206238996e+01
-4.824638777445359850e+00
-1.318171064755532562e+01
1.453989474647044422e-01
-3.244332009645166437e+00
-2.845015149562617029e+00
1.258971154454325170e+00
-5.598841958334363156e+00
5.042080371494432001e+00
-2.548315070374054248e+00
-5.609752785140250664e-01
-3.485017917860183889e+00
-4.835925338674760265e-01
-3.256244685240498260e+00
-1.469535345357728451e+00
-2.353371517043373107e+00
1.732298581513890712e+00
-4.672841797900278427e-01
-3.688514906764315704e+00
6.992182286052332607e+00
-1.867854134093881013e+00
-5.393693295720348724e-01
-2.522805926145669453e+00
1.146403094445488602e+00
2.774334282360754411e+00
5.472305038322318183e+00
-3.797343981099976506e+00
-1.004261320676345548e+01
1.245460928859860061e+01
-6.449069152477392208e+00
-3.166365863321359608e+00
8.681876859234002097e+00
5.682856623393005790e+00
2.627696536655415471e+00
-1.020737713746283637e+00
-6.330655424533023767e-01
-1.563640849170629954e+00
-3.079301319379286639e+00
3.688730264270560499e-01
-1.985086097547520190e+00
3.001815596730513125e+00
-1.032399923169314837e+00
-2.404483727573206497e+00
8.892525267913561349e-01
-1.672978116111217606e+00
-7.886869097950628849e+00
1.266030475094561403e-01
-4.253657468570273714e+00
-4.516310467797208794e+00
6.058287870305413270e-01
-8.442710362368308630e-01
3.891872446474133884e-01
4.187846532126943799e+00
-6.704016093824493039e-01
-2.707752351303114757e+00
4.583011999280570237e+00
-3.489833982262924295e+00
2.742941613612942309e+00
2.981340143667289055e+00
-8.431331692855623672e-01
1.684064616874585951e+01
-1.397053278105904739e-01
7.702738313856141161e+00
7.939635289521556949e+00
7.208063425427359228e+00
9.990796809880498230e+00
-3.038428735853390794e+00
-3.215162322628469571e+00
2.270499146995200723e-01
7.931506530895017448e+00
-8.870988387729267899e+00
6.305728899636839913e+00
1.290365976358476940e+00
9.046532131136226784e-01
1.481485595217093776e+00
-4.266529903966496673e-01
-8.569493085435868629e-01
-2.749318407407144033e-02
2.018768077915945014e+01
-9.438693767347896113e+00
1.811352454185795935e+00
-2.986540540133258315e+00
-1.520524602992021412e+00
-1.808790658834061649e+00
-1.815751536838907387e-01
-7.913280516301489653e-01
5.283497208001626255e-01
8.534541435232517737e-01
2.550321377686954882e+00
5.225391801031583627e-01
-3.147187203065265226e+00
5.584229445451522444e+00
4.263189917705818149e-02
2.679168406616603271e-01
5.726388747073925423e+00
5.425795790551712905e-01
1.847334518861530661e+00
3.379468834068968697e+00
4.236531150806023938e+00
6.473743891059144939e-01
9.840713950914709018e-01
1.662210853621893580e+00
8.874518157870880941e+00
-2.497331133068754483e-01
-3.579817905927191735e+00
4.118115145983718861e+00
8.079961232443876318e-01
3.630725656115837197e+00
2.704422093858638299e+00
-3.831878448829877104e-02
2.965452929527181425e+00
-2.984202184644228484e-01
4.093836306542841363e+00
-2.925285490175904002e+00
-1.253444147818664334e+01
7.627004076869623450e-01
1.444725826657021095e+00
2.571281560053412241e-01
8.692246528769432823e-01
-3.004191269119163565e-01
4.058633202144381613e+00
-6.552282966558752086e+00
-2.130848959459971326e+00
5.581397702650240156e+00
5.711120506783183837e-01
4.028085975746867220e+00
1.686760267043756256e+00
-1.846528348198227754e+00
2.598622098814960424e+00
1.788542553924745149e-01
-5.029837497425831749e+00
-3.338345411659790596e+00
-2.933232208908506777e+00
5.417893906309204644e-01
1.713992296466411824e+00
-3.973335108769148860e+00
5.733784853886161770e+00
-3.052248082063871770e+00
-6.605807607857681951e+00
6.562759580269305060e-01
-5.243558661893437112e-01
-2.666220589328123669e+00
3.631332868970751915e-01
1.359664978712879502e-01
-2.285398993700877845e-01
1.396698666668134470e+00
-3.489719871016821795e+00
1.912969096331516239e+00
4.951852910479912495e-01
-1.014722563865091631e+00
-7.592175282582005025e+00
-1.587034811435254822e+00
-2.704321138274685676e-01
-1.445415220023114955e+00
-3.151566040518950285e+00
-1.668000373275406178e-01
1.959981659456708103e+00
-4.986130191674335244e+00
-7.537424145436748546e-01
-4.121412446301433441e-01
5.183622259645050967e+00
9.849953060408422445e+00
-6.209192123129786189e+00
3.723853418404581728e+00
1.631542964488455594e+00
2.485198312739802518e+00
-3.488373342617387074e+00
4.477205404706993797e+00
7.452676650401775404e+00
-9.848702183594454596e+00
-7.873403893472474824e-02
-2.759609840563920002e+00
-4.438785226493325631e+00
3.432097577411026834e-01
1.567727454659931130e+00
8.002013738805550114e-01
-4.898886217630840534e+00
6.291610888240474431e+00
-5.384827903448681674e+00
7.744395220461910867e+00
3.026714191568211643e+00
2.917287107544025204e+00
2.558961307349513437e+00
3.785413416672521958e+00
3.144099739171148933e+00
-5.208342997764854598e-02
-3.878604522638732455e+00
9.897056680823201891e-01
-2.444937156944648471e-01
-5.961527188327611082e-01
2.340241950642980573e+00
-1.742580880019210632e+00
3.177818849327487705e+00
-1.237937858775312178e-01
-2.664143367656377492e+00
1.902130926867387828e+00
2.503369617564807470e+00
-2.358480864335447347e+00
-3.101260832076832674e+00
8.132614610834496105e+00
-2.726273271793316688e+00
-7.008111280222556472e-01
-1.592052913742561859e+00
-2.601946744793901534e-01
-4.722362514776213160e+00
2.516380977381917905e+00
3.712991581143449515e+00
1.443110778491737411e+00
1.267566693344650552e+00
2.817419571268416689e+00
5.825501798608914150e+00
-2.864359151159797001e+00
-8.444677256705881985e-02
-6.448224009599946349e+00
-2.257954419611692742e+00
5.911942917357126959e+00
-2.356381033320205987e+00
-3.812212483208979319e-01
-1.839851552809507185e+00
2.885052671368004251e+00
9.709663110985246037e-01
8.738149101051279066e-01
7.432889955594186304e+00
-5.034672891839397479e+00
6.441117436828244891e+00
1.856900016047243265e-03
2.453650252290026312e+00
-2.769235197736407805e+00
4.186915171881521402e+00
-1.477309874289408853e+00
-2.865463270613489044e+00
2.758451053269686426e+01
4.492540112114110862e+00
1.112781040310212255e+01
8.414666232121572165e+00
1.134403137080520096e+01
7.211125420213323700e+00
1.754718854845822129e+00
-4.631461346088615372e+00
-5.324728384248187396e+00
-4.506446066025665687e+01
5.546725828047547324e+00
1.244556818244704033e+01
-2.666198941105602849e+00
6.419705819103748823e+00
5.180311275392886827e+00
2.365008502211087826e+00
-3.566762762825127275e+00
2.613692685834285712e+00
7.074036005885497858e+00
3.140175427658538521e+00
1.001158858154768794e+01
7.920626254029656366e+00
8.049155300055032214e+00
5.408021951190891130e+00
2.498747946244695706e-01
2.043974660252619313e-01
2.335613085514703702e+00
4.637087997498940517e+00
-3.222980411091398878e+00
3.028243526792120832e+00
-1.219194010919349536e+00
2.052523686610420839e+00
2.119020064771603984e+00
-3.408594397202637793e-01
-1.588459337018939543e-02
-3.548025632285472408e+00
-6.459699021802546959e+00
-9.125493302482006186e+00
3.899539736940192736e+00
-3.507814239822776514e+00
-2.596765205630627182e+00
-5.463140726429192462e+00
-1.765832910688955426e+00
-4.888284822027745835e-01
2.697147968038488552e-01
-6.294999275351845114e+00
-3.993313268624069767e+00
-3.558271563363953671e+00
-9.309659510230137158e+00
2.942859249446360348e+00
-9.220141574484587821e+00
2.627223606939713907e+00
-3.629906126638127617e+00
-1.518334695358138253e+00
-1.488175056337252000e+00
4.873556754817924830e-01
-7.266915520237089421e-01
-3.261796793386579019e+00
6.485369933027779865e+00
5.765817171272916708e-01
-6.125298179553254618e-01
-5.029197825834156532e+00
-7.462934875287677627e+00
8.442510272467401933e+00
-2.985528400039563213e+00
8.159534691152122932e+00
3.969771342342007792e+00
3.663457670241269781e+00
3.999514482677358096e+00
4.408358653199347721e+00
4.215229548891520572e+00
-7.404225438962867833e-02
9.443411390493755775e+00
1.046734934865542144e+01
1.522510034825854675e+01
1.430739932730925013e+01
1.793801140636510638e+01
1.484277290560036100e+01
-5.694701248919222358e+00
-9.954929556014590730e+00
-5.378718601940049915e+00
-3.407173344739349852e-01
2.774440344559701455e+00
-1.566279880901143562e+00
-3.180895297043743852e+00
5.720821563924049613e+00
-1.912833557012456609e+00
4.020576162789953334e-01
3.256736377104890945e+00
1.524580775038398839e-01
1.300497734511097647e+01
-6.685772718460012420e-01
8.514443222528990107e-01
-3.055227199831389129e+00
5.114674367503261321e-01
3.227418790513731928e+00
-3.822569658212616961e+00
2.861815112845017328e+00
-1.805206251564216657e+00
-8.442578328614665395e+00
3.420368916123000869e+00
2.984217025451112892e+00
1.758393533855263369e-01
3.468508079198327376e+00
-1.645729747537296950e+00
4.721554938478348618e+00
8.713618239894881157e+00
-6.508458572211384130e-01
-4.868455839685169373e+00
-2.582695212942235363e-01
-2.398517521532986141e+00
-7.193381560804763986e+00
6.402840198194027721e+00
-5.568026147162339790e+00
3.114432679753206923e+00
3.635657737455742833e+00
-4.926623734404554256e+00
8.659109867432852603e-01
1.991314578115893852e+00
7.223120725798470865e-02
-5.179029243627719659e+00
6.559383626930830324e+00
3.583325392459033032e-01
5.510920320071774903e+00
-9.879118457057584068e-01
-1.373017488550518195e+00
-5.373645719791723785e+00
-8.061476986179309634e+00
-4.799403397205632693e+00
-3.639732242765359338e+00
-2.701140806365808444e+00
-4.293719282480101818e+00
-5.908528734594627352e+00
-6.398431902302751162e+00
-8.605206344712495792e+00
-9.998772517775847746e+00
3.211160980315969304e+00
-3.384357527651580266e-01
-1.447427757047096897e+01
-6.755584392690528794e+00
-1.135050390566059875e+01
1.839528020999977809e+00
-9.284883364735389000e-01
-8.633558028958584485e-01
1.186946985895969808e+00
-8.328943268841635827e+00
-5.268220505745149218e-01
-1.511503458665554023e+00
-1.453491297571854357e+00
3.006478699319132808e+00
-4.006574441183563096e+00
-1.706360561318231772e+00
-2.061184298086391475e+00
1.063678602322654854e+01
1.082035478948498941e+01
1.235830524435032096e+01
7.302014059158601356e+00
2.323911596225159215e+01
6.640229055418711113e+00
-4.210563294152558811e+00
-9.336877644601189630e+00
-5.135281839357678457e+00
6.448235065879362793e+00
-1.265535053513976926e+01
-1.098949209170489771e+00
-4.678388806286244872e+00
-5.083384156086590444e+00
-3.311867778234613535e+00
-2.019438110410592735e+00
6.828183781611345537e-01
-5.964880034447200829e-01
5.864241232497083844e-01
3.214895782750362696e-01
-4.074884570806579731e+00
-4.484328213455239798e+00
7.105388130039865580e+00
-2.222471123079988953e+00
-1.060753232475465602e+00
-2.716366096021758381e+00
5.510061628217316487e-01
-1.022346976301556909e+00
-3.022864698325719690e+00
-5.135712837911544426e+00
-1.126082642267574485e+01
1.529066205396882205e+00
-5.064159418116463307e+00
2.373531081128891440e+00
-6.091967182342148845e+00
-1.054873845840014868e+00
-3.398548066445922444e+00
-7.447089871329874988e-01
3.244717665695678654e+00
-1.055965215082254050e+00
2.089121485478527607e+00
4.934424492133794971e+00
-2.786374189915346022e+00
-1.477868054494706707e+00
-7.960421577081854272e-01
8.592838051056187254e+00
-1.373846811913363553e+00
8.533552148941740967e-01
-4.194343831739484330e+00
6.581143530164102806e+00
-3.073510242572603079e+00
1.866501123521908667e+00
-5.829867146345092621e+00
-3.468404930071642855e+00
-5.100690924365729878e-02
-5.227366828991006464e+00
6.751296068611293499e+00
-2.905453971016890291e-01
-5.450945845482734198e-01
-2.691951381777621943e+00
2.195506964490396840e+00
1.587171843461655962e+00
1.276325094838898666e+00
1.210072810603666005e+00
2.169467294767318588e+00
2.802412053032649286e+00
2.625706314647880402e-01
-3.490645815937951871e-03
-1.137089477165196483e+00
3.776412383686658103e+00
6.301234401418300379e+00
1.224618985240418123e+00
-1.125808756242532738e+00
-5.639247846036107070e+00
1.260405996010295793e+00
-1.321576865759503949e+00
1.413747513613396789e+00
2.591445424496840566e+00
5.767441327636062542e-01
3.807995397113376868e+00
-3.936252302431056949e-01
-1.391134798126921979e+01
-4.566007243458542142e+00
7.887275514295997603e+00
3.383854101179323504e+00
3.447757328295570023e+00
-1.186564040665339492e+00
1.284559865285046065e+00
-7.257905567694673543e-01
-2.408980246139755366e+00
-1.474531758563359718e+00
-5.444206934476734538e+00
5.403781840870905739e+00
1.640195997615406520e-01
2.053794131156618352e+00
1.099575634978400718e+00
-2.925786143884338553e-01
-4.374558483700489164e-01
-2.731867242972109810e+00
1.443889621140052926e+00
-5.353960608715588876e+00
-8.917839592898683110e-01
-1.347973367579231141e+00
-2.811124867456230803e+00
5.005214628539453869e+00
-7.160723272124212890e+00
-3.970901316647570845e+00
-3.466510074193040136e+00
-3.815431716160880282e-01
-6.367928692812879099e+00
6.579689967262022599e+00
1.029768022844448794e+00
-8.250990172873435835e-01
-6.571908056906175521e-02
-2.190084020771007278e+00
1.106497870447189502e+00
7.692930789108083367e-01
-2.309608993172755476e+00
-1.230954358302881246e+01
9.369511771865610683e-01
-4.384429739790853375e+00
-5.209282391596720352e+00
-5.036388901747201885e+00
-6.382210137578380182e-01
1.962811424512869607e+00
1.240805250640380608e+00
1.312426906774652124e+00
3.241287300649833281e+00
-8.609293308575697301e-01
-2.489906023896462983e+00
4.814872966214446492e+00
-2.046716095048974893e+00
1.585417004411825648e+00
-7.946156419940467730e-01
-3.378200897584435203e-01
4.779164973795305138e-01
5.531461306635966357e-01
-1.512931418003047979e+00
-6.410885166572763971e+00
3.529279367771314124e+00
1.380103915165633355e+00
3.704562954147051279e+00
-2.545028653041314204e+00
-6.472104343657508529e+00
-4.584001466212446196e+00
1.180686277573256282e+00
-5.633229939929289998e+00
-1.267046073596391409e+01
8.213861467496338165e+00
-4.066383611505418827e+00
-3.317416811948324717e+00
-1.875712455309531457e+00
-7.078853954243386148e+00
1.008654376936507724e+00
4.108408313138112611e+00
-5.140019691811678615e-02
-2.765985229683807667e+00
4.734474068976721739e+00
-4.312879863658415580e+00
2.402000898980695687e-01
4.308986052158450875e+00
-2.553565381802411216e-01
-1.102399439236724987e+01
-4.622245125037499847e+00
-2.357357059324625137e+00
-7.423733363926761974e+00
3.688297592216878584e+00
-2.390722509664006346e+00
1.727510730421971452e+00
-6.838981477188983860e+00
-4.158023223949532721e+00
6.498347847082579065e+00
-4.172206972733454755e+00
5.844252903825242207e+00
7.566193199991989582e-01
-1.163931229381418353e+00
-1.337225215211186313e+00
-2.293224882809851817e+00
1.358916897563063442e+00
2.628335525012536866e+00
-5.090315369846866389e+00
-2.144644162382176145e+00
-3.071663830766411696e+00
-6.811327085668080095e+00
-3.663765663708920428e+00
-2.419104238403014584e+00
1.406660036411692571e+00
1.234267230716636243e+00
-1.480842272102802060e+00
1.066893432537253217e+00
1.846683172650453342e+00
-9.593157205862471448e-01
-4.073740115520147143e+00
4.383873473602177384e+00
-2.026114542698408183e+00
-1.569182219939471989e-01
3.054072740317724133e+00
-2.122293264311907457e+00
1.077018872310933340e+01
-6.636914636129584544e+00
4.137229585059463588e+00
-7.316207158642069608e-01
6.421797986592231444e-01
2.127017684463851713e-02
-1.283665053253394861e+00
-1.425833118652778619e+00
-3.985135609418077318e-01
5.462511069436023270e+00
3.346992475253824928e+00
2.789995905123197950e+00
-1.737474813633484327e+00
-2.240455029346551274e+00
3.666061830452966408e+00
-2.863098109900723998e+00
-5.359564185311742612e-01
-2.275666226881952470e-01
-1.466170613755168883e+00
-2.846247350349709326e-01
-2.662066938084587164e+00
-3.858838828747148231e+00
5.707513519555029724e+00
-1.082830775216008901e+00
-5.209757678788350388e-01
-3.914314998914466770e+00
-5.036972309103445511e+00
-2.490194819317039787e-01
-5.576803748068022148e-01
-1.632164492786836840e+00
-7.825064504171522550e+00
6.532033008765854909e+00
-3.251472870849402064e+00
3.520713793366696542e-01
-6.125724867893903358e+00
-3.662568747512247036e+00
1.523022173807268409e+01
6.702136783102941031e-01
7.942920479771508724e+00
-3.824662794190851756e+00
4.192206965406779950e+00
3.938354728470094823e+00
-6.324293079833438747e-02
-2.117512712321994339e+00
7.674687013979251127e-01
2.509775089041132445e-01
-7.188447658032148802e+00
3.279698238601375770e+00
6.917147631761620952e-01
1.459956590545347654e-01
7.186578972803262744e+00
2.943050762027306977e+00
5.955011292677752088e+00
-2.211246880337034870e+00
5.270469307116989910e+00
1.669147908444073281e+01
2.213927969896493764e+01
1.834648294642585853e+01
2.884073501922623706e+01
4.909549168379722772e+00
-2.831482298290319832e+00
-7.554520694096803268e+00
-3.527710522567595319e+00
-7.179900810189416838e+00
-8.538782145748399444e+00
9.825206137135009676e-01
-2.349466848777619354e+00
-2.577368306573129431e+00
-1.284703135550802955e+00
-1.235208558606578633e+00
4.646481630028957976e-01
2.770681136307262094e+00
6.946423196163430624e+00
-9.388790090168092073e-01
3.383129400870549031e+00
1.412369453827973853e+00
-1.172106129290139798e+00
7.305531730943194191e+00
-3.825334327627417652e-01
2.829796069612760867e+00
1.477901832929723103e+00
-2.433463115835536428e+01
-8.886095037523149998e+00
-2.508984471287060369e+00
-1.427048429300502619e+01
-7.108490564399244427e+00
-1.437218162755147688e+01
-9.826690222551585085e-01
1.332365733137760744e+00
2.043750967768464211e+00
-3.248909852382099395e+00
6.212818183416232154e-01
1.117810991617682381e+00
-5.148671000068627990e+00
3.538165566174996890e+00
-4.013842512422141517e+00
-2.215647860128753699e+00
5.210348746389860120e-01
4.092532116433662548e-01
-3.030744143161872906e+00
-5.119203870863415773e-01
-1.145123055728549666e+01
-1.852378830763120732e+01
4.819460931239117230e+00
-4.294167430677290120e+00
3.292612575508806927e+00
-6.249708798784301411e-01
-5.134332389001120767e+00
-5.137260548397669657e-01
9.918713332818072104e-01
-2.243394153912227296e+00
-3.890943329285357688e+00
4.899281253878557507e+00
-2.537999643154475571e+00
-3.991059445745736012e-01
2.131070656130153562e+00
-2.128462495470605287e+00
-2.835512503320409827e-01
-3.056916525581495847e+00
-8.625499651257188816e-02
1.117909195370060615e+00
6.678397465715268488e+00
-1.445968760490325966e+00
-6.439004309382887037e+00
-5.197650403714968448e+00
-5.012586614471483237e+00
9.660610648485035146e-01
-4.228712373251180878e+00
-1.392822070893767528e+00
-1.944931914652089366e+00
-1.722971348408144587e+00
-2.263031428620854602e+00
1.827432658812411459e+00
2.201858456181009061e+00
-4.440245120391382860e-01
6.627219462478748380e-01
9.213589642776598421e-01
7.384849575407907984e-01
-2.725008227492496715e+00
-3.687362223238156655e+00
2.843098960852872281e+00
-2.851465063942673961e+00
-1.361322775710226196e+00
1.941230227662488872e+00
3.332377975465868047e+01
8.311663434478056001e-01
8.045533561360374009e+00
6.127523876263573754e+00
8.795639822492001159e+00
6.468623076807243244e+00
-9.951508961221161798e+00
-5.100017782585192450e+00
-9.668207577254204210e-01
-8.216075908689833840e-01
3.086696203756233992e+00
3.651066035724898073e-01
-2.183148298788101016e+00
-1.676142393561553534e-01
-2.367540818748996134e+00
1.956507524396890574e+00
-1.467720925769292695e+00
-1.279939776828668885e+00
-5.835017466343789039e+00
-7.708114315752356838e-01
-2.514373784793455524e+00
-7.205443653943024884e+00
-3.083492721450534990e+00
-5.852650200138898917e+00
6.759983522818873158e-01
-6.694109681318741956e+00
-5.772303818676264520e+00
6.183015802683724083e+00
6.319698748056635784e-01
3.799221876515402663e+00
3.973622377792559668e+00
7.387474560717100402e+00
2.611071262352880673e+00
-3.819763161472940372e+00
-4.085886125851712514e+00
-3.059613323565983922e+00
1.378932900045859444e-01
1.396235790622731843e+00
-2.573503562640939712e+00
-3.358317554739134625e+00
7.875319945246355147e+00
-1.743231495220423977e+00
-5.823949108637949124e-02
-2.199922040226959030e+00
2.907187082143993795e+00
2.562812497738024664e+00
-2.872062203523003454e+00
-3.532091157628435951e+00
-1.006149876017816958e+01
2.258288428898300282e+00
-5.051414669079084874e+00
-2.336118226746628945e+00
-3.317935827634264534e+00
-4.696326566552808113e-01
-1.479959373243080245e+00
2.194004476770627488e+00
5.249326664700534328e-01
-1.078425650875045383e+00
3.356459545583764914e+00
-2.601050033820574647e+00
2.241981362216063367e+00
2.025312079115204167e+00
1.568471079212641284e+00
8.320678095503064586e-01
1.347990025173751327e+00
3.391318409598824135e-01
-1.353450543154573360e+00
-2.723757170494463864e+00
4.279710591056135272e+00
-3.103277221282076948e+00
1.902756049803446259e-01
-2.541578070858837579e-01
6.511524717505825954e+00
1.029658106698111020e+01
6.888692732371413108e+00
7.870718185043334980e-01
1.728082245942085748e+01
2.912497093940576320e+00
3.031540091188808628e+00
-2.242199748519157598e+00
3.314147241557354184e-01
2.236346400528030465e+00
5.976717859821051304e-01
-1.385696506961856977e+00
-7.007239840011710186e+00
2.229234774023268084e+00
3.617487299940236323e-01
3.849002482265228675e+00
-1.162540678227166335e+00
-4.349742107929864265e-01
-4.576408289986898303e+00
-1.764526202755894113e+00
3.018834858633320462e+00
-8.778455675720909568e+00
-1.661115337603565223e+00
-5.030261062644219905e+00
2.698324810551238961e+00
3.132523186055570452e+00
2.430695997840283118e-01
-6.971858618774338545e+00
3.575989305561360521e+00
2.050575690698496434e+00
-5.057902850221773772e-01
-4.594384273853719391e-01
-9.533606131764633673e-01
8.475012348713374388e-01
-7.525746743311300113e-01
1.586118833638435088e+00
9.316602974725638475e+00
-4.441723495959590373e+00
3.691880974955561889e+00
-1.941129449747692526e+00
6.373428584178778555e-01
1.677012890230536735e-01
1.556031333763493008e+00
1.166988328659084528e+00
-7.350056269942057963e-01
2.920453138251644987e+00
-7.508760276240248110e+00
4.275837325513173859e+00
-2.449113194382554148e+00
-6.070588675700433479e-01
-4.540547280782563533e+00
1.801189794865201588e+00
-9.342502256866073995e-02
2.533246160132541558e+00
5.071253836372755508e+00
-4.735496313832529225e+00
8.854069144904890720e+00
3.870943565566134392e+00
2.894164940043923551e+00
-4.358244541731025601e-01
1.576757746389160886e+00
2.192816313171719322e+00
1.224184613290888679e+00
4.762121865740379101e-01
1.817035159049826820e+00
-2.402253823576839586e+00
-4.744830178566595613e+00
6.712816813302546315e+00
-2.953346860704780141e+00
-5.898282563493729702e-01
-2.749055774488760040e-01
-5.267914685507293360e-01
-1.762124080375077639e+01
-2.988454122035933747e+00
3.344352930247973976e+00
-2.688321457579311069e+00
-2.558029388446711461e-01
2.871952692882556502e+00
-2.820151648851287884e+00
1.539260799228489907e+00
1.537817372994500609e+00
-1.775544651853314226e+00
3.538210687220517237e+00
-2.234284969363298679e+00
-4.214696922784757938e+00
6.411438930745525511e+00
-2.506499947370633752e+00
1.521167934071728567e+00
1.035318168180149323e+00
-4.891237475400267987e-01
-3.311215475899034200e+00
4.882355442481843610e+00
-2.918498113420265216e+00
-1.070887814992695652e+01
9.440915544011977190e+00
-7.604781465462788770e-01
-3.532949912485038313e-01
-2.826908446044291701e+00
-4.583195926107594076e+00
-3.274593239847261583e-01
5.317071222291085419e+00
-6.842421319165191695e-01
-7.677250842776275341e+00
8.685542413856010668e+00
-3.866266882684346484e+00
5.601448724484769492e+00
8.557956248836978697e-02
-2.053825819236038352e+00
-1.773308468077467737e+01
-2.381152809612304910e+00
7.091462859245694084e+00
-7.672597198984814071e-01
1.916131652822892217e+00
-1.347942107535585521e+00
-3.878521158190628149e-01
-1.121925226903344397e+00
2.592790080575049672e+00
-1.469395606938884713e-01
2.336534074034666286e+00
-2.506479356664827574e+00
-4.337916007988760647e+00
5.098000814349058274e+00
-2.208381415044825324e+00
-1.315016676075852153e+00
-3.422290030090018309e+00
2.147375207004254341e-02
2.120498277785408892e+00
-1.197035719188474845e+00
-3.669152266710650756e-01
-1.778861669791957922e+00
-2.911354611489458843e+00
-7.410808672890696336e-01
2.321387297955687323e+00
-2.423519981077413732e+00
9.826077487187333537e-01
2.592524823406961998e-01
3.700361880927927505e+00
-1.692287503082457123e+00
-4.210553772974360953e+00
4.461367031601543687e+00
-3.558047993400872411e+00
-1.567339071875354595e+00
4.980971813800906922e+00
7.972310001250457745e-01
3.139772279051132653e+00
4.635652320221029243e-01
1.481019700631766911e+00
-8.810840122934094909e-01
-2.960698359685035363e+00
1.910696242741866113e-02
2.711064145429957772e+00
-8.440759594788466158e-01
1.808026892650895112e+00
1.201146446240056775e+01
3.815993354426799877e-01
4.789545161009755248e+00
1.788155164273443676e+00
1.443182843268992599e+00
6.145112255926285627e+00
3.604427294317489316e+00
4.759661792245502454e+00
4.358177928923567812e+00
-2.142124737511241328e+00
-5.792012270323385614e+00
4.736964512611209877e+00
-2.308455662478441806e+00
-4.235296744507630606e-01
-4.375258515621965327e-01
-2.473051242879071021e-01
-6.816732110813311651e-02
7.734417683893761719e-01
1.009430293366766707e+00
-4.694437784221939580e+00
5.965852928045451975e+00
-1.760300696628595007e+00
3.515824425220418492e-01
-3.561985789770718114e+00
3.051433316812561802e+00
2.495049736165952659e-01
3.278077149475145724e+00
2.665130542724201579e+00
4.002332181880368656e-01
9.400131339880768433e-01
-1.122478092224984403e+00
-3.338639466547901336e+00
3.195889198074933990e+00
-1.954475677515609799e+00
-1.523958871090310252e+00
-5.541484811419091772e-01
-6.035715537333576464e+00
-3.511621480476939450e+00
5.793797267456835876e+00
-2.223815735986578446e+00
-2.899179319950678124e+00
-2.579098716108733313e+00
-1.613353032441110724e+00
7.323781998642571178e-01
1.830767858509475099e+00
6.342646106085888746e+00
3.284461274120345387e+00
-2.035821591913749895e+00
-3.245243915269367729e+00
6.980100302190523465e+00
-1.339765367187771838e+00
1.930066800995341891e+00
4.619584825068261957e-01
-2.083517911499462194e+00
1.006512306867139372e+01
-8.047337132248888025e+00
-1.141232509326751965e-02
-4.290196736078562445e+00
-4.790556118009430264e+00
-1.583698216814789284e+00
-3.076712574150226032e-01
5.691257866253328856e+00
4.930126754041650905e+00
-1.344397757079009326e+00
2.762473692686144400e+00
8.186330794270977318e-01
-5.833328194965924141e+00
1.793377285087981887e+00
-3.032554921261818581e+00
4.300895159402577939e+00
3.437682265346186927e+00
3.912349435845293488e+00
-8.784722037393013494e+00
-4.717267583122023211e+00
5.074321101322611938e+00
-2.809384433964882799e+00
-1.594841749757923921e+00
-2.983599223046533577e+00
8.835647588487822723e-01
2.533308728340072369e-01
8.036571938477626853e-01
-2.458729937878305183e+00
2.254852236882483929e+00
-3.114490956055282034e+00
-4.493406843333865197e+00
5.159300632222181271e+00
-2.501305626019887818e+00
6.727307800832383888e-01
-1.130530122994558573e+00
-3.930787795777465288e+00
-5.086781971988232343e+00
-5.690343295633041976e+00
-8.098742005882595407e+00
-1.354653889289478030e+01
-1.158187419320616662e+01
-1.047414333312949353e+01
1.323064766993092833e+00
-1.130203841725890612e+00
-5.642258968208097025e-01
6.015432757587135804e+00
2.919364843783410546e+00
1.711857167329330576e+00
-1.137785507981257993e+00
-2.849530823031481308e+00
3.091065165658602343e+00
-5.598085660485470960e+00
3.417623579291500846e+00
-2.755105786686632419e-01
-6.715610639868081044e+00
1.996687879418643119e+00
8.909990966320827654e-01
-9.285524587707849609e-01
-8.448838060711695297e-01
2.946234687866349650e-02
2.726146619652943137e+00
-5.116516711561442499e+00
1.782291423629488669e+00
-1.325567829260228159e+01
1.530856189585486637e+00
4.075832682161437681e-01
-2.581673953216445661e+00
-2.605138992412492360e+00
-1.251288911916936142e+00
-6.670660613380060555e-01
-1.526192672310354936e+00
1.529844089666923423e+00
2.389031152711446893e-01
3.326953324944486035e+00
-2.043251680799016423e-01
-3.506568843380255096e+00
4.902072849087062423e+00
-7.577783965246576159e-01
-6.767258623831612363e-01
-3.712343129913812323e+00
2.577436502598163148e+00
1.506076714893293911e+01
4.098591030918133704e+00
4.169931867533386516e+00
-7.350555405643634188e+00
-5.848647994472000455e-01
-5.225292141955383940e+00
1.063965303098664217e+00
9.228661239543715089e-01
2.274885557022443994e+00
-3.619965166915751986e+00
1.540330843011938011e+00
2.849772244191822512e+00
-3.958147095728785647e-01
-3.137184398247711226e+00
2.098989598844559268e+00
2.011387690479256474e+00
-3.854478657308881284e-01
2.775923666367277498e+00
-2.404072740919042417e+01
-1.537556904885725162e+00
5.244933185375557194e+00
-2.836747235829514047e+00
4.994189327427216440e+00
5.474683394865943464e-01
-9.110787463898565308e-01
-3.801445267766979108e-01
-1.077032952911811226e+00
-1.413188489208686960e+01
-6.998590577930701162e-01
-5.732236901232786508e+00
-1.443200525935820799e+01
-2.738291097102688365e+00
-1.998294755000255218e+00
2.633367567236545526e+00
-2.557695800533021369e-01
-2.322414876176135845e+00
-9.189064337095168566e-01
3.274716718766532253e+00
-1.239751359274213760e-01
-3.857099914005206465e+00
8.093453502746248418e+00
-6.292650422961949541e-01
-2.398265772709393812e-02
1.065145362273934859e+00
2.780015523817809253e-01
3.344241533072061845e+00
8.448379974121527081e-01
5.340257536356489254e+00
1.480605686320559666e+00
2.036452178235418131e+00
5.720756175580130609e+00
-9.142365380868318070e-01
1.554285174022732141e+00
1.480694745032601789e+00
-4.672695903050906097e+00
-1.711222094467996779e+00
-8.389134502026612594e+00
-1.584321900194436772e+01
1.734051300370041682e-01
-8.664613679172207483e+00
4.370396192473790187e+00
8.479267151641538547e-01
-1.350528507226826935e-01
-7.402517541383661637e-02
3.542964826185712290e+00
5.824315827746856522e-01
-3.973338534429074809e+00
8.200001953923539588e+00
-5.469298213359989613e-02
1.894889405065012911e+00
1.694468827884261231e+00
7.119696774617643165e-01
1.979131627741012256e+00
3.675483686683982842e+00
3.485557923231827337e-01
-5.185000556748509126e+00
6.272395046105585514e+00
-2.337179699336431327e+00
2.711062612390359394e+00
3.832995910733687950e+00
6.224916748454881521e+00
5.462539909654556602e+00
-2.856318208850975982e+00
7.432958903371591930e+00
4.792865631509587443e-01
-1.495173858827590907e+00
8.680106772652309566e-01
-1.668814918595149965e+00
1.874921093178642639e+00
2.024569467784442800e-01
-1.288355106581861032e+00
5.220355943188066394e-01
-2.686903401331276253e+00
-4.759487286215560609e+00
4.229747436789833337e+00
-2.420416658493431239e+00
-1.975791964787366073e+00
-1.967021507895363230e+00
1.704391561522318632e+00
-1.075919657818096198e+01
-1.771074875962197259e+00
-2.387780713598446347e+00
-5.252953029209897373e+00
4.182091445859832390e+00
-4.239663023539161912e+00
-2.357470454963289885e+00
2.175797127221069882e+00
7.450617254890848362e-02
4.352011160075239360e+00
-5.979725038735351994e+00
4.375222796268290359e+00
-1.822909463441490630e+00
-2.303746375743075614e+00
-1.207174398970076945e+00
1.898723724863066842e+00
1.840803385226166933e+00
1.858996239020186403e-01
1.101722686939681672e+01
-1.744555804261077314e-01
-1.641374933419874060e-01
-1.882592988462210792e+00
-1.524288078860094098e+00
5.656130345826371197e+00
-3.545989138732409174e+00
2.813107653112570716e+00
1.531875966627596508e+00
1.267332766678104150e+01
-4.541352686059499710e+00
5.938654763453018681e+00
-2.754954817374113851e+00
-1.662745043726800986e+00
-3.897750332815654417e+00
-1.946897181373500985e+00
-2.176961577587464891e+00
2.088122761021101059e+00
3.446045662933529652e+00
-3.863488284123540950e+00
6.559617386980037601e+00
-2.053822691229818531e+00
-1.958996656820188198e+00
1.103003923372027212e-01
-1.794895889049052728e+00
-3.734088785209579292e-02
-8.969916739299471642e-01
-8.936517773631618144e-01
8.206857983442551463e-01
-2.933002613502404543e+00
-5.524160353410077384e+00
6.602123254002149721e+00
-2.687292257130369233e+00
-2.959397438543169834e+00
-1.636466855308966739e+00
1.294917597028822476e+00
-5.990669096707200048e+00
-4.662977007582997047e+00
3.419442878862158253e+00
-2.853298632606423801e+00
2.105845842666582979e-01
4.612315644033706974e+00
-9.313760161117938807e-01
2.569471626931941755e-01
-7.695055794496385992e-01
7.437552029935239339e+00
-3.818117485287142010e+00
2.315731446241954927e+00
-2.589593029960412185e+00
-1.921105881486689260e+00
1.379827107929847196e+00
1.360486428815293802e+00
3.684935333059294327e-01
1.834800030981036167e+00
-1.433368141618738933e+00
-8.618957454645727045e-01
-3.009837972733214517e+00
-9.759458625414945132e+00
3.057187200830962404e+00
-5.742253718719694255e+00
3.101179060765703710e+00
3.555790861301472372e+00
4.132465948232074915e+00
-5.509180100417457204e+00
2.603146491908391980e+00
-1.393354384838545179e-01
-2.425150526776699511e+00
2.150601523567474249e+00
-1.961800436912505718e+00
5.640050156009591698e-01
-4.345517280573590324e-01
-1.579767436721315699e+00
7.162162474493928066e+00
5.968947730852307287e-02
9.545369739963068811e-01
-2.281279006201912818e+00
-5.792156658094786081e+00
2.185232683868164827e+00
-8.398019390255497818e-01
-7.494549856013264788e-02
7.457751100183324100e-01
1.475713351870471790e+01
-1.863914075089214917e+00
4.652948666497178642e+00
-1.305109458413120788e-02
3.516316578349218402e-01
4.891411472638377944e+00
8.935271555221402373e-01
-4.173503920513517429e-02
1.212844106176000025e+00
8.474446403760595103e+00
-6.960855899443233241e+00
-2.919799114928598893e+00
-4.978894842444785418e+00
-3.243520506544910198e+00
3.535309426975346891e+00
1.251154586839749117e+00
-6.723362042307904352e-01
-9.328992896288164083e-01
4.548607595079007915e+00
2.867198258356228102e+00
1.220224181710316200e-02
-3.809872603159723869e+00
6.200650045253832232e+00
1.076177353918702284e+00
1.598677822618919553e+00
-2.439980075202499599e+00
-4.568163377673630343e+00
-1.630761156725760275e+00
3.722788361749591157e+00
1.076824987972697656e+00
-2.816458379400335499e+00
5.725098985045044664e+00
-1.072387173837884955e+00
-4.377215649029230771e-01
-1.415441627247492062e-01
-1.778567416763667142e+00
-1.449348106045392770e+00
-7.966902956085338827e-01
-9.604835477174048508e-01
-8.303088513634580892e+00
1.466003417651539520e+00
-5.191822554741109208e+00
1.517683279850255973e-01
1.079051976017430636e+00
-1.980173760879137879e+00
1.636643310495539794e+00
1.197107202328619779e+00
-2.643608738628222099e+00
-4.438865572169872209e+00
5.127434687470305619e+00
-2.198989079415973880e+00
-5.280216998422794239e-01
1.597855103619678196e+00
1.619636253590142072e+00
6.827501103933682203e-02
3.550700448440852419e+00
8.971405793936421347e+00
7.216831507769319920e+00
7.120538915614111453e+00
1.257895411026044741e+01
-3.575625552510229177e+00
3.669248632101054092e-02
8.497030383246354512e-01
6.110569333384423985e+00
-6.397054134313795437e+00
5.305137916011672949e+00
-3.089347240892211577e+00
-3.660885646601864246e-02
-1.463837044402813703e+00
-2.431632385313817479e-01
-2.284315589700453675e+00
2.357693626846957269e+00
-8.517916413609949444e+00
3.606418063865036938e+00
4.646292026171965794e+00
-9.441292346929585078e-01
6.356806377138675579e+00
-1.773693167560209449e+00
-1.471193041281378511e+00
3.329618117610951167e+00
7.956935724577232083e-01
-3.115125936001353679e+00
4.417313766517684037e+00
6.153662103754635737e+00
-5.347228292665073823e-01
8.459617639470101480e+00
-3.215460562374504949e+00
-5.282472917068729679e+00
9.551260525660267842e-01
6.441900194951170056e-01
1.688472140571096292e+00
2.594450585359183048e+00
1.114278938214581771e+01
3.345440021224816096e+00
6.651039633372747062e+00
4.182757211737808234e+00
2.088212383684044493e+00
2.539557889148026160e+00
2.231770567020102014e+00
5.460444279569756532e+00
-8.979231252780165207e+00
8.298040165460982553e-01
-5.220550634006314361e+00
-5.971060852213762260e+00
-6.208398266931139942e-01
6.742685103523170520e-01
7.833917613223940757e-01
5.945038105058719768e-01
-1.548124730786476100e+01
-2.806023414718580966e+00
-4.256884801414720698e+00
-9.295169660535526290e+00
-3.429945504782845767e+00
-9.488892795094027832e+00
-4.766580273097977383e+00
-4.180473148360889901e+00
2.439175033279887383e+00
-1.208455332950960415e+00
2.699981506097264283e-01
-2.762029884721497019e+00
-4.384543398789547020e+00
4.975304836929445251e+00
-1.614425113457936378e+00
-9.791938402008786013e-02
1.381532399095320163e-01
-1.897230417097153510e-01
-7.280294393825828436e+00
2.839017636972451353e+00
4.277177963245101466e+00
-1.855034039463169915e+00
6.284596692875473956e+00
-3.008035079325108274e+00
2.394416948881176399e+00
3.509049794579690129e+00
6.670518156901726892e-01
-9.352341221631992330e-01
3.351538974241836222e+00
1.884482108330555850e+00
-2.472669532535825887e+00
6.173775968319195506e+00
-1.738100330577292130e-01
1.241555593598048013e+00
-2.022344170882758085e+00
5.502755617625171292e-01
1.555074762068948235e+00
5.999597884480660781e+00
8.291623455467197701e+00
2.916324089494543248e+00
2.146760556663299013e+00
3.981406155280500236e+00
1.939443198994234230e+00
1.388305239291422133e+00
7.616385261990569200e-01
1.809291749667954585e+00
3.471270218199061564e+00
2.903624958295537017e-01
-3.312921979808618467e+00
5.040278779592959779e+00
-1.244821687845262481e+00
-1.209478770724057961e+00
-2.222228633134750719e+00
5.111343225354016973e-01
-2.918357021196315682e+00
-1.691916580702059969e+00
4.454387689461837496e+00
-9.793135465429363862e+00
-4.125192274317879271e-01
-3.429175885915168309e-01
-2.980775255404002344e+00
1.249723466704492747e+00
1.120507011917221130e+00
7.861591375879394938e+00
1.306463646238529286e+00
4.970421252622823083e+00
-2.073413818313322832e+00
-1.126436251897916963e+00
5.372833592355786614e+00
-1.508443148215735663e+00
-2.689988212281782864e+00
-1.152681331595703629e+00
-3.205377604500394106e+00
2.487175730716932431e+00
1.632378951919394305e+00
-4.361332687346250125e+00
3.760080236276796661e+00
-2.901943616511609036e+00
2.188465965998746654e+00
1.150594603035828500e+00
1.026309091995016631e+00
6.078555950955266240e+00
-5.273625472550551585e+00
2.781854556014580648e+00
-2.515180606054944423e+00
1.816074142077030995e+00
1.318044896296256541e+00
-1.807403836436323630e+00
6.067964470945472755e-01
-2.020484565024700530e+00
-8.411732546629666629e+00
3.472774536478154594e+00
1.067386029192056718e+00
-1.237397754602673094e+00
1.199095987316517453e+00
-2.368425558317266422e+00
4.263641707029363626e-01
1.229972458335553576e+00
3.315051031003299009e+00
5.574875174941213984e+00
-1.595489748501240035e+00
2.548264373243836367e+00
4.280417178981549831e-01
1.859037726480377850e-01
4.601480597754412649e+00
-2.624549191359059730e+00
-3.283302502267811285e+00
-1.220526910538852983e+00
8.973483173366633148e-01
1.272068660809111051e+01
1.187678587810792408e+01
4.918733068039785827e+00
1.586060561123973933e+01
-4.538217683691656568e-01
-1.588911388114180534e+00
-3.976020261366112751e-01
-2.646401806873862839e+00
8.522828751028313846e-03
8.899714875859737973e+00
2.524519160332418632e+00
-5.975406327889436042e+00
1.326451793939036250e+01
8.995377876263571659e-02
-1.467592498077234353e+00
-1.607403713861153216e+00
-8.183206752833832587e-01
-1.690894215581676363e+01
-2.003059436671317251e+00
-5.892451444593394427e+00
-1.414433461413744553e+01
-1.920226749355005591e+00
-2.114858962383900920e+00
1.758481162257208963e+00
3.795640448882549589e-01
-2.091596018476898688e+00
-4.527951904447446996e-01
2.753648379650806000e+00
-5.118237765189997956e-01
-2.592310225162135051e+00
1.553624573512828455e+00
-2.218797290104819186e+00
-4.194730860989940302e-01
-6.354466081467539107e-01
-1.541701069677553049e+00
1.598371731016149333e+01
-8.170535453102029777e+00
5.736424881967518097e+00
-2.902289155424359723e+00
-4.053361207504010966e-01
4.407587895823412982e-02
2.540485070954561220e+00
1.149237733950188023e+00
-1.888906323455299685e-01
-1.801439500095680302e+01
-6.904610367342109534e+00
1.195243331116664809e+00
-4.525223191781651444e+00
-5.173899162104463656e+00
2.264055020089341536e-02
-7.830574074146992025e-01
3.904001879754848137e+00
8.325796994861470735e-01
-1.009932818754355033e+01
-2.254920199441600825e+00
7.025325984834353221e+00
-1.206800005953266419e+00
-1.111129201811203560e+00
-2.726084536805023273e+00
-1.699675980203653403e+00
-1.641758132319709462e+00
-8.119971973078140559e-01
-1.207168742705865938e+01
-6.582305705605192792e+00
-9.538744826940467325e-01
-1.085493311208425027e+01
-3.148495946646401311e+00
-6.619647951876575398e+00
-1.740436503946606539e+00
-5.917927615583327139e-01
-1.184670296407712708e+00
2.803011773931531447e+00
1.293849332835627086e+00
8.132810391065410371e-01
-9.432756728841101834e-01
6.905448787279815370e-01
2.135026071107903600e-01
2.839604689444257257e+00
-1.641125017742294689e+00
-2.558880058737135754e-01
-1.181638233961033180e+01
-4.377568015274787783e+00
-3.274413071983167001e+00
-6.429440931627686595e+00
-7.692282438975295733e+00
-2.435535905013451075e+00
1.291898404104386611e+00
2.638293487704684637e+00
-9.944980488308365896e-01
-6.056852555446258002e+00
5.391788385210568357e+00
-3.236023039630855358e+00
-1.116082627667833904e+01
3.010782337640880879e+00
-7.076770863949438661e-01
2.590091964498655308e+00
-3.926907831782145974e-01
5.410712267045479251e+00
6.950692607862339223e+00
-4.355975030861883646e+00
4.750341768258667052e+00
-1.165639736329451503e+00
-2.079560403867475316e+00
1.443581686319695523e+00
2.412698990764179374e+00
1.219867209070855663e-01
-1.172829178219554125e+00
4.895008225084003683e+00
-1.171849925073477960e+00
6.376151505334680891e+00
-1.409969150591405151e+00
2.447206382076244913e-01
5.510129709391162756e-01
1.291482471125520726e-01
-1.417835321639216106e+00
7.384779029050423382e-01
3.423541350060647304e+00
1.372568657446349816e+00
3.237819043198338687e+00
-7.618137979673226257e-01
-2.577469823326545395e+00
4.281205225839925355e+00
-4.817321526563717593e-01
-2.013673443054038614e+00
7.597354781855654438e-02
-4.287010124211726669e+00
3.501779425695692449e+00
4.273764015969059749e+00
-4.752710373429957613e+00
2.161589560653639275e+00
-6.848040341713110379e+00
5.298263886672838652e+00
3.200020020367032814e+00
-1.469758798484214868e+00
-5.845571074137891010e+00
2.017144956417121104e+00
1.933810515269164476e+00
-1.711680068354628936e+00
1.020565511358361377e+01
-2.977108546850296911e+00
-4.253655736730344472e+00
8.194954892888423048e-01
1.438383045922410286e+00
1.225080660932365006e+00
1.578096203690394272e+00
-2.691151637161825594e+00
-4.042696217762212108e+00
7.023097664389339911e+00
-2.156524052106072009e+00
1.442524487672081301e+00
1.405455425813771919e+00
3.272056167034926855e+00
-1.875714864945590352e-02
2.258515405977591595e+00
-2.835025411748589796e+00
-4.850487099130671886e+00
6.937320980657269764e+00
-2.508661211660041523e+00
6.724970220293248202e-01
7.764274266880250019e-01
5.275801567852147489e-01
-2.012261623498861240e+01
-1.549547851462229620e+00
9.686463577503856115e+00
1.194155234015984002e+00
4.533653915953874125e-01
-1.861781107191953444e+00
-2.426580693517130349e+00
-3.896012646075096342e+00
-2.363917863989152546e-01
-3.032063290704083425e+00
9.490011323203983995e-01
2.447057678145843962e+00
-2.439568094298888989e-01
-3.273248060421189543e+00
1.269686014935554885e+00
-9.916993095506483336e-01
-2.508188380965946429e+00
-1.742365523872938304e+00
2.647497099116411998e-02
2.542414259248553687e+00
1.480166240696986657e+00
-1.414822599190035612e+00
9.202963846651086577e-01
-5.667051835876681931e-01
1.724902033367917031e+00
-1.015712222795192243e+00
-6.198204189587050994e-01
-6.435897886747414809e+00
-1.478183937043914709e+00
9.287646469824603068e-01
-3.427163389815277572e+00
-8.029112941593706809e-01
3.429909548069109970e+00
-4.895629810127998027e+00
1.676572560273411394e+00
-2.327111059988521191e+00
-7.782757653021541877e+00
3.548541444917840071e+00
1.523932955830575864e+00
-1.459904945044211644e+00
3.543768453686078623e-01
-2.378938095066781777e+00
1.833918928195609643e+00
-8.538012862611072951e-01
6.562587328170174095e-01
9.592312243934239646e+00
-2.115424614522279256e+00
-2.868513296245894240e-01
-1.936384260806927715e+00
-3.751725857260408414e+00
3.351774279250295585e+00
-5.956703837864490758e+00
-1.211400508579993929e+00
-1.630232257306083010e+00
-2.864704832370465137e+00
-4.661579606052422164e+00
5.500209720451985973e+00
-1.330379159204342354e+00
1.137569519577826149e+00
-4.371818223995618813e-01
3.195112303822075450e+00
5.035673529586195407e-01
-3.327558940714407498e+00
-7.391807185854791129e+00
1.036255034046199119e+00
8.582423853554672633e-01
-8.119978469225306306e-01
-3.130329869317194022e-03
-3.643425040196940357e-01
3.261185000435213865e+00
6.131477539188266990e-01
-1.232916554131692877e+00
-5.233940295262791587e+00
-6.794045739901640957e+00
-5.779351613998678694e+00
-6.449407770950378094e+00
-4.197079417507320720e+00
-4.466140658678118269e-01
-6.443776487649894413e+00
-2.031174441918580875e+00
1.252027581930012401e+00
-2.416504889343026097e+00
1.632338399902599324e+00
-6.015675297621143613e-01
-3.581102376485488126e+00
5.464804192194041121e+00
-1.740914114640975230e+00
-2.035826165255461007e+00
-2.777058535983412124e-01
-2.339369655554842442e+00
1.259186329068102017e+00
3.726586829750659913e+00
-1.134125730020477008e+00
-2.921076726949386249e+00
5.706526494007781558e+00
-1.689720168077325946e+00
2.289739643337806552e+00
6.763277787049563061e-01
-2.182370330392465529e+00
-5.952703690833147654e+00
-4.456204275555559313e+00
6.712512775381924257e+00
-5.441678050713012471e-01
-4.841968907594013105e-01
-1.516630322639038964e+00
-9.004490766690533832e-01
-1.520525843834746427e+00
-1.832583282071610142e+00
3.667464830070860771e+00
-5.200579305446416001e+00
3.829097291438017248e+00
-2.841973350175319712e+00
-2.361890742635536222e-01
2.575930468061230716e+00
3.352025059804807916e-01
8.241028478575285199e-01
-1.309948240575809830e+00
-2.125293433766496776e+01
-4.904347992052862093e-01
6.011013493102201011e+00
-9.211510343880039420e-01
-4.710101951346286620e-01
3.858869081788253830e+00
-1.754546426005792581e+00
-1.832799171786983150e+00
-3.043122709200400067e+00
5.895405496793659772e+00
1.564777990134535723e-01
1.153595377201145578e+00
-5.406531797444396048e-01
-6.885603285261384654e-01
6.880017918614356631e+00
-5.497320357323135731e+00
2.104289054751162791e+00
-9.582188721610590543e-01
-3.341484197570478099e+00
-4.337717742854549918e+00
-4.171034758419597921e+00
-6.482106051484749720e+00
-2.385687234923310918e+00
-4.937605255248731062e+00
5.521067229418465949e-01
1.866364156344608949e+00
-1.387876431669541333e+00
2.032212957166202649e+00
-4.047322006966515673e+00
6.331289390387756733e+00
-1.667988497639066647e+00
1.898402869455171615e-01
7.061655917482858591e-01
4.743945160718055831e+00
1.018837560167499712e+00
6.994558575843540238e-01
7.169195707148208641e+00
4.022474368056125016e+00
3.203788507290601384e+00
-2.448534997954007197e-01
-2.332470765729188322e+00
1.916492218494566968e+00
1.592954784292639481e-01
-3.316102754191029955e+00
-1.041417234439274253e+00
1.474043941167885396e+00
-3.101126076795284181e+00
1.624863054801210849e+00
-3.292438957246067499e+00
-4.604300984680943287e+00
3.575168060987412577e+00
8.227966554506951358e-01
-4.362239525845015287e+00
-1.503750781993356656e+00
-5.342779961818808765e-01
2.936122235446456674e+00
-5.497340552885090492e-01
-6.078564298783585507e+00
6.197016796396716209e+00
-2.272100957942642996e+00
2.368288661719404331e+00
2.946220965938419756e+00
-1.327218542551031000e+00
4.292962295985982557e+00
-2.005334217210691161e+00
4.350518322461525145e+00
-3.308451989912906566e+00
3.730155349045851665e+00
6.129607986750124082e-01
-1.971335901388695744e+00
-8.425252018868442105e-01
-1.243349140358653626e+00
2.672383159955822318e+00
4.975203079767856806e+00
4.021402463397628857e+00
-3.617298090496623431e+00
9.217579888313986558e+00
-5.647447306423937441e+00
8.822925906870299428e+00
2.434644142879237805e+00
2.962727747201159723e+00
-8.018270794268437029e+00
6.862969949520600355e-02
9.312112779186000611e-02
-3.883942707790824844e+00
-3.684379023361612937e+00
-2.071945581418702442e+00
4.399572451773470227e+00
3.050505061957637931e-01
-5.734570769623725806e-01
-2.625999724262956470e+00
4.084195846388028350e+00
3.070172595313096567e-02
-2.154143299453880722e+00
5.699217930808138100e+00
-1.461071403989505635e+00
1.890658565033777938e+00
1.679338769791900887e+00
1.974187988537335681e+00
8.185642682864692432e+00
-2.742300810813985912e+00
7.298258859599259907e+00
9.748784471480408387e-01
3.617591617600100090e-02
9.679297896891301267e-01
1.191859172171871428e+00
-4.261125184780770736e-01
6.684577115376910683e-01
3.790394473954529886e+00
-3.668643116482933841e+00
3.266355695437915596e+00
-2.709971960096262400e+00
4.548210255808574631e-01
9.269903742249496759e-01
1.697206569084992900e+00
1.953365380787238648e-01
6.056055833559059742e-01
-2.054836307549621210e+00
7.616005397665703835e-01
2.840565867381964482e-01
-1.376613471910447695e+00
-2.668338587709391696e+00
3.709197761439685381e-01
-2.143587317238445866e+00
2.407212403060609240e+00
2.918015746144512756e-01
6.348884976870231789e+00
-5.342862577895710618e-01
2.310726017747907424e+00
-3.826646814043914269e+00
6.131800119709577501e+00
-3.781039014914848728e-01
-1.018157734866846020e+00
6.521965092117922858e-01
1.231437707007548621e+00
1.335356328713461771e+00
3.656462122939182269e+00
6.549065915198004628e-02
-2.674598018703516988e+00
6.817647621453505558e+00
-1.235935932159476947e+00
-1.027617486736989161e+00
-1.952966243612443753e+00
4.257657612820366921e-01
-1.107855601854776495e+00
-5.642523737498785774e-01
-3.769148512656526950e+00
-5.373886446821966700e+00
5.905033487149448312e+00
-2.755178139766294443e+00
-2.133912868705586607e+00
-1.285924112328893809e+00
2.049807532328747239e+00
1.359555826076407348e+00
1.880709018936242538e+00
-6.417249288408839736e-02
-2.189462389338363124e+00
9.400227845926034664e-01
-3.322610324002429394e+00
2.427774277361788968e+00
2.687825657360145115e+00
3.917277446260615914e+00
8.817012310506469053e-01
4.351262756822038114e+00
1.195423157568704098e-01
-3.733514294621007590e+00
8.183283024732826760e+00
-9.147459602263047218e-01
-1.489130672548166112e+00
-4.367460965904203518e-01
-2.743330075272828683e+00
-8.537813544646283503e+00
-1.959292914835254473e+00
1.678023759647348623e+00
-2.644031797820321383e+00
-5.120537412217706086e-01
3.759947940752383033e+00
-1.579571914154463963e+00
4.048024823117793991e-01
-2.588661412849888155e+00
9.722292855955547708e+00
1.323544082659478782e+01
1.284218233229175787e+01
6.498446008908031146e+00
2.407171530165662077e+01
3.946712627981485699e+00
-3.472840019636627695e-01
-4.612878845384991711e-01
-8.853313594679532716e-01
-8.366957418938381963e+00
-3.168987169768661349e+00
-3.892920292077401534e+00
-1.073602173474671062e+01
-1.241102927958338498e+01
-7.219558354033586589e+00
3.413969939140542476e+00
2.035315984140301016e+00
-1.176817705500981665e-01
-9.960214971722739508e-01
-4.869107844632466708e+00
2.470248445537327253e+00
-3.262977177913459315e+00
6.663738570547129703e-01
1.458126516780824611e+00
4.392193844136238479e-01
2.204324362137563220e+00
-2.475839749111427845e-01
1.981925041118713438e+01
-5.797496808538688207e+00
-3.254956131750008086e-01
-9.510053800942099844e-01
4.533246535131203458e-01
8.361610594938927221e+00
7.557452578264413356e-02
-8.083439912762867552e-01
-2.365510646034627573e+00
-1.901428258403901062e+00
1.197798070658127267e+00
-1.269457898895570258e+00
-7.806634801510786481e+00
3.165980438922983087e+00
-2.930104427939011380e+00
3.456630371505927890e+00
-2.912117937391103251e-01
5.913710161588809910e-01
-1.760859103447662610e+00
1.613330430709652674e+01
2.336059368907632816e+01
2.024572923780535660e+01
2.541769673284791509e+01
1.307082374604044794e+01
-3.309507673815164086e+00
1.091625792345351842e+00
-6.411275321402717386e-01
-6.414613989418000983e+00
3.458266239642110662e+00
2.245556276787278982e+00
-5.356410104210199696e-01
1.242604562857611450e+00
-1.166514073379919969e+00
3.052830885469579147e+00
-5.749840143883111487e-01
7.563779058954461787e-01
3.070776950834110064e+00
5.439473886820913151e+00
4.245250949690182019e+00
-3.435476122805366295e+00
1.010605417110317461e+01
-5.162038924732631706e+00
-2.664107728956410792e+00
1.497815827844095393e+00
4.022593052352602783e+00
-5.013601091977582414e+00
2.004558010014980685e+00
7.909816426711228088e-01
-2.019055390776713921e+00
7.416767891916707933e-01
-1.565108132060154977e+00
-1.478949766191726356e+00
-1.132212978202575826e+00
-8.739374671478794543e-01
-6.286999411115781200e+00
-8.912732857229949346e+00
-1.835912637455968266e+01
-2.712888608857554473e+01
-8.546666745779573304e+00
-9.485046261256222522e+00
5.886983343530987511e+00
1.286530578586231988e+00
1.564542294916211329e+00
1.250919565057314164e+00
8.547958260734615621e+00
1.435192442163324955e+01
1.151529634335979502e+01
1.424453658811663281e+01
1.247312243614873672e+01
-5.432222748923211775e+00
-2.937899683718910193e+00
-1.011477216184620387e+00
1.212446266182517363e+01
-7.616947318661743793e+00
4.029313938447189436e+00
-3.058779951411459752e+00
2.085878819823528199e-02
-2.174539124877390872e+00
1.385998566938939414e+00
4.201430003781420619e-01
1.675509992536096338e+00
-3.894656421417624220e-02
8.290164763295694295e-01
5.026936887518312913e-01
-7.846863131290932047e-01
-1.049069770028868476e+00
4.999128395834080418e-01
3.136853166712243457e-01
2.770281614855578223e+00
-2.435460874224716354e-01
3.750056663747741936e+00
1.425554317961810469e+01
1.466626719744567531e+01
1.123225153405697263e+01
2.102095853653327850e+01
5.957250665202246331e+00
-8.158656781208531328e+00
-3.036087287380482280e+00
5.365273486603128195e-01
4.409243213525973459e+01
-2.977322046910875386e+01
-2.417764373131581124e+01
-2.914978978003698629e+01
-1.347260321158909058e+01
7.156917493954317422e+00
1.299056699781809820e+00
3.564528555581340186e+00
4.134410632708246602e+00
