-1.610059095508314897e+01
-8.189566034098165304e+00
-7.683135993857869162e-01
-8.640292442362886405e+00
-6.661632209136695515e+00
-3.956401639373018586e+00
-1.400423525598073837e+01
-1.194969940964407762e+01
-1.485794854588526270e+01
7.151605167167397248e+00
5.203512406019656922e+00
1.014930694279305534e+01
-8.223678169450395758e-01
3.840485149986880398e+00
4.724924436214661405e+00
5.528475376894768978e+00
8.527001004987813104e+00
-3.837057296289726471e-01
-1.443935667245662691e+00
-5.049249916824471995e-01
-2.212768202802734230e+00
1.838584977375590235e+00
8.000039616558056454e-02
-1.353764836781248038e+00
3.166515643611136799e+00
-7.225832191645273905e-01
-6.059425385735242031e+00
-1.047678032709848717e+00
-2.191061612032083605e+00
3.036488019367480806e+00
-3.046067868956618518e+00
-3.079584935767087917e+00
2.796432891298281653e+00
-1.907162060739374354e+01
-9.221782177712988471e+00
-1.905064699096554293e+01
7.059132970499898185e+00
-1.990695725636831392e+00
5.142217160726338498e+00
-2.472990824336641857e+00
-4.336365394513536087e-01
1.633142645615240029e+00
1.458433886010449676e+01
1.558653296660746435e+01
1.084969779013977664e+01
-1.302415696291114644e+00
-3.255452685190865836e+00
-2.412861222028696018e-01
7.284383169532572255e-01
-3.259173200507305412e-01
-1.667184996591826396e+00
-1.172962905957862123e+00
-5.928760828474022304e+00
-5.928972204838771631e+00
-1.190206742155470288e+01
-8.500632542899298372e+00
-9.787321628775209614e-01
-6.133243217981544149e+00
-3.378601091084283858e+00
9.369876053912478131e-01
1.939866975311221964e+01
1.665275653305243608e+01
2.481492354016116408e+01
5.883228562453260757e+00
9.448115132647357806e-01
6.438995575126692295e+00
-2.752921102859593017e+00
1.349222575805077318e+00
1.180313185571614520e-01
6.827824332363761073e+00
5.011627569180856057e+00
1.534088071685438770e+01
-1.358420796487640247e+00
-1.197962750858881931e+00
-3.278421480595670623e+00
1.138631824639000811e+00
-2.075655499186837907e-02
-2.865696796841867400e+00
5.048595147312427756e+00
4.668602410386125889e+00
1.019047021103299500e+01
2.558423590181206464e+00
-4.266702097561386076e+00
3.036818211487669394e+00
-2.824069882602505910e+00
-2.677834869383613814e+00
1.176178888349261431e+00
7.895664708234036766e+00
6.520800241010056730e+00
1.705755792664157511e+01
5.569594716843860871e-01
-2.993081541828354286e+00
5.088562706521981838e+00
-1.816074747406880130e+00
3.287298509932741752e-01
9.387955792600823912e-01
9.931739936487341325e+00
8.840586303330438156e+00
9.180039059627702613e+00
-1.668497891909127118e+00
-3.506150877348245487e+00
-1.196850555281227524e-01
1.184445382440980854e+00
1.142451785823638405e-01
-4.612632884341994477e-01
2.527616481537564574e+00
3.391007733906627575e+00
3.530149821024371359e+00
2.240267012571574845e-01
-1.551417723835956330e+00
4.577789316911143658e+00
-6.304692317293362214e-01
2.352042175482954578e-02
-1.167212274781943782e+00
2.009570337784622462e-01
-3.271350778874371756e-01
-8.826014698771667000e-02
-2.095898742495712508e+00
-2.704167605467171054e+00
3.936792377317787750e+00
-3.046055443177971278e-01
1.004466194228851306e+00
-1.286564019341108089e+00
-5.350938632279182983e-01
-9.279024816779696261e-01
-2.851629921765080344e-01
-4.254815880441912945e+00
-2.857208579129374648e+00
-5.192984392435776364e+00
-1.100016376117409322e+00
-1.187984161958321572e+00
-3.043747944587483101e+00
-3.973866804751674531e-01
-8.744961693119743806e-01
-9.313894827510300622e-01
-1.708745121970651937e+01
-4.689054219515709221e+00
-4.883324298445419487e-01
-7.535627943879021906e+00
-6.369126106223955475e+00
3.435108518817183709e-01
4.704562270089545500e-02
3.613801476781962341e-02
2.223736207309939816e-01
-4.992587143503318003e+00
-2.724921820916669901e+00
1.676436736355181312e+00
-6.695065584767302624e+00
-1.946180311053749445e+00
1.540546108210919973e+00
5.353552841749174007e-01
3.870651928954932375e-01
9.116406698146471699e-02
3.462241439736367665e-01
-3.926626198963195646e-01
1.599894797230104970e+00
1.199928983690598194e+00
-4.436239440371934628e-01
-1.083624351257440332e-01
1.483985343910654287e+00
6.299874057080103729e-01
1.159673976235116033e+00
-6.496970429793790025e+00
1.878286410496545322e+00
-2.929687894147161575e-01
2.203478416977133314e+00
-5.041071236257709032e+00
2.976527645474695394e+00
5.149010742898502357e+00
2.257165491953793790e+00
2.340824540748351446e+00
-1.719786729786319635e+00
1.076739452868342717e+00
3.787574474798972579e-01
-2.476788698738122019e+00
2.367228734168516979e+00
-1.859199866241847854e+00
2.937256856574159247e+00
1.193560134897401648e+00
-7.315905624617029535e-01
-1.305959896818658095e+00
3.296911185026401458e+00
3.224711371047005448e-01
-3.829682924071952099e-01
-8.966516964648746368e-01
1.989670826835034934e+00
1.446316785331241750e+00
1.284407110084978321e+00
-2.438965865979412229e+00
3.945235260329244653e+00
-1.465342935289069004e+00
1.386750083867170025e+00
1.341033485196962416e-01
-8.771884432147426525e-01
-2.282829961010829134e+00
-1.127026229034778337e+00
-4.464135819231895397e+00
-3.547329250006086898e+00
-9.130906465781928105e+00
-1.281044374955861764e+00
-5.158777097078767859e+00
-1.863489004727063136e+00
-8.474408940179433358e+00
2.814021545969928706e+00
-1.566568313418686076e+00
1.841115465424087771e+00
-1.018207780239245963e+00
5.399411789522847727e+00
1.111862341340688332e+01
8.357602454472123910e+00
4.455372635392248704e+00
1.163354694645062892e+01
9.676411138568255410e+00
1.528414370379779896e+01
7.771797236326190017e+00
8.619947823170222012e-01
-2.158446134740447420e+01
-1.029235390109186099e+01
-9.102044212394160283e+00
-5.031958002605222191e+00
-4.157967314609318343e+00
2.242580468325412746e-01
-3.096139288984360860e+00
-2.698470054266037810e+00
-8.989987415349647293e+00
-2.681270024356395609e+00
-1.441579278536107012e+00
-8.999071123637791825e-01
-3.956390900897579943e+00
2.541212204576245526e+00
-8.541068139730209063e-01
-1.079468717172322512e+00
-1.627387823487616902e+00
-4.033592857595142078e+00
1.351802970914607904e+01
1.108161240892634680e+01
6.544714774148916447e+00
2.227632749288496417e+00
4.026489249763101519e+00
1.525002590616001852e+00
-4.601423618984920583e-01
-1.445526205444090384e-01
-7.203640955404380097e-01
-3.391010568341101106e+01
-2.118963007962928558e+01
-1.816362926390310761e+01
-1.348679335021676451e+01
-1.591025818883662524e+01
-2.854790260451823158e+00
-7.380909249997187338e+00
1.261305377428361796e+00
-8.388207683299887307e+00
6.366774775095342065e+00
4.688035091130631216e+00
1.991838852539489224e+00
-3.241762343891814169e+00
1.822619358047129268e+00
-7.873228962664499120e-01
-8.546752852693814129e-01
-4.804916316943781962e-01
-1.338712968755594535e+00
-6.510190115841320235e+00
-1.392610619563083629e+00
-1.743367781373417857e+00
-4.996330898752086469e+00
2.837093722702213605e-01
-2.322621531639457171e+00
1.189341255438881362e+00
-1.122217399979513058e-01
-1.955220917834914474e+00
3.584305962316804983e+00
5.295229625659114703e+00
1.745482135835700666e+00
-2.771466177741378711e+00
2.671071439474714371e+00
7.269858407491276431e-01
-1.113526986879485925e+00
-2.061254673589959729e+00
-6.766845222918383307e+00
-4.007277663637164977e+00
-2.553074897396805376e-01
-1.711619759065654556e+00
-7.761233739786131958e-01
-6.088130057582981536e+00
4.993186071206749510e+00
-7.780407184029869416e-01
2.848058671246404661e+00
-9.176771802547400991e-01
2.354100073944821236e+00
-7.844158388169936158e-01
5.492665286278931802e+00
1.936791504785043694e+00
2.409975320330111082e+00
-6.086271216484566704e-01
-1.896123734085277235e+00
-2.214382840306121203e+00
-3.744803252825729789e+00
-3.762464732461435202e-01
-3.664876365725100005e+00
-1.389836521416119552e+01
-3.063267911942990640e+00
7.161096437117547175e+00
-9.207044976066034891e+00
-2.783242544159744813e+00
-3.052584852767331824e+00
-7.876295430942674258e+00
2.346885984341525733e-01
-3.591932449049245246e+00
-1.586513412837159187e+00
6.364027759147065089e-01
1.368671896082125465e-02
-4.058831493858361394e-01
1.023517920619987365e+00
-2.380674698337485573e+00
-3.822808786784732682e+00
-1.656872130604438098e+01
-8.154898393057679939e+00
-7.164620073991118332e+00
-4.214552639002896228e+00
-2.600209644962951039e+00
5.806104466502295391e-01
-2.788259534085038016e+00
-2.780508848418034251e+00
-8.404526388556764260e+00
4.387355657368358308e+00
5.004510839132334077e+00
7.433207970114745322e+00
-1.384433718730058605e+00
-2.766667111008269120e-01
4.314069945024987973e+00
-2.314853398609025170e+00
-2.126621445949700817e+00
-1.030872072579344945e+01
-3.774279315728731543e+00
-9.406097409508705098e+00
-2.363952476583196738e+00
-6.785844497407048870e+00
-3.407845344936849763e+00
-3.271796043087481731e+00
3.983895831363193807e+00
3.095117317285235981e+00
6.719715729032496476e+00
-4.167569605436172608e+00
7.720192522770263466e+00
-5.989306766673533344e-01
-1.923355655084505678e+00
8.686663306168588505e+00
1.006587492525762517e+00
1.499728908018185924e+00
-6.652105624844101506e+00
-2.995304405923761237e+00
-8.619683060207677272e+00
2.566370585023271200e+00
2.733484580379089701e-01
2.105799628105883503e+00
-5.102609866054239163e+00
3.262263471553093375e+00
5.418658084830222599e+00
4.297725619324493707e+00
1.993169349743031837e+00
4.483931075653876164e+00
9.110201161678084247e+00
3.916137862422064408e+00
4.119544454234548958e+00
2.322657193364202968e-02
2.495480354417449309e+00
4.448776046502107145e-02
8.127607728165703316e-01
1.167448969119385227e+00
2.952484839822603124e+00
-5.096144600029952620e-01
4.489861392763287995e+00
-2.208620827081932969e+00
4.289112320631266684e+00
3.448219883759054749e+00
-6.437021079794110534e+00
-1.755130466319890559e+00
-5.583193497528373683e+00
8.101326167416499358e-01
1.462965521409512526e+00
-4.548093606935069144e-01
-2.520962232934313985e+00
3.277788220342906733e+00
-1.501474026101386139e+00
3.098241245963174073e+00
1.200142958053088864e-03
-4.357822499584955156e-01
7.343597008850752950e+00
9.047321479573152914e+00
5.675056709717000158e-01
9.074976288783076939e+00
1.800749762851907576e+01
-4.350762203292599217e+00
2.404828846274584819e+00
-4.580529649100225420e+00
-5.209885937359746144e+00
1.033205671654141788e+01
1.439213526699372103e+01
3.633929486869069247e+00
3.599231143355161588e+00
1.792334543929281310e+01
-4.374708446241062809e+00
5.164035802899041627e+00
-2.088864377387848192e-01
-3.617851059008191594e+00
-1.165020143728849211e+00
1.254093939611040431e+00
-2.352981957271660374e+00
-2.725855194118473879e+00
-1.770294455858645533e+00
3.950599136756347551e+00
-3.408056187626421263e+00
4.461213180304893222e-02
-3.261095856290701978e+00
-4.564244617984295260e+00
6.190720018969324556e+00
-5.472931720307387948e-01
-1.900541440354589939e+00
5.155261348841259306e+00
-6.645966784614520950e-02
2.930526956989931153e-01
-5.709399018255152392e+00
-2.622615645136862739e+00
8.506535332796020255e-01
-3.427743223356175317e+00
2.801131330685425080e+00
1.136158167902951766e+00
2.098941280555302047e+00
9.162398886214939697e-01
4.124541129102691883e+00
-2.434912410247836445e-01
-4.023021554143583423e+00
1.033577659108095181e+00
-2.276650159510297033e+00
-6.372224342455266866e-02
2.799619992913150029e-02
-1.074318809724981838e+00
-3.544863238012586626e-01
2.960863329399422650e+00
1.076731454690657674e+00
-2.717584082687840574e+00
4.847094838092693259e+00
-3.620600683605444403e-01
2.900034096809096074e+00
2.069462422405547564e+00
1.293223258073146642e+00
2.543888544518672912e-02
8.214938877594927247e-01
-2.228177015509889891e+00
-1.967321402048840540e+00
-4.322627241759514405e+00
2.889697621089236446e+00
-2.370295690051754889e+00
-6.137493359135626214e-01
-4.067422483276003753e+00
2.408381815277473414e+00
1.409251820653285137e+00
1.133556651169610241e+00
1.332738124171949590e+00
-1.497582940280243058e+01
-6.188516111910743689e+00
1.103376598083539939e+00
-7.468607912676477056e+00
-5.152421338970229137e+00
-2.556193241217442402e+00
-1.036029826002755172e+01
-7.701158498599737001e+00
-1.017120111293282569e+01
-2.511005341386740142e+00
-2.963680821535243926e+00
-1.535351806812497522e+01
-1.429730345786578560e+01
8.031467953814254157e-01
-1.277645076152431081e+01
-5.637566734447924333e+00
-4.041544470222549812e+00
-5.245243118910110525e+00
-2.325459564230011988e+00
2.268116093184205706e+00
-1.104050997960836389e+00
1.295928002318949279e-01
-7.509069185789483569e+00
2.701532676247925036e+00
-4.451503832795116744e-01
2.647269861355433296e+00
1.129537693469312210e+00
-8.704726021492342980e+00
-2.405738008458972566e+00
-2.659693306308405614e+00
-4.418403359304241107e+00
-4.407831355613719637e+00
2.435483176550278461e+00
1.924194533691602871e+00
7.679303683676773851e+00
-1.049699238700890769e+00
3.374390514024730781e+00
5.501595410207065662e+00
2.131753254112019214e+00
5.388087247852161449e-02
6.708748655573150144e-01
1.539296751099330063e+00
-3.059603645098252667e+00
-7.908948200753601609e-01
-5.346807276609064630e+00
-4.225068768340624281e+00
-2.259274893881272561e+00
-1.457529327723532386e+00
-2.411566248291040271e+00
3.171188065823936419e+00
-1.988041210085267130e+00
3.136666891203828023e+00
6.620419371497977545e-01
-1.919783342206845544e+00
5.669526106071629101e+00
6.179021656852159872e+00
3.579614149061072226e+00
-1.461602688494685776e+00
2.994445281112253721e+00
7.849701440552315779e-01
-1.197800482734533656e+00
-7.701189166213814330e-01
-4.232258689412839558e+00
-3.236104854062721525e+00
-5.708684384573994297e-01
-1.291598699949227796e-02
-1.529306425536509417e+00
3.768629023739380468e+00
-1.137743531010376064e+00
2.981016745709101912e+00
1.190234760599332642e+00
-2.279004145059199793e+00
-5.535200359262445247e+00
-2.632855855863944328e+00
-1.576949542943391736e+00
-2.378135354664855150e+00
3.362745723311696189e+00
-2.197042667997001875e+00
7.708814019815678487e-01
-1.152273412555753218e+00
-2.269386656505714583e+00
2.362011136038978165e+00
1.894449739669341826e+00
1.648900309777560969e+00
8.968222721572275402e-01
-8.171982708695820774e-01
4.646356496022920446e+00
-7.956087520638007504e+00
-1.379583824630535416e+00
-5.032267272836460137e+00
-7.397055680004990919e+00
2.745943104008743862e+00
-2.410333881650185806e+00
-3.411699996941386370e+00
1.068344439144505609e+00
-7.701088616595882239e-04
-4.141236477385066728e+00
-7.243743943051801359e+00
-1.487276975402274104e+00
2.271921420774121181e+00
5.307557527401873365e+00
3.175036927805025666e+00
6.574264772916545152e-02
5.047220810312379236e+00
1.066852855539060230e-01
6.563475419459256166e+00
2.872758972856182424e+00
4.702535633045840768e+00
-2.822803156854732265e+01
-2.239355325186230417e+01
-1.460414227732474401e+01
-1.411164444718127875e+01
-9.465651701396373241e+00
-4.484629715380531678e+00
-4.580988164094171311e-01
2.788151294142160896e+00
9.893363005402627808e-01
5.608480496562857631e-01
-1.059565415064933902e-01
-1.166703528752603525e+00
-2.157283326204271656e+00
3.499713091030523415e+00
-3.000633609406860192e+00
-5.820909436449167584e-01
-3.068388284555836343e+00
-3.613803760252674913e+00
-1.057374116725573465e+00
-7.150662473845533107e+00
-1.771718403758399063e+01
-6.444295825154154223e+00
4.050762732683589107e+00
-8.624215912376868687e+00
1.019638799039820798e+00
1.751885463779985219e+00
-2.587965703864674172e+00
-8.264664563578868473e-01
-5.415842292664468927e-01
-1.483086685244027869e+00
-3.229964502806159210e+00
2.714151220570779621e+00
-1.907151551381909727e+00
1.317151717386315868e+00
6.221261979501323952e-02
1.268250299085206534e-01
-4.685986545421499727e+00
5.337795237098221790e+00
5.912948741984801471e-01
7.322645235143959708e-01
7.439550635824837777e+00
-8.912927922274973547e-01
-2.521407379192556864e+00
-5.179545078149732973e+00
-3.623552313164669858e+00
-2.664902709271203651e+00
3.959964598170031991e+00
2.609720373070612442e+00
-8.627481232096260166e-01
3.336741715683216647e+00
-1.482388571969262658e+00
2.496461826110659921e+00
9.146497316474687667e-01
1.053791646030466822e+00
-1.579898942265050366e+01
-6.731420604381672668e+00
-6.002090147028622980e+00
-4.200393013485673954e+00
-9.259815432384302269e+00
8.398019505980268695e-01
3.735021251267082398e+00
5.227157682503080771e+00
2.932750628806383375e+00
1.600912656641219955e+00
-2.696801921713240180e+00
-5.492769052961311571e-01
5.717963645837704778e-01
-4.075693596830612386e-01
-2.646661571052171258e-01
3.316629216564472848e+00
1.766482936702545192e+00
7.781764036713508803e-01
1.351440494398234726e+01
2.842943326833619722e+00
5.782356435362185465e+00
-1.647565414636826375e+00
3.336035548621937075e+00
1.455918348996750655e+00
3.688200651016117160e+00
8.473280880084076427e-01
8.129073492281053970e-02
3.799665197882116985e+00
7.712775333748130180e+00
5.371992142785366298e+00
3.046099290047198926e-01
-1.755711120395639369e-01
6.038545374881721273e+00
-9.244617227484401845e-01
-4.283322889106829123e+00
-2.405109936120003677e+00
-4.818073931203198157e+00
1.468595360214014711e+00
-7.489268978161840451e-01
-1.189105066089488627e+00
-5.330783239257781858e+00
5.449865578434921254e+00
5.452943938909163846e-01
7.733425221185639131e+00
2.830202250541189457e-01
-1.345628354936585502e+00
2.936870194647862586e+00
-1.019734408418436011e+01
-1.105049553109501836e+01
4.404166788211210992e+00
-1.158589888959622449e+01
-5.524333765378769634e+00
-3.294385537896046046e+00
1.635968392555484430e+00
-1.832351892992201314e+01
-7.699990876188999245e+00
-7.133709568246937138e+00
-5.736964518220812437e+00
-7.870040043784838346e+00
3.905054707824467286e+00
-2.319975866226517081e+00
9.172587407609450239e+00
-3.085617750912768464e+00
3.680207917427494202e+00
7.021659517093404190e+00
2.843226155752391016e+00
1.105654056211443637e+00
2.574007000473414575e+00
4.339259178357906421e+00
-2.109850929790904495e+00
-2.245863911671050595e+00
-3.422217541821674036e+00
9.188758017931462074e-01
-5.154955271654421800e+00
-1.573296124851884414e+01
-5.672845728662847087e+00
3.878913904544462721e+00
-9.228416704122905045e+00
-2.817723795196906966e+00
8.457731168965773039e-01
4.273856239940808655e-01
9.940846320605551512e+00
2.952546999823310259e+00
8.498469503593483410e+00
8.727901502979708015e-01
4.859623020860356135e+00
1.018054857945984493e+00
-6.797336896632622860e+00
-6.272103035633941559e+00
-5.710950817209353936e+00
6.727547068412704334e+00
4.023857198775080413e+00
4.832368111511281761e+00
-1.130891234295881898e+00
1.752413744872515000e+00
5.710994189006094457e-01
-1.266516939204462844e+01
-5.694745906224278897e+00
-7.856932102382413241e+00
-2.614402597151311980e+01
-1.701931549974447222e+01
-1.659521413145006363e+01
-1.609702701220725629e+01
-1.062553308400696217e+01
-3.065663974029573691e+00
-4.072085057407138109e+00
-3.944138515724456284e-01
-5.587231499009583935e+00
8.810315687395233297e+00
9.855690340672209615e+00
7.636170622971193644e+00
8.187478183442191693e+00
1.443260827731326401e+01
5.902663558441410885e+00
1.050709505469616012e+01
3.109084907876790149e-01
4.442700427911827177e+00
-8.433682477992551774e-02
-4.326200490868214565e+00
2.805127198523297505e+00
1.560790038356771881e+00
2.249015545147000417e+00
3.471172224253742389e-01
3.796796578466647087e+00
-1.095507522909294984e+00
-2.911636115089368371e+00
-5.136402251493199067e+00
3.460093347788965268e+00
-1.436417784796202302e+00
7.040290220664093823e-01
-4.380474161979111436e+00
2.286508264867222362e+00
2.571002541709543010e+00
1.529775453376823524e+00
1.412905725087609143e+00
-2.951384187375940105e+00
1.923912130506179929e+00
-7.430561261662766093e+00
-6.511487175003101147e-01
6.912368813742553186e+00
-1.296709637847087038e+01
-7.114984688806585744e+00
-5.374272507408761612e+00
1.179356583235831257e+00
2.379172972203403569e-01
4.428444604614160340e+00
6.294228157960074732e+00
-1.855287659184011728e+00
-4.557366513564759525e-01
4.371476768421048931e+00
-2.430214795221843360e-01
-2.326774517041927393e+00
-2.209191596592072759e+00
-6.981777708766525592e+00
-4.477744342435892477e+00
-3.342716793305336775e+00
-3.846312888258144103e+00
2.298524821838954235e+00
-2.475668116162935917e+00
7.802250294554854415e-01
-7.723691382463319099e-01
-1.555630387592311425e+00
1.344487524336315465e+00
1.546986262824811886e+00
4.784045795562075210e-01
-1.622828187874417072e+00
4.165628381957317217e+00
-1.080893244521795360e+00
-6.066975931433287172e-01
-1.170557217733287247e+00
-5.243647931141154572e+00
2.903285396502333970e+00
-9.317398316526642743e-01
2.598687868804561152e+00
-1.366952263034705572e-01
7.257313568180423502e-01
-4.274127385133678070e-01
-2.429016674133892995e+00
-1.628171140215352697e+00
-1.073197314653486556e+00
1.612914270440059195e+00
7.365739216757242191e-01
6.294161012388060916e-02
-1.583217930561717335e+00
3.993144840260954620e+00
-1.306128229367327309e+00
2.187785154114993080e+00
6.474487052856119362e-01
1.099599356343705647e+00
-1.103048514405035085e+01
-1.055114976242042951e-01
9.199656191480675149e-01
-1.709163428026027054e+00
-2.792203204794895921e+00
2.889808152513129169e-01
-8.604029164695722542e+00
-6.955175278453493704e+00
-1.769042188395868687e+00
-5.023025968330869340e+00
4.242091027702488581e+00
-1.306398182132342267e-01
5.383440488599410267e-01
-2.530937595937599482e+00
9.343559092005857547e-01
1.566889654774775154e-01
-3.788594467968671720e-01
-1.601170397998865902e-01
-1.161341175652695012e+00
-3.421852266445981616e-01
-6.617647817354529449e-01
-2.052763144967627351e+00
3.396879189825460887e+00
-2.481746561148332475e+00
-8.119658813372747641e-01
-9.195988024349661671e-01
-1.832296663633673273e+00
1.820463534025221319e+00
8.882530262658880460e+00
-3.292363317682109436e+00
-4.292611717236802349e+00
1.000958132842143833e+01
-1.013216745644323247e+01
7.725969787624825891e+00
7.682206153816514949e+00
6.452239314481324151e+00
1.556050412402826266e+00
-1.866041665436066088e+00
-1.828025161321829642e-02
4.400467221493690323e-02
-8.782003086426856120e-01
-6.643901188144524239e-01
3.051504460733117874e+00
2.333166821319289763e+00
9.887145442294049680e-01
-2.046440890468294027e-01
-2.612615630762163299e+00
-2.728881379647723815e+00
2.754666615227469029e-01
-8.278808908780280751e-01
-9.968881712506092452e-01
2.888068351909453657e+00
1.833407670709311432e+00
-4.273895569210570677e-01
-4.739558033331398690e+00
6.514719297087428806e+00
5.114641075368239420e+00
4.355791277228218128e+00
5.672788431937574316e+00
2.151022765897207201e+00
-1.250592695118346809e+00
-3.370032086727173137e+00
3.489972213658457112e-01
4.683453078504980382e+00
7.537396390305891813e+00
3.676614225775292510e+00
-1.576293635392934656e-01
1.585172830435272573e+00
5.005455861654460881e-01
-3.603271451297510031e-01
-8.607965470822210863e-01
-1.237646564088085155e+00
3.105653961444952760e+00
-2.837855640274014046e-01
3.000027412185309217e+00
3.448301030774824305e+00
2.837354918321880248e+00
1.429285708631505170e+00
1.499531406580885351e+00
-1.645768331840950838e+00
-1.086710000563993361e+00
-1.367096759333712441e+00
-1.538450393151682971e-01
-1.522064747734072354e-01
-2.015077289645585967e+00
3.673242752156228974e+00
-1.520977927486447667e+00
-1.866501075776032526e-01
-3.368943627691068365e-01
-2.952064381201650267e+00
3.657989671413830024e+00
5.912443887412369925e+00
8.375182144060593359e+00
-8.890249354557613337e-01
9.158594533636218449e-01
4.506516872354411340e+00
2.673362401225835683e+00
2.470638357408182273e+00
-5.520162447151994584e-02
2.773863421267164231e+00
-2.201207886463354413e+00
3.291052512818657849e+00
2.007159833827608930e-01
1.360734384451390611e+00
-4.263895453904292809e-01
-1.233254614124859039e+00
-2.212981702259460448e+00
-2.306678885186306260e+00
-8.663586887981978846e-01
4.100763376008081273e+00
8.155091700363599205e-01
-8.270138786965373079e-01
-4.078985439481652153e-01
1.294604254024702472e+00
4.586756526094731279e-01
6.204203502127707548e-01
-4.065152404406285891e-01
2.577138922916581532e+00
7.482373197995899616e-01
-4.894000953879946714e-01
-3.505922010854404469e+00
2.527740710452673234e+00
-1.746380115114307463e+00
-7.162487762255376200e-01
-1.296028559531892110e+00
-4.338123418490620331e+00
-4.353745194673763308e+00
3.457905732509660712e+00
-4.634778123948908757e+00
-4.312723953449805414e+00
6.642107520099577833e+00
-5.220231978360413194e+00
1.354880876132044110e-01
7.437638556409778001e-01
3.253017700162767589e+00
-7.931968617191200721e+00
-2.722131003410227290e+00
-5.124961008926064210e+00
-4.192973592217472678e+00
-4.854154755078223360e+00
-2.134725735425423987e-01
-6.244899499605307547e+00
-4.694061188076373847e-01
7.049652255028651116e-01
-3.848754636159124232e+01
-2.191531547506138367e+01
-1.752223316620329996e+01
-1.049996829951596844e+01
-1.349140955675444431e+01
-3.817388831115412717e+00
-4.283272359684206165e+00
-2.205854213278866549e+00
-5.775020020855496483e+00
2.069013459663488597e+00
8.029820980604837066e-01
1.303576664493838910e+00
2.612585906100741706e+00
6.602701053817716659e-01
-1.485639457208892233e+00
-1.037211126398236649e+00
-2.585009165866745118e+00
-1.010878268901695520e+00
-3.030389895483740936e+00
-1.069578083248329398e-01
5.124536826190356109e+00
-1.346945538234583406e+00
-1.002172422750805980e+00
4.697705185251277449e+00
-9.499988991502076985e+00
-3.703404102924483077e+00
-3.307246123912975122e+00
3.770371038429871091e-01
1.136222654765443263e+00
-7.001798140324694275e-02
-2.058870859022777111e+00
3.678970357210248565e+00
-1.315745463231810852e+00
-6.133432277696656554e-01
-1.132084990855785067e+00
-4.503717674473253219e+00
-7.356728525721876188e-01
-3.996613525062645333e+00
3.897006214782592792e+00
-1.799280055125924427e-01
2.127947956495404913e+00
-1.637531761305369926e+00
-3.451892728043660430e+00
-4.362528346344143770e+00
-1.186937143362967628e+00
-9.127929251923388776e+00
1.109745755452435784e-01
-1.074284720195282095e+00
7.005599858938148516e-01
-6.188982262086224928e+00
1.171638542672464922e+00
1.581851926842658740e+00
2.591695632233903535e+00
4.581936840347746731e+00
-1.009159352578770807e+01
2.230286909327089173e+00
-1.986510953379829969e+00
3.491855547044998564e-01
-5.402456187105841856e+00
2.316040260424065966e+00
2.490443875329642065e+00
1.393046111026055911e+00
3.171386929804919319e+00
-1.871800068612429513e+01
-8.954349312122305449e+00
-6.726670026676438319e+00
-7.837574315405310799e+00
-2.038642340803072273e+00
-4.512979516130484647e+00
-4.402668029222243540e+00
-2.796083097377134674e+00
-3.757886105939960419e+00
-5.439790198232824281e+00
-2.407254817602408892e+00
-1.795744252223744564e+00
-2.636224747741989560e+00
3.045514957927934141e+00
-2.326542772604426546e+00
1.528215576329979286e-01
-7.941607990797193706e-01
-9.972329986044229377e-01
3.199278387163906778e+00
1.968083852604989303e+00
1.269211577227151444e-01
2.432855210382442734e-01
6.049510908999460312e+00
-2.070890365850532433e+00
3.964987005327490488e-01
-3.608518592823903859e+00
5.764508252792690080e+00
5.031227368173935233e+00
1.033798994148076744e+01
3.821771475112550220e+00
3.884311880438668485e+00
1.396760560461536826e+01
1.855338977886340279e+00
4.062567356554695586e+00
3.581834956283719951e+00
8.353471342172658964e+00
8.157048665797452358e+00
-1.134598484350556186e-01
2.810050091487061419e+00
-3.719205135564846554e+00
1.582203912729439610e+00
-3.974235575564254996e-01
2.041192217618595262e+00
-4.170409481977416788e-01
1.562319326720073009e+00
-2.479595818615559821e+01
-1.693875569104157108e+01
-1.201263242616311366e+01
-1.035910717453520036e+01
-2.529843767756058792e+00
-4.117642959255580770e+00
-2.713271221753066786e+00
-2.914279879259877415e+00
-5.863478524966941663e+00
2.180431070134779770e+00
-7.426327153576622875e-01
5.830379585880744564e+00
2.904748508871397572e+00
2.866760510494043679e+00
-1.880132980320901037e-01
6.745695647065516054e-01
2.856434141371732016e-01
-2.074120998110651759e-01
-2.752453443906570207e+00
-1.543822274797193916e+00
-3.044292751705331312e+00
-3.447559317349374819e+00
-5.132825871319679933e+00
1.986196546285362796e+00
-9.831264936964909662e-01
3.772134690833155002e+00
2.280714168033389999e+00
-1.873743566178379227e+00
-1.899556244582034370e-01
-2.449948150474104414e-01
-1.808688673296253713e+00
3.488506749227865633e+00
-2.226720953638172240e+00
1.695788898456775107e-01
-2.563030905183083519e-01
8.876604075061435006e-01
7.263944950931939815e+00
8.244428200554956288e-01
2.660918366570911964e+00
-2.328431348217975927e+00
1.810282768733574077e+00
1.188099380796228788e+00
-3.539347090127117124e+00
1.412047818313153735e+00
2.783214930762770711e-01
2.470785399811770588e+00
1.573813668661536935e+00
3.072811436629400705e-01
-1.251205515221359699e+00
4.305497546084925631e+00
-1.438151931450946108e+00
1.496359294863716327e+00
8.708765736701210569e-01
1.597607241023159874e+00
2.875430977122566567e+00
-1.751976762457056802e+00
1.194559536569429037e+00
-6.110846243223554131e-02
-1.090588653828898247e+00
-1.889508818827623227e+00
1.000533868214003252e+00
7.064876301903009193e-01
2.557934012381234190e+00
-2.321555999541588200e+00
-7.227312385454997212e+00
-1.638516325970344134e+00
-5.438668596075086015e+00
8.175192880498227677e-01
-1.451964652513859422e+00
-5.100706268117014552e-01
-2.127707040560229856e+00
-2.518674811406818037e+00
3.084004148437700987e+00
-8.196315618573400963e-01
1.310066792921531720e+00
2.241645446936622044e+00
1.831367650242855305e+00
6.525954753519195295e-01
1.618139293407520718e+00
1.081190525982098860e+00
1.860243350909869031e+00
-5.764594417873937893e+00
-3.399737609300431895e+00
-5.957722318818793106e+00
-6.560045222042196755e+00
-4.537973010781106709e+00
-3.278389536596750253e-01
-7.552208414511580870e+00
-6.893693280676472801e-01
3.594016989016584063e+00
-2.317242538191131906e+00
6.191228841454599952e+00
2.125289411979057519e+00
4.190661908852424844e+00
-5.513009063832927659e-01
2.494606685534940027e+00
-1.199938132286409304e-02
-2.342131334523342434e-01
2.103414222455210147e+00
-7.099298565049366516e+00
-7.109600413387217266e+00
2.740917240984407588e+00
1.910530946624312831e-01
3.420864452207299067e+00
-1.033403352933182973e+00
-3.736480329616486351e+00
-3.686618967072630593e+00
-3.597897021554282482e+00
-2.300853127005172283e+01
-1.307607577952651567e+01
-9.136619644670441076e+00
-9.089980987244972610e+00
-2.441064474575990406e+00
-4.478049817930516596e+00
-4.744355060162058102e+00
-3.222841826366717566e+00
-4.531162626117261283e+00
-3.768661517421767471e+00
-2.503471081305224111e+00
-2.353848866352662661e+00
-3.087174973508610254e+00
2.614015888828518541e+00
-2.484667516188348912e+00
2.431581379178519575e-01
-7.780491222218349767e-01
-2.253840121322828960e+00
-9.019327434455270520e+00
1.036255863098493712e+00
-2.838279676746709335e+00
-3.054605022693651639e-01
-4.683186675869256632e+00
3.187977802599984312e+00
2.047346413507425300e+00
1.984144378027453692e+00
4.706810781679766187e+00
4.896941029014771907e+00
8.845933784175445069e+00
4.359682026485240058e+00
2.518869180146741549e+00
1.818581362831459103e+00
1.389852745011170398e+00
-8.689496977189556937e-01
-9.014274504942466626e-01
6.529440019199175271e-01
-4.732578358008413311e+00
-7.344566378216141445e+00
1.863499658664118375e+00
-8.824940875490419057e-01
2.176189197250273377e+00
-1.952825177870413098e+00
-4.528724400669738692e+00
-4.867806335460501899e+00
-2.658156024337791745e+00
-7.542467858153367288e+00
2.977250003986428251e+00
7.523102813740735195e-01
2.833984704027082469e+00
-3.813043587983846017e+00
2.287811696235305448e+00
1.285295649074295943e+00
9.080366124356379354e-01
4.004831157442162670e+00
-4.616262831460480776e+00
-1.767139360468264808e+00
-4.417530359072305290e-01
-1.639022110875445470e+00
3.758345934852846959e+00
-1.362976808108089743e+00
3.675805741096876411e-01
1.210594579866544063e+00
1.581555574373768813e+00
4.711850978522474698e+00
2.187765507877416360e-01
4.997428894588063386e+00
-1.837673210015734471e+00
3.207578065078121377e+00
8.865426520228206764e-01
-7.482536352151117676e+00
-3.929538072297551032e+00
3.654385653789716137e+00
1.923793264611344966e+02
1.191233422213576603e+02
8.191773399092643615e+01
6.072638649087801355e+01
4.467387636316104249e+01
1.943570287505270144e+01
1.770720823030942270e+01
4.766232373311417803e+00
3.563105247277411536e+01
-1.690884483953903450e+00
-2.701468929091148663e+00
-3.392143354936060007e+00
3.264450167260421476e-01
-9.146588842163196897e-01
-2.273453391512834543e+00
1.782316914643147232e+00
8.661479186578042722e-01
5.137169301475405625e+00
-2.737425509250207156e+01
-1.971546510437532262e+01
-1.496972528705297023e+01
-1.244962896890484316e+01
-4.375066687213599259e+00
-6.699392975667272765e+00
-4.237371814150721505e+00
-3.187614652508502733e+00
-4.811294590089879364e+00
-2.101409351878956144e+01
-1.423200182121103019e+01
-1.029806812082637180e+01
-1.080812708846111647e+01
-2.366427948284221205e+00
-1.722546215140255299e+00
-3.013581022017541855e+00
-1.422885652403235168e+00
-2.281055450573258092e+00
5.601588624448839759e+00
6.561467919372326207e+00
3.124065997918147986e+00
-1.300696061817237181e+00
1.642644013012177107e+00
-2.497392086740917172e-01
-2.404378529445466928e+00
-1.632378354649059560e+00
6.224197544412398919e+00
3.992771489966160381e+00
1.755430020066526042e+00
7.630154758323368647e-01
-1.181308988923406966e+00
4.384559878066439431e+00
-1.454422397384327326e+00
-7.779121264310746853e-02
6.188337233062590759e-01
2.916909338633193460e+00
-1.539507541336723406e+00
-1.776825894696040242e-01
-6.292342332274153405e-01
-1.963298570412932209e+00
3.694263811085613192e+00
-1.771901587698078817e+00
-2.485684706979745862e+00
-2.096645678585201900e+00
-3.696575066031048129e-01
5.304871419311012026e+00
-2.926641558814768729e+00
1.098237788256346992e+00
-4.483099130156151801e+00
3.902406872221871326e-01
-1.868216849877878394e+00
1.181155908129354559e+00
-1.233591988832360098e+00
3.689039935721209584e+00
1.645006983896367956e+02
1.024716490148380501e+02
6.683732761008215562e+01
4.531120736166971597e+01
3.330335911469036603e+01
1.955130250890488242e+01
2.219692205707952226e+01
1.626795623125699564e+01
3.331688368672872258e+01
-6.793062331992017810e+00
2.152551049959981366e+00
-2.467438604239167610e+00
-2.625939970347546115e-01
-4.413457305498543093e+00
1.056457200298684951e+00
-6.765678277552562847e-02
-5.082376579487533075e-01
7.124859170493628824e+00
5.888027797843263800e-01
-3.476230899649316974e+00
-1.404332234215530106e-01
-4.182627758858466216e-02
-5.618426740704125510e-01
-1.076593132097662053e+00
1.484537829151105992e+00
2.415712279331595269e+00
4.017761591961124701e+00
3.071567632143763049e+00
-6.289532760571914238e-01
4.593079335779364669e+00
1.299060029917630921e+00
1.406672567794297724e+00
-4.470589591550958586e-01
2.374269195695604129e+00
3.862265958461979842e+00
4.556412552314133002e+00
8.655952398367762868e+00
2.069693754798218599e+00
2.499070517982266093e+00
-2.969318011391449907e+00
1.520166314390702933e+00
7.306719754867229133e-01
-6.488548749886798861e-01
3.602524933263878015e+00
4.026842425141114568e+00
-1.039844891372439628e+00
-5.761241082218124809e+00
6.493647518405130104e-01
-5.193583483317416594e+00
6.366634288655695917e-01
-3.567620408686150046e+00
-4.519591679931568073e+00
-2.816350069066552830e+00
6.279792777621296729e+00
-2.534630015992756924e+01
-1.883788367463838398e+01
-1.435079148518040171e+01
-1.211001985738060682e+01
-4.319795365455841640e+00
-6.293074402129219536e+00
-5.482194024229753104e+00
-2.076026305351271972e+00
-1.978407650428993136e+00
-4.159749419351303601e+00
-2.904859132958315104e+00
-2.453611735446231457e+00
-3.219076845305367751e+00
2.337402565327554527e+00
-3.779569432882543101e+00
-3.922157782860072217e+00
-1.706921484776385611e+00
9.519916211540820683e+00
2.854369178653032524e+00
-3.262038064331370446e+00
2.764717293648614405e+00
-1.083824229170071929e+00
6.676737392603396826e-01
-3.647154360443947141e+00
1.791124611525893418e+00
7.630213135186584283e-01
5.466551616059182273e+00
-5.897796495773880210e+00
-2.477584136244606494e+00
-1.864852961918915586e+00
-4.870607443562364303e+00
2.251423262559414606e+00
1.982389833655906486e+00
-4.218937468105729671e+00
-9.692762766787198225e-02
2.298788305931178222e+00
-1.127925200311081344e+00
2.282571448264474612e-01
2.604058206006239218e-02
-1.694604866131503629e+00
3.489965606773429929e+00
-1.517288216867029860e+00
-8.263226895122651738e-01
1.217692441430044292e+00
2.121323285252227908e+00
5.585347702821535920e-01
1.049054020822412392e+00
5.820030380021520289e-01
-6.897647207515056333e-01
4.371420316044236642e+00
-1.108576605578726282e+00
1.772094590111596313e+00
2.864492775938308977e+00
8.360229347819684520e+00
4.615147148015049439e+00
8.398547174052873876e-01
1.731436446735932777e-01
-2.624919184024702368e+00
-1.055770661024254820e-01
1.189699809883433934e+00
-1.840845864750344729e+00
1.317072159866857328e+00
1.354770647252529214e-01
4.244987477971355894e+00
-1.092901333184679746e+00
2.103361353501411291e+00
1.988017698319439752e-01
1.187619400453937324e+00
-1.631345254194568994e+00
-1.889839952750899332e+00
1.125416584822736876e+00
4.760319350331340793e+00
-7.968810439034596627e+00
-1.851874902553402702e+00
1.098874607744188880e+00
2.009140807698725606e+00
-2.788745317370600940e+00
4.274613358639496319e-01
3.067607932274692750e+00
-1.223694823472602389e+00
3.719575891438203108e+00
9.786735697625145391e+00
1.395752139650229928e+00
6.862036336210620924e+00
2.503271266385780347e+00
6.009607976218476644e+00
-1.337614587325097526e+00
-7.952194024749002388e+00
-8.154499949073418463e+00
-3.443523582768027058e+00
-9.739530714797206556e+00
-1.517347704604551950e+01
-2.572878722090235470e+01
-2.185712852169908516e+01
-9.560144334672646238e+00
-1.030500693371225651e+01
-1.093308442213130505e+00
5.158535415497180310e+00
1.053889245297417254e+01
4.094299723652228273e-01
-1.937832895647798814e+00
-2.491366582561644005e+00
-4.000803246075152586e+00
8.297962546628505354e-02
-1.619258444894402071e+00
1.339836199627022273e+00
7.738985288660372497e+00
9.585346241481119023e+00
-2.793267672292461423e+00
-4.939332307284987955e+00
-4.665931154999496400e+00
-4.317053578226224264e-01
-6.824699285005926264e-01
-2.213447125529569792e+00
6.768026025142312996e-01
2.400780729655159540e+00
3.836526970185782925e+00
-2.184316345081844801e+01
-1.546105632217367720e+01
-1.172934228118533717e+01
-8.625152540837474291e+00
-1.060029077944129838e+01
-3.460840197608568758e+00
1.639470522521738083e+00
3.874197964025720142e-01
-4.970545370534519058e+00
-2.342211139404057363e+01
-1.113428698998213306e+01
-9.752918662223370561e+00
-7.352451597416508555e+00
-6.021787151921300207e+00
-1.060920014148929980e+01
1.477700511831133934e+00
4.814575321113344408e+00
9.348182517008522652e+00
5.322593872286102146e-01
6.698671564977233261e-01
6.014518022047907753e-01
-6.773937667806180229e-01
4.530231331529694927e+00
-2.555070940167568416e+00
-5.616389800361402784e+00
-4.553052868249237939e+00
-1.571201462626318435e+00
6.975328977258469898e+00
-3.529764062674850322e+00
2.786421288887922731e+00
-1.678113498978236251e+00
1.956375914769593827e+00
-9.759003842007371032e-01
-1.412314360517695100e+00
-4.599483941583380364e+00
-6.026535299807317614e+00
4.847200806481462365e+01
1.109522251542683513e+01
1.581971349671265514e+01
8.184650448937366818e+00
1.117260194728209122e+01
1.014203020942131772e+01
1.433173651942705185e+01
9.451692214416448579e+00
6.303917054901997830e+00
-5.372970898516528315e+00
3.849045221389536309e+00
4.678632783866601419e-01
3.124354686280781390e+00
-3.163943747232963233e+00
1.899476104772191754e+00
6.703423262756538215e-01
-7.332900310522817433e-01
-8.987099505350584217e-01
1.055571376392321348e+00
-1.355629367508792704e+00
-3.699469361893210628e-01
-3.040545115696540179e-01
-3.747657079132802327e+00
2.825334477163540470e+00
5.483785523655938521e-01
-2.107106792811596296e+00
1.380422825871434056e-01
-2.668445518595749189e+00
-5.953097680233215172e+00
-4.661557514369770061e+00
-1.250097400848839246e+00
-1.266920207850240843e+00
-2.264445023790809586e+00
-1.461143632562288186e+00
3.479220997168384621e-01
1.524521558920604036e+00
9.205360100933928535e+00
7.296682648701106721e+00
5.414842232218952667e+00
5.765753187498193988e+00
9.440351882389109051e+00
-5.847707531559262151e+00
-9.198151677664206716e+00
-3.517818911556219064e+00
1.673993809245484021e+00
-9.199809263395342995e+00
-8.032944827829668899e-01
-3.034257669986619721e+00
-8.967049337519362728e-01
-3.858333447718589326e+00
1.705060943269404605e+00
2.774628026640759693e+00
1.220466553352674399e+00
2.012828959599203049e+00
6.165330125252609372e-01
-2.284354021699120274e+00
1.958871820318107471e+00
1.379663116791888466e+00
1.513528111748339899e+00
3.545529266729811058e-01
9.190607098816255816e-02
-3.572632866683128627e-01
-1.603936802072676748e+00
6.690666065934077089e+00
2.708166706283258840e+00
7.495023365436732199e+00
2.248692753808995359e+00
3.769412389026588706e+00
6.352009858463815439e-02
1.898351701874305408e-02
-1.313711498311964432e+00
2.182292975031975057e+00
5.052284740447893441e+00
-2.715442790005597185e-01
3.765250001814426817e+00
3.444460420366372566e-01
1.287297213875583823e+00
-5.971044504430159661e-01
5.643664977261197979e-01
7.221214254999439031e-02
-3.358721814180078424e-01
-3.063848184639626826e+00
-1.708135601390457170e+00
-1.072280257866610143e+01
-3.650289313211429576e+00
6.954291098481278910e-01
2.375138380947000805e+00
7.264643419013441239e+00
9.389329129619161662e+00
6.709877490326025651e+00
4.745504657498083589e-01
-1.584786207795435553e+00
-1.829061260510560283e+00
-3.020254433902749724e+00
3.171802334387690880e+00
-2.252498061729431456e+00
-1.807077717628536861e+00
-1.509714882039983053e+00
-7.607508644849316770e-01
1.098559317163610594e+01
1.095920285184331178e+01
3.314835292489861640e+00
9.368073912743847487e+00
1.295596436040444566e+01
-1.785561915464134453e+00
9.749276801165784878e-01
1.779941006588355634e+00
2.417676584473100743e+00
-7.071568921652069406e+00
-5.595883039765383593e+00
-3.967042980608443514e+00
-4.140861533821346363e+00
1.812268427658839887e+00
-2.799225419988045971e+00
-1.001574934833429076e+00
-1.867195973771588191e-01
-1.088908201434307221e+00
-7.919637072077596152e+00
1.950874987762870560e+01
1.884392718774131836e+01
8.005145488834047640e+00
8.167553389619653714e+00
1.760562173524520446e+01
1.098129176064017720e+01
9.089635456978857775e+00
4.835737515402728448e+00
-1.039151713963488000e+01
-3.236720786975917807e+00
-5.047222906529074571e+00
-3.697621775596318550e+00
-2.749902829975073626e+00
1.394822998297897021e+00
-5.828624478590518798e+00
-4.914717797520267162e+00
-2.733434581003431951e+00
1.453125087131304394e+00
-1.454116790160663975e+00
-1.775608474764362121e+00
-3.061601642931860656e+00
2.525700455553983481e+00
-4.651756806047184334e+00
-3.822111985682211888e+00
-2.709917333045118060e+00
1.071638133671232840e+00
-8.080956569371512188e+00
3.212520654377884477e-01
-1.327063319752720849e+00
2.020805472427097405e-01
-2.611573480561688032e-01
3.159516536346409499e+00
-6.209262558091070083e+00
-5.100159240737442978e+00
-1.785759120411684053e+00
-1.082959246502103845e+01
-8.244696155997790044e+00
-2.781088348326042237e+00
-3.155954566037222353e+00
-3.638665862593159606e+00
-1.376845848677888284e+00
-2.551616563896901724e+00
-4.207093089449235102e+00
-1.943906818416790028e+00
1.522186607077901765e+00
1.703982338894186155e+00
-1.490594216221615920e+00
-3.649309406774784437e-01
-4.706876545830880887e-01
2.012219627497462415e+00
-1.468746418988373881e+00
-4.319764845088170935e-01
-8.283705302982774521e-01
3.649817944799482294e+00
6.550090838813720229e-01
1.376038722455148244e+00
-7.039970680140780201e-01
3.509952140241608287e+00
1.151177841854873707e+00
3.094640961339183427e+00
2.717965435565390830e+00
2.363754389926540078e+00
-2.600332178505077252e+00
8.009455181349435904e+00
-1.027051346804557008e+00
-1.291144896103815443e+00
7.056575377000759985e+00
-3.737348341009563590e+00
7.081050729504124064e+00
7.796173450794634974e+00
3.793084763592378561e+00
-7.662531848138498525e-01
-1.790267780407448717e+00
-1.213286003462384244e+00
-2.168212268180165214e+00
2.403332405475234967e+00
-7.452532154809499154e-01
3.744670752275774284e+00
2.516158204289874689e+00
1.370742156984385396e+00
-8.842831635200494589e-02
3.001608898978310513e+00
2.839399409260801477e+00
2.843732059117819233e+00
-2.516194933087543717e+00
1.985840965467728036e+00
2.778325922346021937e+00
-1.359259953811546406e+00
-1.584533226509903026e+00
-1.020370184297880911e+01
2.757866293032997795e+00
5.956797429053225512e-01
2.913971013074846628e+00
-3.998418120736081161e+00
9.430234195921568530e-01
1.133400876428258597e+00
1.851170669662206281e-01
-1.838593165641594140e+00
-5.492671439278287160e+00
2.379694150844798295e-01
-1.979442517495237253e+00
7.792501691992499424e-01
-5.527848663876342883e+00
1.979257007537748914e+00
1.195535806781641508e+00
1.952142844476013883e-02
-1.715084244770485711e+00
-6.807833704858363255e+00
-3.958799574318600190e+00
-4.342562994212874727e+00
-6.182949016205324000e+00
-1.364993595722928665e-01
-2.024933918886837159e+00
-1.560212353583745104e+00
-5.577531793440072549e-01
-1.110716036795349915e+00
1.767229168873794665e+00
4.768068618378503154e-01
4.609658039579180855e-01
-1.442916564516473654e+00
3.373041048968616007e+00
-4.993176515902773560e-01
3.815960011427373288e+00
2.569369686076916626e+00
8.451471079442480772e-01
-1.038329828741844452e+01
-7.366191068537585984e+00
-5.447066493614390659e+00
-5.270018520264676987e+00
9.909668632279304834e-01
-3.092406946247382216e+00
-1.039077487139554501e+00
-5.522703454756408004e-01
-2.206286462763804579e+00
-1.950459681068220874e+01
-1.431770341410955538e+01
-5.379246838312435663e+00
-9.270508903088581221e+00
-7.374834413995348115e+00
-7.050292305137703330e+00
-2.378446884476064227e+00
7.597180308452267106e-01
4.640849153329023480e+00
-1.701768242068399717e+00
-3.690954602553005337e+00
-3.627154584588227149e+00
6.564705608006335957e-01
7.995815653753423069e-01
-1.098095746654108362e+00
2.832721712076530451e+00
2.084254947089535737e+00
1.858862504752253342e-01
-9.299441678708889825e+00
-6.573896059799698044e+00
-4.335387814855583777e+00
-4.085201301366427451e+00
2.283057097150072767e+00
-9.508143169911363879e-01
-7.351722822221028464e-01
-8.055068071036702859e-01
-4.212505142332699570e+00
6.112856209358329629e+00
5.840360010226130605e+00
-5.377519311143529102e+00
-4.439173897370903177e+00
5.709963609689010511e+00
7.576201785169882630e-01
5.552789984209976382e+00
5.980257017074650072e+00
2.136163384686668998e+00
-1.540934505844314018e+00
2.373059460474983950e+00
-7.709515598077402165e-01
2.777921594746888712e+00
-3.984044047776234887e+00
3.565788776256345383e+00
-2.260704023874687163e+00
-2.045414902523965406e+00
-2.476164185782291582e+00
1.908260749276543766e+00
-2.469863580572837503e+00
-3.451944356851673668e+00
-7.611505853533482302e+00
-3.931295403841787550e+00
-2.078876601684129355e+00
-1.620406983352127739e+00
-6.481806442052391315e-01
3.716151881905795373e-01
4.567680784609464695e+00
3.648831398528678438e+00
2.067334847072352044e+00
-2.959228890430707359e+00
2.215978182697781129e+00
-7.023941737399552743e-01
-5.840628496567684680e-01
3.019621396259558055e-01
5.413026201353731137e-01
5.660269216261179182e+00
-3.541125455263025579e+00
3.562975593800479679e+00
-4.569859376708362286e-01
1.978506537890172723e+00
-2.349181603690846831e+00
-2.703109729878930612e+00
-4.946240265401876002e+00
-5.020835752362533988e+00
2.026857263854496161e+00
-1.122943938146685694e+00
4.926130213903086030e+00
8.502790123974327541e-01
3.515148714516448614e+00
-3.805264039068009252e-01
6.351471823133634231e-01
5.609257968819416629e-01
-1.407307872433393614e+00
2.995935629965459146e+00
-1.800840612655115747e+00
2.200704541709817885e+00
-2.194336381324609175e-01
-9.218933832278544682e-02
-1.361051757359058589e+00
6.689751939117478674e-01
-4.451683056445295272e-01
-1.630765700990026990e-01
-3.740865037584033548e-01
-3.388359330058552388e-01
6.884414478807464599e-01
-4.064956030056937619e-01
3.572152668534269271e+00
1.181311575453518836e+00
3.851667526704029676e+00
2.517224490805452852e+00
-1.674243130556287040e+00
1.468080621874419833e+01
-3.088690106196718244e+00
4.198461974182191803e+00
-3.023696457616257494e+00
-5.434540335605477779e-01
1.539147838661508727e+00
-2.624329492434114730e+00
-2.691037985816336242e+00
-6.232419941197547608e+00
-2.639989817883747758e+00
3.079185394033897349e+00
9.487352179202376279e-01
3.632301078840674435e+00
-3.812819161331294282e+00
2.265558912255982715e+00
-5.597384410093245721e-01
-1.241104220022938742e+00
-1.221012063096150513e+00
1.561644075057337711e+00
8.818726572282785670e-01
-9.769912194808741956e-01
-1.894519307399610275e+00
-1.260600410104972147e+00
-7.911751437416943977e-01
-1.352675467595145564e+00
-1.324857440943623565e+00
-3.865918064964541934e+00
-1.685690371449330627e+01
-9.084617124709799540e+00
-6.537930737700120787e+00
-2.978588783495309311e+00
-7.914833483386540358e+00
-7.832965131551801186e-01
6.508747521465139962e-02
1.902811261841467760e-01
-3.871071047361615669e+00
-1.481890790413744885e-01
-8.209934617858355210e+00
-7.409525061115624034e+00
-1.109370858266386506e+01
-7.914106312729659365e+00
-1.044490396297984125e+00
-6.165028496899458421e-01
2.425622890477009186e+00
3.263924319429176713e-01
7.348075489589647624e+00
5.407427226175101964e+00
1.858239938724393747e+00
1.326738667043985354e+00
2.584963753698030331e+00
1.469186013547593372e+00
-2.776308219548740741e+00
-1.032500768662085289e+00
-5.848647239692412736e-01
-2.388499528659539184e+00
1.612104833079904376e+00
-1.056816146731896833e+00
-3.763194474744344098e-01
-2.923776598609296062e+00
-1.161994730212452948e-01
8.404532448605124273e-01
-1.387556803538335215e+00
-2.815106383548909186e+00
-1.806844324224409659e+00
3.289535059166401876e+00
6.385001656336743991e+00
1.352912835586244977e+00
3.091858751841433328e+00
1.979619640102837197e+00
8.071098674571525189e-01
-1.388994940807870559e+00
-7.536515469532517608e-01
1.627175484611417255e+00
-5.989092595025175214e+00
-3.712902996344640272e-01
-4.596766474305797878e+00
3.341720313429037414e-01
-1.231904897606431293e+00
-1.006123810075853164e+00
-3.010656835614684557e+00
-5.640115541994732418e+00
7.941018086220058558e-01
-2.466333073592343439e+00
2.794549243899215440e+00
-5.079936087805262401e-01
1.424314519974328341e+00
-1.553150094028491912e+00
2.246211747248184398e+00
1.399581228419177314e+00
-9.946280233005018179e-01
-7.419316828270376973e-01
-7.606378713025274685e-02
-1.751159142646913081e+00
-2.937953566477399470e+00
3.720084582629937797e-01
-2.157489589719739920e-01
-3.740578679155749153e+00
-7.979680513061038205e-01
1.174240302986529760e-01
4.763972292471541969e+00
1.959986822043736421e+00
1.739963504506957692e+00
1.718205392294590295e-01
5.544694357853421351e+00
8.741823303400599043e-02
1.892941936874087849e+00
7.962348441502650198e-01
-3.537765063327759085e-01
8.704462295909781488e+00
8.413197964515143568e+00
6.901985097472602249e+00
5.249475762355912956e+00
3.617141805032032309e+00
2.992563805346667660e+00
5.342444176249639298e+00
1.052597707388169157e+00
-1.161802586703059442e-01
-3.212988382936998732e-01
-1.830892834385257295e+00
-2.054856158847854442e+00
7.873142669155026585e-01
-6.019721926623210206e-02
-3.391009197278522347e+00
1.240996128026470080e+00
8.841150353858985289e-01
-1.673775681408498306e+00
-6.905704113409695255e-01
-3.270007152502024894e+00
-1.151414435465397679e+00
1.454101383360521860e+00
1.029103003340814615e+00
-8.095184246489763868e-01
-7.351905315772885308e-01
-4.376805738631898701e-01
-1.136311400036911001e+00
-6.124395893252262191e+00
-4.618577163559793419e+00
2.940296599173770176e+00
-2.856953609703738906e+00
-7.263311124181688339e-01
-2.760388397279004646e+00
-3.602906320052800204e+00
-8.067093687011198666e-01
1.027323088629903181e+00
4.567428943240384065e+00
5.771275631887245794e+00
7.879959525170443513e+00
2.185951858199583153e+00
3.988748371718120023e+00
2.708819518241355695e+00
5.107956939068646063e-02
-1.608779949815013488e+00
-1.217248838957872170e+00
1.013869092096420843e+01
1.645176068772541189e+00
7.743699043139668170e+00
2.915581894095015336e+00
4.384854874958423743e+00
6.690987153063756576e-01
-2.987116987739958929e-01
-2.320336496873757870e+00
-3.888074470403574789e+00
3.030153891363249752e+00
-5.419988235502929408e-01
4.142361988559666308e+00
1.493405438531477447e+00
3.458399227993707026e+00
-4.480060251625728185e-01
-2.133384263569384931e+00
-2.948670573622954372e+00
-3.526444704554805742e+00
1.312365740772556411e+00
-2.093982105999323107e+00
-1.127305749227014431e+00
1.244086398273587662e-01
-2.648000076446942463e-01
-8.310123871474532908e-01
4.938236214502483179e+00
4.231214588766067486e+00
2.267820990646799206e+00
-6.520563064335088477e+00
1.851566500057359477e+01
1.660578238509974369e+01
5.005530995699218444e+00
5.118763847004836443e+00
1.423726487696726295e+01
5.093922522183439661e+00
3.436460564432529452e+00
5.333804459918393137e-01
-4.790597129722207193e-01
-4.185812706786641857e-01
2.988205579656973976e-01
9.237170141436983062e-02
5.671182269746852356e+00
-5.632787359910045311e-01
-7.819470156134677996e-01
-1.812907804236661757e+00
-4.280205753126245405e+00
6.448557718827757634e-01
-2.562501443511104871e+00
3.406680548821792165e+00
-5.229990994478703747e-01
1.996920638681589422e+00
-1.497517816777213406e+00
1.340136052054470839e-01
-1.416689851453126203e-01
-2.146019325652265941e+00
3.032278749248475691e+01
-2.445415615322332759e+00
1.209971297340736385e+00
8.033195599862618108e-01
3.845970513578365502e+00
4.378464937965659054e+00
1.334880906944067247e+00
-1.523977906590014697e-01
-4.476451570424082149e+00
5.745191680985166638e-01
1.369183297967967450e+00
1.242355569206970767e+00
-8.751303099549129216e-01
3.481243948821845180e+00
-6.094459525709718939e-01
2.476714170440813767e+00
9.149020928593467605e-01
-3.682065647733262503e-01
5.868608929447722389e+00
1.804294216459338962e+00
6.845274708724756962e+00
2.246168072369381097e+00
3.379717662147850188e+00
-5.514545498662931644e-01
-2.878336524447257627e+00
-3.178975376859349389e+00
-3.177422105454713819e+00
3.875732898174211627e+00
4.456129099428106421e+00
9.796493626739437577e-01
-8.352704809800637342e-01
7.535160098983587629e-01
2.063261470143060716e+00
1.581893020216945889e+00
1.205822816879160486e+00
2.603306328751230359e-01
-5.538288594565393907e+00
-1.534230331552144477e+01
-2.442685859452056008e+01
-1.658676312499752825e+01
-1.121831191255721372e+01
-6.548717404325730129e+00
-7.731644932360585365e+00
-5.381321744530058737e+00
-2.364980401093222273e+00
-4.909339818339415018e+00
-2.537320751544593911e+00
-2.518061074163720381e+00
-3.778011827934073974e+00
2.253771495604571573e+00
3.712492624915489925e-01
2.894259770194243853e+00
6.693750259442807771e-01
-1.476205485755471170e+00
-4.056149400022031948e+00
1.388087794557221422e+00
3.167181378220838006e-01
3.830228811874761607e+00
-2.330934950513373072e-01
9.301585095488895671e-01
-3.693832418772443837e+00
-3.041451490345087549e+00
-1.785997002517000665e+00
4.743609522690412916e+00
3.309259604515577102e+00
1.668644051857112176e+00
8.994142989305383695e-01
-1.320940892487431517e+00
-3.366594254794045504e+00
1.082067189065976320e+00
3.512558728718373491e-02
-1.395721791966559433e+00
-4.574087828808858447e+00
-1.112226950972745243e+01
-1.433250615100228886e+00
-3.785371662280983873e+00
6.914627922237314150e-01
-3.537594210930315786e+00
-3.941297470232375311e+00
-3.739803285074524197e+00
-4.831026090658260053e+00
8.732609235242659196e+00
1.149574753341329192e+01
9.674968883634869954e+00
9.435618078561709865e+00
1.223448443964594468e+01
-4.410535341603273984e+00
-2.362943107097069451e+00
-1.651366594293640633e+00
-7.483109299632948463e-01
-4.228549145410335441e+00
-6.847722196254769855e+00
1.481141651448533825e+00
-1.271932131469466709e+00
2.764342128187708525e+00
-1.601718246180635408e+00
1.164972015859379484e+00
4.463281030232614799e-01
-1.728899524850226355e+00
1.128136486524030424e+00
1.453010049765182665e-01
-2.899803637424981373e-01
-1.003886212020567381e+00
4.845773464614744341e+00
-3.701142577425647895e-01
5.715226112346495357e-01
-1.738705086588640189e-02
-1.872814641413029113e+00
-1.363847698247592666e+00
-1.265643856915256160e+00
-2.391889631568646202e+00
-4.207563577523825593e+00
1.612922820602030960e+00
-2.102451943269383339e+00
1.859460281445475482e+00
3.197335397416808944e-01
-6.384171492198915665e-01
6.555244571070343085e+00
1.790766165294904733e+00
1.612152087114193222e+00
-1.211721680406495194e+00
1.343648645438589195e+00
1.609310692999347925e+00
-1.065159721919587188e+00
-9.151283479603998794e-01
-1.622153638754125993e+00
-1.274992673754688610e+01
1.729621027161984159e+01
1.358440752143960317e+01
4.588558655672240194e-01
-1.364699440093392058e+00
7.192449753831454906e+00
2.840932544188191633e-01
-6.074580641051313679e-01
-1.658060349432656455e+00
-1.004270536851427975e+00
-3.310293511564178282e+00
-1.473602178031588661e+00
-8.055921500278175884e-01
-1.012379877551796703e+00
-2.118759719148039178e+00
1.261132602190671248e+00
1.162451963300633384e+00
-3.157353400167164370e-01
5.508932118834232838e+00
7.289637879674153886e+00
3.154285939883198164e+00
3.374734873065181606e+00
2.869579053653228407e-01
2.175565286688711186e+00
1.407895224286133118e+00
1.553207714394549965e+00
1.543608091342006494e+00
5.528537656038485792e+00
1.584153877580364966e+00
3.117024483749673447e+00
-1.154523375190673384e+00
3.151884427054742588e+00
3.254445874191433385e-01
-3.883957090389786426e+00
-1.328148115109092808e+00
-6.117143507446284184e-02
1.425118329550405516e+00
-2.228058484653178795e+00
2.699201068487151023e+00
1.089642429627702080e+00
2.148642426234458114e+00
-1.006594689282191757e+00
-3.627707521191122497e-01
2.196243324756835147e+00
1.706614430228071688e+00
7.422632205760552049e-01
-2.221756053295290467e+00
2.415977111528878396e+00
7.199998910576891342e-01
2.105203752420728769e+00
4.022820252318082268e-01
-4.339841075746084798e-01
-1.800179640640710010e+00
-2.072451078956468518e+00
7.260752369730417932e+00
-9.458020356135682150e+00
-1.086273121536506903e+00
-2.977941930814052007e+00
-9.514093443891933344e-01
-2.464049617957146054e+00
-3.617848089436372927e+00
-2.741816200313784702e+00
-3.574412143475956150e+00
2.505883961753173406e+00
-2.433511527895153126e+00
3.207292328226939215e+00
-9.534114296422605550e-01
2.993789022607670880e+00
-3.158336576646073590e-01
6.741022160470165892e-01
1.438278687637380759e+00
1.133831485950572926e+00
-1.375402661743476029e+00
-4.546702239824393921e+00
2.581375600939953330e+00
6.025866600079654578e-01
2.653809812431196402e+00
-4.926938974461537724e-01
4.237669363575480297e+00
3.628900389677564675e+00
1.149128974393567093e+00
5.246344387036935286e-01
1.736030871754591587e+00
1.620273887506200383e+00
-2.032799216555085664e+00
2.500245874684419611e+00
-3.177667129834408355e-01
1.622646651625184733e+00
6.025379662327966512e-01
-4.211309104281696913e-01
3.769438288257091596e+00
1.238620095250712483e+00
1.171918146210935374e+00
1.087732019421299379e+00
6.372712397278449181e+00
-9.850592148618270150e-01
8.606186446459922479e-01
-2.152713359082464306e-01
-1.689962207348621570e+00
-1.771775429121694501e+00
-8.860107375838230936e-01
-8.898991772708358283e+00
-2.387132205449794320e+00
-2.460374063863439431e-01
5.118739564231598038e-01
2.458072973036368458e-01
-2.218842226879148782e+00
-2.657579744625911733e+00
4.285387320951821621e+00
2.728785841007139279e+00
5.792624010841608273e-01
-4.135725988556525401e+00
1.320987672928247481e+00
-1.031027546696434705e+00
6.789181513968282067e-01
9.720272057444828695e-01
2.789221935058822321e+00
-1.255042242487485815e+01
1.019875183972329502e+01
6.260578018438975434e+00
-5.723007765998286978e+00
-7.828585761419407874e+00
-3.739269143456832034e-01
-4.510487652543577752e+00
-3.406334577858257884e+00
-1.701372336427698473e+00
4.647057786445536465e+00
-1.195985971200139719e+00
4.475781175960386271e+00
8.583171089868583126e-01
3.996113397056420879e+00
5.737366980366727098e-01
1.124577630039086396e+00
1.228784031197819537e+00
1.576240700190886912e+00
-4.992920427270937545e+00
-1.417648397757046652e+00
9.489536890094806276e-01
-1.526652368893192557e+00
-5.529072099367492443e-01
-1.492878235347234739e-01
-2.658134246491167474e+00
-2.177790998430372493e+00
-1.698472736439907260e+00
-2.373872751890669652e-01
-8.646044717180307870e-01
-3.047892190714471816e-01
-1.669365529777782076e+00
2.081378977939364106e+00
-2.859653952902966090e+00
-3.607891187873616623e+00
-3.975440227812302663e+00
-4.024940564836890999e+00
1.455643166372954322e+00
-2.645812551045602312e+00
1.394031486092768946e+00
-8.210495040447827186e-01
6.614006793661815209e-01
-6.572403999220940429e-01
-3.640352176286347219e-01
-2.098822242210453659e+00
-9.420830241816766648e-01
-5.886182933843046250e+00
-1.924401430966245607e+00
-2.656520614166481664e+00
-1.265024101972710868e+00
-5.540389249219324519e+00
1.671348935240379641e+00
4.486570896546565601e-01
7.154470102238073004e-01
-4.451334318119427036e-01
3.314008662450313447e-01
-1.513178966383409207e+00
-1.297745534761221009e+00
-1.583304788328056656e+00
3.467490549328267502e+00
-4.638475976181275939e+00
-2.466676534889923111e+00
-1.243664096630117122e+00
-2.300190136251110962e-01
6.955197349453967615e-01
1.249734343963383232e+00
-2.080540076790700008e-02
-7.911110019347763478e-01
3.574285484468441965e+00
-6.029839674703063146e+00
5.707074034463993639e-01
-1.225858632884348903e-01
7.207954418614237468e-01
3.257748780425979263e+00
1.124469333149496375e+00
3.713929160868366885e+00
-2.066066559802067992e+00
-5.907995134925183578e-01
4.318903461030911273e-01
-7.317067047799411528e-01
-1.000176751156845345e+00
-8.200943704110006394e-01
6.885209481827709865e+00
-6.254122100070635959e+00
-1.439799235981897407e+00
-6.166564482358483090e+00
-1.204343322977245334e+00
-4.863958002573293138e-01
5.270735008965604651e-01
-2.349283409546214785e-01
-1.095232707517651338e+00
-1.752361059963635626e+01
8.282450207005597420e+00
8.592308806253658560e+00
-4.039110930559196788e+00
-4.751939581941650559e+00
3.248248327671477309e+00
-1.503255747139699672e+00
-1.398357231360586761e+00
-1.905157916946318641e+00
5.829792961106787352e+00
-1.577630111452304140e+00
2.524468063356647196e+00
-1.807571562525608799e+00
3.723511971274028554e+00
9.661631984532575990e-01
1.280696309748269091e+00
1.310803660708503848e+00
-2.050410094259703941e-02
4.512269410651075674e+00
-8.719790369337233893e-02
5.394416764784958573e+00
2.322478725875526617e+00
1.323941809468516917e+00
1.425913172309811960e+00
1.619393509580940305e-01
1.029026410727452490e+00
5.653826186970446754e-02
3.880431140735519424e+00
-2.721721008234534001e+00
5.140089850785481751e+00
8.318317560893061513e-01
3.858579595255245742e+00
1.418759376512247261e+00
1.101335948999465630e+00
3.052318860080301954e-01
-6.368218221809626156e-01
2.187176681227721797e+00
-3.940946991936145505e+00
-2.765291122890306763e+00
-6.502944016207620415e+00
-3.732927787209499915e+00
1.313193920996176267e+00
1.287161464512917020e+00
4.872040242451868841e-01
-9.335316929883078485e-01
-1.986473989698645859e+00
4.982998154957461456e-01
-9.932244638896982281e+00
-9.098383762842427558e+00
7.124550619498494219e-01
1.404806681687890968e-01
9.626833352894729190e-01
-1.085772872721341153e+00
-2.145280956112627813e+00
1.670161052541014657e+00
8.203642246867628995e-02
4.882805854151713865e-01
-1.005328409913424093e+00
2.769149722009452752e+00
-8.094967534525484565e-01
8.360108004552158079e-01
-7.691665205709847797e-01
-1.665078538987919687e+00
-2.565030275830457729e+00
5.930356289267636249e+00
5.453048185403922332e+00
7.968252968139003301e+00
5.073844518179296159e+00
3.043244506372414726e+00
-1.836967481730658047e+00
-1.502394827832494340e+00
-5.470863010890276712e-01
-2.474275065900749304e+00
3.041929425838905576e+00
3.187335596818204331e-01
3.486879768897175769e+00
-8.286169323447982737e-01
2.115604817063504672e+00
2.992254465922135953e+00
2.429461822317281694e+00
2.111256220426280361e+00
-3.496977749389575507e+00
-1.602166911197838439e-01
-1.345739828941661997e+00
-9.355665806586650757e-02
-5.722908661484399140e+00
9.527812925472219918e-01
1.857821605954184108e+00
8.612102890069172068e-01
1.687229779844792166e+00
-1.204278151784704143e+01
-7.456306715557884601e+00
8.005354714496052404e-01
-8.749470484427331052e-02
2.068778416524329256e+00
4.155899357279080331e-01
8.273402587544724796e-01
1.983528322333500737e+00
4.570590642446186735e-01
-1.211140161797905179e+00
3.144883592517679904e+00
3.678113681048678640e-01
-8.945075859992941414e-01
1.221958010594067778e-01
3.574568299436934882e-01
-1.666403156773223759e-01
-9.268314311791545079e-02
4.382057774959043361e-01
-1.734095655900364363e+01
-9.415015878668018701e+00
-1.973183240968653607e+00
-9.278885678816326532e+00
-6.016000539802449865e+00
-4.291153634455562305e+00
-8.168441124639350903e+00
-5.094586373716452954e+00
-4.221344036074099471e+00
-3.752784372823476655e-01
4.627682594086190093e+00
2.985016447572256926e+00
4.624134906122848498e+00
9.702342721898342681e-01
5.261269043466344719e+00
-1.368039843795212818e+00
-8.108219188158051205e-01
1.295437586921638351e+00
2.354131126681355379e+00
1.578520700240094277e+00
1.650914378446050046e+00
8.547293079945799121e-01
6.196284185724514337e+00
-3.038978350615166857e-01
7.150260511533198526e-01
-2.514273973392463501e-01
-7.967114954319923781e-01
6.948765923062650174e+00
4.546124660562186115e+00
3.618082880471114038e+00
3.868624322926363046e+00
7.503174372608008014e+00
-6.539854176823202359e+00
-1.301015579261193711e+00
-1.396741123522681205e+00
-1.705492882186163017e+00
8.627413375700424325e+00
3.610345595956379050e+00
7.461824235349228118e-01
-2.400224337334417868e+00
1.724520566874864214e+00
-5.730572041665926708e-01
-2.939244563604028193e-01
1.011991353719719156e+00
3.102973611731760784e+00
4.278950797205663292e+00
-1.473042501506584223e+00
-1.200507035049449112e+00
9.353521453441432376e-02
-3.638836731889802500e+00
2.936129350255659798e+00
2.515849025222835156e+00
1.607462930953264646e+00
1.470911155915231916e+00
8.820939881260994042e+00
8.087253841433245327e+00
8.532446163643679915e-01
5.898920453489722604e+00
7.090583254271709102e+00
-3.204213760645682196e-01
-1.995722953684425205e+00
-4.174378157124228217e+00
-3.907983585333218102e+00
1.614498445315144748e+00
-4.295409108677571419e-01
-8.053017875815345894e-01
-8.075256430741984959e-01
4.212287480798720729e+00
-3.477021984344597971e+00
1.273207730637228030e+00
1.119196290836184771e+00
7.022506772465166858e-01
6.265003458252950352e+00
-1.015107306161207568e+01
-1.869140973156337759e+00
-4.917930444613042518e+00
-1.754326992529305684e+00
-3.780155343911485666e+00
-3.785666342372575155e+00
-1.875597227365791042e+00
-2.039085398785133396e+00
-9.020756097353743730e-01
3.134788568022941924e+00
-1.187880590915087742e-01
6.755110082307568264e-01
-4.298356455992252134e-01
1.634794213580389899e+00
7.488818462863291447e-01
3.469117327243659288e-01
5.287566334476628827e-01
6.820409661925134204e-01
-1.437330966769065910e+00
1.359259078144383182e+00
1.347758717732992162e+00
2.079247546233752075e+00
-9.854627811391941661e-01
-3.510604748817852894e+00
-3.194269704598883930e+00
-2.431393057639744448e+00
-2.384519400562787439e+00
-4.699476246013590597e+00
-1.478447653626123071e+00
-3.376905872655989183e-01
-2.205615842750643651e-01
-1.267264031473719132e+00
-1.293350606585122575e+00
-1.118370553537922474e+00
3.521581620334863771e-01
-1.287054724050810117e-01
-3.593134341436231782e+00
7.395394958280151476e-01
-1.531282249303828724e+00
1.860006714807668216e-01
-2.767406569568960695e+00
-7.254337963316125348e-01
1.874331541983698779e+00
1.990425043876705713e+00
-1.813796970537496112e+00
-6.279500432705070745e-01
-9.900744471460557472e-01
-2.821304410827838893e+00
2.588952734206026118e+00
-2.345373359638293742e+00
1.013532878594572306e+00
1.344780209621628669e-02
1.414229601120476465e+00
6.733356374286835866e+00
3.424162193658700559e+00
3.951490234334229079e+00
-1.706921687302032364e-01
2.605680900506512909e+00
1.171182389313413230e+00
-1.766471829763746504e+00
-9.664813661924787080e-01
2.795366176557682603e-01
1.343433584094014810e+00
1.472489675264229581e+00
4.326519177063273824e-01
-2.929735196538782116e+00
2.849159694027243894e+00
-7.222675136937789508e-01
2.160153702118785990e+00
7.613824897282708282e-01
1.294106690371522816e+00
-7.466876174059762228e-01
2.677593818604534270e+00
-5.251126309329269048e+00
3.666927405561973830e-01
1.642358010143472491e+00
1.693088936735815675e-01
3.465342859538554920e-01
-1.824896936619250454e+00
-8.123901779107242094e-01
-2.953504389155626075e+00
5.266316968819321431e+00
-1.371576437486933697e+00
-2.086364594383832038e+00
4.665473061801793442e+00
-3.254856139031275575e+00
5.560125961292952113e-01
-2.832024687226805115e-01
-6.672071766774272383e-01
8.147477793861580553e-01
-1.671618154499797892e+00
-1.392146673458691808e+00
1.329289872850205390e+00
4.518054767739110300e-01
-1.008172499129015298e+00
3.250052697728029738e+00
2.481097476184685569e+00
9.382228960427404507e-01
-2.929659736748329468e+00
-1.362116108215606358e+00
-9.892393807131456551e-01
-2.563151921789947885e+00
2.309564021778102827e+00
-1.591404229607910725e+00
3.695040061171627421e+00
3.018498838173886423e+00
3.865515081410640930e-01
-3.608116533361635181e+00
-2.309664670036716983e-03
-1.777456594396499279e+00
-1.701631160052352154e+00
-3.157261302265518044e+00
-7.687889548224752234e-02
-2.216942796852454212e+00
-7.590458184028993881e-03
-2.446553571808383343e-01
-6.945435664844403778e-01
9.962822728336065969e-01
4.225255349128740345e-01
-1.926683522567315121e+00
1.985116328357524162e+00
-3.448335319564932888e+00
-5.488578099745083705e+00
-4.911144236658978812e+00
-1.923532234643605676e+00
-7.041491955991616258e+00
1.870672785724990794e-01
-1.464720852174288490e+00
-1.437622300022568744e+00
-4.276785366620478257e+00
-1.301219341593114365e+00
-4.078958200326803230e+00
-5.475499173613146420e-01
2.269071216544527869e-01
-8.118479880482979638e+00
-4.411703380344606629e+00
-4.328978174414717550e+00
-4.332331396397829160e+00
-4.949693963637639804e+00
2.534242028099920607e-01
1.485800269074243563e+00
1.745685335176411446e+00
2.406499864247935605e+00
-4.239339921409506773e-01
-3.973361932054250367e+00
1.377745275780646039e-01
-1.467911778717183369e+00
-5.903144034592534561e-01
-1.355412358994098065e+00
2.197579253674871169e-01
-8.551713012590088647e-01
2.450983573888684819e-01
-2.972354251403488967e-01
-2.340683724513723085e+00
-5.417205221426693029e-01
9.278290780638557278e-01
-2.366864060564962957e-01
-9.804987048367199698e-01
1.469668586899838536e-01
-1.040107659154201475e-01
3.272252549145470701e-01
-1.096412087826626447e+01
-2.032602081568898100e+00
-1.984485825293786254e+00
-9.314518263022008027e-01
-4.767853369875349578e+00
2.081303286633725325e+00
-9.349256451282692559e-01
9.695421290076888798e-01
-3.515155812490391996e-01
-1.240658484937226941e-01
-3.313619720765885734e+00
1.267643673733837018e+00
-1.014088472350846315e+00
-4.467367587403280882e-01
-1.916891281961947247e+00
2.083854230423145409e-03
-3.896408221184310405e-01
2.137367694817470909e+00
-5.652677785041750891e-01
2.344980770675662574e-01
-4.196054421862140948e-01
-2.283936306905466118e+00
3.509150349325438345e+00
-2.195340672691536987e+00
-1.350402301113007519e+00
-6.426799341465138093e-01
5.909271795095931701e-01
1.465493048969590539e+01
4.423577884571341379e+00
5.683261114806490433e+00
-2.537394084768528346e-01
3.687812237577608343e+00
2.123674254825167473e+00
1.142744050728106364e+00
1.665178862354335543e+00
1.968732003517545071e+00
5.389295292605370769e+00
3.037199094776983355e+00
3.224348022077482945e+00
-1.099388652992265625e+00
2.416600218204286055e+00
2.928230813934606935e+00
1.596375108573159673e+00
4.193857031096153154e-01
1.312277287770655221e+00
-8.899851163501271145e-01
-2.110454139998106715e+00
-9.606172050753198910e-01
-2.912248736819827641e-02
2.087045781849543868e-01
-1.057869330992123214e+00
-2.069719499452531863e+00
-1.910748688294642506e+00
-3.175111884657700334e-01
-3.584857922220613391e-01
-1.089877335152461102e+00
-1.482471350883867167e+00
-3.525434724117909813e+00
2.334684757528380672e+00
-2.848383246530723056e+00
-1.533269601801331872e+00
-6.539837017936330765e-01
8.665662645013038068e-01
1.430305286061975822e-01
-5.361949935536907574e+00
1.902498536958629582e+00
-3.609201401315281998e+00
-1.732365174442887179e+00
-8.223117810530877758e-01
-2.006422411602781342e+00
-8.931049604851960810e-02
7.761202433499847508e-01
-9.288050349005461115e+00
-2.084068117584060964e+00
-3.959883883747986388e+00
-4.430882987418551244e-01
-6.334437366734550601e+00
2.298748722863448890e+00
-2.267018962854905784e+00
-3.715860456604254125e-01
-1.326138519836132179e+00
5.278685352077948423e+00
3.519778267798158389e+00
2.684280493870949691e+00
7.897839641509916131e-01
5.989235970778994389e-01
3.408541104402746491e+00
4.713203906106152807e+00
1.881908714932098992e+00
2.706663809462854786e+00
2.351029067084540625e+00
6.640701581943385889e+00
1.601373393463938033e+00
2.330853221686865595e+00
-1.409503395944152748e+00
9.056801853757229237e-01
-6.277599137156161246e-01
5.147134077789286000e-01
2.033950921319160443e+00
-1.599884073307611954e-01
2.422648246746489931e-01
5.828024827990774259e-01
-2.126603820148990298e+00
2.045635890379571720e+00
1.646882623931742673e+00
5.893295815774878044e+00
3.949748155289956042e+00
2.712561677058185960e+00
5.629460949882149068e-01
7.897795530998604541e+00
4.897240785613084846e+00
3.046289170798220924e-01
-1.366808920642849756e+00
2.194715853636227398e-01
2.105881175915376158e-01
4.917052647020251355e-01
8.229559231636359717e-01
-3.958040173724227007e+00
4.024947325188800162e-01
-4.111411779648563303e-01
1.120475097452646507e+00
-5.079824742884351707e+00
1.913011024225356405e+00
8.267914238590778897e-01
1.839431084747622958e+00
2.499517942779040602e+00
-3.683577487980135512e+00
-3.474686015906190306e+00
3.418009502222045359e+00
-1.028884671256054123e-01
8.100266670139414371e-01
9.433075106774994056e-01
4.318761490035738504e-01
1.274330557894472138e+00
1.468674113620459298e+00
-5.261354088510676874e+00
-1.025142497274169706e+01
-1.229831904472080240e+01
-5.860501460510702643e+00
-2.808474140859911206e+00
3.030214237350908224e+00
-5.717884002451142367e-01
3.953477109043878612e-01
1.114618129131931923e+00
5.211022294998560733e-01
1.103747126657503186e+00
1.720386384548233394e-01
-1.844765244787021530e+00
3.859614109728862097e+00
-6.773112639273825009e-01
1.899503535620763461e-01
-3.788662825966624403e-01
6.586965335812052791e-01
8.992938541741395397e+00
1.687787054969937417e+00
5.185437482447984969e+00
-9.259344928158758092e-01
2.271882677090786284e+00
1.230057702951606879e+00
-7.744370065173908912e-01
-9.501334341177238851e-01
1.232192247422027487e+00
-1.238578066951805745e+01
8.761510180584111129e-01
-6.376264792352903221e+00
-7.496092868439281354e+00
-8.396928290916273463e-01
-4.735422756219077378e+00
3.543899889845439355e-02
1.474101340951216588e-01
3.452082242190312455e-01
-1.778215127177518617e+00
9.026477749580952281e-01
5.635134226166376159e-01
-1.210261605096926374e+00
4.453628329980353406e+00
-1.199762482046961010e-01
9.570084593352234936e-01
-2.155295546181865141e-01
7.805648749644140683e-01
1.049820950946393605e+00
9.318529903967721628e-01
-8.393022629789598232e-01
-3.777163740134187542e+00
2.951414874224358886e+00
-2.833514070336821608e-02
3.116742387944934300e+00
1.315413749984066349e+00
1.334267080732350008e+00
1.859294908620189757e+00
-2.102589253916879564e+00
2.251757782405826358e+00
-1.768009016453588877e+00
3.030774517882213637e+00
8.715128612889395665e-01
-3.230546417244085644e-01
2.265448952000269356e-01
1.152037934027882127e+00
-1.061441474766236626e+00
-3.625705229127715867e-01
5.664866344495290695e-01
-2.009828769214899058e+00
1.919825045976002675e+00
1.269889610294377968e+00
4.661186334168461620e+00
2.999308282119522939e+00
2.505987258532974771e+00
-3.228326882211492777e+00
1.439954136837174214e+00
-2.614383269276712607e+00
-3.436006158172881797e+00
-7.098441293350173931e-01
-4.049825615261818390e-01
2.583091453478494337e-01
7.450358282933990939e-01
1.814240797167026464e+00
1.167046851675410224e+01
4.212027441315825627e+00
6.645455761097159630e+00
5.327209377558927983e-01
3.118431060820768153e+00
-5.077126668586916525e-01
-1.797649265262396545e+00
-3.849918051905528715e-01
3.914416495345392488e-01
8.574697477684168234e+00
1.314177796673848597e+00
1.822934717753973421e+00
1.560105358010871246e+00
-2.047603628836312528e-01
4.716052918305964958e+00
3.894395836212573236e+00
1.405460584125977075e+00
3.655235264280969787e+00
-3.861196433818299134e-01
-2.463956046177050663e+00
-1.595175942703439098e+00
4.686184055490322242e-02
-4.904919541932101223e-01
1.156258998413163958e-01
3.611347572498985858e+00
1.352676998315162749e+00
1.746870484115882416e+00
1.754056835401106351e+00
-1.268325870683632228e+00
3.547709645631158537e+00
-5.174891867174344906e-01
2.605299115238576046e+00
-1.068801932739336241e-01
-5.879074670427565374e-01
-6.701754635925695203e-01
3.708303493771832327e-01
-1.008830564501181470e+00
-1.586665006069975792e-01
-3.299634258245517926e-01
-1.829286052997223466e+00
3.695941851319624938e+00
-1.714752988080540108e+00
-7.952568179783574553e-01
-7.250552478393510469e-01
-4.068458786482197498e-01
3.264782231649668187e+00
4.097926479294771163e-01
1.848341916749855374e+00
-2.779434357931449107e+00
1.692581399467648406e+00
1.078981801025046677e-01
-4.334121965642977470e-01
4.970032404510907886e-01
6.051917850713776220e-02
-2.679533189335540744e+00
-2.541750940051142216e+00
2.975333548984869125e+00
-2.565369170498934537e+00
2.578501096712373819e+00
5.107958837369316329e-01
3.782187712075799180e+00
1.337586751522942263e+00
2.519050893940796065e+00
-2.690206174338613643e+00
-1.800045134199424357e+00
-2.385168341344334308e+00
-2.945328607556129352e+00
2.837942987878768974e+00
-3.650893777483351865e+00
2.334824055952382515e+00
7.012642553399873746e-01
9.723193476048473949e-01
2.240573548659359204e+00
3.925641326482171234e+00
2.606539578051314532e-01
-2.696501303343069367e+00
-1.097856443576115948e-01
-4.439948869565980005e-01
-9.799530285921732586e-01
1.416036976210995058e-01
2.987598357364582013e-01
1.175495810266725805e+01
2.991151763429284127e+00
7.664472634085194969e+00
3.175859874115029680e+00
1.451333566458667734e+00
2.067045336367852482e+00
5.350951723210862765e-01
1.866831681423937850e+00
1.352850737049805518e+00
3.103976631458365887e+00
-5.789931645204745569e-01
4.219929146106753848e+00
-1.828638493025751321e+00
2.509263077068965675e+00
1.244262330793485472e+00
2.317278214115530588e+00
3.047044617586955328e-01
1.685347607075404763e+00
-8.286995678484574412e+00
-8.331403977798030880e+00
-4.520759176236649246e+00
-8.110985575911822565e+00
-3.638775021705019874e+00
-3.711127473221698558e+00
-4.477948249621499510e-01
7.700118578064454877e-02
-7.191929914582516625e-01
-1.252174823833080319e+00
-2.600497254309973805e+00
-2.395300007299288048e+00
-3.270783733598936038e+00
2.490330531714227469e+00
-4.188914763568194921e+00
-1.434766743010879919e+00
-5.292584752979545559e-01
7.919441198224482781e-01
1.079744680963078185e+00
5.706400898952794787e-01
5.473189258444927097e-01
-2.186086779595925123e+00
1.194037456187986512e+00
-3.346310968087832904e+00
-6.834623378043880315e+00
-4.873082325681387772e+00
-2.224474498413952617e+00
4.846170459012200671e-01
-2.532512791874381719e+00
-2.586350420691404306e+00
-1.383728051207128384e+00
2.431036198881767252e+00
-7.027742353491168714e+00
3.976957127234539979e-01
8.202015275563939722e-01
4.658308917492501311e-01
-4.399356696644394771e-01
6.018380200590295326e-01
1.429245049516648436e+00
-7.900233592687183615e-01
2.954394591204049902e+00
9.926982959883772217e-01
4.846657747997840104e+00
2.656663887627872533e+00
2.177230035599183822e+00
1.602711161378617177e+01
-5.237613303887818539e+00
1.455747936494555139e+00
-3.111308550074215251e+00
1.435688322539089068e+00
3.159877331096660469e-01
1.517252320328538184e+00
1.212402831457446872e+00
2.329830154470475811e+00
2.842528402931880027e+00
4.828845821998575122e-02
-8.574553414412097174e-01
1.543517296804864047e+00
7.548713233019384017e-01
1.100090265321407856e-01
5.283739367228593942e+00
3.161910659074746555e+00
3.631741124621190142e+00
-1.076285119958575720e+01
-3.485579729926984172e+00
9.330385244344260309e-01
-4.348786935989689795e+00
-1.567082249586225329e+00
1.719835010798504094e+00
1.399175002026559866e+00
1.224677560296490997e+00
2.482302011273598841e-02
3.816634292982351351e+00
-3.312321684128155530e-02
-8.670325100028414278e-01
4.924723764745089945e-03
2.333421076993895227e+00
-2.478896256767062045e+00
3.638427126960280145e+00
3.370362441055789748e+00
2.169772290558584504e-01
7.186005508646986506e-01
-1.583703734434658283e+00
4.884060164196417198e+00
-5.425986605625554571e-01
9.446789541599142082e-01
-1.825383557534553947e-01
1.521679868468556185e+00
4.019663475544240083e-01
1.145433901827220602e+00
-1.657969367334249711e+00
-2.352344745264297821e+00
4.480949264696973522e+00
-6.281937457414758785e-02
2.453461797840944758e+00
-4.486851717686771712e-01
5.903815659765617729e-01
4.333010763725266279e-01
8.094845661866286735e-01
4.992185192929721183e+01
1.127591595210336095e+01
1.443538002506467421e+01
9.092257744503617900e+00
1.084630444090206502e+01
8.960136144176013673e+00
7.283762984552692998e+00
3.961159863540738790e+00
3.074953705585315777e+00
3.519331871538932122e-01
-1.361495718193094229e+00
-1.411776671241623315e+00
-3.425137060007990453e+00
1.526104107398025045e+00
-2.985616587275713218e+00
1.467911945024706011e+00
1.464202836422320964e+00
3.090348054748480802e-02
3.080990100216724148e+00
-1.033680699111258150e+00
2.181999696043055992e-01
-2.108923399816561961e+00
6.529194789299777035e-01
2.842226782630980497e-01
-2.171882935415447413e+00
-2.840102021944550970e+00
-8.267466350458730906e-01
4.061930909178161353e-01
4.018585733930895576e-01
2.439537606976733830e+00
1.631515858894233562e-01
3.443032397695104052e+00
3.777636224865569048e+00
2.582207259946393663e+00
1.325672595819719080e+00
4.747094775209302342e-01
1.341810657702932552e+01
-7.822575824073268791e+00
2.211654067804951773e-01
-4.838956537646977196e+00
-6.027871111655007386e-02
7.404273156974556791e-01
9.950871943475654291e-01
9.735296432346622897e-01
1.530233364478191582e+00
1.432408259999115863e-01
6.641924449630532967e-01
1.432109655061258868e+00
-2.177193831703065907e+00
1.446840360850585094e+00
1.934258255950341177e+00
1.782932943612304033e+00
1.173883017918951444e+00
1.059694428005620859e+00
7.554042933415863637e+00
2.795531310886595122e+00
5.274843072168324376e+00
-3.412916457882603893e+00
-1.025128653861671957e+00
2.363886899536562503e+00
6.429399579809768478e-03
2.790662050090673696e-01
4.117407236138307391e-01
-2.616423479599406576e+00
-2.339350243798568929e+00
-1.687619652331167508e+00
-4.619331302560328645e+00
-1.964682181935211158e+00
3.256870159339489423e-01
5.202932905274334496e-01
8.155376018238971181e-01
-3.695568402998449242e-01
3.714815938546152552e+00
2.048728526594195021e+00
3.218732056699929345e+00
-1.075035155501428974e-01
2.979248106661386064e+00
4.171352073386453974e+00
2.496724884574033965e+00
7.109923168716472119e-01
7.470411141346340600e-02
5.803265870653087077e+00
1.807226881542169261e+00
4.662004391239022993e+00
7.765741088326262309e-01
2.177423925657306913e+00
-1.393297872706920515e+00
-1.218590769345213154e+00
-2.504612955193993296e-01
-3.933120912049019036e-01
-1.951593447980853879e+00
2.852002566547071183e+00
8.459647409453994182e-01
-1.450822594376409258e+00
1.057278584134122124e+00
2.035551937406815171e+00
-3.133935705316482356e-01
-2.630804428233854964e-01
1.738969235972120247e-02
-3.650320956641425418e+00
2.824727900943822423e+00
-2.478823554356968384e-01
-2.515128503332588195e-01
-2.842956724110004441e+00
3.569199453346044937e+00
-2.012639118692101547e+00
-4.338020108340619463e-01
6.168077306810338944e-01
2.186291227592780384e-01
-1.541463152089109556e+00
-3.282257319609668045e+00
1.034560709410121015e+00
2.507693544837204858e+00
2.324179260841763739e+00
-4.656151377198146091e-01
1.143088915686866658e+00
1.385135898779510155e+00
1.507087422479442829e+00
6.588093178971337061e+00
1.112731465818024151e-01
3.158925797173073313e+00
4.476982062838218646e+00
-5.946875784978307156e-01
6.479936446691696439e-01
7.393559079914080456e-01
1.300890992076191521e+00
-1.030119927218792641e+00
-1.166155391127447594e+01
-1.107561155052466262e+01
-3.758689600193677371e+00
-1.344653002885698889e+00
3.755259640563321621e+00
-3.465798713991017355e-01
1.052182645006925155e+00
1.228279065543524062e+00
1.719393845735806448e+00
3.983614624812862992e+00
5.557852089019583719e-01
-2.004260201185719126e+00
1.633806650351511403e-01
-2.497624807367243745e-03
-9.617639329352437594e-01
8.897323858152969556e-02
-7.705457281862174157e-02
-2.336410604724147522e+00
-4.271081526490963398e+00
-8.977366240849135037e-01
-8.645248199142435697e-01
-1.354184281588274752e+00
-9.210346517691149204e-01
1.578474035425674327e+00
9.823378441410194339e-01
-3.218556589063213402e-01
8.499766409347333962e+00
1.558234076640297339e+00
3.017319657981619940e+00
-3.237022543442305889e+00
2.081831736126561694e+00
1.807469434565731836e+00
2.718629025753401818e-01
2.902484450651708903e-01
-3.185077976186371784e-01
1.403610713234646479e+00
-7.579197178296286364e-01
1.643967453599292972e+00
-8.890711066423423459e-01
-1.246945739113788781e-01
-6.857461813135791173e-01
1.413896601364775796e+00
-2.464695911823994445e-01
1.137662682832365352e-01
-7.048066860827535862e+00
5.091505393844961841e-02
4.668023173659014091e+00
1.557922704248009493e+00
1.032851567828242612e+00
1.100136832958993338e+00
4.996064352165749956e-01
7.439179588882516292e-01
3.554062091649650146e-01
1.680253306262334823e+00
1.025630553202641737e+00
-2.055275791461640189e+00
-2.191775539968351172e+00
-2.556483861621969389e+00
-2.068803846112723832e+00
3.292140576308564826e-01
-4.328368221348088962e-01
-1.810481818116630892e+00
-1.652077750516227184e+01
-5.982639304777199740e+00
-3.196486961984631447e-01
-3.158069125534487265e-01
-1.620762568482440935e+00
7.715421133649401630e-01
-2.215390225706367122e+00
-1.374900862886228037e-01
1.657456909106944654e-01
1.712516670068570557e+00
2.804777970578093416e-01
-6.314260727647425853e+00
-1.087517685822802366e-01
1.376694408064338626e+00
3.010357930488163802e+00
-3.880481494614639870e-01
-2.630288233073760917e-01
-5.226587188935344352e-01
-2.465407105119775455e+00
-2.832920685947525552e+00
3.607849999034415500e+00
-1.414794435408236462e+00
1.540260733778643365e+00
-1.789393146843967886e+00
-2.128117719454213130e+00
-1.415374442236124297e+00
-1.323967691109816824e+00
2.111206779673429512e+00
-1.645239687233359671e-01
4.155509471779668118e+00
1.394600453600465528e-01
3.920715770234679987e+00
7.146504083713984823e-01
-1.812672628965008359e+00
-1.598330547720082651e+00
-1.375115502331737627e+00
-1.546439528874930502e+01
-1.657814972428000466e+00
-2.966082351494969238e+00
-7.023246082210609087e-01
-6.970010571015823331e+00
1.684823975944682140e+00
1.067216786682861240e+00
9.042887600976916573e-01
2.483043812702339093e-01
-7.792288366333698590e+00
-4.491136284943237911e+00
1.352224956629395125e+00
1.796320174239257161e+00
1.390719905681673918e+00
-3.070465500897769373e-01
-6.749808956007936622e-01
-7.433122493364355821e-01
-2.340837608348315779e+00
3.878673744375702892e+00
4.210982950226384247e+00
1.382910778208235936e+00
-1.064557851753769935e+00
2.743860728400184357e+00
-2.260179929006855382e+00
-2.025569489406696122e-01
1.399222272874413586e-01
1.040214299598389153e-01
-1.332026760077071326e-01
5.768194294487739571e-01
-1.350831949570535928e-01
-1.769368687792971295e+00
3.975034236343748084e+00
-1.528687618087486877e+00
-8.865732787531732662e-01
-5.937192734380576375e-01
-7.476683974419546796e-01
-1.093616349427511125e-01
5.562856978953394788e-02
-8.879516035234278348e-01
-3.026408757200176325e+00
2.838510630929338863e+00
-1.309889968734456955e+00
1.047383381840046646e+00
1.348727678589421164e-01
-6.205671835683896909e-01
-1.179175864132093299e+00
-3.578486274001238421e+00
-9.804982072895688239e-01
-2.374842735094149671e+00
-2.404717240362941322e+00
-2.587414071689411177e+00
2.109911303537360894e+00
2.978322034566277532e-02
-3.944156813266493367e-01
-8.929235891760766819e+00
-4.149219799620269822e-02
5.499228298975854246e-02
-6.364584578569136841e-01
-4.529898748250777096e+00
3.189243340130668569e-01
-2.244991816296478593e+00
1.016648788656780322e+00
-7.006170367731424653e-01
-1.688118224487559438e+00
3.400477002712584795e+00
9.085268308812518567e-01
-8.377319618166897408e-01
-1.836854209410354877e-01
1.162706565394348024e+00
-4.372363800786654431e-01
-1.062927975994336499e-01
-7.464180048124020583e-01
3.572968117121722020e+00
2.724162321774667106e+00
1.682818391637622035e+00
-6.476888965843120849e-02
-2.863313024167691845e-01
5.042744037845281468e-01
-2.766549956671548571e+00
-1.128811769970488488e+00
-1.008990624694285465e+00
-2.161517637817250925e+00
2.881502644868913166e+00
2.107459030678419776e+00
-2.179972692445120153e+00
-3.552272396676270927e-01
2.509214616178409019e-01
-2.675348845882024928e+00
-1.110873647225243621e+00
-1.275104298894816468e+00
5.269710618993289630e-01
-7.185673073002877276e-01
6.856135422630108556e-01
-5.311851073725515349e-01
-3.754099903518746562e+00
3.010169142617168170e+00
-6.195083820645954642e-01
1.544068810204259234e+00
2.435732046113931737e-01
-1.188801528627917881e+00
-3.536397818250585523e+00
-9.679033247103226989e-01
-2.114127754381543989e-01
-9.073481088838214470e-02
-1.296184910304638560e+00
-8.301408787802101452e-01
2.428415975161992216e-02
-1.757670236263553898e+00
-4.231439580810304690e+00
1.572211232010221060e+00
-4.665958637434549083e-01
-2.207373101866584530e+00
-1.790302301853645472e+00
4.911496958402316038e-01
-2.872443938050457390e+00
1.051863645629881883e-01
-7.679264788136284103e-01
2.130077140124654633e+01
8.359974014719852020e-01
2.150513376366673057e+00
3.105222770653119913e+00
1.131388289422563309e+00
7.855909856674948566e-01
5.199988897069426130e+00
1.607783345431582855e+00
1.254445171845682383e+00
-7.946058248607914543e-01
-1.155285849652240848e-01
-8.541285671904905175e-02
-2.233538371895440466e+00
1.117635015464540915e+00
-3.154362111500985666e+00
-6.115202762937745895e+00
-4.550739208985061346e+00
-2.195355693339478886e+00
8.339472462689121457e-01
3.311005504366495433e-01
-1.094248348784928465e-01
-3.304000140224883530e+00
2.261339327025744694e+00
-2.703756712183992494e+00
-1.227959251706538302e+00
-9.067665940208382569e-01
-6.948563625319286174e-01
6.991002904479913793e-01
-1.178779415916600071e+00
1.545868286716341355e+00
-8.138010099617066784e-01
-1.678485488823475147e-01
-1.291166394084884539e+00
-1.215017120545911711e+00
-1.650949875518118670e+00
-1.403393746749138415e+00
1.669743757703546327e+00
-9.833263452107058322e-01
2.853443512389912673e+00
-1.190660485233582477e+00
1.766771843084650850e+00
1.005558350822976232e-01
3.422231981743296125e-01
5.460476005542022060e-01
-3.768685348741777630e-01
1.052150719977609450e+00
-6.092225934872423920e-01
1.841144898917773221e+00
-2.757715870094108457e+00
2.176599481675372427e+00
5.203893881449374037e-01
-6.908436091806351431e-01
-2.612225662918384386e-02
-8.994502209088758304e-01
2.342765213287606674e+00
4.218437520292960263e-01
2.304641559999629941e+00
7.619365202454227992e-01
-1.965523088681037089e+00
3.652880705536971195e+00
-1.167097619474643411e+00
2.515645587967178520e-01
7.552599646806145151e-01
-3.652815174850665869e+00
1.619790610203930781e+00
-2.792457056501235435e+00
-2.297502261815770108e+00
-2.511745192522126136e+00
1.521753039279412745e+00
-8.811197656824685254e-01
-5.751744107439521470e-01
-1.784424501922797501e-01
-6.105457479553401123e-01
-7.951043734884447600e-01
-8.412487808216075891e-01
1.072167410723342096e+00
7.151471474103147097e-01
-1.675264159378297313e+00
-1.721104870287726296e+00
-1.410168796550336667e+00
-1.331816587810992880e+00
-6.028819088909932233e+00
6.155289809311527804e+00
3.519465825603378839e+00
4.696918172207125153e+00
-1.941641790699597303e+00
3.230617750014418643e+00
-1.136623264499509345e+00
-6.453024546676654483e-01
-1.048058246472385324e+00
-2.272867374217284819e+01
-1.088668719195421808e+01
-9.783270728774432712e+00
-9.530774594014753021e+00
-6.723126783252141081e+00
-5.147026490557174982e-01
5.687732561741835058e-01
6.389713335860521815e-01
-4.375708148173149126e-01
6.971232778202589575e-01
1.018129222747792828e-01
-1.518363273351490683e+00
-4.304023879853668078e+00
2.538834191259094375e+00
-6.251586503919271953e-01
1.419717927062195351e+00
1.403973220848111492e-01
7.978772914605022915e-02
-3.106396756407866722e+00
-8.224601743970285650e-01
5.578345763066598018e+00
2.015278240428433509e+00
1.598908740239439075e+00
9.579365247493711877e-01
2.581656064832118513e-01
3.738411483560836746e-01
6.284461025902308984e-02
-1.864191818016936608e+01
-1.533027039791805102e+00
-1.861915328996401608e-01
7.268440533293102357e-01
2.465753860467245318e+00
-8.149168246642454205e-01
-1.728776921538570432e+00
-1.496902155720455374e+00
-1.700493619272494650e+00
-3.649078199373655629e+00
3.587040175559336408e+00
3.761188173163303450e+00
1.194316631442273069e+00
2.061947515765438499e-01
1.028436949845870974e+00
-2.418718446350388795e+00
-6.621173915735047988e-01
-1.973357233896977370e-01
9.928354122111757718e-01
2.798728567398273803e+00
2.753218550383971674e+00
-1.158348415364537365e+00
2.934147047004262099e+00
1.535411121867253037e+00
4.881277684629488967e+00
1.850514829261514116e+00
2.009913022691240947e+00
5.651373739632823856e+00
9.312324709531187850e-01
4.542162047778028899e+00
-4.653909013351121837e-01
3.406208470310415848e+00
4.084209892119559093e-01
-1.985432806750184298e+00
-1.628905014413983166e+00
-1.699300539691580569e+00
2.245047471736471678e+00
-9.182719109918772160e-01
3.262249939810419441e+00
4.271951973670967684e-01
3.363564388595815302e+00
6.382350668914179570e-01
-1.240174719305488837e+00
-4.633878487166085969e-01
-6.570050156980066225e-01
-7.974402907744643443e+00
1.752799781336701113e+00
-1.993133338929445220e+00
1.375905960094327751e+00
-3.037057905879628983e+00
2.754665795992799371e+00
6.214156702584465730e-01
-3.549364762039144416e-01
-1.105286542344022127e+00
-2.883733095653044032e+01
6.370093765965754162e-01
2.917359930308766280e+00
-5.038168594975386050e+00
-6.267873558810296508e+00
-4.302803629438025190e+00
-4.611205175636706954e+00
-2.976153770224758688e+00
-6.221892867787145454e-01
1.415071989371278649e+00
3.929233794959550163e-01
-8.263782907669011690e-01
-4.343912975740872540e+00
2.048545663347844936e+00
-1.690605883639656026e+00
-1.431589684105939009e+00
-5.603340915323355986e-01
4.762074204327413490e-02
-3.964555026845418828e-01
-6.375176821785634163e-01
-7.140432464082083763e-01
-1.700909195684823461e+00
3.960206520912665340e+00
-2.294601136961845089e+00
-1.998740653644489829e+00
-8.716807119255519654e-01
-8.675756304414924402e-01
4.559922600710452634e-01
2.045689490627904394e+00
-1.888828980191747720e+00
-2.317196653877307444e+00
-1.997956858905521216e+00
-1.957133028310956424e-01
4.988205372844667362e-01
-5.304246811994619559e-01
-9.538445448778183344e-01
-4.204933832150836714e-01
1.122636785922119573e+00
4.346678205714423204e-01
-2.385944122640652143e+00
3.814871039623194626e+00
-2.005689983134813226e-01
-4.000049576630713144e-01
-5.917467396788549383e-01
-7.660591099680900129e-01
-2.993618874533483076e+00
-2.182402982331039798e+00
-1.320438517414910251e+00
-3.474935592556629871e+00
-7.730881826897758602e-01
5.619814676823028377e-01
-2.014493170734290128e+00
-2.129065886972938859e+00
-3.629471852488462158e+00
4.230053638501115820e+00
1.176560109813174293e+01
7.071537825203517258e+00
4.982388408786366796e+00
9.281312870604299547e+00
-4.481032912034265792e+00
-5.439183818342770982e-01
-2.452474068608727076e-01
-2.106633856467664823e-01
7.999536572284799085e+00
-8.868497291945434569e+00
-8.119659721504601801e-01
-5.971348778165831206e+00
-1.646325239116098960e+00
-6.599176921502780679e-01
-7.009090379054387920e-01
8.192003118128685091e-02
4.601217756178774265e-01
3.992929552862753528e+00
1.750955043651639231e+00
4.121245484517717550e+00
2.206907578936560643e+00
3.452210723689103755e+00
1.079267747033323621e+00
1.559523867501308336e+00
7.026974315306711016e-01
1.161049016125840438e+00
3.597663270623616683e-01
-1.865692579276846619e+00
9.319911689811133382e-01
-4.731546647222977242e+00
-1.960893517550624132e+00
-2.846215898001309252e+00
-9.761550748228975394e-01
-7.068271541778334832e-01
-1.234546931198770015e+00
-2.981552123240001517e+00
-1.923305828224995739e+00
-1.682825251145178891e+00
-1.296287932723472869e+00
4.196921627642504760e+00
-4.231770221130854104e+00
-7.858117813182170508e-01
-1.123810152467034751e+00
-1.077781233614302003e+00
-4.081601118963268249e+01
-1.379947473675742842e+01
-3.822858132673815135e+00
-1.010127959929653407e+01
-7.661746524035464745e+00
-1.647811593449194145e+00
-2.392114107083639585e+00
-1.009019201066261084e+00
4.252471612390544553e-02
-1.902603595351711974e+00
3.188865355008495772e+00
2.217154576646116482e+00
-1.787207649388122155e+00
-1.042011255581695439e-01
1.082996033710524442e+00
-1.812171523410839313e+00
-7.877651683635444879e-01
-8.697785423786431602e-01
1.579401162328475383e+00
4.788185907349013171e+00
4.528503350276586126e+00
3.574933102101568227e+00
7.003886292490636656e+00
-6.892325640865868408e+00
1.225904466721947639e-01
-6.375735385763151887e-03
-1.557116520464534304e-01
2.469878266865320526e+00
8.001416717064570250e+00
3.475341780630119448e+00
2.259201877482100773e+00
1.546390620838132168e+00
2.209327468697902308e+00
-1.216865048595880294e+00
-5.042834731848732099e-01
-8.770329249661307225e-01
-1.354796016908973932e+01
-2.590620925406945663e+00
-1.225590454862982703e+01
-1.302814474633481190e+01
-3.982627036476813931e+00
-4.015804690032460655e+00
-4.034551247601362300e-01
-4.258285477840058064e-01
-7.570969693528127875e-01
1.645795111788935472e+01
1.488056274151910507e+01
1.078259952257814724e+01
6.837384839739438114e+00
4.190332623348239416e+00
5.950740982080928276e+00
-1.614171777196550028e+00
-1.048995168662807176e+00
7.884935515058998090e-02
2.490706707543966392e+00
-1.939171402731650062e-02
1.502280530020549953e+00
7.105629318595351185e-01
2.032757754633560468e-02
-1.200249310247392120e+00
-5.599699546768763803e-01
-7.326745433212515646e-02
9.685178937765346330e-01
-5.934505743405295242e+00
9.324595234513392006e-01
-2.659623780275452543e+00
1.331931989350012280e-01
-2.147599073878387443e+00
2.388021607484488662e+00
3.495978049213114280e-01
-1.367671592965606295e-02
-7.956878260885300591e-01
2.412217584845092944e+01
2.697861619854052595e+00
6.266610742344654206e+00
6.709984569417416722e+00
6.512863381239232474e+00
3.662492887705046218e+00
2.214332726572740828e+00
1.419016912123900465e+00
-1.194795857759157753e+00
1.306137175928330585e+01
2.001521202908841346e+01
1.287070010357597560e+01
1.293331625678259655e+00
-2.382060897026540225e+00
-2.499990326791425577e-01
1.067734533498226446e+00
1.665649858770968050e+00
1.636054327061112978e+00
