-1.944426936765569991e+00
-5.285965366647910058e-01
2.011293835091882420e-01
6.216311541872094892e-01
8.758769403420282318e-01
1.184842774796494469e+00
8.482132797085518705e-01
6.597708972972590180e-01
-1.293330342537671873e-01
-1.485049925192039044e+00
-5.229521975259490141e-01
-9.876903487550156568e-02
3.883259196105995903e-01
6.542579196968056898e-01
4.220645431291882854e-01
5.854513803319661980e-01
-2.909490163924982054e-01
-5.996554390394071010e-01
-1.568809799356589263e+00
-2.495744165132441350e-01
4.133735267143243131e-01
8.054600471983670573e-01
1.116814449167852219e+00
1.263081056695712689e+00
1.120815060461614276e+00
6.696388351761975999e-01
-3.521275551674662996e-02
-1.814983718587624972e+00
-8.003954402020201364e-01
-2.151156432071081939e-02
3.496942817822649707e-01
6.751958865486283878e-01
1.178219910270589477e+00
7.848502835289998814e-01
1.353391860671141256e+00
2.121935651806328982e-01
-1.780727639473045576e+00
-3.834401696812512195e-01
3.346425083489065755e-01
7.551301867450763705e-01
9.787894828502644584e-01
1.347622356412715661e+00
1.045831973765132927e+00
1.036229734203612640e+00
1.004856957552437702e-01
-1.878756301447509713e+00
-8.875029156158465993e-01
-4.999026835833294546e-01
-7.136357879842503138e-02
3.059158012033434959e-01
1.854087259418351064e-01
1.102014730216932387e-01
-8.016623189708551589e-01
-9.326750461856094798e-01
-1.788744383109241110e+00
-4.566386194331182868e-01
1.902224153462228617e-01
5.970393367890718395e-01
9.404344373732700380e-01
1.048699947013319367e+00
8.444670554424411613e-01
1.257476144040730048e-01
-2.896050000290966153e-01
-1.336900885303646147e+00
-2.218282102512936782e-01
3.423533871403984241e-01
7.633134325340898974e-01
1.069204631163483299e+00
9.650173286515728588e-01
1.020825581856684927e+00
7.970972754896771262e-02
-2.684857142052704537e-01
-1.531203092838138380e+00
-2.767724752617093387e-01
3.432254880376177097e-01
7.313066989656797912e-01
1.068731461255511439e+00
1.058436814408468374e+00
1.041592622858262152e+00
4.149809439152579160e-01
-1.368123230338413598e-01
-2.223159694612678372e+00
-8.230451281208434056e-01
-1.376590900071025803e-01
2.946952518837881452e-01
6.101407293242296914e-01
8.224981031994642589e-01
3.287345195838974887e-01
-1.977178706032786393e-01
-4.273769760730328771e-01
-1.352325050744048296e+00
-1.708228640366943052e-01
4.380304586274902379e-01
8.283699973140393746e-01
1.149702839745614602e+00
1.086830184181963865e+00
1.137579046323825338e+00
4.246100436905027031e-01
-1.101344645621540469e-01
-1.525307146152237392e+00
-5.674438693683757640e-01
-1.455214208126366648e-01
3.341575922594594017e-01
6.109117184943178014e-01
4.149569606324455817e-01
5.302567666759030462e-01
-4.224802603295903514e-01
-6.644364943569308624e-01
-1.686071931021475789e+00
-5.654803564933531534e-01
-7.021522946289603107e-02
3.470299784968375878e-01
7.173343088183721239e-01
6.289975590710076281e-01
5.540145842874949489e-01
-2.682162776117510972e-01
-4.827943437502712487e-01
-1.744603254602477005e+00
-5.206502336405794962e-01
2.181795079350034305e-01
6.450118116290158854e-01
8.652566849267482318e-01
1.314825456482593413e+00
8.689727193758423063e-01
1.054873819099686694e+00
1.543246538113694777e-01
-1.858118352972453868e+00
-8.766170287517269788e-01
-8.785883992405112142e-02
3.036852810283122150e-01
6.297938478337417045e-01
1.135418670807600394e+00
6.093465669088946601e-01
1.216970319680353185e+00
6.637881233811633586e-02
-2.522997856236906866e+00
-2.001446505576069956e+00
-1.846327147111874734e+00
-1.355903925179056113e+00
-1.051953447970301880e+00
-1.291373236929490131e+00
-1.083415674456975175e+00
-1.920121540835111107e+00
-1.479610509380469008e+00
-1.883867801560525246e+00
-7.685060964290100216e-01
2.300095792713471518e-02
3.759053467549142713e-01
7.067699417472173007e-01
1.208905255751966390e+00
9.594867708295292674e-01
1.435275887125223360e+00
3.642635822109400734e-01
-1.739340118249220746e+00
-4.311230344058750719e-01
2.098291536168847282e-01
6.129622653643903574e-01
9.610432238158579388e-01
1.044403764257768374e+00
8.718372971569362528e-01
1.282561713845286611e-01
-2.770229390045426676e-01
-3.046529442161463042e+00
-1.739244168580873273e+00
-9.304050366803187089e-01
-5.511344851033027625e-01
-2.507117673986108963e-01
1.853008434709352559e-01
-7.322938814655202133e-01
-5.538245050381170875e-01
-6.988094187758009390e-01
-2.310184596960772829e+00
-1.117018112104527949e+00
-3.103069153870803287e-01
1.324335337195729490e-01
4.447614404944226218e-01
9.511775341158744679e-01
5.899455139432779882e-02
6.689243639142178344e-01
-2.924220467966048287e-01
-2.752191451148017887e+00
-1.717376309955690461e+00
-1.347935875080244372e+00
-1.032340189765940552e+00
-5.518943986867690388e-01
-4.573671289962101816e-01
-9.480027690031750387e-01
-1.654331923215663691e+00
-1.476109146664060345e+00
-1.935192663946367686e+00
-5.505178496326715853e-01
1.785867552652381229e-01
5.985359675080108577e-01
8.578792694261784257e-01
1.152845700464655287e+00
7.930300342722009788e-01
6.002094941758220337e-01
-6.487293938592854359e-02
-1.756267756845188988e+00
-3.925187503513358767e-01
2.766018031633157848e-01
6.774820486329001801e-01
9.830656875567022057e-01
1.123850754617772285e+00
9.648498741839839354e-01
5.858905102641455143e-01
-7.727215834450280874e-02
-1.986929650918425327e+00
-7.655939457114459001e-01
-3.894591849975938269e-02
3.334953816967918816e-01
6.720790349495778804e-01
1.157613866345531317e+00
6.967504630049873304e-01
1.194318461014918675e+00
2.083163965270818929e-01
-1.565680433776192038e+00
-6.124942056026883019e-01
-2.031422972684101547e-01
2.784252731104176481e-01
5.605637304311675839e-01
3.528374095199027227e-01
4.735849147920728197e-01
-3.797113688308344503e-01
-6.107371199415978502e-01
-2.346788912873579491e+00
-1.782318201823783532e+00
-1.599372333682542058e+00
-1.104144364717396520e+00
-8.008055438641880075e-01
-1.045129716988659085e+00
-8.404174174270989672e-01
-1.809957328113875663e+00
-1.626024919417781378e+00
-2.553899271669662685e+00
-1.706636479487505520e+00
-1.446840474776869279e+00
-1.103241303684611818e+00
-6.075311999350054837e-01
-7.731579140796295269e-01
-8.952161948899454158e-01
-1.569050827362401979e+00
-1.315136187183100214e+00
-2.030051275668901312e+00
-7.137392841201291027e-01
-1.519460799364527603e-01
2.457213840758141754e-01
6.439939082273656856e-01
5.990443320002744043e-01
4.324678109275825744e-01
-2.797867152558179346e-02
-3.678996941853932556e-01
-2.873542873237621809e+00
-1.781601370420390129e+00
-1.353660269869015664e+00
-1.032693565025391003e+00
-6.000754735288106323e-01
-4.339900743894711255e-01
-1.067144095751469068e+00
-1.650580007586541109e+00
-1.420688924937319353e+00
-2.005062193923378366e+00
-8.878060454510320332e-01
-8.584687122360103173e-02
2.953347081969301957e-01
6.225262736550514209e-01
1.127021129797154630e+00
6.937677383271834142e-01
1.218404870447697963e+00
1.328723148448679447e-01
-1.931951542976507286e+00
-8.848040700818109450e-01
-9.160482167700312317e-02
2.360425364672832094e-01
5.744837515878835621e-01
1.067576072917031160e+00
8.087167777230400700e-01
1.337772877317202180e+00
3.377792572000664628e-01
-1.876744333173531176e+00
-7.735203551766784980e-01
1.313886163824206157e-02
3.799800610546625879e-01
7.114302930207472286e-01
1.211006805701874578e+00
8.514064284401778870e-01
1.370480071200792516e+00
2.551512148953907211e-01
-1.678255162455739358e+00
-3.064498982448004560e-01
3.846263508311891788e-01
7.881780117899302995e-01
1.065738444171123067e+00
1.296495516521710467e+00
1.108045813320276185e+00
8.512698089392580769e-01
1.379305843005924383e-02
-3.135277910477439534e+00
-1.797999000952781534e+00
-1.020131934157549214e+00
-6.685993247091341907e-01
-3.779265776681783873e-01
4.194790738176365497e-02
-6.167843830949525374e-01
-3.759874443083034423e-01
-4.759507911265188351e-01
-2.608755181185917316e+00
-1.823327161648152783e+00
-1.565881029900461963e+00
-1.220981348667702582e+00
-7.540423348717720797e-01
-7.984305812642004119e-01
-8.947734384715434475e-01
-8.599632863801397464e-01
-6.845082381072228328e-01
-1.863847124899214336e+00
-5.355912812097122222e-01
2.022531700256245957e-01
6.237278003189921094e-01
8.467335977077953268e-01
1.242497400842191846e+00
8.558623739096352656e-01
9.196424369875659810e-01
4.901419589696111995e-02
-2.194915727044110643e+00
-9.384370554310049739e-01
-1.996262594047272798e-01
2.291374427281283876e-01
4.763594331558921313e-01
8.909265424074445106e-01
1.471129106543446197e-01
3.636838262081587003e-01
-1.571635935583184651e-01
-1.817179446246799168e+00
-5.346555889081709978e-01
5.612692478332410168e-02
4.545176098398182596e-01
8.304144036477297819e-01
8.430735525171091371e-01
6.802209821391964617e-01
-8.208976843763265627e-03
-3.040516132423759510e-01
-1.277498966664473379e+00
-2.762773801563669918e-01
2.230857539525188116e-01
6.949871108404792608e-01
9.487913981481941317e-01
7.234415074244492372e-01
9.002846510120956491e-01
7.776109881031037507e-02
-3.097373053297561851e-01
-1.572135081093742226e+00
-3.897893182998257711e-01
1.671417845426902971e-01
5.734745343296824283e-01
9.262185033472707385e-01
8.605882133091391495e-01
8.247268691525870832e-01
-2.319068390685649628e-02
-3.096570207837471833e-01
-1.349892423918064077e+00
-3.413771468665670605e-01
1.381712381735880624e-01
6.129452856813871753e-01
8.736971788647472925e-01
6.507073821977719108e-01
8.158689407093085988e-01
1.469695060179331599e-03
-3.587939008007900443e-01
-1.231579075871702011e+00
-1.892789350681476634e-01
3.322263727665912825e-01
7.941551073392599802e-01
1.047160763919674054e+00
8.714670737952217028e-01
1.003349211654135820e+00
6.306733203250809716e-02
-2.587477289369232158e-01
-1.794077390016437290e+00
-5.146850387882545563e-01
1.934330378976359399e-01
6.105250121690316556e-01
8.541486626160003093e-01
1.338247026035848997e+00
8.934782619249416191e-01
1.234085764868469326e+00
2.626956096918796613e-01
-2.954057221027293956e+00
-1.817212906241736814e+00
-1.338109435302357930e+00
-1.010858022145542545e+00
-6.236160075482285459e-01
-3.965784253795474612e-01
-1.156286272947104177e+00
-1.669325760948156212e+00
-1.384848945258074338e+00
-1.614862477784372530e+00
-7.063309108166220263e-01
-3.213812911000923367e-01
1.646014071648501664e-01
4.431091568235446254e-01
2.122417759934560888e-01
3.630386747827356042e-01
-5.625361346057435874e-01
-7.482981614767432177e-01
-2.096323176231586594e+00
-7.853891373574359847e-01
-2.853266063060003535e-02
3.966839025392610019e-01
6.968907499264004324e-01
1.184243076035136788e+00
4.125418017912635404e-01
8.866899930640061989e-01
-5.770914781742198657e-02
-1.536818831536764351e+00
-5.944405933727172631e-01
-1.803761007403652528e-01
3.042631304265879799e-01
5.761119481513276019e-01
4.002490533403174067e-01
4.966828032627684797e-01
-4.349198419797790094e-01
-5.593244543497395416e-01
-2.544171095613592115e+00
-2.031347333918526399e+00
-1.878170078354858497e+00
-1.389164598024457575e+00
-1.086229756876966546e+00
-1.313199808360904886e+00
-1.112188589016897433e+00
-1.682488803635217689e+00
-1.221153144436759375e+00
-1.194939103510643585e+00
-1.458051540812810298e-01
3.899031093691660566e-01
8.435782644899764149e-01
1.100504060352254454e+00
9.009206070521148524e-01
1.065626203269204764e+00
2.794826800228266683e-01
-1.552090949630924865e-01
-2.718153643828454147e+00
-1.625257251547342907e+00
-1.213738388499431720e+00
-8.812858382595842865e-01
-4.253997041613514218e-01
-3.187165455050763319e-01
-7.380733519319634395e-01
-7.221663716695165824e-01
-5.919289132269871523e-01
-1.603969760512970577e+00
-7.020203219777246817e-01
-3.155270539198083979e-01
1.727693725391389878e-01
4.458649504485893145e-01
2.466169483299216203e-01
3.702771072630784421e-01
-6.218897354628959429e-01
-7.806548748412098782e-01
-2.010630185547015891e+00
-7.121861030915712654e-01
2.755778548715620557e-02
4.560905910664880270e-01
6.952042789773585918e-01
1.081223656459810556e+00
5.268017967044134053e-01
5.930954006598276873e-01
-3.740798168055908118e-02
-1.859174862044496557e+00
-7.902408283476901607e-01
-1.579409031433456553e-02
3.400368366597583680e-01
6.659566270173997715e-01
1.169467151965760010e+00
9.031578718397259564e-01
1.383087363614169396e+00
3.211058103828017263e-01
-2.300461645775791819e+00
-1.107679578647442709e+00
-2.974738272614896317e-01
1.191220980410036961e-01
4.416128824251407958e-01
9.528648322453870945e-01
3.933060627748702354e-01
8.453204454528718825e-01
-5.491252295980855735e-02
-3.088042423599260289e+00
-1.776116469861184433e+00
-1.120522774237731722e+00
-7.707586358218802003e-01
-5.326602712934066508e-01
-1.242245863607361889e-01
-1.418454469403516827e+00
-1.182585733620921786e+00
-9.995310706535389667e-01
-2.289857487201812258e+00
-9.493128001918350600e-01
-2.460047189601327622e-01
1.878811215187028150e-01
4.400807040514699842e-01
7.160891406553795413e-01
1.870579244415945808e-01
1.243573096521319032e-01
-2.783004380120520094e-01
-2.622951235808922643e+00
-1.869488309908733159e+00
-1.635815065832104676e+00
-1.286293571499682820e+00
-8.142377519892339821e-01
-8.792132099018500346e-01
-1.065310913401467996e+00
-1.873403113066836267e+00
-1.475546326084683724e+00
-2.338191652011034627e+00
-9.947343210488525100e-01
-2.729940426284926946e-01
1.726146985748234219e-01
4.332786794120592200e-01
7.601411144229346384e-01
-1.297995371479902273e-02
-2.246089759931885477e-01
-3.995106225041543113e-01
-1.919727440615006220e+00
-6.824953509038272914e-01
-1.418755226927382040e-01
2.557112353270184490e-01
6.617042365476324406e-01
6.612239559204265982e-01
4.400059067004405966e-01
-1.834490496808126869e-01
-3.467522184408048935e-01
-2.380748470617167101e+00
-1.821061320158638308e+00
-1.627482574599499188e+00
-1.141711220008610139e+00
-8.471355035373254738e-01
-1.017981880112238224e+00
-7.985652522877567661e-01
-8.458475144267939561e-01
-6.266594738828326072e-01
-2.192483139762916977e+00
-1.027097407005471696e+00
-2.461907203937870325e-01
1.110032402427130332e-01
4.513483910218307749e-01
9.433707949530565351e-01
5.339469910300327360e-01
1.057048394858754792e+00
1.444316806985801727e-01
-1.716286934159860333e+00
-5.435854758442971724e-01
1.444462932425893409e-01
5.260161945382231252e-01
8.198312621603127681e-01
1.316974686217140755e+00
9.260881669229373836e-01
1.373276235739709250e+00
3.293548490008015861e-01
-1.893709519237103178e+00
-6.489167446939440032e-01
-1.046194284042952921e-01
2.932093607680919534e-01
7.012894072265438705e-01
6.854290834174667779e-01
5.037467097954339001e-01
-2.577185835472056152e-01
-4.085365859696846735e-01
-1.723075835865512495e+00
-8.588438623488782175e-01
-5.042857490664959252e-01
-1.714070639923918893e-02
2.695665854555133190e-01
4.559463876505163993e-02
1.830281357272151022e-01
-6.886707526001861757e-01
-7.426137394605134556e-01
-2.038124766505434060e+00
-9.285728964755187720e-01
-1.154759830208056254e-01
2.653736265709182862e-01
5.888484632942406760e-01
1.095573281623697381e+00
6.570625019892165630e-01
1.185884049314373856e+00
1.127006993281380876e-01
-1.735305733793298444e+00
-3.803324879180557394e-01
3.137365785023423781e-01
7.277575532401382441e-01
9.982587381505818591e-01
1.253286197457725182e+00
9.951064204708703897e-01
7.419354387197214518e-01
5.015436831782174587e-02
-2.410505636123345230e+00
-1.863483906908942167e+00
-1.683726253189360644e+00
-1.197303898781963527e+00
-8.909401202468681946e-01
-1.093419497354768177e+00
-9.317785903617211707e-01
-1.901541079886649666e+00
-1.453690559384479553e+00
-3.156110794001301567e+00
-1.769002720878413593e+00
-9.829267076401294601e-01
-6.311598105867864961e-01
-3.281992642721097697e-01
9.186407783409059058e-02
-9.033627848208416466e-01
-7.104163293138082702e-01
-7.297013897703503726e-01
-1.267981943442809456e+00
-2.234205021843897465e-01
2.928896508983458991e-01
7.547773528505358209e-01
1.015158297709701340e+00
8.251967386817362637e-01
9.682135834280585218e-01
8.213232309613040238e-02
-2.251815584973846096e-01
-1.229269825435809205e+00
-1.929162162298123928e-01
3.335322108178393474e-01
7.922618591598533655e-01
1.051142147699108742e+00
8.932750953208433708e-01
1.001727150817303125e+00
6.037292451004588889e-02
-2.455994803788935366e-01
-1.946813417461240370e+00
-8.181830964425417241e-01
-5.301856855640989935e-02
2.830508426427847946e-01
6.373830085578594540e-01
1.121576964406713506e+00
7.992745166782436739e-01
1.342718546042163341e+00
3.501743408689021453e-01
-1.183388582799599797e+00
-1.504065296693690434e-01
3.782706108995049221e-01
8.377606946735327575e-01
1.088545106175471400e+00
8.735508825053375226e-01
1.052644417880662875e+00
2.413988035357482465e-01
-1.540263419290877067e-01
-3.008864745266183416e+00
-1.733975916353700963e+00
-1.111571175609008311e+00
-7.570026649343164493e-01
-5.151827969385829320e-01
-1.602175678528371117e-01
-8.192555626572886052e-01
-5.374513651670728143e-01
-4.466380500384394825e-01
-1.690945439940605199e+00
-3.366737654043259753e-01
3.572336063999452249e-01
7.634405895910301165e-01
1.065385249027402503e+00
1.276604554812745373e+00
1.060570430252039564e+00
6.349862060071027603e-01
-1.704640537086220264e-02
-1.449072767692269670e+00
-4.588432666231170853e-01
-1.290583481377377030e-02
4.680285875322006683e-01
7.350705184340481368e-01
5.596261407273193100e-01
6.603483783452815947e-01
-2.610353974370389629e-01
-4.144926480133893087e-01
-2.733240905852595048e+00
-1.825755091834880384e+00
-1.551565665329696975e+00
-1.245768872914752246e+00
-7.216933580827735728e-01
-8.715335525410551343e-01
-1.054683072247953435e+00
-1.470276039503619181e+00
-1.117478078491939808e+00
-1.909871581822169428e+00
-8.688786992461305925e-01
-6.937740753671446658e-02
2.490664521540904286e-01
5.925707801831833210e-01
1.084055297578933486e+00
8.315432344206343807e-01
1.358453154305257593e+00
3.795186874448051584e-01
-1.956366194989024976e+00
-7.873722977575478010e-01
-1.369363493927626060e-02
2.962255663245157433e-01
6.373892523497299845e-01
1.129744283766049628e+00
9.576437723762640797e-01
1.448855301655443295e+00
4.795757610655086434e-01
-2.777011879170399489e+00
-1.635458076617050560e+00
-1.133453742443460976e+00
-7.862435817668510518e-01
-3.966129533789327088e-01
-2.339274281362177799e-01
-7.859512887592889907e-01
-6.740091577049661664e-01
-5.639570309030161877e-01
-1.477429464893340150e+00
-2.393265271557228069e-01
4.081683826940660231e-01
7.939861038572973984e-01
1.126875704066348405e+00
1.190278740789142198e+00
1.115962706962402518e+00
4.473549755282624774e-01
-4.047270687296933983e-02
-1.864496157428346734e+00
-6.950821032184225645e-01
5.537065634172738671e-02
4.234356041640822133e-01
7.612290981470936080e-01
1.261852549089636844e+00
9.610285930127950849e-01
1.452276525553965358e+00
3.629239329974564554e-01
-1.410783069947844970e+00
-3.862087116278770660e-01
8.298073067924623125e-02
5.544943882100671351e-01
8.274675471092393098e-01
6.618711224715247976e-01
7.536266268101254884e-01
-1.716100853163868289e-01
-3.610638552613671393e-01
-3.008553305891686236e+00
-1.676273873032039674e+00
-8.827330566705940962e-01
-4.861803345982684266e-01
-1.953396853127772337e-01
2.515274688703622585e-01
-5.605474471239818568e-01
-3.657691795613852159e-01
-5.216962947831594866e-01
-2.156098968389361215e+00
-9.629528990247498976e-01
-1.722406777777732434e-01
1.687969800750295513e-01
5.056743442249250764e-01
9.986356009642312070e-01
6.629827482337808942e-01
1.198041543091259431e+00
2.596587530822080381e-01
-1.511302498623218193e+00
-2.321581231480578933e-01
4.221169641223846414e-01
8.084521355361065087e-01
1.127859212117412469e+00
1.242470758394786712e+00
1.128199199019009225e+00
6.306281325299830653e-01
4.381161278098529704e-02
-1.314024565706745529e+00
-2.458683313274974136e-01
2.872660251567165646e-01
7.334690519259078334e-01
1.017075390930423318e+00
8.760769647184877273e-01
9.575978803248237359e-01
3.609653822887821939e-02
-2.291413217581819983e-01
-2.656161228116204587e+00
-1.673819312482851540e+00
-1.327126147208246065e+00
-1.005396571682116713e+00
-5.177297191838706736e-01
-4.742417402788359770e-01
-7.417170664112922029e-01
-6.591629170000635751e-01
-5.028905316960475824e-01
-1.857812731083495317e+00
-5.286707268732911968e-01
9.252501937718464464e-02
4.928022497122421242e-01
8.445348071349542129e-01
8.378121379419515291e-01
7.389078747589339358e-01
2.802358381153617906e-01
-1.331974546702883733e-01
-2.027034083592736735e+00
-6.185212588982473836e-01
9.620990266261345014e-02
5.243299899979159129e-01
8.157314231071475241e-01
1.065556796278690488e+00
6.825413798427566459e-01
2.613440256954497887e-01
-1.151316528914575060e-01
-1.934745920805515551e+00
-7.415033675219205866e-01
2.122919924916064072e-02
3.427239502470373345e-01
6.921929922597654938e-01
1.175251789523100721e+00
9.488905772802139760e-01
1.474253253908744288e+00
5.182588836959171052e-01
-3.158643618562930300e+00
-1.822987756275950666e+00
-1.027126311884038357e+00
-6.819514248282216862e-01
-3.645298123738539564e-01
6.124897648062061634e-02
-1.534626180723176692e+00
-1.170569545806693590e+00
-9.222139670800860722e-01
-1.259463442335723160e+00
-2.077692149003277922e-01
3.158307622002339832e-01
7.729591313816288611e-01
1.036093057190768496e+00
8.805279534159859978e-01
9.841013233960289597e-01
4.701955414577163594e-02
-2.021242969374016096e-01
-2.181463846191296962e+00
-1.068515505709256574e+00
-2.618453908360813265e-01
1.693741884751497340e-01
4.855162399954768837e-01
9.975577341085982708e-01
2.584492053731577976e-01
8.703675583892431789e-01
-1.060544635778739447e-01
-1.974142010925972190e+00
-6.083699643888275110e-01
1.067974665792245231e-01
5.254659236626416652e-01
7.971727528414592756e-01
1.054016829046746428e+00
6.871625998456283302e-01
4.537556132411572629e-01
-9.151052634132253449e-03
-1.717928477132108389e+00
-3.902864664388300819e-01
3.369985545757112066e-01
7.568081514706941348e-01
1.011055506279422200e+00
1.334648255063676014e+00
1.043466800365030700e+00
8.725267234927975846e-01
9.776709077714502982e-02
-1.471245841134569909e+00
-5.021017455635468085e-01
-7.332321411296217895e-02
4.120199133783096213e-01
6.769396326324237378e-01
4.724986479200070644e-01
6.074141644151566100e-01
-3.364146868344429220e-01
-4.610628206269762885e-01
-1.237784792411031898e+00
-1.925102484322837315e-01
3.332565140338940579e-01
7.945083967428476779e-01
1.049428183774005818e+00
8.656938319917237834e-01
1.007638817905281758e+00
1.128174941627047428e-01
-1.373433517337366017e-01
-1.622344585614754919e+00
-7.130720174989040316e-01
-3.326919798775897497e-01
1.568698114670378230e-01
4.307075148163141964e-01
2.529622874231849394e-01
3.522796040498667458e-01
-4.507316598714748990e-01
-3.969018938858277501e-01
-2.425606465750099972e+00
-1.457030121122038668e+00
-1.111021217650114634e+00
-7.628336685427702379e-01
-2.847170313105146233e-01
-2.996967447293935605e-01
-5.155537211683396404e-01
-5.433486376929348438e-01
-3.796343774286953243e-01
-2.233687674168601589e+00
-1.066755704980529185e+00
-2.772954727038572931e-01
1.362061045183030061e-01
4.626757893387654641e-01
9.715359516777573035e-01
4.297007275007900806e-01
8.724513041166013227e-01
1.413276600420123284e-02
-1.345969308816577392e+00
-3.229578522558245179e-01
1.647467825315703238e-01
6.324379267506435864e-01
9.015785161843188344e-01
7.041119024521934611e-01
8.401487640786207134e-01
-3.840646216864502388e-02
-2.347334377229137459e-01
-2.033669441936452937e+00
-9.055877744228832960e-01
-9.905392752999088446e-02
2.866622597927637739e-01
6.138399742832147954e-01
1.118193862514117898e+00
6.218975336997260017e-01
1.210313145004902502e+00
1.311845835168316543e-01
-1.832124318925762774e+00
-5.321016279331522991e-01
2.009069104243265402e-01
6.316252106000563860e-01
8.798940485936841416e-01
1.365556830803563937e+00
8.357607795037347298e-01
1.125324379199970526e+00
1.796759831832001886e-01
-1.395828143799814125e+00
-4.102834651648255004e-01
4.902603589319689398e-02
5.273143630093064527e-01
7.894092078884450414e-01
5.979143303785432462e-01
7.214367080640752272e-01
-1.238924334864075771e-01
-3.125625158840888429e-01
-1.939771659673244386e+00
-7.061380755648873908e-01
4.994773416057379095e-02
4.523487658503891340e-01
7.794841264287233340e-01
1.281799452367419878e+00
7.181057410274146457e-01
1.252458780800275839e+00
2.013316659756695104e-01
-1.196057517515200175e+00
-1.763067255282850798e-01
3.490750347081507110e-01
8.114675873238474946e-01
1.061858417168696889e+00
8.323100726567101981e-01
1.021127892933105796e+00
2.685025622993606476e-01
-8.635974639836555000e-02
-1.813398315907728264e+00
-8.192918957086551268e-01
-2.878108483797667261e-02
3.404054052051744272e-01
6.684995637703069482e-01
1.173136735437208200e+00
7.898237260366582912e-01
1.347574046785217305e+00
2.531248111553519586e-01
-2.252936936238323362e+00
-9.248722678249511331e-01
-1.454084015677193364e-01
2.468806301808430248e-01
5.844807030781029589e-01
1.086697335577540002e+00
6.233236305786959974e-01
1.089585382940487124e+00
1.488571595162085093e-01
-1.878211359298097349e+00
-6.981152602799780560e-01
5.178407556154922958e-02
4.054015365712630437e-01
7.464707939773309597e-01
1.248244606405676249e+00
1.007102480496234076e+00
1.472978670325111317e+00
4.358808427390879481e-01
-1.818554477446169937e+00
-5.344839513361132610e-01
4.563502733580446225e-02
4.395152866904464828e-01
8.182542510448106432e-01
7.240758295742277806e-01
6.897711802459600694e-01
2.074747360969962373e-01
-1.251062328436484405e-01
-1.748396688841963087e+00
-4.276388380519445254e-01
2.758112644374815514e-01
6.939792138469250693e-01
9.860649536023110562e-01
1.219168519706355536e+00
9.573772011359963363e-01
5.694304002651503493e-01
6.547177754378215309e-02
-2.203595126138842009e+00
-9.585110125703619754e-01
-1.698723801969237723e-01
2.456818607469294369e-01
5.717934296843567576e-01
1.078773108205651310e+00
4.456009046404342255e-01
1.035149248522981846e+00
4.184944899500098181e-02
-1.431915706321187587e+00
-4.462914360722524676e-01
-1.091804155699574366e-03
4.801220391489833261e-01
7.446914648457835240e-01
5.305578143862166307e-01
6.769279566359895917e-01
-2.242524429968121569e-01
-3.300291968267076159e-01
-1.282226583374328710e+00
-2.736428139408569327e-01
2.246216279220198675e-01
6.954504988098221263e-01
9.499565190102920997e-01
7.756560150149482968e-01
8.939560663070306168e-01
-4.405063430941737017e-03
-1.724574659363486695e-01
-1.654057546065117013e+00
-3.331192408206641309e-01
3.699501904447383138e-01
7.815029833440054752e-01
1.046475871891766829e+00
1.322295203015139142e+00
1.073879522436536949e+00
8.827932572075534168e-01
2.087167961107352643e-01
-1.598039033813958065e+00
-2.911683489535167868e-01
3.696172977476756549e-01
7.628042467554247974e-01
1.089950712917163944e+00
1.204869601527372325e+00
1.079400583135301961e+00
5.119186990218671518e-01
8.229918649388803797e-02
-2.132233941853106884e+00
-1.024420388460149933e+00
-2.181360000601640925e-01
2.048994223351594257e-01
5.248186772714008574e-01
1.034233065239962945e+00
3.392086449654962976e-01
9.285693361276420310e-01
-6.850566808921879774e-03
-1.897454118529273925e+00
-4.859496687880368593e-01
2.440809483543425751e-01
6.718894033037040581e-01
9.307356895069146541e-01
1.251831695874244810e+00
9.012119966222564837e-01
6.868983423167378533e-01
1.036727428871855039e-01
-1.346864186262034968e+00
-3.466147721120382830e-01
1.293048764942543172e-01
6.056285663983849155e-01
8.614471261827568727e-01
5.859075504655484323e-01
8.016019581665050353e-01
4.782299610536198953e-02
-2.074810334231667330e-01
-1.990504310013304412e+00
-7.302633968816139021e-01
-9.069640347423845242e-03
3.456045613004735118e-01
6.918674778089338728e-01
1.172606968133564020e+00
7.622535534849611549e-01
1.286170969780454199e+00
3.912907301047567343e-01
-2.071199717068511692e+00
-6.778474905071646406e-01
2.207597438744576812e-02
4.509740550874167253e-01
7.549779198094538346e-01
9.766192119936324412e-01
5.942282335474555754e-01
1.638324340088975761e-01
-4.727960240102134504e-02
-1.875182524625770286e+00
-7.921330937468049616e-01
-1.367306375879773564e-02
2.920661290769056562e-01
6.323721400453004016e-01
1.117865821638103885e+00
9.505608427199460086e-01
1.461955710740814318e+00
6.048059843831907756e-01
-1.284066488753680568e+00
-2.673259903002612181e-01
2.344785412954764892e-01
7.017778702552236458e-01
9.607519321155999492e-01
7.590255713798150783e-01
9.105037757621147199e-01
4.420328495522954371e-02
-1.050147509783247862e-01
-1.425699011356769352e+00
-3.549367589801819545e-01
1.601159790744652867e-01
5.984176629902809852e-01
9.094589299654747272e-01
7.387940392769436482e-01
8.335700373749311831e-01
4.114227260136116976e-02
-8.974133741669958197e-02
-1.570432364601170194e+00
-3.480306738540038802e-01
2.522323231487698658e-01
6.484768857407954279e-01
9.975706354923270514e-01
9.737289982178977121e-01
9.204730564028452688e-01
1.896706440767910729e-01
2.101097221536405574e-02
-1.212818519418861207e+00
-1.906957906726043372e-01
3.344450945682512777e-01
7.924893880597025930e-01
1.050053397654214349e+00
8.077038978625490362e-01
1.002547557164543468e+00
2.976860850734423525e-01
-1.386371786704216659e-02
-1.184951189044721964e+00
-1.517535268774734269e-01
3.834781449012785726e-01
8.431811516732689027e-01
1.093005559554281803e+00
9.266470460379266916e-01
1.049655788082579200e+00
1.773977811972569096e-01
1.100431730571145746e-02
-2.184320361702865476e+00
-1.092175193842825243e+00
-2.786138974913277555e-01
1.410486450511088674e-01
4.647990286599342213e-01
9.738060157167343078e-01
4.123550367262284744e-01
8.466576798257448022e-01
7.559038649664080733e-02
-1.322041937464220052e+00
-3.138202236213908924e-01
1.686065629698520474e-01
6.426647075096582062e-01
8.988436525898538809e-01
6.588457748413187876e-01
8.434203620023569270e-01
3.367721079986506910e-02
-3.466483996772475734e-02
-1.689294330625122242e+00
-3.534543958424856136e-01
3.395695593486162678e-01
7.471200747949006127e-01
1.026445115278870501e+00
1.261546557565703885e+00
1.027875885272968137e+00
7.886340305242484083e-01
3.419515122155762366e-01
-1.673775919729743267e+00
-7.847300866799625796e-01
-1.496502788358853708e-03
3.716935920238462754e-01
7.016685202087136197e-01
1.205450289452705936e+00
8.723361525526696081e-01
1.396558694571289561e+00
4.010925401935441781e-01
-1.810236910014955125e+00
-8.607701824610466401e-01
-7.408721475676649515e-02
3.102793179213421682e-01
6.407432034486930661e-01
1.148216871837326902e+00
7.070795315599704978e-01
1.259700144389918508e+00
2.927756965647482224e-01
-1.924162057522939229e+00
-7.345164983480870768e-01
1.488443403346655959e-02
4.261778407006390212e-01
7.541977874906725665e-01
1.255928266788988612e+00
7.221370488081594319e-01
1.197595523359209713e+00
3.338647313169226249e-01
-2.060225171504213471e+00
-9.305797075685309228e-01
-1.735802450448912793e-01
1.838862076249067334e-01
5.292119630191078894e-01
1.005719657106830978e+00
6.147425223273670358e-01
1.132355369151065272e+00
4.874876333353198032e-01
-1.307475998973635756e+00
-2.812952193646205967e-01
2.169735592631854837e-01
6.848759523619648570e-01
9.437064482525999720e-01
6.849588756418514279e-01
8.880795879792831027e-01
1.423393855027434152e-01
1.125349330020413430e-01
-1.293893486086107769e+00
-2.836279540660948673e-01
2.109353293210555202e-01
6.828481496348575153e-01
9.373141251296972509e-01
7.629171547243726037e-01
8.839403048742762170e-01
1.867423071824826641e-01
2.915544582062641887e-01
-2.164207458197582312e+00
-1.000367160219204798e+00
-2.013605279363625267e-01
1.383777154852557367e-01
4.782186696321574226e-01
9.598572028869851724e-01
6.267236933779611885e-01
1.149679154583085117e+00
5.774636666292244369e-01
-1.485715619061027004e+00
-3.664318731450345035e-01
1.622242180110298193e-01
5.856545071759668986e-01
9.146459643347172319e-01
6.719753269293152753e-01
8.188087316992262998e-01
2.740554268094115842e-01
1.853706543521472239e-01
-1.174569499666676009e+00
-1.475932846862893777e-01
3.845730960022989975e-01
8.427834950370375333e-01
1.091138376267724031e+00
8.356616604684817817e-01
1.046606659672103978e+00
3.691784623431178525e-01
3.242485239794913321e-01
-1.225887779787785847e+00
-1.884515937919127859e-01
3.359350313948526456e-01
7.988246867829025266e-01
1.051182909929482268e+00
8.870866206778799112e-01
1.006846435620738944e+00
3.594046724051174202e-01
4.652915261280973769e-01
-1.801758074998222714e+00
-6.023017534702239661e-01
1.265775772931080068e-01
5.424998009187957937e-01
8.387387910943079339e-01
1.341835252760001262e+00
8.600438849366509597e-01
1.256786029389698189e+00
5.103618653367151259e-01
-2.000103814306156025e+00
-8.604466897205887976e-01
-6.301211165756021026e-02
2.981383051074553148e-01
6.372857664731520488e-01
1.132421055908562346e+00
8.668900749639514292e-01
1.334378997913134635e+00
5.703031993120795118e-01
-1.998572745251560701e+00
-6.693732421651074072e-01
4.545049476715875419e-02
4.695055953933056636e-01
7.383675457947780352e-01
1.006506358901969378e+00
6.187917395223252459e-01
6.059140068861386119e-01
6.328404888037802989e-01
-2.183476029791542317e+00
-1.069324597951292199e+00
-2.637958618237959407e-01
1.348952995487017748e-01
4.617145080415724356e-01
9.703340147601765553e-01
5.629858914623209198e-01
1.008130628508725257e+00
4.179956429470975121e-01
-2.594143595220559373e+00
-1.864673418357512436e+00
-1.654855150790982776e+00
-1.278077886618443237e+00
-8.253266215441339426e-01
-9.640552366285817243e-01
-3.060463164910675049e-01
7.479530749859383820e-02
2.733110471473934044e-01
-1.502080379333034621e+00
-5.286929876325859867e-01
-9.961382908387902968e-02
3.837463947813094522e-01
6.534796401538828237e-01
4.753450813259425534e-01
6.014442073301990987e-01
3.401274709518054551e-01
5.393564825182600719e-01
-1.757504663865700589e+00
-7.479005981462997221e-01
1.707119474828493882e-02
3.426193540859709952e-01
6.835379599218108781e-01
1.179862124876982055e+00
1.101180259686864060e+00
1.520967576054640613e+00
7.637062836427904733e-01
-2.010992735496603068e+00
-7.228592367240714855e-01
2.107131759473834451e-02
4.547502529870323662e-01
7.063591030814928562e-01
1.137186864272363485e+00
5.986032571921987566e-01
7.115225548010050138e-01
4.177002343268904072e-01
-2.919655886899800823e+00
-1.799586925755438438e+00
-1.346520375932052760e+00
-1.042721782751655057e+00
-6.185236180806737982e-01
-6.806640866244941801e-01
-2.752483769240213207e-01
1.594668670840721503e-01
2.940005509913680148e-01
-1.443596946468283404e+00
-4.642667307685195976e-01
-1.872417742625073420e-02
4.634813331490726385e-01
7.292893624971144018e-01
4.407152658793863642e-01
6.225910438953249360e-01
1.871125965660802581e-01
2.613977541792869563e-01
-2.354636446720146381e+00
-1.156228294556339797e+00
-3.403292265594463073e-01
9.880914587347246203e-02
4.180383620825078861e-01
9.313732201129824029e-01
2.556298750958773680e-01
7.112705797629211846e-01
2.844075730204567165e-01
-2.917917065343613281e+00
-1.695848434109749281e+00
-1.065062969055016628e+00
-7.136377869101749871e-01
-4.785573105426570439e-01
-1.190082928586502775e-01
9.785573954471883662e-02
4.849815329723745072e-01
6.473038938698530975e-01
-1.869310588517166583e+00
-4.456737752515497752e-01
2.819502587023108853e-01
6.992465752340527585e-01
9.601581982457425557e-01
1.257888240037638772e+00
9.937514165054421866e-01
8.415453002424470030e-01
5.342232444122159141e-01
-1.816790756472206114e+00
-5.355456912041171025e-01
1.950415025791065460e-01
6.173899813818946036e-01
8.423236439889304483e-01
1.291025259316921803e+00
8.381429463666034696e-01
1.095630350906182215e+00
7.664872097360145853e-01
-1.850497615690577469e+00
-7.923519446317280890e-01
-1.396161320722064461e-02
3.265105924844281526e-01
6.594941245202633473e-01
1.158535053612325560e+00
1.026086318540519349e+00
1.463152320975573462e+00
7.094480666242569677e-01
-1.715796865328977239e+00
-8.614236966463434397e-01
-5.176535094615172250e-01
-2.330045423347176792e-02
2.516217728499142159e-01
-1.447575800312992933e-01
1.420669639671984508e-01
-7.196075486114120179e-02
1.480212275231940211e-01
-1.650469279201469464e+00
-3.014998551680606043e-01
3.894939052990203932e-01
7.949416282151298141e-01
1.074548331629354925e+00
1.310679751590775100e+00
1.098337421649751455e+00
9.154909786336450361e-01
7.456677435012731836e-01
-1.767036007082540161e+00
-7.621525155590255229e-01
1.392975262913440961e-02
3.939523992374296402e-01
7.295466402451875609e-01
1.237950743584608215e+00
9.050925681973454040e-01
1.414263084269583137e+00
5.911439564680440739e-01
-1.794866394308451296e+00
-5.798846049086769927e-01
1.274903867280519631e-01
5.003184750940851133e-01
8.091145237229425691e-01
1.297292142232948864e+00
8.984137669007723481e-01
1.409145167769632723e+00
8.912318514015050708e-01
-1.783883959896932936e+00
-8.649787877769817834e-01
-6.336110604882948250e-02
3.278863568049295574e-01
6.623990308961198448e-01
1.171444588641316287e+00
7.794157684773811434e-01
1.291555899556689146e+00
5.261791103830426586e-01
-2.422015407630413897e+00
-1.894145317462784250e+00
-1.736720911617194218e+00
-1.235823807820141562e+00
-9.357697909832112249e-01
-1.213704364189301277e+00
-6.966913143099103811e-01
-4.817760963002335473e-01
1.264765524123629969e-01
-1.212010813606074100e+00
-1.489847927158041985e-01
3.943522829713116962e-01
8.434751989864498478e-01
1.103223670776773524e+00
8.575388676011816980e-01
1.005360674521170061e+00
5.327709324041963734e-01
4.415463576884272601e-01
-2.234845822531524195e+00
-1.619374065074084434e+00
-1.409404230716870376e+00
-9.138746065824644438e-01
-6.118192726108211410e-01
-9.470536225587612433e-01
-4.006081283182946207e-01
-1.411238045435151689e-01
1.389267775875144550e-01
-1.235518949365136621e+00
-2.167184496550034756e-01
2.961446920640563030e-01
7.608165525625409931e-01
1.012530865815081116e+00
7.221856764241743054e-01
9.465685503945887591e-01
3.340207070241960063e-01
4.211296747148327024e-01
-2.531032496883516281e+00
-1.896150222429639376e+00
-1.684817838268319656e+00
-1.282128185533271347e+00
-8.825480990823806327e-01
-8.084275329980872282e-01
5.856342613208638526e-02
4.547176272363303018e-01
6.560375346015078213e-01
-2.053669628158088845e+00
-7.286190334437064875e-01
-1.643093507159987532e-01
2.359839051513948627e-01
6.431902111046391424e-01
5.820340523289996293e-01
4.549835457376512626e-01
1.602405534141773669e-01
3.448153293018886845e-01
-1.273526115229548950e+00
-2.236133417410554880e-01
3.019830258303750625e-01
7.570717117517992145e-01
1.023078190783536678e+00
8.301481574524174345e-01
9.594705904074137814e-01
4.177239921116580046e-01
5.043389680982685030e-01
-2.192685777393393209e+00
-8.227147256581696100e-01
-2.622789058884800739e-01
1.357823725253661518e-01
5.505722377019509617e-01
5.214296740411602515e-01
3.282771297358917373e-01
7.480366529003196208e-02
3.223147167387848677e-01
-2.234188356029017886e+00
-8.762737646866298746e-01
-2.359908918550376322e-01
1.881347499886857066e-01
5.257084333893763395e-01
6.702289050763811096e-01
3.794167832015633013e-01
5.589392167835174341e-01
7.155850092379804073e-01
-1.520899491599131625e+00
-2.515048583710857710e-01
4.084314565181214607e-01
7.962013255543692880e-01
1.106014859837504138e+00
1.194761034422150425e+00
1.056644466206453359e+00
8.982558009355492423e-01
5.761108466293327623e-01
-1.406476377237585673e+00
-3.917784072910486803e-01
8.371922073279701448e-02
5.545412572142540686e-01
8.297483298782857286e-01
6.667538155255569032e-01
7.755701237147194504e-01
4.809395341842792049e-01
6.656735530630725206e-01
-2.827575204674389830e+00
-1.817830516775773564e+00
-1.501390940038063837e+00
-1.202595398334276311e+00
-6.805981372605324209e-01
-7.288894909734477956e-01
-6.797354978208025589e-01
-3.837613339285123604e-01
2.006521599010576140e-01
-1.303408858914399504e+00
-2.673762731560506145e-01
2.346535284583400327e-01
7.042649739248103558e-01
9.637141243686364600e-01
7.972447718087158908e-01
9.175545841265745350e-01
5.020415610179741472e-01
6.740853265995254695e-01
-1.810341056742973409e+00
-5.282382176286188891e-01
2.005096428590781854e-01
6.196202651687618967e-01
8.660024881894671234e-01
1.180200736958978425e+00
8.320797775328993007e-01
8.341617416534051754e-01
7.772996694361847814e-01
-2.003226894197457586e+00
-5.376706838514174747e-01
1.792291160374108183e-01
6.007427694773354032e-01
8.738473524987089291e-01
1.137274593235899189e+00
8.612078769626670960e-01
6.828599713370279156e-01
5.283322444840042875e-01
-1.915741283396692252e+00
-4.846035077471284036e-01
2.595719386129343165e-01
6.845227900513073394e-01
9.156569499363225173e-01
1.309887823128765172e+00
9.749574390301143367e-01
9.984967459827499559e-01
6.016485586754567461e-01
-1.515633161428340259e+00
-5.362556806674420029e-01
-1.084318069830278314e-01
3.734775008185660661e-01
6.461425889512398824e-01
3.023183373769599003e-01
5.457091574810074563e-01
-2.752919470732490340e-02
3.050150012209983386e-01
-1.272683189996148378e+00
-1.955932807304634480e-01
3.387225689885334790e-01
7.874873188098339138e-01
1.058862286508072348e+00
9.061638194591753459e-01
1.015968312670810114e+00
5.148552433676895079e-01
6.722736843351077018e-01
-1.255977944929502321e+00
-2.445498007231724780e-01
2.625870007939508644e-01
7.307077223303939384e-01
9.833530574486134546e-01
6.795159082951837126e-01
9.074986693392410597e-01
3.230489748538941108e-01
4.327810619116559954e-01
-3.172338790201957082e+00
-1.802156926170335849e+00
-1.029000244175791723e+00
-6.887660326279639866e-01
-3.801589151989843152e-01
2.980586616177145765e-02
-2.431817043230166120e-01
1.993186008039523061e-01
4.090362108391168428e-01
-1.899068699171371000e+00
-7.874458525556539135e-01
-2.170916311314499345e-02
2.851210776710477179e-01
6.299517457690474442e-01
1.109319946522879574e+00
9.408848648233776313e-01
1.450109729187967211e+00
9.950036150288995573e-01
-1.327896844786136121e+00
-3.141614969585274086e-01
1.706208844646470990e-01
6.445405120529813514e-01
8.986514617034053742e-01
5.617860157734848592e-01
8.012876359426663875e-01
2.600940718488567449e-01
3.939884938291619565e-01
-2.551091989046816444e+00
-1.835666141882878799e+00
-1.630946999299756950e+00
-1.259927976868460142e+00
-7.975495587772924999e-01
-1.013522657658882276e+00
-6.003282926610172821e-01
-2.969811580952575469e-01
2.531030349020759185e-01
-1.842509922845388504e+00
-4.690028904120793762e-01
2.620677106598313100e-01
6.821123509779059013e-01
9.038000463106239390e-01
1.259075939161835356e+00
9.147231975211482791e-01
1.058944799803645864e+00
6.360889887288466715e-01
-1.663451195830614182e+00
-6.064335208317958026e-01
-1.594397879671470009e-01
2.810174818564649679e-01
6.240282239872796399e-01
5.013640975949109624e-01
5.445614567264409622e-01
5.296660130747313788e-01
7.233476492390721324e-01
-1.352521270169200429e+00
-1.743443240463168342e-01
4.201927290342837296e-01
8.186702107645760229e-01
1.136309713946435096e+00
1.005596699062057064e+00
1.099861660492113868e+00
5.967532410616953609e-01
5.832774184638386261e-01
-2.555149817251679334e+00
-1.315449958903430305e+00
-5.198333630810760830e-01
-1.109026975533217024e-01
1.973300528488789174e-01
6.681174738563711024e-01
3.802180423836819534e-01
7.749737258415467789e-01
8.351407297254197504e-01
-2.023321887528093388e+00
-9.499547372401713208e-01
-1.356259987485526064e-01
2.671331109464600839e-01
6.018814951218928178e-01
1.110184365235581616e+00
6.335829471899596665e-01
1.139632520756667100e+00
5.176519405420340059e-01
-1.665366453793873047e+00
-8.656094929175883745e-01
-7.022747091369418992e-02
3.182380850080758217e-01
6.518187844197081970e-01
1.160233168274611648e+00
7.961058111801740944e-01
1.305946315099225430e+00
5.847010862376580409e-01
-1.349140013138451666e+00
-3.358653886458906057e-01
1.422878658915480155e-01
6.190659606923707425e-01
8.791928239405948364e-01
7.074199798850124843e-01
8.390106433022244126e-01
5.483409316553164992e-01
7.353134958739594440e-01
-2.791280163981942675e+00
-1.617027102707500275e+00
-1.129097377315350315e+00
-7.832369194028804271e-01
-3.830774113961102900e-01
-1.744012729903781922e-01
2.121472752686931473e-01
6.156562126901677923e-01
7.948949636743154468e-01
-1.897531325378896128e+00
-5.559630888816510241e-01
1.688014589742700966e-01
5.815960730537199641e-01
8.287555751524019465e-01
1.088270529858137214e+00
6.706877719279592531e-01
8.573172876785765117e-01
6.255173351970313433e-01
-1.575677249555053061e+00
-2.586852525519106605e-01
3.825635937028982747e-01
7.723489352534274044e-01
1.099196017554884053e+00
1.179461750675326437e+00
1.086743839502905207e+00
7.534944998058686894e-01
8.040189500744329143e-01
-2.143633515380494181e+00
-7.510746378737295226e-01
-8.953966714437792615e-03
4.246063316549840705e-01
6.799183568654237897e-01
1.011756653208131462e+00
5.811779998213845166e-01
5.411505277730319641e-01
5.082614223240592422e-01
-1.632626713509229166e+00
-7.438409548390931825e-01
-3.689151933322822874e-01
1.227976822058017281e-01
3.953731956494345723e-01
2.186118226797765518e-01
4.351192870684098546e-01
5.288304522835667321e-01
7.350310114066085365e-01
-1.520331672817341717e+00
-2.895083836667059485e-01
3.510770999145838012e-01
7.363071707841649660e-01
1.065723141148016584e+00
1.057810540506575858e+00
9.244233037171181167e-01
7.813291678658725870e-01
5.887999637504343076e-01
-1.743507594480082190e+00
-3.915808894906178672e-01
2.889173445996279233e-01
6.922808666268155386e-01
9.923690459407131792e-01
1.167935009098070909e+00
9.712747768790895853e-01
7.925312130534001298e-01
8.214470813955455641e-01
-3.131684453791866662e+00
-1.756649480419794518e+00
-9.898096654183224929e-01
-6.405050394925997370e-01
-3.401586015595130519e-01
7.817231180780891131e-02
-6.012652291864344356e-01
-2.468684361461033483e-01
3.089528107023141179e-01
-2.407425766922136390e+00
-1.149748091086616908e+00
-3.390030621720480641e-01
1.058338121417244648e-01
4.255522922939560249e-01
9.379104575369623387e-01
2.838972817866617926e-01
7.131652192433552973e-01
4.374894401926001097e-01
-2.054878001019874389e+00
-8.782735011863382901e-01
-1.116482598050100167e-01
2.338097623420828108e-01
5.811942364050558529e-01
1.057700436486504136e+00
7.430174323258809110e-01
1.266000046737997708e+00
9.535472248707873577e-01
-1.454649036210062807e+00
-2.069676006870438401e-01
4.276646824224267784e-01
8.073812142459808605e-01
1.133719571973323736e+00
1.108401866198078123e+00
9.791745937787349474e-01
8.275532847004323234e-01
6.247939949866273546e-01
-1.218855752980269713e+00
-1.777139673906085460e-01
3.501755400226432280e-01
8.085436746034670996e-01
1.061402110000251309e+00
7.705951972249355242e-01
9.756107669904638957e-01
4.553126796760585404e-01
5.200975212605378761e-01
-1.783276738018528373e+00
-4.794181547809650557e-01
1.444365516282879180e-01
5.444920694635343450e-01
8.960608275174632986e-01
9.313878036689468010e-01
7.994021822630067442e-01
6.275110072043116327e-01
7.658059346886623153e-01
-1.802297944936301466e+00
-7.313658293950494604e-01
3.013746662868449847e-02
3.398331166696456629e-01
6.925129780968717341e-01
1.171676303754063175e+00
9.742327424210139863e-01
1.491870247058539434e+00
1.071597978637316428e+00
-1.846126079000738773e+00
-7.337556906111281085e-01
1.812024181920715571e-02
3.636906939984327902e-01
7.099831021868825420e-01
1.205763504735959613e+00
1.045449324479818420e+00
1.492858555521333841e+00
7.738106999172174039e-01
-2.810218467613889270e+00
-1.593586114228137118e+00
-8.023203672402521303e-01
-3.892868980088975417e-01
-1.029264466405957063e-01
3.439761742481273754e-01
-7.705588376620491065e-02
3.012275109958673647e-01
4.737589051384222261e-01
-3.280264876364080262e+00
-1.709174124047546872e+00
-9.356040231810186514e-01
-5.806172201771048202e-01
-2.807712941312524024e-01
1.426973170043787098e-01
-5.592035369119697785e-01
-2.207264009073295619e-01
3.381069524370489687e-01
-2.795173521080282608e+00
-1.610273233195486764e+00
-8.329731882988301583e-01
-4.312185013787608878e-01
-1.614929046225084264e-01
2.904002598950031211e-01
3.083676100559018529e-01
7.017964485233572081e-01
8.590290863721271597e-01
-1.867218668184362995e+00
-7.069558834387049684e-01
2.430780129093072436e-02
3.700644292480747555e-01
7.212339611665736783e-01
1.199839374698623562e+00
8.636672544242942617e-01
1.402259094398976336e+00
1.008397973215937382e+00
-2.167077662014358808e+00
-8.749202356007069747e-01
-8.545958316541200916e-02
2.380325187293057809e-01
5.794408634734462549e-01
1.063933256592179744e+00
8.580733077815787535e-01
1.378134011371465739e+00
9.607255697062231370e-01
-2.450562164237323870e+00
-1.936292052138850694e+00
-1.753255389764506011e+00
-1.284961227213621493e+00
-9.683506018093116507e-01
-8.567303802879260299e-01
1.164579403403102620e-01
5.240059376924575130e-01
7.491548700095068680e-01
-1.334080535700829628e+00
-3.195302548811885246e-01
1.617978283531888717e-01
6.366157852004188378e-01
8.926221535405071128e-01
5.614015622613440781e-01
7.442858974890952384e-01
3.926199519865334886e-01
4.441243891050618564e-01
-1.938919704141209843e+00
-8.572674715182225791e-01
-1.059454215066961830e-01
2.479108005903681855e-01
5.922891012733234595e-01
1.069409197203785800e+00
7.322707339507331659e-01
1.252896079083310132e+00
9.794232689686113158e-01
-2.560869262076405306e+00
-1.375705968412479496e+00
-9.066185134525942546e-01
-5.542779757863833812e-01
-1.117141540125437399e-01
-7.526865545139317659e-02
1.127414470478481368e-01
5.021588179831534271e-01
7.114099016310366785e-01
-1.218140034996414878e+00
-1.568864207255453724e-01
3.887567216339675724e-01
8.388301796588558679e-01
1.100759176072722889e+00
9.504652671835533972e-01
1.067553769802033203e+00
6.253202814865391757e-01
7.916358893459968238e-01
-1.717108027213388288e+00
-5.610502562304339191e-01
1.391227970386396950e-01
5.100702374721934884e-01
8.176172046593362941e-01
1.306961613793753196e+00
9.199510375713936261e-01
1.417218603578260128e+00
1.018814482232156093e+00
-1.717432666004828024e+00
-4.512711244971694402e-01
1.553186537761436226e-01
5.497212210249502462e-01
9.179587631082994914e-01
8.462973416013773731e-01
8.277640451984346059e-01
4.602423792101358879e-01
5.593176053383310808e-01
-2.423940544432212185e+00
-1.856165038390829247e+00
-1.683049549049248084e+00
-1.195838411666988677e+00
-8.839570766158600934e-01
-1.014539767006526594e+00
-1.533905764989943465e-01
2.163905629835624067e-01
4.352481410403982731e-01
-1.425864704493903456e+00
-4.547553050508931216e-01
-1.758799121218295250e-02
4.665633050675190852e-01
7.260490790018186980e-01
3.733269528412311300e-01
6.247008299614829063e-01
1.130509429969970975e-01
4.429236327285587804e-01
-2.018791464418387527e+00
-6.812277713268253265e-01
-4.351242772590362823e-02
3.656107246391823162e-01
7.052170221950081475e-01
6.908620305346100388e-01
3.904923539680266731e-01
5.741512472104391973e-01
5.884533780693316229e-01
-3.030540488380875086e+00
-1.856220050321371051e+00
-1.295375009981974745e+00
-9.738264826057017043e-01
-6.607473141005678618e-01
-3.956383320499571310e-01
-5.945243603725027803e-01
-2.203455167525615321e-01
3.725586078227958731e-01
-2.253286939809376221e+00
-1.075643815318382268e+00
-3.112049488783507623e-01
7.841423578318956755e-02
4.060967126967319762e-01
8.757847258549072977e-01
5.150082274682885597e-01
9.517808351445109505e-01
9.339624415886660369e-01
-1.832845126191291696e+00
-9.696271947100211230e-01
-6.371045700278165080e-01
-1.586882951432769528e-01
1.472793668852675208e-01
-2.257326156384783788e-01
4.171453453735547712e-02
-1.238145154783906882e-01
3.816558367361950199e-01
-2.229168981097933155e+00
-1.067063533017483135e+00
-2.700355313144552905e-01
9.222199519223114872e-02
4.267467777196793377e-01
9.067270737978588846e-01
6.070247495651671654e-01
1.076953185265479451e+00
9.374093667133664987e-01
-1.180736580723192652e+00
-1.513735249703852537e-01
3.799032163418232244e-01
8.372390375449335620e-01
1.088024039320281577e+00
7.816875483612000242e-01
9.437499304723188098e-01
5.467609532598572963e-01
5.297984722142868863e-01
-1.541489010735475507e+00
-5.941603048140668974e-01
-1.858385154277717721e-01
2.982759846419764660e-01
5.702267724538259142e-01
1.985899014751051628e-01
4.507476950629104584e-01
4.016494826154650560e-02
4.218978563848084784e-01
-1.865319366019995373e+00
-6.110841396871536935e-01
9.884904073857818385e-02
5.121096281140390394e-01
8.071899170257470502e-01
1.304535044273230637e+00
8.586317479717902046e-01
1.229714860401921239e+00
6.833324452122049308e-01
-2.379952952997105964e+00
-1.916419757868306206e+00
-1.725899379417458634e+00
-1.255349265302641681e+00
-9.478340610271763778e-01
-7.832179021825373955e-01
1.812893316986226577e-01
5.882754406013877002e-01
8.052124369924172909e-01
-2.041542039840072320e+00
-8.768802815013121421e-01
-9.609536224624093403e-02
2.209827948121971530e-01
5.588275914383592502e-01
1.039747554146593700e+00
8.346731263973843351e-01
1.343041041561639171e+00
1.041691274285907465e+00
-1.860116411038130968e+00
-4.877829579556540174e-01
1.707788480649052587e-01
5.738361251905581550e-01
9.086276984353515163e-01
9.702504012594121985e-01
8.535116147642788365e-01
5.638127515765259945e-01
6.062086013784128147e-01
-1.902849802857229600e+00
-7.176260232145466045e-01
5.061816798039942087e-04
3.869092312904501840e-01
7.056640293370763928e-01
1.185439210996251047e+00
8.002535516390864023e-01
1.212914476425547505e+00
7.386458605291833512e-01
-2.003564816293297746e+00
-9.146519623701275803e-01
-1.334966637397675404e-01
2.340388226668682070e-01
5.682987845298744789e-01
1.071754904050341350e+00
7.906273127228587994e-01
1.259100052526375135e+00
6.936240968252450623e-01
-1.852679955415205360e+00
-7.648979255579863024e-01
6.925432122011962628e-03
3.900202176661293207e-01
7.355244633389249609e-01
1.241514453935985474e+00
8.973116626671489016e-01
1.398422304885458045e+00
6.980174890639053720e-01
-2.174603121757626489e+00
-8.391408082033136040e-01
-1.117365143735622179e-01
3.200794554340964937e-01
5.581862297680244556e-01
9.369551011371726190e-01
4.905755432312600139e-01
8.148517013130931463e-01
9.301227961480814654e-01
-2.100446593677748552e+00
-9.862437472250001891e-01
-1.767325988730995556e-01
2.395196174787925514e-01
5.713346776376052594e-01
1.082658327879649551e+00
5.738760891672597397e-01
1.068535510738318539e+00
5.829758165997769304e-01
-2.180372007412743063e+00
-1.059400989027368345e+00
-2.518431034097889931e-01
1.038884548270964936e-01
4.382766871556951216e-01
9.230558262541955772e-01
6.654594468137313701e-01
1.148059404314664578e+00
9.608763889453723062e-01
-1.266645100053112039e+00
-1.553615523983897240e-01
4.166176706326138457e-01
8.393311908964522505e-01
1.129754922316956733e+00
1.013802417953700186e+00
1.101742258360588922e+00
6.793237390357697025e-01
8.426141609425683576e-01
-1.426601961815898711e+00
-4.632185174872481270e-01
-2.360655507546386214e-02
4.602949080911986068e-01
7.213518855645686401e-01
3.927846422251872194e-01
5.789858646306974554e-01
3.627620700075167570e-01
5.049567624072541783e-01
-2.417417081515337518e+00
-1.856200914554745118e+00
-1.700345770902782938e+00
-1.204909360425563181e+00
-8.969983991461568662e-01
-1.076052431667533726e+00
-4.092127673422839562e-01
-1.275758804067953223e-01
4.176555644286717994e-01
-1.423050473818872508e+00
-2.695031462582463400e-01
3.016459093664367042e-01
7.091214853901489645e-01
1.036202629827509325e+00
8.526479959432470279e-01
9.557040733786510422e-01
5.341354319693888408e-01
6.404728311638999694e-01
-2.456404748273569361e+00
-1.978407992851513253e+00
-1.799154244096562660e+00
-1.327885598815042423e+00
-1.022090970110097752e+00
-7.542186759211326752e-01
2.315037524776284994e-01
6.432588370125474908e-01
8.536916536507528352e-01
-2.008158209185450183e+00
-1.012558841568076407e+00
-1.932892422570144098e-01
2.203365492830824390e-01
5.474201199984731758e-01
1.058156310172487791e+00
5.799424425329060551e-01
1.073377151124036422e+00
6.016798294024003901e-01
-1.913445732004637856e+00
-6.278163123123753353e-01
-7.679698411315988293e-02
3.200315677169364159e-01
7.179199189241094459e-01
7.014411118197517725e-01
6.208980560875592136e-01
7.118026160260423341e-01
8.984028754546884432e-01
-1.299558599997324926e+00
-2.883525688986348090e-01
2.085723252961088625e-01
6.764667686720359230e-01
9.398841883451991563e-01
7.759522835047496514e-01
9.089832317372259496e-01
6.762620376860024596e-01
8.655637732713059584e-01
-1.740007845758004601e+00
-8.012326669682047209e-01
-3.193708710554200164e-02
3.567686030499788719e-01
6.980775653370001610e-01
1.205230143430334966e+00
8.514576441860629563e-01
1.351012097338874840e+00
7.046154586749154847e-01
-1.828114453603556067e+00
-5.111289421642500885e-01
2.268892303368088281e-01
6.519880548670199394e-01
8.837914446569575810e-01
1.339386684395933669e+00
9.622695870144880592e-01
1.147816506502253864e+00
7.336900060628054332e-01
-1.262342922151509672e+00
-2.305137844006873160e-01
2.782962820039115437e-01
7.465063247159615667e-01
1.001054876230851320e+00
7.588495040667008196e-01
9.092246760210594969e-01
5.303876673062731806e-01
6.386339877205694515e-01
-1.670092134348152291e+00
-7.599874512297546403e-01
-3.926209081607179296e-01
9.473681615274295864e-02
3.750447543694515051e-01
-6.394531902182763565e-03
2.657186785613370184e-01
-1.066525871873150698e-02
4.674494470242446797e-01
-2.977406622633110622e+00
-1.733578939778038341e+00
-9.201753693316701010e-01
-5.360425014946380573e-01
-2.256106487633231794e-01
2.176102881565690206e-01
-3.904339331972752625e-01
-5.283739327532176872e-02
4.685946120685605121e-01
-2.537356374173981965e+00
-1.247718672409527718e+00
-4.297053372645995850e-01
2.084253481840329589e-02
3.315328876418388582e-01
8.442637054661182860e-01
1.791707782867029697e-01
5.470691158386213893e-01
5.285068442365402630e-01
-2.189275838781763017e+00
-1.566392825448557513e+00
-1.330816088686416654e+00
-8.489511721129957555e-01
-5.403644305010152360e-01
-5.684036840189916617e-01
2.380642760889151999e-01
6.400493450738379275e-01
8.576495941895542208e-01
-2.126440985162171060e+00
-1.039552488266362706e+00
-2.454492936305211204e-01
1.755395073245782089e-01
5.104129737037635950e-01
1.017156201767716928e+00
5.051706059126213066e-01
9.427294895576974199e-01
5.875160017681581026e-01
-2.055441797017185657e+00
-7.109231957625015141e-01
2.809671835283525376e-02
4.553343860588035530e-01
6.918700656280281081e-01
1.097807157894499008e+00
6.449900895382713051e-01
9.370409259999904483e-01
9.907358111671497047e-01
-3.129129869179232415e+00
-1.800349620213794521e+00
-1.054810235572424260e+00
-7.214799603475680057e-01
-4.364136902163232024e-01
-4.963960699235366036e-02
3.433261828396712012e-01
7.626855012786484256e-01
9.494438326220711044e-01
-1.604261916537482513e+00
-6.747350628023179864e-01
-2.788533994945047723e-01
2.051188586632189670e-01
4.850870461218511065e-01
3.139159742042241241e-01
5.219730398976606400e-01
6.441856633746574357e-01
8.635506123361702535e-01
-2.598062763647418283e+00
-1.897454118529273925e+00
-1.702659594161329171e+00
-1.338115460581065008e+00
-8.665866335795906483e-01
-9.933917303639879792e-01
-3.260864084880601421e-01
9.089282741338853763e-03
4.821180883565681086e-01
-1.244305398147180552e+00
-2.225512888663349065e-01
2.940456552477457852e-01
7.578851112296497439e-01
1.015499312906380069e+00
8.485475424424624435e-01
9.822521917251280099e-01
6.784291358186109733e-01
8.733372365304125085e-01
-2.176379343558626278e+00
-8.474778582304364205e-01
-2.827030005306122029e-01
1.150169366116892550e-01
5.121412085962955274e-01
3.893985857678299300e-01
2.442623341272985027e-01
4.958054018967075760e-01
6.121587668813418537e-01
-2.011888011482820815e+00
-6.161137882842329105e-01
3.541986546980315648e-02
4.457269172309484828e-01
7.684987824664510914e-01
7.995170333194564494e-01
5.096724052316456977e-01
6.694955224721514941e-01
6.776346755521630572e-01
-1.902936886520944837e+00
-5.770069576464639249e-01
1.790238016315754133e-01
6.037573191907025238e-01
8.394401854800376261e-01
1.261329206511795364e+00
8.792703905975666201e-01
9.918300406449971351e-01
7.158890905962111972e-01
-2.804594165774115577e+00
-1.595979707312975338e+00
-8.020843634246247467e-01
-4.031654224878298276e-01
-1.289693869278697169e-01
3.178509815295667007e-01
1.024820473203903320e-01
5.213791385120072341e-01
7.274080916569508615e-01
-1.551679625135424789e+00
-2.598510872511348158e-01
3.903837888111147958e-01
7.767951320803291315e-01
1.104667231393021698e+00
1.140718856324594244e+00
1.092315616189361682e+00
7.779297980234647358e-01
7.345785277133519697e-01
-2.712665008255889187e+00
-1.702114580052524806e+00
-1.342851224890097228e+00
-1.023763816341114019e+00
-5.430184279067684638e-01
-3.591537510171333714e-01
3.213283942196331067e-01
7.445419488930244967e-01
9.392871690487523129e-01
-2.303888174245369402e+00
-8.987712599933916913e-01
-2.892274019536237306e-01
1.279624726043347704e-01
4.942901881836553324e-01
5.304450386364679693e-01
2.917495565978598382e-01
2.403172196530007076e-01
5.627893314781611256e-01
-1.225181764984376587e+00
-1.945129179802817243e-01
3.235212399348987300e-01
7.872824517122595234e-01
1.037892932618847297e+00
7.108954960789317656e-01
8.672439472377365677e-01
5.285263098225411182e-01
5.840415780482174357e-01
-1.669002954749522427e+00
-7.658709182205730714e-01
-4.035188182884366093e-01
8.522792120445100983e-02
3.659573255147532400e-01
-4.008439428980695163e-02
2.250223221481614522e-01
2.565997312811332254e-01
4.767156373260754143e-01
-1.528352278415587850e+00
-3.225489221717426358e-01
2.722340204215920600e-01
6.672914376032788031e-01
1.010264995772993890e+00
8.501873919793480061e-01
7.558138083681629205e-01
6.775562361123642630e-01
6.696970981117431609e-01
-1.697929557899459319e+00
-4.144609344238982529e-01
3.156241832375873413e-01
7.391746786228865496e-01
9.497101774029076404e-01
1.344330580726020630e+00
9.616234719427260158e-01
1.179196138041292752e+00
9.768063472080164011e-01
-2.288298365148368596e+00
-1.680492882552093725e+00
-1.480023413465392235e+00
-1.001292544215488078e+00
-6.798715995259654310e-01
-8.949130914701887152e-01
-1.233725579052676879e-01
1.970172828917252372e-01
4.582441667370140137e-01
-1.462020881412996465e+00
-4.841215166252439417e-01
-4.566888664106974471e-02
4.377494322313478792e-01
7.045492883979466159e-01
4.439698995477557864e-01
6.144675640937915517e-01
4.507180093148215883e-01
6.458767667084661657e-01
-3.113482364843257244e+00
-1.751805919687992930e+00
-1.041225275304118680e+00
-7.117648331621141411e-01
-4.488598423501538037e-01
-5.089817728789648027e-02
4.066194730920052458e-01
8.344514860724385752e-01
1.014471412047212251e+00
-1.654942447120227200e+00
-2.890669629621941406e-01
3.737120229940695260e-01
7.653556456029304567e-01
1.079358728735121842e+00
1.182715545301255666e+00
1.077650212851404277e+00
8.605840777777141737e-01
7.518315046229420151e-01
-1.902165280374835454e+00
-7.362487822586344377e-01
-1.963048092513824082e-03
3.282396279989913679e-01
6.819589999581802120e-01
1.158196906918296243e+00
9.155098048911579633e-01
1.430373196581270934e+00
1.155092240966692163e+00
-1.909012488617336301e+00
-8.347397793505332286e-01
-5.158954206380972352e-02
3.084977566010410066e-01
6.454198847929800698e-01
1.148138532816795898e+00
9.351660879646532809e-01
1.399899206724851020e+00
8.031735255477906454e-01
-1.956473945792575053e+00
-9.491222842625446354e-01
-1.506264468706220161e-01
2.169830446364515164e-01
5.568539281324031975e-01
1.054273767230611059e+00
7.827411197390543585e-01
1.250188855216841644e+00
8.108301856481714420e-01
-1.269405489292354750e+00
-2.322908933584046098e-01
2.835505551908418242e-01
7.447269057935779202e-01
1.003852122634021571e+00
6.971017794856131378e-01
8.953921171590841777e-01
4.547159540220935825e-01
6.569612101817589034e-01
-1.952725589337673595e+00
-6.247704025267816208e-01
9.934157547456722026e-02
5.038244287106037334e-01
8.147718143944749913e-01
1.317321484035604007e+00
9.072557850471486551e-01
1.317438134737162869e+00
7.842887982686638226e-01
-1.244002256790287975e+00
-1.536848274516779411e-01
4.059245591539456521e-01
8.383975015649297591e-01
1.116847816743878230e+00
8.749987342951996983e-01
1.021909584641211843e+00
6.007741378946535038e-01
7.146998988423356458e-01
-2.374605603983284130e+00
-1.825270889337388125e+00
-1.654618506485395768e+00
-1.159921127684152786e+00
-8.477107714606308964e-01
-9.720481374224620996e-01
-2.681991309355408748e-01
1.702814173715331766e-02
5.277167387673328269e-01
-2.749916500970364996e+00
-1.738444224063577570e+00
-1.404733529158365801e+00
-1.107630535715541598e+00
-5.871920968722030842e-01
-6.849480800041148898e-01
-2.505636596249616321e-01
8.370841391204059123e-02
5.535339862589424564e-01
-1.834176814190851879e+00
-7.376641343774043014e-01
2.152759934478739451e-02
3.459868171263869585e-01
6.906608938679653642e-01
1.179471404740022322e+00
1.017270745761346351e+00
1.517246565005776704e+00
1.048006751670119918e+00
-1.192544743488665793e+00
-1.483933379298615352e-01
3.918875556388346504e-01
8.452812139785996770e-01
1.099474084066903501e+00
9.099931606344935364e-01
1.051385563430670578e+00
6.494343002584732627e-01
8.243335582283927154e-01
-1.691585182098511719e+00
-3.609972055086500542e-01
3.084091525251050347e-01
7.090577278731300392e-01
1.018642960743403547e+00
1.171530351871659770e+00
1.014472629210514842e+00
9.028165851104925643e-01
1.013437416647105405e+00
-1.193888529750784189e+00
-1.465465489027308887e-01
3.877322578955539889e-01
8.422135237442660571e-01
1.098220682479250643e+00
9.439936209540604750e-01
1.074614633173198941e+00
7.724721974315105211e-01
9.517596878921613657e-01
-1.766519178079515529e+00
-4.218803571196375057e-01
2.572379013141838922e-01
6.633479962171177080e-01
9.693589182927705439e-01
1.137608518286205461e+00
9.580076910989338002e-01
9.026341628409533246e-01
1.026951584158850794e+00
-2.027643825159433533e+00
-6.785320917425000653e-01
3.152836769198445049e-02
4.545552805488443093e-01
7.001232190145948442e-01
1.138563541512858990e+00
7.144595596681604377e-01
1.017423802453060633e+00
7.804803242898653570e-01
-1.928535624016240124e+00
-8.343880101506789826e-01
-3.368271893857564120e-02
3.403719182980570190e-01
6.810026507073219104e-01
1.189745424846358590e+00
8.585088999377574748e-01
1.357400254716214727e+00
7.705472705830497260e-01
-1.888471513513194422e+00
-7.589852828143558439e-01
1.697866065685231518e-02
3.669301405276236272e-01
7.079412732816595666e-01
1.211100817796902485e+00
1.035893008748457023e+00
1.490018407237410747e+00
8.544656073106536853e-01
-1.676802100033339959e+00
-3.711049386203754685e-01
3.528421623173016997e-01
7.690944465675833008e-01
1.008675005833694183e+00
1.342116198332506505e+00
1.063977394305317681e+00
1.115274520831673666e+00
1.070799044125249289e+00
-1.939428665971220100e+00
-8.988508955602033668e-01
-1.037530970252412699e-01
2.878729961580764884e-01
6.189818683850990544e-01
1.128990410169029568e+00
7.693068879696901563e-01
1.275330959622050564e+00
7.491078237198101064e-01
-1.224825321312037252e+00
-1.633054085618325935e-01
3.801812761905313254e-01
8.259572027551426165e-01
1.091630561719278303e+00
8.089910584354923495e-01
8.883428045260262085e-01
6.556625498192010237e-01
6.987390295027937626e-01
-2.184993443320217388e+00
-1.105576373032336246e+00
-2.787351925952162857e-01
1.421651633474100562e-01
4.709458580900245384e-01
9.830968782356669378e-01
4.976088085254949389e-01
9.444494092204611668e-01
6.877365215930968390e-01
-1.586325004994903809e+00
-5.277200554514275277e-01
-7.144347282587233672e-02
3.831368637546401223e-01
6.978875225544963756e-01
5.529106422273768473e-01
6.737510532492433368e-01
7.450170506650175550e-01
9.675848653520604525e-01
-1.990472404787518856e+00
-8.067458829208632443e-01
-5.133707720287600251e-02
2.631620038039536591e-01
6.131581875794100966e-01
1.089143367655850847e+00
9.333209190549291989e-01
1.416000613634485816e+00
1.217785491676186993e+00
-1.217691283790920842e+00
-1.490463464638718816e-01
4.004800716963480278e-01
8.427768994531389390e-01
1.111040108714427710e+00
8.642497630940282338e-01
9.466638796097067710e-01
6.814091774551523928e-01
7.368994682668921214e-01
-2.777242269723816381e+00
-1.766441908595728583e+00
-1.382521794898361689e+00
-1.063807670474722133e+00
-6.053689630658267706e-01
-3.396898991064732920e-01
4.039762827356656039e-01
8.391576048748544681e-01
1.040035261641479636e+00
-1.692216817796460049e+00
-4.223344555650985210e-01
3.102683116256711449e-01
7.316824474368884834e-01
9.372331452153026543e-01
1.325312921952431777e+00
8.689747282689366248e-01
1.210226941057766625e+00
9.083208544383616356e-01
-1.535440541806543546e+00
-2.384858324948436470e-01
4.168579539574486792e-01
8.038606203514652160e-01
1.119678610019005927e+00
1.221789826242231980e+00
1.098918594532619419e+00
9.344278233018844526e-01
9.909523474882300231e-01
-1.834984993666800124e+00
-4.284398543719766250e-01
2.458021324148251530e-01
6.539707848330643669e-01
9.650505193620043665e-01
1.084041887917351454e+00
9.444091302386599107e-01
7.490835387812347923e-01
7.775805069639759592e-01
-1.375856427819137195e+00
-3.261516643259863568e-01
1.739158071031929875e-01
6.309575286873930766e-01
9.145051754637851804e-01
7.372130327668261485e-01
8.612367623303397446e-01
6.744164674844809193e-01
9.031453710274890412e-01
-2.831388740661471282e+00
-1.703829117849384289e+00
-1.062239149643229519e+00
-7.189280116534830789e-01
-4.487771803095783607e-01
-1.519386456945616137e-01
-2.409647426141809379e-01
1.201883678112408149e-01
6.228776430204736592e-01
-2.072004780795355661e+00
-7.115349270395908698e-01
2.234161573332273804e-02
4.531682924179990524e-01
7.163729887378036398e-01
9.856606539229159081e-01
6.594213762579027582e-01
6.232548095554890644e-01
7.349032139681569431e-01
-2.941693277446178367e+00
-1.676362702550304506e+00
-9.165626446788667225e-01
-5.706099411603440252e-01
-2.856977059341327951e-01
1.072877847414444030e-01
3.734587854334264767e-02
4.958017707654840955e-01
7.534284137520637081e-01
-2.493323099792414510e+00
-1.981042108845743721e+00
-1.835127323957668422e+00
-1.338232777585658617e+00
-1.031936858200513729e+00
-9.518285623002391560e-01
1.725881623055788849e-02
3.758405888514929627e-01
6.094811239504087652e-01
-1.354666366678799694e+00
-3.462054618804384365e-01
1.304060454802618285e-01
6.015986194029873113e-01
8.648474071835997590e-01
5.259743058162303919e-01
7.369095987496563360e-01
3.792812168191705968e-01
6.890807334173610910e-01
-1.955959534320494297e+00
-7.115149639869485787e-01
-5.836219827925765401e-03
3.881176446783828338e-01
6.883272745970792084e-01
1.157517942488434759e+00
7.476965393197766430e-01
1.207494890103486762e+00
1.134923088096530863e+00
-2.777338129534028699e+00
-1.775554247557837639e+00
-1.448966246111414335e+00
-1.153284516723582565e+00
-6.303604245805269901e-01
-6.987614311834119407e-01
-1.779119700371350199e-01
1.575666512943011410e-01
6.311899796602336021e-01
-1.384840452448750758e+00
-3.866026985971510177e-01
7.642146710038737190e-02
5.542896184140511107e-01
8.147645508574022921e-01
4.633376208317238620e-01
6.855152497310024184e-01
3.388759577328268602e-01
6.786528516878014283e-01
-1.489646017476156548e+00
-4.557175588803723532e-01
6.360979064570030858e-03
4.661654668330578177e-01
7.654073065556710187e-01
4.188895347469746566e-01
5.826152037813268070e-01
3.927494332948903155e-01
6.680785550717210919e-01
-2.141259930718215632e+00
-9.861552774621958894e-01
-1.822312675530844972e-01
2.359679127377084795e-01
5.787600077442927038e-01
1.084766080419117928e+00
6.095734117057819423e-01
1.078407105108873720e+00
7.363179563872456201e-01
-1.305285492320553242e+00
-2.744022372788144093e-01
2.331609712872668716e-01
6.956494409329744277e-01
9.653634798949393137e-01
7.874527409979055204e-01
9.252635481220483626e-01
7.098847907731844487e-01
9.360667556995362348e-01
-1.986514229210052829e+00
-7.497995844574941726e-01
-2.416837454957414810e-01
1.446288880259958831e-01
5.754751226136166631e-01
4.046122496247064881e-01
3.869124012503096233e-01
3.210024098621426791e-01
6.877826413181320486e-01
-2.272777196839101510e+00
-1.030290144285451515e+00
-2.531559808418179514e-01
1.477540870463766864e-01
4.793683360059284304e-01
9.861964646773109244e-01
6.234752601626328827e-01
1.076879561499757276e+00
7.792899477862242907e-01
-1.785989239956359720e+00
-5.065115099499691853e-01
2.165596954451356748e-01
6.388670323511529414e-01
8.520523652970193318e-01
1.282376236072763076e+00
8.124650057043580897e-01
1.202608403244276536e+00
1.044874403443774247e+00
-1.994881807228846560e+00
-8.354709204947423640e-01
-5.665920178052848144e-02
2.716955765954914837e-01
6.088977565742696996e-01
1.101305743739251941e+00
9.304692317219671605e-01
1.433605143411533112e+00
1.083924047834435411e+00
-1.936350361945952558e+00
-9.063495879434961822e-01
-1.053334692151591534e-01
2.934514636176714930e-01
6.335843027809792138e-01
1.141735973888322375e+00
7.350380211101619210e-01
1.224496948139239816e+00
7.751735862276304401e-01
-1.293561492433783489e+00
-2.864281422857968828e-01
2.113611497898745806e-01
6.811753023424134135e-01
9.348860566258581084e-01
5.940693332377690039e-01
7.882920836292109934e-01
4.537086041042891482e-01
7.030626817656957517e-01
-1.917262707083838835e+00
-7.177412559153024674e-01
1.439090691019865795e-02
4.223387125400615005e-01
7.550980745824266149e-01
1.255230028571896028e+00
8.278635821293088837e-01
1.263071749745229733e+00
8.110240057131100633e-01
-2.119785021221155308e+00
-8.950929936661164987e-01
-1.559625900174296254e-01
2.151905081480007254e-01
5.539165069729385937e-01
1.018386088830871117e+00
7.014139253162556820e-01
1.155727509375376716e+00
1.102347242283669537e+00
-1.560363555999096929e+00
-5.870172721820352546e-01
-1.734841484951687718e-01
3.087468107141547735e-01
5.859725070614892894e-01
2.021912950037604573e-01
4.373873318889094364e-01
2.711482614620257525e-01
6.508389825696456743e-01
-1.568576077704802563e+00
-3.065258481036216565e-01
3.183678968891910377e-01
7.036685322417997046e-01
1.049258713077334981e+00
9.955146801144022506e-01
9.886786039669590576e-01
6.976835859944288121e-01
7.975146839655480324e-01
-2.013617366430450417e+00
-6.822904196225748619e-01
5.848485183652082225e-02
4.828791238065969216e-01
7.331142130209939989e-01
1.045199784302079271e+00
7.255349654970786322e-01
9.661422523712717148e-01
1.108822573604558936e+00
-2.148008139886618206e+00
-7.981232642132439770e-01
-6.952391558642315172e-02
3.158402100105451860e-01
6.228059025161032380e-01
1.080684427584492013e+00
6.908134290876175587e-01
1.142134611088777563e+00
1.112165598956277313e+00
-2.327809005828686661e+00
-1.042470619323280889e+00
-2.610373654844448943e-01
1.429715958621524396e-01
4.653858933609191784e-01
9.396401731097900889e-01
5.495571151708366076e-01
9.327150766648565350e-01
8.652505805424403063e-01
-1.415035735696936969e+00
-3.968971805929650820e-01
7.152574174368864224e-02
5.418020853504303957e-01
8.176219997000732098e-01
5.009791184287508692e-01
6.374628297832171109e-01
5.471324131062493823e-01
7.092816883938584116e-01
-1.367142924722642761e+00
-3.518342381481864845e-01
1.343990667958905316e-01
6.002475091569968724e-01
8.766703434914420168e-01
7.199366428715151534e-01
8.603047931554481664e-01
8.110877663107534108e-01
1.021030330841785405e+00
-1.592269421535656093e+00
-6.536907177767358190e-01
-2.652209361768215756e-01
2.245828217022389495e-01
4.970865315999992706e-01
1.975735363827296753e-01
4.290909546611810788e-01
5.015927046764516728e-01
7.210658444703995640e-01
-1.259645488113126932e+00
-2.168942089095217685e-01
2.989247806116832051e-01
7.639140486736455404e-01
1.018322435898135758e+00
8.270454419395787404e-01
9.783390808078091805e-01
7.087889562987531589e-01
9.296374169605993165e-01
-2.284392899317104764e+00
-1.009747370570740710e+00
-3.010759807691529288e-01
1.297458453120472477e-01
3.670444419413728121e-01
7.105483544488595538e-01
5.105545107350194511e-01
9.202896147999261034e-01
1.105910939512792623e+00
-1.961142719587754435e+00
-7.499966871524358369e-01
2.188289805945828684e-02
3.357473164803973509e-01
6.863913325146668853e-01
1.168908473634595602e+00
1.016510293149482047e+00
1.523306684117345489e+00
1.148408789907822802e+00
-1.798245746626474961e+00
-7.136831522460636013e-01
-2.719663707143121778e-01
1.505051436018259858e-01
5.283413340501618150e-01
4.288615020636245556e-01
5.564469724857400434e-01
8.143259809473737398e-01
1.028610663177480733e+00
-1.668409776996197857e+00
-7.714791365983539873e-01
-4.066132703779863355e-01
7.965828657818682657e-02
3.658903103981358540e-01
1.150519710774893650e-01
3.809836668923067826e-01
5.422393597183318148e-01
7.852097085056650716e-01
-3.116714772943276479e+00
-1.716232277086323865e+00
-9.267541920519378751e-01
-5.458306935158672157e-01
-2.757510356140625563e-01
1.676368613406981622e-01
5.447382271968381762e-01
9.739361988506762824e-01
1.153432350002074003e+00
-2.302064324957815433e+00
-1.094053187220549228e+00
-3.020093225348470245e-01
6.154170349631196690e-02
3.944181902986721999e-01
8.746955594209095963e-01
7.038981051768367081e-01
1.142917734650620520e+00
1.176626854974037961e+00
-2.706925557596068455e+00
-1.696772458018685814e+00
-1.355210344988816873e+00
-1.043511530515101260e+00
-5.401585069746537293e-01
-4.844441710644308841e-01
2.940514746415077152e-01
7.333591527116539721e-01
9.654585991915982657e-01
-1.287457576502517353e+00
-2.369294180474461331e-01
2.861858160059513878e-01
7.395698769428168395e-01
1.012666845283547890e+00
8.042249008070817551e-01
9.319414367717999692e-01
6.610936917187072437e-01
8.442768291176007134e-01
-1.560698805504751263e+00
-6.001355732773402396e-01
-1.868435788014863042e-01
2.949607754547074467e-01
5.738788642391926542e-01
4.090567719027328186e-01
6.301086432863004516e-01
7.918377090062986845e-01
1.011815619946674794e+00
-1.423879901137652393e+00
-4.234478552763243364e-01
2.994245339347356705e-02
5.096336306886986023e-01
7.728976100944313643e-01
5.913943532022573057e-01
7.663127494997674649e-01
7.555868059230045342e-01
9.849137053426524346e-01
-2.782719048891308944e+00
-1.572658929897994051e+00
-1.008785645641522954e+00
-6.457258206012430612e-01
-3.054035844598231297e-01
-3.933821374968570622e-02
4.442588496132193754e-01
8.807923154739668581e-01
1.086637533870970618e+00
-1.390629874364310625e+00
-3.321584719638244754e-01
1.689335554324623012e-01
6.246789318423543458e-01
9.101256931473526990e-01
7.523893963939117802e-01
8.761592876658775841e-01
7.680640279037417306e-01
9.918668826101829650e-01
-3.150736523754302798e+00
-1.731865471290070957e+00
-9.432289819264411124e-01
-5.617090922671033049e-01
-2.543584378399162405e-01
1.718134958427263159e-01
-2.102981200018301244e-01
1.294049223315080765e-01
6.566533664298430661e-01
-2.046853148117737220e+00
-7.420907735710471353e-01
-6.074138110882144372e-03
4.103930515306782878e-01
7.111886148332609014e-01
1.199820088430966436e+00
7.048722122326652739e-01
1.044303833563807737e+00
7.875670980494364759e-01
-1.523254121815223350e+00
-5.277422434480126823e-01
-8.830145017580386113e-02
3.817558828015357175e-01
6.724626700370665011e-01
5.081285077220245583e-01
6.743296924512501844e-01
7.657686761087184601e-01
9.935016358341565157e-01
-1.930078875789186466e+00
-6.578841488274282945e-01
6.382216818113090051e-02
4.177886034540435611e-01
7.622535534849611549e-01
1.251649974872110826e+00
9.932568778399413212e-01
1.467560404594334011e+00
9.826259494286422314e-01
-1.425252924968200885e+00
-2.107289252685873582e-01
4.253376137523260381e-01
8.071476655861180571e-01
1.131580604953379643e+00
1.116634711666410595e+00
9.461176190738997960e-01
9.016790485223018514e-01
8.178089445550306147e-01
-2.415472196386254655e+00
-9.904798411570454597e-01
-2.751946460068969702e-01
1.669683080593428182e-01
4.216523342807997343e-01
7.188427892266341379e-01
2.632137791615783429e-01
3.775152529349851127e-01
7.070749708406258716e-01
-2.312131616787814536e+00
-1.725414173402257445e+00
-1.540150443967966076e+00
-1.052949227099901908e+00
-7.324081012966827675e-01
-8.424944774959716165e-01
6.976384217434919432e-02
4.506806857824515178e-01
6.811714667544493951e-01
-2.335039186818713919e+00
-1.715782117043147093e+00
-1.518038591863874576e+00
-1.052262479899243264e+00
-7.061973257246901836e-01
-8.555257354817339399e-01
-1.385483438932315625e-01
1.605448436682110902e-01
6.502064147702558694e-01
-2.518591455621242758e+00
-1.997862817780949651e+00
-1.847891906954717056e+00
-1.359580220502453196e+00
-1.047817824423578070e+00
-9.346934873320027481e-01
4.503889698308464334e-02
4.040838679555731616e-01
6.410005509257853396e-01
-1.553070010959732627e+00
-3.290437551703258023e-01
2.998717371782527730e-01
6.895581072576637549e-01
1.034801053455114417e+00
9.858742910007218807e-01
9.701568389736965337e-01
6.963514015296776716e-01
7.996037795563519790e-01
-1.672571173011778045e+00
-8.163908620609990896e-01
-3.799716282933548323e-02
3.317565674507514384e-01
6.720157062105104329e-01
1.181378669127158609e+00
9.086609934221269169e-01
1.399160400368898882e+00
8.362806000834674958e-01
-2.221358266168141693e+00
-1.057204917077479100e+00
-2.796108554454061479e-01
1.472094186439261709e-01
4.793944643544033601e-01
9.897832486842786937e-01
4.815969106629333085e-01
9.085540854414305700e-01
7.268105162032301170e-01
-2.000964909859995089e+00
-8.619757827749304768e-01
-9.695924562564971205e-02
2.339314731371835432e-01
5.836635060003727560e-01
1.061831534587286185e+00
8.532508901099311593e-01
1.347724359941506078e+00
1.172943563461324556e+00
-3.229067466411975396e+00
-1.809360292126067637e+00
-1.022074736627712310e+00
-6.720294176200747316e-01
-3.759801347442012776e-01
3.184795922058766826e-02
6.181503783922689954e-02
5.337087183528105294e-01
7.962864875520898611e-01
-1.708123651644886776e+00
-4.524957315163156690e-01
1.704338869125171241e-01
5.635483204028659543e-01
9.145961809499192352e-01
8.472774565927868595e-01
6.020195553569215319e-01
7.561218323595902957e-01
8.443796105390906082e-01
-2.058065365428621174e+00
-6.883825277833025558e-01
-4.553955248749362583e-02
3.751933144476350401e-01
7.094198795312065542e-01
8.382032559257163173e-01
6.862349482709038107e-01
9.212258036119149729e-01
1.106040612116212518e+00
-2.434795624800251801e+00
-1.885585651685324438e+00
-1.737220636388693062e+00
-1.248183050168377495e+00
-9.272670837359696661e-01
-8.998011267820578141e-01
-8.739992997060030489e-04
3.166838736785368980e-01
5.931530562843924104e-01
-2.153846290716189049e+00
-9.646362816406449658e-01
-2.043394843857386511e-01
1.669930967601179206e-01
5.053477516238695788e-01
9.810911588570641051e-01
7.644068956591170139e-01
1.213188436515462376e+00
1.218144843972453817e+00
-1.981284134581304590e+00
-8.321674010179828107e-01
-7.348565405803120232e-02
3.095202825025900606e-01
6.600709182934212382e-01
1.156583818453248425e+00
8.067098772446903432e-01
1.268029171697612867e+00
8.094722764801133286e-01
-1.802015975854701857e+00
-4.582701541092430997e-01
2.804829003604008553e-01
7.033879727475774724e-01
9.434796139850957220e-01
1.287871692738616458e+00
1.009726068285503597e+00
1.009032397232020761e+00
8.468138321785285694e-01
-2.828743170304910404e+00
-1.588750648628393547e+00
-9.878480434461411885e-01
-6.340135105804148852e-01
-3.326365702451467565e-01
-2.411934903007866005e-01
1.561174937073128155e-01
6.034632335631902045e-01
8.005689945936467211e-01
-1.928736066042354258e+00
-7.931988623091058566e-01
-3.301165653368867692e-01
5.849860387314787663e-02
4.879894017448882515e-01
2.319491255391385176e-01
2.995036051917017161e-01
3.209520219080895798e-01
6.894738779678833973e-01
-1.246397337096526892e+00
-1.897943356795143977e-01
3.415700798415496897e-01
7.971650354640261726e-01
1.056164070005093158e+00
7.453164397616039993e-01
8.275370660165586312e-01
6.310291069505302719e-01
7.143405130006982295e-01
-1.233595576257456417e+00
-1.924061259610286845e-01
3.377642393975740509e-01
7.920969854885464567e-01
1.055192423624394804e+00
7.625869925758691492e-01
9.171004858617678446e-01
5.731074842938128633e-01
7.533542359234516317e-01
-1.958665312432432026e+00
-9.125189894408810565e-01
-1.167442268226803886e-01
2.238982410535874379e-01
5.658191627050487282e-01
1.058716002797019939e+00
8.398979605973740936e-01
1.339183061277534614e+00
1.041968205876629527e+00
-1.821576760351681257e+00
-4.879505868255225032e-01
2.170854669294081107e-01
6.298931733643435837e-01
9.106325946835399643e-01
1.144164798484559986e+00
9.208967167871042747e-01
9.968175257678585366e-01
1.130681434619445147e+00
-1.582303783056868030e+00
-2.760524272670495938e-01
3.741109390771718557e-01
7.615945385468537721e-01
1.089856841637754759e+00
1.118859879896852982e+00
1.062993483188542143e+00
8.034329501392478701e-01
8.356436351901398440e-01
-1.821464261198959322e+00
-5.182852250579227382e-01
1.806171170885720600e-01
5.867529787241144712e-01
8.406762975076357280e-01
1.325134260435512523e+00
9.365701667328490965e-01
1.360568636640529183e+00
9.507094532778422868e-01
-1.438109658401635738e+00
-1.958698972000194882e-01
4.333723380419826077e-01
8.194741432712367990e-01
1.145848942483146171e+00
1.175822848252603858e+00
1.152810176542627740e+00
9.244349212928073545e-01
1.076609447875145786e+00
-1.769481405189020640e+00
-4.866507769441552611e-01
2.452174885465710774e-01
6.694807480607433137e-01
8.971239247170446074e-01
1.266177612392504814e+00
9.435464397483858123e-01
1.111254741336386020e+00
1.146033920635890269e+00
-1.978162526816971578e+00
-7.798460633940283993e-01
-1.259574565578470105e-02
3.339065866821946948e-01
6.769197831591327041e-01
1.171035979665598248e+00
9.871849151147873425e-01
1.449987518039286716e+00
9.395267543115569664e-01
-1.588583104584650574e+00
-2.913507065718469180e-01
3.563357271738666343e-01
7.474389815707652707e-01
1.075224490562492141e+00
1.157728338619051112e+00
1.077235727186658831e+00
9.430503192957441216e-01
1.095714093578352477e+00
-2.116138154190755127e+00
-7.767034621356269097e-01
-1.848414602429326037e-01
2.234403372446785996e-01
5.939393533622407961e-01
5.657278471923152807e-01
4.053529506874991029e-01
7.240351288268376262e-01
9.173709894475378102e-01
-1.349738524563111053e+00
-3.383550863468922643e-01
1.469367008488364212e-01
6.194784677519431515e-01
8.832755692211669007e-01
7.181553860760783170e-01
8.740625976264603247e-01
8.206391093206192311e-01
1.025523271728525421e+00
-1.244113536554881216e+00
-1.652113482910245457e-01
3.959514551005025029e-01
8.279908470980313906e-01
1.110816582612500936e+00
8.954398022959746406e-01
9.647372211686991994e-01
7.152867479941640294e-01
8.053525252675272084e-01
-1.960517529446839324e+00
-8.429145979175487469e-01
-8.468601710971708496e-02
2.453740821578060116e-01
5.981579379592150136e-01
1.072184266066963598e+00
8.817993151149433606e-01
1.366648308062670125e+00
1.220346184770705777e+00
-1.991605667376335154e+00
-7.977812793084180232e-01
-2.616958396905084624e-02
3.639446881176747750e-01
7.122368498856609387e-01
1.216630746546982111e+00
8.439310416362334477e-01
1.328393345948523541e+00
8.249654054222128607e-01
-1.966928537463064952e+00
-8.301731397401950208e-01
-7.513530213456447171e-02
3.337898839584242938e-01
6.758142464223241275e-01
1.174783340642745699e+00
6.944907438518425069e-01
1.120655515616456155e+00
7.842269416589241482e-01
-1.711428882617720859e+00
-4.828070152668777482e-01
2.549249063492898260e-01
6.795737656893221512e-01
8.928350295684254201e-01
1.342577415277164565e+00
9.668070888199535862e-01
1.255296953894370349e+00
1.164529903100917307e+00
-2.006290866300659559e+00
-6.653343803100442155e-01
-7.259155692962154793e-02
3.312488856748722066e-01
7.150038838687157172e-01
6.628050594234358162e-01
5.729527393902980048e-01
4.473970188055709785e-01
7.327236135753668611e-01
-1.830068740691234819e+00
-7.340013801718413555e-01
1.996971803587382910e-02
3.322391286133939969e-01
6.799765192797002644e-01
1.159344707081698678e+00
1.059247495858750998e+00
1.512810702944466845e+00
1.342830929839637033e+00
-1.963423369099726257e+00
-6.254675269993640319e-01
9.667248191764631071e-02
5.177819142601711722e-01
7.965237770882533930e-01
1.011512059130045715e+00
7.598206516452995496e-01
6.768567228892719001e-01
7.785777606226402803e-01
-2.173691585702848261e+00
-8.694763479715813537e-01
-1.296940075708710727e-01
3.034529738204887472e-01
5.737789449379363527e-01
1.018730533322865783e+00
4.823889749120425785e-01
6.887853384861802875e-01
7.461661539315357361e-01
-1.490053793449804154e+00
-4.644371755797874757e-01
-4.620650923005905665e-03
4.586018234710837471e-01
7.499114192650038202e-01
4.104943889678547841e-01
6.050319158124591867e-01
3.467085645682358996e-01
7.053793932332748096e-01
-3.069959938614634787e+00
-1.707079828193315940e+00
-9.412805882539868607e-01
-5.775932651742224921e-01
-2.954937417322833770e-01
1.160903038325932085e-01
8.344201874319974455e-02
5.531837434087797378e-01
8.106485152546769601e-01
-2.695307252965044587e+00
-1.573858696109117883e+00
-1.176092136910669828e+00
-8.610093487520814604e-01
-3.733301535928773562e-01
-5.192533401500142309e-01
8.448517944258258916e-02
4.901115565741604452e-01
7.103434085051841818e-01
-1.788702672672771499e+00
-5.106032149281167776e-01
9.815865681993685143e-02
4.987806880439514812e-01
8.616223130540712205e-01
8.938657311630250346e-01
8.112201474495779330e-01
8.783693410080373187e-01
1.073085854482349388e+00
-1.260112770700321017e+00
-1.797231493278694248e-01
3.727550451896482486e-01
8.072893079339211742e-01
1.091279486233722507e+00
9.364300639742126897e-01
1.047536821419229103e+00
7.467172754980367921e-01
9.485196263843013176e-01
-2.153617051729590059e+00
-9.967072310529653256e-01
-2.000710207402808249e-01
2.004192789278495812e-01
5.402539559309085249e-01
1.046423540281211872e+00
6.436663242594852230e-01
1.098920414563548276e+00
7.655995193675658728e-01
-2.017410499788382605e+00
-7.841434634788443381e-01
-2.072337128104572573e-02
3.506021243818012723e-01
7.044296482356227074e-01
1.201456783118995286e+00
9.034773527729791365e-01
1.367720553148760843e+00
8.519650453131275558e-01
-1.787588192158130918e+00
-4.313210749510077990e-01
2.633496455692419524e-01
6.728844787245256143e-01
9.444726445533420112e-01
1.135575923796823705e+00
7.931656907325750350e-01
9.587607069682048122e-01
8.552480344648005772e-01
-2.474974815419608287e+00
-1.875425205544038354e+00
-1.657466220608118546e+00
-1.245005313222542709e+00
-8.476551223352128961e-01
-5.226467966331687087e-01
3.941070587654733060e-01
8.310125665291046015e-01
1.044240123523945796e+00
-1.428854678256257671e+00
-3.345758879274871034e-01
1.923261577811586076e-01
6.271291678522807889e-01
9.387584367735153368e-01
6.402083903688694511e-01
6.572808053049500332e-01
6.051988823532831185e-01
7.144585336123113750e-01
-1.296418054023545929e+00
-2.662480114342191673e-01
2.405412057600571085e-01
7.055335616685534106e-01
9.650678347485054376e-01
6.207795495344894388e-01
7.336234172984323898e-01
5.610194997985102905e-01
6.845652528708632278e-01
-1.813786621801774857e+00
-5.285915913247855036e-01
7.448373079883396919e-02
4.736601666545898204e-01
8.380379331709804092e-01
7.447586448838597883e-01
6.235515130213693524e-01
6.737022564879975306e-01
7.597796911340100046e-01
-1.373820645062200585e+00
-3.522798579409808784e-01
1.345830489108335026e-01
5.983890995047183026e-01
8.768835069740955612e-01
5.489971302671182718e-01
7.394032623743309607e-01
4.229170807875167748e-01
7.286138991063969561e-01
-1.899784859043578189e+00
-6.557783309603733013e-01
4.678647363650528801e-02
4.463785475281824011e-01
7.250545674165586041e-01
1.199865087729751423e+00
7.959353561451205650e-01
1.195417105227958965e+00
9.158399217126611536e-01
-2.351825543367554783e+00
-1.443761617428453325e+00
-1.143530585738373073e+00
-7.832951673889673172e-01
-3.028547439051004209e-01
-5.371940045503330596e-01
-8.925840276096146109e-02
2.010291915039146005e-01
6.703109414467449678e-01
-2.898073100413840919e+00
-1.733480172241323780e+00
-1.202469482093704078e+00
-8.587891220940963022e-01
-5.199125469586246551e-01
-1.672089375876081030e-01
4.768141177809364639e-01
9.149101883658929957e-01
1.113472027026478184e+00
-1.940246973536471797e+00
-7.318822649200066310e-01
1.422239778966977002e-02
3.452425371925725295e-01
6.985638701233415349e-01
1.174132280376333437e+00
9.358976943088065381e-01
1.446659980541160184e+00
1.220908719767409112e+00
-2.418951193115322695e+00
-1.182301384382089315e+00
-3.846049545341871934e-01
2.170047153593150299e-02
3.444376426716945216e-01
8.307170768060966326e-01
4.550044409591023631e-01
8.422796009022133212e-01
8.538588838841999484e-01
-1.494198425934401664e+00
-5.222763839886060966e-01
-9.846080995044474704e-02
3.865825399404499985e-01
6.518221792829315131e-01
2.581003406559674307e-01
4.462528174611979925e-01
4.357361935937956177e-01
6.421584327934812819e-01
-2.280353689341776846e+00
-1.146231396355512855e+00
-7.380428313470770441e-01
-3.701304752799853270e-01
9.029243117275448371e-02
1.055332313774120512e-01
4.544472781049175847e-01
8.664729633893206717e-01
1.072016590882927778e+00
-1.444256191347899732e+00
-2.107727858259344500e-01
4.227237966403356584e-01
8.081550533574786144e-01
1.136351314587532579e+00
1.171946758397485855e+00
1.140101975272812540e+00
9.198431489726246468e-01
1.077628670256187249e+00
-1.707792031848441860e+00
-7.809065066822077350e-01
-4.068034040847561261e-01
6.739005612213669338e-02
3.709331881044525270e-01
-1.798866612483618344e-02
2.450022496718623766e-01
2.658549814518898491e-01
6.500096286898737752e-01
-1.767492072199963182e+00
-4.233342579912617309e-01
2.111773493668060442e-01
6.091736137554851771e-01
9.550506342365607804e-01
9.461838405666623819e-01
8.828219886901063074e-01
6.692114825368666864e-01
7.903825202271862471e-01
-2.767570853043443524e+00
-1.861443139361915966e+00
-1.604360372052768380e+00
-1.296741487593713771e+00
-7.607152297948044373e-01
-8.037353301205660827e-01
-1.044219687556197790e-01
2.315650994489055481e-01
6.644239262200932750e-01
-2.633416006644230478e+00
-1.282150048838867296e+00
-5.995657587127691812e-01
-1.765361340781820831e-01
8.334885792186894071e-02
3.695309299013948556e-01
-5.349679880365774270e-02
2.047846959163135694e-01
6.816099297180990835e-01
-1.984489144251863957e+00
-7.353085283862286214e-01
2.026045055265007430e-02
3.733236310499516986e-01
7.208052885935130050e-01
1.220493506687332141e+00
1.022134910109732786e+00
1.482016654322327875e+00
9.054152447212706623e-01
-1.688376316672967947e+00
-3.699943969187745596e-01
3.141604262337163722e-01
7.105400345880723556e-01
1.004525517212004670e+00
1.137386209961215755e+00
8.020550982717356003e-01
9.518759787263457728e-01
8.562845042568280052e-01
-2.332372678437751645e+00
-1.404999929340086551e+00
-1.082948188555646674e+00
-7.225321257040302481e-01
-2.461477144991690291e-01
-4.401312255719888045e-01
1.721745320206067853e-01
5.997229701131203683e-01
8.311041302092064820e-01
-2.267818378747933128e+00
-2.365782475630336723e+00
-2.232013598305436997e+00
-1.764527289738830440e+00
-1.432956254606849944e+00
-6.696725349620136214e-01
3.725497261581503516e-01
8.057524054887216236e-01
1.023486743370528806e+00
